50 50
997
W 5 5 1
B 5 6 0
W 36 49 0
B 43 39 0
W 44 34 0
W 25 7 0
W 23 47 0
B 9 47 0
B 17 9 0
B 5 0 0
W 38 10 0
B 8 49 0
W 45 26 0
B 1 4 0
W 40 0 0
W 40 9 0
B 27 32 0
B 45 24 0
W 24 20 0
W 31 49 0
W 10 4 0
W 20 43 0
W 4 46 0
W 19 2 0
W 14 47 0
B 7 32 0
W 0 17 0
B 20 33 0
B 8 32 0
B 29 30 0
B 31 42 0
W 33 7 0
W 2 15 0
W 34 2 0
B 13 23 0
W 20 18 0
W 38 44 0
W 11 8 0
W 31 11 0
B 16 33 0
W 41 14 0
W 31 34 0
W 8 46 0
B 35 16 0
W 11 26 0
B 38 17 0
B 15 4 0
B 26 40 0
W 40 46 0
W 9 28 0
W 13 14 0
W 37 1 0
B 25 24 0
W 28 31 0
W 38 46 0
B 47 32 0
B 10 2 0
B 34 43 0
W 34 23 0
W 39 24 0
B 8 1 0
B 38 20 0
W 45 49 0
B 20 7 0
W 2 37 0
B 38 11 0
B 46 16 0
B 20 14 0
B 35 20 0
B 0 27 0
B 35 12 0
W 0 37 0
W 23 4 0
W 6 48 0
W 45 8 0
W 40 11 0
W 6 42 0
B 17 27 0
B 28 40 0
W 2 31 0
B 42 47 0
B 14 48 0
W 37 4 0
W 5 28 0
B 47 14 0
B 32 14 0
B 19 25 0
B 14 40 0
B 39 44 0
W 25 36 0
B 44 45 0
B 4 28 0
B 48 45 0
B 43 24 0
W 21 42 0
W 39 39 0
W 38 26 0
W 18 24 0
W 3 9 0
B 39 8 0
W 6 49 0
B 44 31 0
B 32 38 0
W 41 34 0
B 32 8 0
W 2 1 0
W 0 26 0
B 23 16 0
W 7 22 0
B 8 21 0
B 43 4 0
B 29 27 0
W 45 18 0
W 25 8 0
B 22 16 0
W 46 47 0
B 21 19 0
W 24 15 0
W 45 5 0
B 29 19 0
W 37 38 0
W 6 1 0
W 32 10 0
W 16 31 0
B 25 5 0
B 48 42 0
W 44 33 0
W 39 10 0
W 49 23 0
B 42 20 0
B 24 31 0
W 19 3 0
B 22 0 0
W 36 45 0
W 34 4 0
W 45 28 0
B 35 4 0
B 8 10 0
B 46 22 0
B 30 10 0
B 48 48 0
W 1 31 0
B 40 42 0
B 38 15 0
W 36 48 0
W 38 31 0
B 12 3 0
B 22 10 0
B 26 1 0
B 6 46 0
B 16 14 0
B 15 49 0
B 15 8 0
B 25 12 0
W 15 6 0
B 29 42 0
B 30 49 0
B 17 45 0
B 11 34 0
B 30 47 0
B 39 7 0
B 28 24 0
W 41 4 0
B 3 40 0
B 6 39 0
W 13 19 0
B 13 47 0
B 14 3 0
B 48 23 0
B 41 21 0
W 38 35 0
W 24 24 0
B 13 36 0
W 26 32 0
W 2 24 0
B 46 1 0
W 30 27 0
W 39 15 0
B 42 17 0
B 5 14 0
W 6 13 0
B 49 16 0
W 49 9 0
B 25 43 0
B 44 5 0
B 21 18 0
B 38 16 0
W 48 16 0
B 32 9 0
W 4 7 0
B 40 35 0
B 13 48 0
W 37 25 0
B 29 35 0
B 24 29 0
W 29 40 0
W 37 39 0
W 41 35 0
B 34 5 0
W 13 25 0
W 44 44 0
W 43 23 0
B 7 1 0
W 8 41 0
B 8 15 0
B 31 10 0
W 43 48 0
W 43 40 0
B 24 14 0
W 19 21 0
W 14 12 0
W 6 21 0
B 5 29 0
B 31 12 0
B 3 6 0
W 25 28 0
W 17 26 0
B 42 26 0
B 17 18 0
W 46 19 0
B 35 26 0
B 47 39 0
W 40 2 0
W 23 44 0
W 17 42 0
W 30 35 0
W 16 25 0
B 48 25 0
W 1 37 0
B 36 2 0
B 23 41 0
B 9 43 0
W 0 32 0
W 17 32 0
B 47 22 0
W 21 41 0
B 48 7 0
B 10 32 0
W 31 18 0
W 6 33 0
W 46 10 0
W 41 41 0
W 8 25 0
W 22 46 0
W 39 18 0
W 2 46 0
B 9 46 0
B 43 34 0
W 23 49 0
B 49 11 0
W 7 42 0
W 17 24 0
B 35 18 0
B 22 27 0
W 4 24 0
W 36 17 0
W 43 22 0
B 40 48 0
B 48 24 0
B 9 3 0
W 10 13 0
W 13 5 0
B 44 25 0
B 46 42 0
W 16 0 0
W 28 19 0
W 8 33 0
W 1 40 0
B 14 2 0
B 7 9 0
W 20 45 0
W 42 13 0
W 2 29 0
B 15 9 0
W 12 27 0
W 28 1 0
W 41 23 0
B 35 7 0
B 35 38 0
W 33 3 0
W 13 8 0
W 27 43 0
W 3 21 0
W 20 28 0
W 3 46 0
B 22 30 0
W 9 36 0
B 32 21 0
B 39 14 0
B 0 46 0
B 1 24 0
W 2 22 0
B 37 18 0
W 5 16 0
W 37 11 0
B 0 5 0
B 39 9 0
W 36 35 0
W 27 26 0
W 25 16 0
W 40 12 0
B 0 13 0
B 28 13 0
B 47 19 0
W 16 8 0
W 0 14 0
B 15 31 0
W 19 39 0
W 26 0 0
W 49 41 0
B 45 44 0
B 4 41 0
W 16 46 0
B 19 0 0
W 30 18 0
B 13 15 0
B 30 46 0
B 28 0 0
B 34 48 0
B 4 22 0
W 33 38 0
B 29 13 0
W 26 8 0
B 44 37 0
W 18 41 0
W 16 17 0
B 34 24 0
B 3 35 0
B 34 17 0
B 12 38 0
W 45 37 0
B 44 36 0
W 22 34 0
B 8 0 0
B 27 31 0
W 49 49 0
W 15 36 0
B 25 39 0
W 9 44 0
W 22 5 0
B 28 46 0
W 12 0 0
B 21 23 0
B 29 37 0
B 30 15 0
B 2 34 0
B 42 11 0
B 11 33 0
W 5 33 0
B 11 42 0
W 23 11 0
B 41 39 0
W 49 43 0
B 9 2 0
B 33 25 0
B 11 48 0
W 13 43 0
B 34 45 0
W 29 31 0
W 35 8 0
B 47 43 0
W 4 2 0
W 36 33 0
W 11 16 0
B 11 19 0
B 4 23 0
W 7 43 0
W 30 20 0
W 14 5 0
B 49 37 0
W 21 20 0
B 6 31 0
W 21 24 0
B 22 49 0
W 35 37 0
W 23 8 0
B 0 47 0
B 31 16 0
W 35 44 0
W 40 15 0
W 32 26 0
B 34 29 0
B 4 36 0
W 3 1 0
B 40 3 0
W 40 25 0
W 30 17 0
W 47 24 0
W 2 11 0
B 42 36 0
W 48 49 0
B 24 34 0
B 15 38 0
W 18 3 0
W 15 23 0
B 25 1 0
W 37 6 0
B 42 7 0
B 14 33 0
W 34 0 0
B 44 13 0
B 4 13 0
B 16 5 0
B 41 12 0
W 14 34 0
B 15 1 0
B 28 5 0
W 13 9 0
W 10 24 0
W 22 21 0
W 36 36 0
W 19 42 0
W 13 45 0
B 5 25 0
B 31 9 0
B 11 40 0
B 26 5 0
B 45 16 0
B 21 29 0
W 32 7 0
W 27 5 0
W 8 7 0
W 16 6 0
B 35 40 0
B 1 44 0
B 20 9 0
B 46 41 0
B 0 11 0
B 45 27 0
B 10 8 0
B 12 45 0
W 24 48 0
B 44 48 0
W 49 47 0
W 18 48 0
W 30 19 0
B 35 11 0
W 11 20 0
B 3 0 0
B 25 30 0
B 6 28 0
W 19 37 0
W 34 11 0
B 4 25 0
B 3 49 0
B 11 3 0
W 7 24 0
B 3 32 0
B 0 22 0
W 37 48 0
W 31 14 0
B 14 20 0
B 45 34 0
B 45 42 0
W 35 9 0
B 9 19 0
B 40 41 0
B 35 5 0
B 12 26 0
B 47 17 0
W 0 34 0
W 21 1 0
W 28 27 0
B 32 44 0
W 23 9 0
B 35 41 0
B 32 34 0
W 5 17 0
B 12 44 0
W 20 13 0
B 42 2 0
W 11 6 0
B 37 37 0
B 34 9 0
W 15 20 0
B 46 40 0
B 26 28 0
B 33 5 0
B 38 38 0
W 36 23 0
W 39 20 0
W 27 27 0
B 28 3 0
W 21 38 0
B 1 22 0
W 46 26 0
B 3 17 0
B 47 46 0
W 26 26 0
B 2 44 0
W 15 33 0
B 16 29 0
W 12 11 0
B 1 21 0
W 49 5 0
B 36 7 0
W 25 38 0
W 9 0 0
W 26 9 0
W 1 11 0
W 12 24 0
B 48 8 0
B 2 5 0
B 13 2 0
B 35 23 0
B 6 22 0
B 44 40 0
B 17 47 0
W 27 1 0
W 26 44 0
W 44 32 0
W 29 45 0
B 6 32 0
W 21 30 0
W 2 16 0
W 10 5 0
W 24 32 0
W 26 30 0
W 34 42 0
B 24 21 0
B 37 19 0
B 1 25 0
B 38 2 0
W 7 33 0
W 36 31 0
W 26 4 0
W 45 29 0
W 44 15 0
W 8 4 0
W 45 20 0
B 46 8 0
W 36 14 0
W 16 20 0
W 9 10 0
B 25 0 0
B 4 34 0
B 23 45 0
B 48 12 0
B 21 16 0
B 18 9 0
W 5 46 0
W 28 29 0
B 43 33 0
B 36 18 0
B 20 47 0
W 38 30 0
W 43 28 0
B 2 30 0
B 8 31 0
W 7 2 0
B 36 6 0
B 9 1 0
W 5 31 0
W 35 42 0
B 46 30 0
B 14 43 0
W 34 38 0
B 38 24 0
B 7 48 0
B 43 9 0
B 9 15 0
B 25 6 0
B 0 23 0
B 12 35 0
B 42 8 0
B 43 21 0
W 23 37 0
W 49 4 0
W 49 25 0
B 38 42 0
W 0 0 0
B 17 40 0
W 31 28 0
W 33 22 0
B 9 38 0
B 38 7 0
B 38 43 0
W 47 29 0
W 16 30 0
B 21 14 0
B 24 2 0
B 14 39 0
W 25 15 0
B 42 39 0
B 44 22 0
W 42 19 0
B 28 26 0
B 18 5 0
B 11 24 0
B 16 49 0
B 35 48 0
B 24 4 0
W 20 38 0
W 12 18 0
W 45 41 0
W 43 12 0
W 38 33 0
B 25 42 0
B 0 25 0
W 49 21 0
B 48 9 0
W 7 35 0
W 47 49 0
B 21 49 0
B 4 39 0
W 45 11 0
W 5 34 0
W 11 18 0
B 25 23 0
B 48 37 0
W 25 9 0
B 6 34 0
W 27 44 0
B 15 27 0
B 33 18 0
B 43 36 0
B 18 6 0
B 22 18 0
W 1 36 0
B 32 19 0
B 19 13 0
B 42 27 0
W 19 16 0
W 34 18 0
W 10 36 0
B 5 37 0
B 25 40 0
B 13 42 0
B 20 34 0
B 14 22 0
W 15 2 0
W 10 46 0
W 2 43 0
B 13 30 0
B 17 12 0
B 5 2 0
B 26 24 0
B 3 11 0
B 1 14 0
W 10 28 0
B 18 4 0
B 22 39 0
B 38 14 0
B 47 40 0
W 46 39 0
B 0 28 0
B 23 42 0
W 14 44 0
B 17 2 0
B 23 12 0
W 37 46 0
W 6 10 0
B 41 49 0
W 19 8 0
W 24 45 0
B 35 1 0
B 40 14 0
B 35 47 0
B 20 8 0
B 47 21 0
B 10 3 0
B 16 9 0
B 33 39 0
W 22 19 0
W 12 10 0
B 6 36 0
W 27 29 0
B 40 38 0
B 14 14 0
W 44 39 0
B 48 5 0
B 42 23 0
B 7 17 0
W 11 35 0
W 44 2 0
W 21 9 0
W 4 15 0
B 23 20 0
W 42 18 0
W 24 8 0
W 30 23 0
W 47 27 0
B 40 10 0
W 24 12 0
W 26 49 0
B 7 0 0
W 11 30 0
B 41 43 0
B 12 42 0
B 23 23 0
W 29 0 0
W 29 47 0
B 12 39 0
W 3 45 0
W 17 8 0
B 18 14 0
B 5 20 0
W 2 41 0
W 28 43 0
B 49 8 0
B 27 45 0
B 15 25 0
B 16 19 0
W 32 0 0
B 34 27 0
B 11 49 0
W 1 39 0
W 41 46 0
W 11 39 0
W 41 19 0
W 18 15 0
W 12 16 0
W 27 46 0
W 10 38 0
W 26 14 0
W 23 46 0
B 33 29 0
W 33 32 0
W 14 13 0
B 41 1 0
B 29 32 0
B 46 49 0
B 1 9 0
B 23 39 0
B 9 12 0
W 32 25 0
B 17 36 0
B 33 6 0
W 26 43 0
B 32 36 0
B 36 32 0
W 17 37 0
W 1 8 0
W 11 45 0
W 42 29 0
W 5 21 0
W 32 28 0
W 48 30 0
W 19 22 0
W 9 32 0
W 16 39 0
W 8 22 0
B 43 7 0
W 18 36 0
B 29 23 0
B 15 5 0
W 48 32 0
B 33 20 0
B 35 19 0
B 24 16 0
B 10 40 0
B 22 9 0
W 36 21 0
B 15 43 0
B 8 48 0
B 40 29 0
B 4 37 0
W 47 37 0
B 42 42 0
W 2 38 0
B 37 21 0
B 1 15 0
W 33 37 0
W 37 0 0
W 26 41 0
W 47 18 0
W 18 12 0
B 21 32 0
W 6 2 0
B 10 6 0
B 48 18 0
W 27 21 0
W 34 30 0
B 9 16 0
W 18 44 0
B 2 35 0
B 39 46 0
W 37 24 0
W 14 42 0
B 49 27 0
B 25 26 0
B 37 45 0
W 46 35 0
W 45 14 0
W 29 10 0
W 49 44 0
W 48 35 0
B 49 0 0
B 4 26 0
W 20 27 0
W 9 17 0
W 9 29 0
B 29 20 0
W 7 45 0
B 38 41 0
W 11 9 0
W 20 19 0
B 42 12 0
W 16 23 0
B 41 48 0
W 27 48 0
W 34 25 0
W 8 16 0
W 26 6 0
B 7 37 0
B 18 26 0
B 42 6 0
W 16 22 0
B 48 46 0
B 41 38 0
B 42 3 0
W 29 44 0
B 11 5 0
W 34 37 0
W 7 21 0
W 4 48 0
B 2 0 0
B 27 14 0
W 34 49 0
B 34 31 0
B 3 15 0
W 2 9 0
B 5 12 0
W 40 5 0
B 34 15 0
B 39 36 0
W 28 4 0
W 48 21 0
W 36 9 0
B 17 20 0
W 34 35 0
B 14 30 0
B 49 46 0
W 22 7 0
W 7 29 0
W 45 19 0
B 37 43 0
W 5 10 0
W 3 30 0
B 26 19 0
W 46 13 0
W 14 27 0
B 33 1 0
B 42 41 0
W 45 22 0
B 40 7 0
B 20 11 0
B 28 8 0
W 1 7 0
B 17 48 0
B 17 19 0
W 7 5 0
B 43 1 0
B 49 6 0
W 27 20 0
W 45 23 0
W 21 37 0
B 39 5 0
W 30 30 0
B 20 39 0
W 21 8 0
W 6 23 0
B 15 41 0
W 30 5 0
B 21 12 0
W 49 42 0
W 14 8 0
W 4 29 0
B 43 25 0
B 32 1 0
B 36 5 0
B 12 33 0
B 20 37 0
B 18 33 0
W 15 34 0
W 7 20 0
B 23 1 0
W 39 4 0
B 9 37 0
B 25 25 0
W 19 45 0
W 31 39 0
B 0 33 0
W 24 1 0
B 19 15 0
W 1 35 0
B 19 32 0
W 21 45 0
W 31 40 0
W 14 26 0
B 33 30 0
W 26 45 0
B 19 49 0
B 14 17 0
W 49 48 0
W 22 35 0
B 36 43 0
W 11 37 0
W 13 12 0
B 37 41 0
W 13 34 0
W 36 37 0
B 43 41 0
W 18 0 0
B 26 48 0
W 40 44 0
B 23 5 0
W 49 7 0
B 26 42 0
W 29 16 0
W 14 11 0
W 24 17 0
W 48 13 0
W 47 42 0
B 25 47 0
B 37 10 0
B 35 17 0
W 25 14 0
B 30 43 0
B 7 28 0
B 23 36 0
B 45 6 0
W 12 43 0
W 27 18 0
B 22 13 0
B 8 19 0
B 18 8 0
B 36 8 0
W 34 32 0
W 32 39 0
W 34 19 0
B 6 45 0
B 26 2 0
B 40 18 0
B 28 42 0
W 0 15 0
W 23 26 0
W 47 6 0
W 19 47 0
W 28 10 0
W 8 23 0
W 22 14 0
B 16 34 0
W 36 3 0
W 14 46 0
B 3 23 0
B 0 29 0
B 44 30 0
W 15 13 0
W 37 34 0
W 10 19 0
W 37 31 0
W 25 11 0
B 42 24 0
B 18 17 0
W 30 45 0
B 45 15 0
B 10 26 0
B 17 11 0
W 37 42 0
B 37 15 0
W 24 49 0
B 9 45 0
B 15 45 0
B 1 34 0
W 19 40 0
B 18 45 0
B 31 17 0
W 0 49 0
W 2 23 0
B 7 10 0
B 22 28 0
B 10 0 0
B 7 12 0
W 23 17 0
W 10 14 0
W 36 26 0
B 36 11 0
W 13 29 0
W 40 1 0
B 37 36 0
W 40 27 0
B 33 24 0
B 8 29 0
W 33 12 0
B 41 28 0
W 13 4 0
B 48 2 0
B 0 44 0
W 24 5 0
W 31 29 0
B 3 13 0
B 29 9 0
B 4 17 0
B 27 49 0
B 9 20 0
B 13 39 0
