5000 3500
100
W 2702 1438 6
B 3600 380 380
B 4778 913 221
B 606 525 20
W 4762 3273 226
W 3890 3133 349
B 1827 294 294
W 4393 2733 573
B 1031 3254 245
B 1397 1721 709
W 1948 63 63
W 3556 837 459
B 1650 2864 635
W 652 2248 652
B 3383 2881 73
B 2740 2527 60
W 4259 3108 391
B 1705 2112 298
B 879 323 259
W 2131 1442 434
B 1147 1440 542
W 3527 3291 140
W 1658 3434 65
W 695 2525 695
W 3433 2489 330
W 4424 3342 157
B 2794 2756 743
B 4923 2398 76
B 1001 3227 272
W 1969 3066 111
B 3851 1777 105
B 1975 2546 479
B 1847 1947 44
B 3982 1458 816
W 4737 1525 262
W 602 3316 183
W 1920 1075 135
W 3353 113 113
B 2901 1251 720
W 1053 1973 272
B 2289 1018 165
W 2710 259 259
W 3095 3396 103
B 1035 1942 393
B 959 2579 159
W 4885 3132 114
W 2596 2009 243
W 1470 3422 77
W 570 148 148
W 4714 2200 285
B 1300 1015 267
W 4886 482 113
W 3363 2636 739
B 877 2666 336
B 1300 932 162
B 448 2547 448
B 4737 1594 262
W 3491 1304 0
W 2454 657 644
W 1483 3204 295
B 4828 525 171
W 3554 39 39
W 2407 1912 681
W 287 2256 287
B 1393 3292 207
W 2706 3242 257
W 508 1025 496
W 26 3409 26
W 4503 1195 100
B 3602 2126 884
W 2955 2520 823
W 1128 375 375
B 762 1075 203
W 4158 3196 303
W 3462 116 116
W 4933 317 66
B 4454 1573 354
B 4227 88 88
B 666 627 153
B 1131 1230 490
B 300 2083 32
B 2396 617 53
B 2859 346 198
B 154 1639 154
W 1628 778 738
B 1032 1466 23
W 3930 3474 25
W 2531 2366 893
W 4614 2246 385
B 1901 3349 150
B 3927 1879 421
B 932 1820 644
W 4827 390 172
W 2830 3391 107
W 710 791 660
W 1659 710 285
B 1559 1047 357
W 3063 3474 25
B 3304 529 529
B 3394 2286 296
