123456 12345
75
W 22958 5355 5355
B 59838 4607 4607
B 54254 9301 3043
B 103912 9803 2541
B 54192 1939 1939
B 105746 11665 679
B 59546 8947 3397
W 92719 5727 5727
W 32049 3097 3097
B 78271 2030 2030
B 116887 11739 605
W 26344 675 675
W 10262 7495 4849
W 77934 2106 2106
W 60120 2204 2204
W 42260 3776 3776
W 27061 3886 3886
W 45786 4662 4662
B 106996 7131 5213
W 36427 5583 5583
W 69422 8543 3801
B 61026 6172 6172
W 33338 238 238
B 73748 12028 316
B 90182 1924 1924
W 95919 11896 448
W 26607 5508 5508
W 52788 7186 5158
W 117033 1977 1977
B 25886 4964 4964
B 44721 6626 5718
W 6365 12015 329
B 109386 9430 2914
W 59864 2994 2994
W 14234 1732 1732
B 15387 9482 2862
W 2623 10448 1896
W 35994 6863 5481
W 104936 4332 4332
W 21444 6949 5395
W 59944 4162 4162
B 103561 3616 3616
W 23659 1342 1342
B 11649 5813 5813
B 103876 8042 4302
B 16926 709 709
B 117080 7753 4591
B 63266 3182 3182
B 55185 5363 5363
B 20630 7801 4543
W 111001 4025 4025
W 98641 11135 1209
B 12111 7343 5001
B 41063 7377 4967
W 5883 443 443
W 58948 2234 2234
W 98277 4747 4747
B 97740 1983 1983
B 104587 1494 1494
W 4546 5735 4546
B 13219 5594 5594
W 103679 10661 1683
W 122112 1596 1343
W 46871 95 95
W 2037 12341 3
B 108056 4255 4255
W 95639 1925 1925
B 106344 7156 5188
W 122227 4165 1228
B 88872 12017 327
W 71012 2347 2347
B 22112 5180 5180
W 62328 5961 5961
B 113739 6406 5938
B 86841 6397 5947
