30000000 21000100
630
B 16282765 11708642 12115
B 13223299 1363985 75517
B 1071641 17353218 24173
W 633448 16272586 196457
B 14896924 14947877 114920
W 7832440 15201846 121482
W 8909547 4812597 4119
B 16585372 14087067 160525
W 9906073 7348365 202744
W 9811928 5653125 168987
W 15828430 19558097 182807
W 9578070 299332 242197
W 15089110 9846827 96929
B 21784113 3994121 92199
W 24668618 17363057 166598
B 21082763 10006939 167147
W 2311706 9014299 231456
W 12241337 3158569 177072
W 2643200 15716297 190250
B 29595028 7187379 48254
B 11916582 1792165 70235
B 7214203 10563940 112149
B 29888864 18147896 67777
B 22484303 11671204 144421
B 6297042 7241457 242725
W 15599073 4297965 118622
W 8871231 18339920 32785
B 6309332 19995659 99559
W 9100053 2361512 186543
B 16719222 20229304 92319
W 8358523 3826419 187242
B 29229751 18750446 72028
W 7978713 8584946 106491
B 6659783 18269347 35855
W 671680 11100147 241250
B 9992933 11544285 169115
W 7870819 13289926 222553
W 20806218 16392366 51459
W 8486671 3124798 87978
W 8030768 19115472 232454
B 27361197 15231374 27777
W 16416155 13610585 150676
W 27978222 15405742 112623
W 18543592 1694510 65921
B 4593154 15908999 23259
B 2891612 19740219 185050
W 4960735 9384959 63322
B 13708181 18131505 204204
W 25063776 12852161 220568
B 23423462 5361851 132053
W 1972161 8534141 227580
W 17390016 14325725 82718
W 11259171 20121840 55270
W 21859309 20047168 129636
W 27052412 14873196 222097
W 11843637 16420856 100972
W 1266450 10552491 44038
W 3234509 18644580 152867
W 10551264 17861807 80822
W 13920208 9797193 95835
W 16522358 13591713 202089
B 19321607 1190700 246599
B 1433493 5134588 208994
W 27729154 18104075 45675
W 24971147 20527531 72238
B 23028172 7410405 207778
W 16462886 5326985 216228
B 26452770 17803441 44998
W 12269630 12560811 95428
B 8412782 17691551 246681
W 23639110 7083285 75512
W 24942662 15003660 35254
W 5666210 3630 3630
W 26922294 16865544 246702
B 3043839 9104479 88276
B 19386164 16344509 151039
B 27210303 16938423 63634
B 26335902 10754244 38478
W 13810288 18454540 122764
W 19744211 20724933 236778
W 15601547 18392971 120354
B 18577327 14472503 147449
B 23401580 11344807 128915
W 8998860 2527036 130515
W 18461924 10475416 120554
B 21381698 16627362 223171
W 11624502 9192019 130118
W 25994256 17486955 97590
B 16867136 9035026 75028
W 5610328 9255756 235747
B 23800141 5750367 158661
W 17966340 4200780 211731
B 12748854 572040 62654
W 9238706 15775796 158934
W 8527111 6031379 57948
B 13085704 15467454 100663
W 11803107 6996623 184465
W 10111067 13499808 247779
W 25478203 10084306 38876
B 16229444 4002905 126235
B 4797039 19033855 57447
B 28440786 2860610 181124
W 1516484 12592882 119496
W 6175948 1330327 17034
W 26082712 1345643 196507
W 4520488 13525927 247407
B 11866350 10812359 40885
B 29308278 13106292 97129
B 14167725 14456230 105303
B 18635921 1181631 218460
W 10108997 12815017 210138
B 8797334 2390372 249906
B 17685894 5170990 188827
B 23317360 11548535 23755
W 8038183 13696018 88345
B 335125 16306624 129197
W 29607089 16846607 2223
B 17302100 13675055 166898
W 1121401 9197944 117568
W 18289668 5890793 83348
W 10162974 6704748 34345
B 11052042 9076647 152441
W 24776286 1645928 103548
B 23570066 396988 73299
B 13019086 13401063 1750
W 8174529 14765596 113170
B 21461413 7078165 215789
B 847809 15009982 200004
B 15360326 1577093 223937
B 2850645 19539647 225673
W 9028290 20095450 98370
B 27205847 12501048 100180
W 23155805 13120484 81887
W 7602961 5729665 52000
W 27035559 9645826 239373
W 19621027 20465789 37466
B 3624476 19819215 10542
B 17453694 585741 37727
W 12884405 1826361 109021
W 18562084 7740309 53016
B 4949308 15329644 20130
W 21368303 19279389 104664
B 27393951 4034831 17244
W 22139819 16678597 17109
B 22697715 9045764 226999
B 7093380 909168 169664
W 10178985 1990099 84689
W 29750188 19269398 130987
W 5609371 53127 21017
W 28444909 18659285 206454
W 10873255 8388214 141079
B 16190936 10868114 211193
B 24670568 7488303 125235
W 19277673 17021186 206263
W 5121492 643878 119222
W 6129113 17335983 198783
B 21766260 4309111 127055
W 23306823 10587734 79847
W 9506546 6589332 181214
W 12052840 18509941 40094
W 9755390 15598602 235336
W 11967844 8235498 188686
W 4542842 14252734 54482
W 22427603 7656465 146553
B 27530850 610883 169371
B 29935796 7849297 64203
B 23337335 3816851 167949
W 25406666 17423613 210616
B 23912957 20455584 86190
W 5298906 13185327 172281
B 24512333 9370117 226425
W 11671685 7675403 72155
W 21187399 9588845 45780
B 25506252 15244806 100925
W 20513882 16693870 88182
W 1752298 1459356 26881
W 6206604 16709430 209146
W 2776785 10323529 145693
B 17283961 3400923 173335
W 9969027 364726 200575
W 5835192 10320733 21484
W 14775761 513557 213901
W 13559389 7818150 93155
B 6180913 14513368 85615
W 28452739 4419000 71152
B 18873880 18431669 218649
B 29208928 2134035 191233
B 15379798 14415655 87207
B 5305950 19903956 227752
B 24516823 9041973 80991
W 16407509 9016520 240072
W 21681260 8868891 60422
B 15931990 20365260 98964
B 15695462 1015983 230691
B 25423473 13455426 108686
W 9334822 4333394 237091
W 28917290 2150005 231355
B 13069002 8347165 36639
W 22603813 20782123 29736
B 19733073 20548439 146790
B 15003150 9263777 158580
B 24744379 17223503 213044
W 29177342 1107610 3082
B 24570804 524187 31432
W 18071605 8738504 52282
W 1911618 7117662 110731
W 3263430 14653124 17797
W 6099946 1127355 224148
B 15874198 16328837 244919
W 9832545 20869882 130217
W 29822512 15859365 47820
W 11655800 16617267 120365
B 26554510 1667103 156798
W 10986092 6940254 171406
W 12433803 11443847 193360
B 26980270 16926446 45625
W 25598065 7787276 157951
B 5949664 7978357 28972
W 1239423 9630483 44051
W 9997153 17798849 248695
B 18364695 10757305 175096
W 23817388 9170067 74300
W 13652619 10947076 151468
W 2301271 18509587 148410
B 9831420 20057355 148566
B 29431370 17804682 10407
W 28581136 17359918 26536
B 17925500 5246502 125027
W 9544862 1997191 244322
W 17763097 10491075 5513
W 9633099 18322867 48584
B 16055881 5375963 233014
W 627260 1220456 242101
W 26218383 7038614 222860
W 11295843 4337591 133805
B 12552939 18099676 108717
W 29300302 624557 121943
B 26935356 2775533 232417
B 22246057 17541589 103247
B 3343349 19059604 6853
B 13262037 12541564 239418
W 18060482 8553268 80210
B 20873380 11628542 69717
B 24024121 15368610 107909
B 17179089 7104739 126969
W 17635415 5077808 249391
W 21189440 195770 10729
W 7493842 13826257 132338
B 21969003 2542436 85275
W 4672882 16045469 208671
B 16431508 10127517 143017
W 8558488 4572071 44170
B 5792353 14118284 33733
W 2190226 8658890 35468
W 24533730 20552296 53818
B 3333970 6406059 11421
W 22228104 14596809 101389
B 13779340 12101432 22612
B 15223875 19055155 133964
W 18764433 8612053 197309
W 22837619 14321949 165201
B 15994573 18043331 204445
W 14583681 9554329 115147
B 21112739 9061552 103463
W 8613938 11147488 154337
B 16179131 14939505 248377
B 13708810 415403 133737
B 16816433 16980847 223912
W 8195170 10099088 33089
W 19269728 1029461 239239
W 19576509 19013651 147086
B 16524112 985619 66571
W 28700479 4122162 153420
W 5602712 17074243 103212
B 2233901 12588601 121297
B 14806776 16569550 59222
B 1084206 2488180 44487
W 23132334 9532208 151508
B 21779752 20283431 222333
W 26307376 18395211 171169
W 24696934 17849444 94113
B 26662780 6392124 88400
W 17052318 11375465 69657
W 5863528 17172525 163345
B 10409888 6294103 211398
B 4726709 3780088 118439
B 28914208 7095426 201259
W 8561433 12463092 242263
B 2697029 10098615 3063
B 2044836 15750662 196046
B 20930239 17497580 84085
B 28404698 14357725 103875
B 17533482 18257864 182743
W 14703288 13814242 117050
B 25178025 7920879 3929
B 5913078 17202055 10330
B 29914231 20927249 37319
B 367879 19909727 201521
B 6670276 188090 166652
B 4406332 1241189 131081
W 17580508 19741451 44579
W 11034920 1368427 84810
B 4635776 1536246 91623
W 26887472 20980743 19356
B 8248602 16942955 56597
W 25273327 15816324 59312
W 5703453 19961218 4956
W 4833019 2618993 138036
W 20049396 6756261 37595
B 2757452 14322278 189940
B 23931401 16097209 172081
W 16803261 16136011 89122
W 20724648 5735585 107600
W 12259351 770183 65124
B 4380557 1443498 50143
W 12194661 4580067 178639
B 24508283 1506699 76760
W 22741703 6099619 157849
W 2827656 19608182 12857
W 6736727 9747791 199401
W 14782819 3305381 167828
B 29969939 19259882 30060
W 28422055 7699887 237861
B 4609175 7946813 218439
B 14349897 2530953 74845
B 27583383 18719513 123897
W 2270849 6933345 127599
B 12950909 11964726 96935
B 19144947 2996894 68787
B 10271148 13359582 171393
B 14825700 14425355 64807
W 1170305 14919178 2364
B 1624413 12338534 167762
W 2370122 594949 204763
B 12052094 17475151 89533
B 11438738 16602881 68168
B 3322716 14622556 171650
B 16151345 8769941 91711
B 18536547 17424706 86720
W 26641482 18937701 62222
W 21437303 20923216 76883
B 13799549 5638261 130984
B 7008076 7298545 200216
W 17685758 7989778 237406
B 15515865 6789895 62245
W 2231215 16825385 191053
B 28485078 12381594 28469
W 11794168 1597677 146553
W 5508744 4180729 56822
W 14080777 4244910 69692
W 28846310 9600412 18007
W 23107820 13546563 243034
W 7896744 9250171 202198
B 27670378 16641405 50844
B 15193856 1265835 164158
B 15155702 9348489 154072
B 15650490 8278660 183564
W 26518724 17166205 96629
W 14142508 16620313 191343
B 26571911 8030226 142159
W 10171684 10254751 181959
W 24276841 3845498 236195
W 5103837 17769353 157548
W 6359941 2506120 126000
W 8807039 2294794 12978
W 10764597 4240236 103562
B 29774514 16562956 225485
W 25932423 10189501 177659
W 735480 17634103 150967
B 25833518 14186393 139349
B 27259049 15097609 1336
B 20860111 18175431 45242
B 11649457 20041353 104930
W 14464586 20640570 61362
W 8046124 442173 209791
W 24193592 12643545 188133
B 2729689 5908096 167553
B 4781182 1850528 36640
W 20014186 6101630 192766
B 21722713 8191969 83157
B 12621548 15536660 140219
B 21938112 379670 128746
W 5972895 20592220 108225
W 441857 14263554 160411
B 7399590 6909924 236661
W 6924846 14806893 237067
W 3996794 20531950 147452
B 11468527 1666665 12886
W 19049626 4436438 201621
B 17826134 5378195 192913
B 13467815 17067173 3118
W 4853988 19413531 237860
W 11658596 17138035 22314
B 23282418 8926116 170614
W 18903690 20848888 151211
B 27563776 12998082 121196
W 9751588 9181152 205923
W 9466598 15391234 72552
W 20974804 10724099 108975
B 10548991 14084551 174418
B 33854 15842735 33854
W 1940834 20535451 27349
W 9845607 7036119 55762
W 13298056 14700053 36820
B 24919493 18394122 34979
B 27652343 20659275 106948
B 11226449 13184759 213871
B 6647398 10224915 248425
W 2394664 9181457 221692
B 19337766 9175288 83881
W 18426440 20797174 189928
W 2065500 4823061 238497
W 40108 3005209 40108
W 27812955 2799137 64324
B 23988575 17464886 51631
B 26096909 2574663 86478
W 8579856 13123293 105187
W 14097757 13452064 89145
W 3511289 6090914 208651
W 19907702 10549804 221435
B 2927100 3628271 185870
B 8252887 12004175 194956
W 22096081 3773898 208753
B 22174048 13453011 106147
B 4848012 14654514 202303
W 10907537 9377222 95258
W 17353005 3719185 230427
B 12450418 15830355 27205
W 11260348 3234485 63412
B 29835424 17637454 30445
W 12789666 8520683 52790
W 2166390 20114744 174729
W 21822015 11262517 199251
W 17837487 15053658 41582
W 18407200 5704795 177170
B 21467838 5569897 218972
B 17223409 4224860 36421
B 8952456 10763466 180548
W 27083247 12577190 111723
W 1044247 580850 81745
W 5772092 8518253 122662
W 21058244 10743117 128962
W 7068862 4843455 92572
B 14300918 10139444 225667
B 22084911 1470305 222957
W 18227432 1295369 205625
B 2152220 1883048 89510
W 12938989 14897581 155157
W 6068011 7819541 187101
B 119553 9090817 119553
W 11942270 10153696 83898
B 26544823 3960795 156081
W 22305866 18731745 169477
W 9288707 7636381 58167
B 12849866 13258642 75582
B 17865865 1048561 122912
W 20593833 3745561 31252
B 22050071 17520485 246409
W 26084641 13258637 243024
B 7036436 16282568 159499
W 22427241 20207094 229708
W 125203 6305406 78240
W 11702958 13426794 52781
B 19676470 16879535 80103
B 27955594 16711675 68401
W 16630395 6188956 229137
B 25248143 3219781 239595
W 11412662 2934170 199004
W 3042139 14318952 104988
B 275449 1342579 17390
B 6621285 8458790 18116
B 21581564 17375495 96042
B 8515053 3960001 92730
B 6730252 7118998 177125
B 22524735 13498021 224548
B 24547679 1887451 23634
B 6540951 15798259 54746
B 1688839 4421646 142481
B 19345273 14686195 193349
W 27369443 20172363 223343
B 24492661 16269140 47622
B 9510575 3302653 204114
B 24525958 7334967 10449
B 25031377 9064236 231593
B 17191398 13411999 122754
B 15360549 3826646 62972
W 5116869 1101107 234408
B 15355264 3736116 200124
B 27542183 9180574 114713
W 10306845 12340126 238561
B 16946215 14280604 25742
B 8813760 10975271 234607
B 29240449 15941763 157610
B 11094380 5136838 84628
B 7774112 11862882 190357
W 4469752 6829360 32301
W 17604393 8451420 209327
B 7073954 2015134 167510
B 16536733 18364028 179536
B 24389131 13890128 100507
B 13291217 7493190 92597
W 18644834 9195157 163988
W 15970370 18584584 199926
W 17931307 13626862 13727
B 28682247 10637400 167042
B 12830027 13292462 225092
W 15339469 9301220 172841
B 11359187 9008329 83806
W 15808479 11634598 209760
B 11293703 12062077 113466
B 7820850 20400920 26229
W 14019554 18308223 37194
W 10915880 20996525 3574
B 26898373 16498859 189535
B 14363945 14650379 151028
B 25272829 16302126 16989
B 15416311 1476400 20310
B 28376340 17091411 192331
B 29788829 2097539 82995
B 23283039 12946178 97867
B 12320402 4413214 28326
W 6556276 659312 67769
B 8962328 3105250 36015
B 17985870 157249 157249
W 8762626 7182147 99586
W 25024602 2700614 113445
B 25172119 11106211 54396
B 20551181 8288133 199876
B 6697819 7965763 3892
W 5941825 18558781 153023
W 23180973 20919217 80882
B 8356638 9771383 162497
W 7929325 9464117 197224
W 22574211 11338261 214750
W 13503651 16951206 83658
B 1667844 16980398 190310
B 17981876 6738671 10209
W 18913030 11457438 84914
B 4859857 1339194 96648
W 17711730 20309668 81518
B 23140424 1165796 162470
W 25626733 11776597 141034
W 17071092 17839380 180696
B 25696621 20675684 22732
B 6900623 3069769 220067
B 15405409 4989797 99964
B 1695262 2259257 161734
W 25859930 19122402 126515
W 1656460 3567026 18106
B 28960213 787924 221275
W 5502715 5769775 185116
B 16353530 1769789 84561
B 25247096 19126815 249299
W 28641572 16907488 148462
W 20218075 14968952 152819
B 18217396 12297497 7304
W 5689213 6229665 132416
B 28821631 271460 98292
B 22290319 15092301 20891
W 16381270 20287606 29035
W 17179840 19597426 68267
B 1111153 17897430 171278
W 2905483 3338921 5874
W 6875267 17037643 10816
W 3823325 6765925 31760
B 12744187 5224932 231669
B 23345401 17236970 195225
W 22914126 9201197 246583
W 7236807 2794745 160421
B 6306674 19349288 198795
B 4361216 12943014 160719
B 17940045 5654825 248966
W 14093505 6452791 40569
W 24812483 6649671 173500
W 6775681 12770681 81844
B 4175315 20719001 229834
W 22641577 20031394 87390
B 5046553 17855044 147201
W 27922835 9207717 147176
W 17221269 20241810 230958
B 10321589 2443328 179633
B 8834160 20874443 38250
W 2439409 15354638 106556
W 20255210 17098840 67066
W 2952746 17931551 12807
B 25056971 5615625 94083
B 12755178 20772229 77720
W 16934172 3485450 174258
W 8543985 8151941 150411
B 15889139 13588870 227089
W 3058850 1637391 125031
W 29896515 6684660 103484
W 17209314 1907193 228125
W 11442164 18788490 160595
B 11947079 18567674 137352
B 14636719 6606109 153593
B 14173212 3193061 38432
W 20254403 2658499 140961
W 26529863 1983367 110815
W 26660309 11994827 117956
B 4873695 19875048 107026
W 21200114 9114121 725
W 13132872 18662385 33149
B 19843896 20884353 103628
B 12508856 7655578 228202
B 5711913 9241551 55976
W 7596023 3068709 127090
W 12361668 1986054 119445
W 26280772 15699586 3182
B 21754689 13541413 162239
W 19362989 9240256 7374
B 6242440 9981008 114641
B 10653362 18437818 213224
W 17253911 1902674 23889
W 18313661 16456081 28973
B 25191008 7445287 149720
W 11309252 9558377 230936
B 27377732 6404145 23493
W 28819378 5696705 194293
W 181455 11510719 181455
B 17878700 13300733 13540
W 14896442 16353879 58553
B 19666144 12166749 51738
B 16371957 19232752 213138
W 17000358 17990161 211799
B 4085937 15145956 142427
B 17824373 2997463 213291
W 3098193 8735551 132402
B 8291920 5390177 187963
W 18356007 10252312 201416
