3120020 11111111
810
W 2937439 7415813 182580
W 1969895 2350361 242246
W 1365657 4158525 215072
W 2394985 1036348 3872
W 641562 7529467 204788
B 2377793 3429629 78706
B 2606656 10725177 71880
B 860290 3162116 133123
B 188285 6318597 188285
B 3106715 5571987 13304
W 2158653 147346 29760
W 246039 6975309 190959
W 1379433 10292735 183387
W 1698936 1103429 8131
W 2469369 2386483 135853
W 245481 10173997 52254
B 1555776 1087400 155014
W 563276 5841995 142612
W 3063747 2958434 56272
B 902133 9922229 120553
B 1969828 4617576 105548
B 355371 7901756 14757
W 396588 4726203 204983
B 2870664 1053055 948
W 2882850 6222197 168244
W 1677934 8548584 126244
B 1850414 10803485 41896
W 2224943 3823178 19301
W 1386884 2858706 100680
B 1912309 1436224 69612
W 1004484 1784004 80427
W 3072244 4414019 47775
B 782637 8465351 208655
W 1945183 3315117 12775
B 2815124 7064359 75684
W 2987416 8258097 132603
W 1053193 3778765 2102
W 1011161 5597420 178946
W 365971 7417929 43893
B 2494990 102197 102197
W 2209197 1885246 40672
B 187371 405222 60600
B 2203590 6295763 19136
B 775898 1746456 14044
B 481625 8165785 131306
B 2560331 8654369 94867
W 2707068 6685455 135302
B 1025192 4533332 129539
B 2213892 5108809 214418
W 2930581 2984477 51127
B 638758 4909035 88619
W 1620535 3835759 23504
B 2932406 9571346 187613
B 288903 459729 4340
B 569069 2417009 37757
W 265317 2495656 63217
B 2430840 1414613 160868
B 1149572 6297684 160093
B 860954 3197892 13757
B 2055976 3104549 70951
W 2328757 8267667 101134
W 2086992 3488991 206235
B 1888236 5191320 15943
W 1203202 10305089 123532
W 307211 1874803 194561
W 1805582 10530423 113814
W 1621884 4511016 61445
B 1240266 1090071 239378
W 436281 8959688 168453
W 856069 8683908 149354
B 1796923 944006 226249
W 1850846 10552501 193981
W 2256082 6917639 53172
B 472530 1105743 156223
B 267041 10534077 85069
B 2669247 6860291 185267
B 1501792 331596 175295
B 2512871 9246515 50911
W 3031633 5410757 88386
W 1073952 4269791 179121
W 2986602 9587306 43327
W 802492 9751992 219970
B 2313443 2701600 96142
W 2959982 5015247 25767
W 869593 10206021 189484
B 2691141 9396044 124528
B 1616260 8542192 11955
W 1466152 5311399 171252
W 2326824 9107334 146117
W 2169773 9363089 68750
W 696447 5054486 105514
B 2518106 10056644 74780
W 554768 8455024 213136
W 611608 6040623 71353
W 2634783 7153364 176132
B 2459599 5697563 225738
W 2915816 5114864 102631
B 1298512 10646871 104222
B 1129250 9269169 194295
W 2079590 504605 183193
W 553752 1142478 41625
W 2354271 4749334 66024
B 945793 9412138 101476
W 1023679 4187482 67616
W 1869900 3680563 40106
B 1433270 11086327 24783
W 895403 1131494 155650
B 2057627 8383551 150931
W 771927 2616848 63477
W 423803 4918880 36945
B 2433013 7829114 10161
B 529585 3169037 67269
W 45954 1679862 45954
W 2250723 4601510 224022
W 2494202 1609980 205602
W 830630 9502417 50868
W 269378 1210066 247811
W 989978 7081226 141883
B 15030 4503303 15030
W 2482279 10295739 90269
W 422343 10694189 65443
W 1472494 2447706 189987
W 669529 2264846 205411
W 1941092 1356690 246795
W 590213 10052469 213141
W 1938925 7747825 25954
B 1587444 6883578 46438
W 118307 7518612 118307
B 2810418 9942734 5425
B 2813606 2126631 13364
W 85384 5734442 85384
B 757913 8759867 191702
B 1904060 9670836 177012
W 737451 9958547 167572
W 877083 9998975 114797
B 1747596 6241111 66477
B 958810 1560307 111052
W 1847669 8482212 46021
W 1344502 3385075 161382
B 1942196 11035479 62754
W 1963991 5497582 64709
W 55459 2526124 55459
W 1816086 9997322 218730
B 2310454 10258373 12899
W 613047 3864264 212900
W 2975658 10786093 69512
W 1702480 10520468 42581
B 1956386 2901177 14942
B 2317579 2657381 3223
B 890232 3336254 36790
W 488472 6587015 138522
B 779974 2914993 21536
W 2129722 1199358 126636
B 2747770 9179812 65588
W 1123686 7828515 176064
W 2284659 7365580 151412
W 1160035 9084205 22561
B 30797 7242938 30797
B 2440641 5176175 100646
B 1667583 2181095 244108
B 2445215 7731394 244812
W 2842738 2779160 89168
W 1897767 5950514 125677
B 1845047 7207436 178470
W 2081336 5464074 100828
B 2244230 4059262 112711
W 3052071 5034859 67948
W 2871092 10214939 46283
B 43347 8723459 43347
W 321180 4733856 233593
W 3003144 2885494 68754
B 1503573 5181578 232389
B 474645 10069100 717
B 1447081 5389739 150069
B 2569964 7594700 113907
W 2190419 10799160 47393
W 356930 9413116 118181
W 1593457 3049233 184081
B 683060 8829575 153397
W 924199 3887361 201966
B 1536974 5790371 61754
W 2376047 3102985 20929
W 1973496 198561 3819
B 1201025 5674495 47006
W 1171846 8208543 182156
W 798978 6338079 219315
B 384918 3220001 108490
B 619646 8478830 84364
B 1818251 6939003 57687
B 1622650 3666338 84233
W 2727756 2172765 41360
B 1223896 6089767 155879
W 1009971 10821409 76283
W 897708 8109731 192943
B 1523706 10417215 224722
W 1741636 6100979 141163
B 1545168 1686867 37380
B 2282882 5275192 3280
W 2002713 10386953 222177
W 40046 1675627 40046
W 315388 11027350 83760
W 2964108 8945679 10903
B 2539960 5670179 55032
W 954466 2062129 64654
B 889103 5186076 213086
W 3060750 8474444 59269
B 923970 4588008 214646
B 2874267 5737108 141867
W 2634409 3832575 153766
B 2252862 7808946 230487
W 2816113 3344278 227211
B 269099 724332 208776
B 768678 7973647 207228
B 1229079 7622732 124315
B 15739 6616279 15739
W 628878 6519892 49471
W 2122668 2226549 15785
B 383457 3774820 27236
B 367595 144878 46942
B 757298 599287 88831
W 547212 5352749 112264
B 200114 8545214 196894
B 1379953 7738316 61229
B 716070 9872681 244273
B 2151539 6849716 65899
W 341361 6358467 130427
W 1919163 5436707 114932
B 392492 904304 224073
B 2064079 8806358 140992
B 2731422 4661740 11486
B 735990 4213747 45151
W 1260644 8773513 6444
W 1495088 9932255 186878
B 2609075 7526418 117461
B 2799978 4770168 76858
W 2555205 10505518 158231
W 2740952 890081 185322
W 2237983 9071433 23682
B 2756447 7823244 245991
B 2923604 1818506 22348
B 284039 2268482 179853
B 2037910 10778780 15168
B 2287796 5236228 187739
W 1884940 2102296 220861
W 1070140 9818634 187554
W 2604467 8714724 123782
B 1600825 9278394 142290
B 804114 2861607 133268
B 2046527 7224670 102492
W 565629 8015652 185049
W 1030715 8020664 63153
B 656266 9277556 136117
B 1005696 3570259 220029
B 2923966 6387939 188620
W 887105 5604455 50849
B 1094640 6201088 104689
B 2693266 9865648 189878
W 1077508 7852226 77547
B 1127939 4539852 14644
W 1757929 5084441 78030
B 769943 8267506 143523
W 2985042 5011064 134977
W 902074 7753172 176013
B 55287 8320474 55287
B 1517660 4735388 131372
B 23796 6937414 23796
B 2678735 9557108 101934
B 1825619 1163495 14069
W 1620097 7594756 64417
W 759378 7848845 70652
B 2015071 948847 144829
W 945943 9695063 223235
B 1961350 9697701 12910
B 1027973 7243418 56546
B 750921 6280935 101910
B 204208 725246 128362
W 1026265 7990871 81434
W 2662880 8093844 175034
W 298323 676878 31385
W 2542025 8857520 54654
W 2271221 3478968 18617
W 2668409 9233971 71483
W 1183962 8459800 1344
B 2552960 6387189 137863
B 1271407 6130260 210799
B 9937 5157886 9937
W 2325352 948860 117414
B 750509 9466629 110971
W 359842 8504710 186138
W 2922168 2524834 195578
B 2596253 4915183 185043
B 895993 10033857 197674
W 2711327 11070989 40121
W 1310578 678587 77511
W 2572899 5095431 169191
B 250627 2736696 204617
W 2691637 2055652 222078
W 2658175 203155 7279
B 2593708 6687704 115364
W 161587 9936258 161587
W 2784410 4174168 27542
W 997449 4882811 112310
W 117796 4538924 117796
W 1866690 5467422 138888
W 1410027 8225571 63141
B 2476404 4064164 154262
W 2930053 6918228 177666
W 1795674 3891054 243948
B 2299284 2595921 220955
B 1905120 1055531 2121
B 48504 3324557 48504
B 3012575 10807766 46680
W 596395 5529817 94547
W 84648 6908634 84648
W 3116543 2297125 3476
W 549462 9316690 130910
W 2188918 2219860 181980
B 1377434 6475840 233077
W 1889486 3842969 91182
B 338424 5791657 184695
B 2220136 1768697 33879
W 1251634 3585510 84939
B 718379 6458109 152891
W 1277932 7445572 132219
W 1496544 5980268 44385
W 1730916 5323753 170632
W 19653 10234219 19653
W 2019991 10345678 20492
W 945189 5108654 114585
B 2944539 5059574 144120
W 2673609 423312 30034
W 401839 2794953 187738
B 1020537 8917535 44615
B 203467 5724630 167361
W 2515017 7212292 237688
B 499814 1663826 10755
W 1287465 5908737 27590
B 1956571 6116314 224397
W 1583874 6964813 140602
B 1464448 6031475 110563
W 706420 2158243 70071
W 1222102 3367043 192156
W 2046453 10013724 107519
B 1928165 9955810 119947
W 2151665 6117199 7035
B 2749148 2477197 94924
B 3036416 11038317 72793
B 2395422 7103536 157173
W 2703008 8759181 69268
B 1692305 4096891 21839
W 3024248 7692938 95771
B 78413 956440 78413
B 3051685 8138118 52583
B 879161 2153795 69801
B 2687494 3481911 237162
B 1912308 6201455 183123
W 2848015 9421234 221283
W 1064337 3664375 147989
W 1045146 8226658 69532
W 3056010 6406694 64009
W 2888029 1920899 88793
W 1033553 573196 89630
W 2359764 3598265 98174
B 2520362 10426147 184048
B 484096 9994912 54466
B 347047 1077628 93789
B 80029 137754 57537
B 1765679 9289034 83805
W 1677677 6018074 198254
W 358953 5479026 98854
B 2381416 1072900 30771
B 748765 4333210 155329
W 68933 3781452 68933
B 224278 384624 185656
W 1221254 699090 82677
W 444354 7558293 56458
W 853515 10475680 60082
W 1499729 6366554 232745
W 2076869 7644349 153505
W 2223737 1235614 179400
W 688152 9174885 138954
W 1941952 4732314 180811
B 1471968 7928756 99593
W 336582 6582175 60792
W 271208 3682396 54336
W 2230988 9011465 17131
B 1271182 905853 50289
B 2461653 1439889 197651
W 2743293 5310576 56371
B 2470200 518271 152314
B 2042683 9410365 87770
B 3112588 4266946 7431
B 2476349 1227848 186893
B 239287 5258234 125881
B 113828 10390920 113828
B 1109292 8435596 88084
W 1335607 10596077 66286
B 2901798 6034639 88214
B 171340 8639880 65779
W 112667 9737596 112667
W 1231807 8150111 24795
W 444220 8252273 91609
W 524010 7626599 134251
B 222934 7523813 141700
B 1564422 4571547 212557
W 1229763 62758 62758
W 1334527 6579397 232091
W 400499 3563856 116974
W 2765430 9182306 164961
W 665886 5330468 103438
W 771428 1016962 195787
W 289493 4034329 198142
W 2817964 8122872 135402
W 841042 1905150 39432
B 2982727 4559475 104260
B 2260394 5151545 45775
B 2882924 6672576 83398
B 2781528 7825972 244786
B 2803796 9607434 88848
B 1395215 6611093 29037
B 1330306 2489143 93648
W 2702357 8592398 16845
B 2937995 2206738 115904
W 1682174 3230651 210848
W 2414823 6294068 142256
W 290889 10899306 211804
B 2038214 3677425 119010
B 444526 2783053 248671
B 2999507 1255879 120512
B 1246518 1423950 36923
B 845577 6387353 53958
B 249149 546164 110689
W 185034 8524725 95620
W 2090682 9102897 152419
B 391335 2252530 183969
B 1136592 10277614 188274
B 179782 2250055 179782
B 1645205 7357509 38220
B 1778197 4694317 9102
W 1586693 4206081 203880
W 2254863 9373584 29858
W 1126485 1296380 75104
W 1302346 9929841 184846
W 1817170 3261501 98840
B 391261 9991884 221252
W 1236006 9749971 199136
B 1343722 8675001 62663
W 2701053 1308842 35225
B 2317245 7486639 13928
B 1390928 10755 10755
W 2971183 8467499 108110
W 2892687 5792654 52590
W 1062784 10050516 148382
B 401397 1761731 230876
B 1131069 2649334 188430
W 765774 4862146 73286
W 1565846 10192313 140539
B 2321897 6595551 163855
W 742012 3059056 3875
B 778983 3505704 235005
B 3059744 6229634 60275
B 1391646 6032743 93508
W 1695505 11081457 29653
W 1174421 1701185 108044
B 1161022 6692343 166182
B 1735685 742946 71489
B 898089 2888659 76815
B 1226797 5411632 106025
B 1562940 353600 72936
W 1909765 6897633 63748
W 73105 2006047 44024
B 1250959 7948978 119054
W 1069259 6614776 115858
W 2295964 458256 84893
B 3075708 2709118 39627
B 1108073 8404341 10696
B 1604925 5740379 167691
B 2545720 5397355 180906
B 884789 3083600 163374
W 1621224 3439880 205561
B 2358535 8597775 151832
B 2636151 3138184 61905
W 2273985 867011 74637
W 1698007 5556377 200392
B 1943382 396749 77879
W 1566794 4820136 74687
B 2037697 2280651 168568
B 3053544 11046072 65038
W 3071856 8638706 10580
B 1438312 3966606 103909
W 513022 5135499 74959
W 507057 7637751 71781
W 458414 3647048 55799
B 1849861 75817 75817
B 240201 10965781 49425
W 526344 1025179 128876
W 1269609 6348628 138829
W 1378276 10409483 85043
B 2253808 6649144 200511
W 2224227 5638879 69240
B 406956 7465190 135884
W 2872989 8598047 102184
W 552229 6702411 226432
B 3075257 5400942 44762
W 1398996 4778736 186468
W 2569926 6340863 87528
B 2643403 1216333 147674
B 2512427 1258282 68822
W 1843708 7414426 222237
B 1888724 10938648 30076
B 2024175 7875549 158623
B 2204519 4570031 201899
W 1000419 3757252 125920
B 1087860 1802513 135330
B 1815712 10801288 88381
B 903940 9243794 98615
W 1087243 10909151 15773
B 2529688 11009540 101570
B 2717842 4420850 143704
W 1093463 7380728 188759
B 1302648 8575614 64435
W 1886475 9708895 190597
W 947414 3965378 132525
W 630323 8389657 144166
W 2702724 9593614 217741
W 2279770 1701235 201821
B 2015955 3753502 116055
B 694257 7581153 98811
W 1140884 161540 147015
B 1211037 3944929 117076
W 706570 6653037 166898
W 3089875 2103790 30144
W 93918 4137057 93918
W 1328553 5507173 204327
B 1640233 10016821 159516
W 2166359 5393729 168926
B 340500 3959622 66321
W 93554 7714059 11315
W 2928272 7178407 94143
B 1847041 5230349 28617
B 1370433 1174080 105859
W 2568104 10723639 47347
B 2394472 9462275 148786
B 502296 2571661 218229
W 986114 6910084 2037
B 133306 10753596 78867
W 140374 149728 79880
W 242506 5785273 7126
W 2530826 8605571 199660
B 2020389 8955965 47401
W 1104548 1108008 28400
W 345186 509653 239197
B 741180 4693330 149508
B 1128152 3008224 157015
W 780336 10198986 142432
B 379871 5279554 55264
W 2358940 10453365 96098
W 2861027 7268772 36130
B 1929224 878862 167003
W 158901 3079923 158901
B 588238 1732330 234535
B 2001376 3356828 88873
W 2026970 358260 196075
W 2709411 6438323 208951
W 1402445 6752703 67355
W 98482 9322107 98482
W 2938468 2168028 169901
B 929897 5910870 236977
W 2583604 2894128 57611
B 1311826 8587262 237689
B 1380055 2892106 179434
B 2221114 1129037 108692
B 174907 9460348 70651
B 1646035 3026337 234085
W 1470819 10595934 97190
W 2277871 7358547 126527
W 2817205 3734830 3147
W 807081 7950173 90725
B 166333 1229460 166333
W 2542807 1118105 20384
W 1576284 7694842 138
W 988356 2444480 80878
B 505983 9552122 55179
B 2633613 4662435 17822
W 2762037 10871104 926
B 2833744 9363562 125825
W 923156 7255845 70078
B 1922796 10846530 14321
B 32350 6037852 32350
B 742289 6289623 119677
W 2504582 9795918 205794
W 422763 1541206 54800
B 2629906 9252969 106508
B 341011 5798048 246321
B 2141332 9340345 231665
W 1374242 10355936 42478
W 209760 4510129 36795
W 2752597 7519731 65004
W 1091703 9913852 178335
W 1044584 10776948 135516
B 935155 2368144 60216
W 1808807 3827016 197195
B 79025 3813313 79025
B 1224497 6345263 27325
W 1321920 6871174 152595
W 2984455 7508629 135564
B 705347 937954 216425
W 1202926 7445306 118537
W 1196484 3782319 213189
B 291473 8859319 79851
B 2577229 4676282 51515
B 2651450 4634008 27555
B 1761115 6807739 89829
W 143822 9094920 143822
W 452665 9199760 140192
B 269110 7212892 118407
W 1562804 5799832 115545
W 2466966 6799122 202962
W 1608036 5063132 48467
B 1391340 5659078 101024
W 2847110 7647725 177776
W 1945136 10695172 239166
W 319937 8106341 31985
W 126473 6819809 39628
B 2378958 9176378 132409
B 2023812 4236879 237758
W 1306620 8428404 702
B 1902735 756854 49088
W 531675 5372990 202596
B 2318426 1807633 833
B 1732477 10773506 83833
B 1366621 6786443 116221
B 1978277 1519702 247576
W 2397238 10238469 201429
B 2745147 3719224 161034
B 1445300 9245278 128862
W 847878 3953526 72592
W 2678572 10293549 139469
W 979982 4974983 59035
W 170259 6667979 35616
B 1804739 3704135 59728
B 1891713 11073161 37949
W 702884 7007434 40842
B 2746722 10120053 115018
B 927314 8154182 32450
B 555536 3820082 192912
W 1962454 5228893 155175
B 1781642 4823175 155416
B 2782776 10549219 244932
W 2414413 1669628 111528
B 1961903 4080604 114621
W 1452130 1427231 208985
W 1362732 4310412 67805
B 2974965 5074195 16784
B 1074639 726978 4391
W 2675022 8532073 156166
W 2236933 6765087 8457
B 805463 1181648 56303
W 1233054 1564560 190483
W 131056 11106761 4349
W 3043616 4728442 18979
W 1561163 8984576 153859
B 1263893 3822581 31511
B 1159585 7940516 89094
W 2431757 44679 44679
W 2986420 7017885 58527
W 1497265 6341910 42492
W 1068161 6366891 60129
B 192161 5795119 91870
W 3114375 2989325 5644
B 2490725 1005632 124788
W 116022 7511666 3747
B 1494518 10491980 153597
B 2125782 10120069 135124
W 1792959 7534556 133995
B 599688 917826 24242
W 509672 2876260 82775
W 3108925 8227981 11094
W 2760668 1622116 81546
W 1426470 9332342 41629
W 799379 5183546 8018
B 1010891 980664 42973
B 2300662 10088881 78353
B 2430585 10215845 171459
B 2543489 9133809 37395
B 1430465 905947 32580
B 2978673 3678637 141346
W 181804 8769067 134578
W 13661 5593435 13661
B 2663416 9704757 117399
B 508514 6254009 248640
B 2920393 7191036 61183
B 1093210 6483652 18973
W 2000104 5342519 165637
W 194277 5775006 11002
B 1146851 2278170 48275
B 499307 1021089 71812
B 124099 1476437 124099
W 223322 6862934 145333
W 792785 7371096 233106
B 2241639 10412947 211396
B 2712853 5686669 168046
W 230481 3933849 93579
W 2479850 6063616 183811
W 1916538 6832290 54114
B 1453621 7308803 14967
W 2006998 2557497 13949
W 1129663 8382200 182297
B 2404012 6626669 169109
B 2517569 5961595 133711
B 129290 10392329 129290
B 1621298 2478552 175018
W 2921600 5636168 84223
W 1940205 1515152 223235
B 921415 1882797 9635
W 2404086 6730595 96402
W 987956 6239613 234398
W 1423140 8860215 180828
W 2353698 1566469 220028
B 2205028 3163260 195502
W 1252950 6886042 225422
B 2521196 2003582 108007
B 657132 735649 111413
W 248363 6586444 174282
W 922162 7577233 113212
B 2704871 8075818 61738
B 1286865 7387270 26446
B 247377 9336521 187324
B 2010534 2823197 82018
W 1350887 2480462 162125
W 174587 5003163 174587
B 1212684 9343560 80205
W 2978317 6321242 66472
W 701661 9408129 17822
B 18655 9143032 18655
B 78625 10329732 9910
B 918251 10902458 130915
B 304843 2924057 229372
B 470772 2400701 225870
W 49385 7599253 49385
W 2101764 3071799 132317
W 380223 543454 47891
B 1659676 9767409 162843
W 609586 8809217 12575
W 2966082 160514 133122
B 1622532 3704221 113529
B 563754 9004614 165524
B 2840 8368290 2840
W 394602 5698915 226809
B 638639 2768447 177632
B 1829346 1460927 7457
B 1164965 8912423 53911
W 266195 7274203 77791
W 1436115 8436797 102649
B 2880132 7390217 136268
B 2552620 9181502 58811
W 1761894 8949797 27160
B 3016981 38046 38046
W 3112397 4795708 7622
W 321235 1773894 100338
W 3021756 3614047 98263
W 57936 7684823 57936
W 2049521 10686122 207724
B 3114806 1626589 5213
B 176388 8709298 81302
B 352257 9031922 131083
B 120551 5563320 22529
B 1384754 6238807 101799
W 2696599 3569249 20126
B 1498642 2555459 75675
B 1500509 3659068 50998
B 1428978 545310 15594
W 920077 2733711 123936
B 2728090 4634183 244146
W 3083785 6613104 36234
B 2959203 2662057 4419
W 1263869 530550 230041
B 209265 9283833 114894
W 2635086 562770 25662
W 1548203 2945148 76639
B 1784578 8595361 100890
B 2203618 1231345 160
W 1109154 6509965 224760
B 873418 212952 158255
B 1910008 248162 185184
W 266666 10599857 89924
B 291778 6962438 43373
B 1380556 9598442 190909
W 2364795 8995142 214665
W 3102900 5473824 17119
B 1450202 2567083 156920
W 971620 1651429 139970
W 1855446 6855207 130449
B 2671679 5819653 56827
W 2086421 2198686 221904
W 924170 3617173 217859
B 50629 1418126 19789
W 1094685 2642905 20321
B 2682505 10721549 188007
W 2997557 6807937 122462
B 1266220 7136209 162699
B 2270110 9800517 193764
W 475098 541593 15737
B 2185831 10207125 183057
W 3090588 8549568 29431
B 2044370 7076168 162018
W 771926 7836817 14038
B 1384543 8238223 7732
B 3087392 8172010 32627
W 2274766 9950245 128863
