21344444 124443223
950
B 13288143 123158294 1284928
W 5758549 76779773 4013933
W 11659481 48991795 3647894
B 9588955 35007575 3551672
B 13098011 113912541 2902904
B 12986233 62754211 2118968
W 6187302 110588992 1239330
W 6743697 117979869 1671374
B 19429106 110676614 1915337
B 13861380 91759972 3048003
W 10333530 97547330 1915146
W 9055776 18827275 1706596
B 15288937 95344159 3132833
B 14297522 8153027 2446447
B 12891113 85068376 2820197
B 12899095 4492964 562617
W 18825803 68203036 1652435
W 4830863 69774282 1561350
W 5210369 103231514 1909334
B 4736427 12276369 298677
B 17148069 60387704 110788
B 13373532 120857765 2379434
B 14664791 66922848 1740032
B 13775548 27128493 2593964
W 7914809 74539012 3835191
W 4340645 120236659 163825
B 10171586 22422141 3136669
W 18412598 60346051 2931845
B 957230 33097549 532897
W 20302697 10302194 1041746
W 13612826 115306863 3744880
W 15961375 82658644 3007510
B 10207236 60750324 2338936
B 3375848 26561452 3375848
B 465452 65185583 465452
B 19909419 83393049 1435024
W 19924002 49323794 1420441
B 16317829 24116742 937944
B 15392824 4929586 2891676
W 15147117 117835832 325642
B 19813949 17087880 792606
B 17142572 57867801 924381
W 21292647 85792816 51796
W 17079441 105737086 4243370
B 13417163 110024116 2702124
W 7096175 108006768 73919
B 16082900 42819736 781952
B 16715956 38431154 4628487
B 14099021 58554709 439219
W 10512142 118338326 1401836
B 18861405 16920454 1085052
W 17256152 72034782 2027624
B 12231931 63480730 842819
B 4351360 114706550 761886
W 13764123 9162044 4491965
W 15767623 34548020 68739
B 19726256 54827441 587310
W 16081239 11470258 1223925
B 4192202 28883923 3606491
B 2575177 53681145 2575177
W 20757786 95058593 586657
B 2989144 27186501 2989144
W 15800096 12981709 4166243
B 14295689 27961946 576286
B 7505807 85034575 2455147
B 3206871 54667612 348805
W 13986023 22856155 470926
W 10906225 14910849 2575333
B 3799733 42515845 2895061
B 19737573 56802911 1606870
B 4390019 90304612 2792932
B 5455102 59860295 1314285
W 15936697 19417654 3222093
B 20815115 93091470 86422
B 8721131 52624591 4276531
W 13211112 34610408 2229319
B 12513526 88710699 2619810
B 3144874 48066171 932409
B 11254598 72964103 437758
W 4064353 60761863 3184610
W 1609148 91891407 1609148
B 18398491 60106471 256330
B 2894417 31586031 2894417
B 974275 50694802 974275
B 16334342 31384822 4907914
W 311924 16682091 311924
B 7575922 4183842 4183842
W 9338115 116863952 330230
W 20917833 123779673 426610
W 11535920 47025465 3907903
W 9205816 41351495 469577
B 12401505 111655561 2767333
B 3988492 47588482 3988492
W 20079649 113387308 1264794
W 8201749 88032574 358819
B 7358349 85556829 326310
B 9220604 21091942 1953886
B 5378607 40302396 2622577
B 5118249 123921223 521999
B 1500544 63398176 1500544
B 232782 13321042 232782
W 4982513 93158184 4690230
B 12363909 20753703 2608235
B 18978437 116736249 1884710
B 14795639 33917185 4730275
W 2204261 39661803 660839
W 806307 17356530 806307
B 150074 94794824 150074
B 3411062 95777071 3205212
B 13823466 105177039 3084553
B 20778050 54608496 566393
W 18630743 114055172 2500228
B 3151756 104388177 626398
W 15964608 41083210 3824978
W 15004039 63421094 2967159
B 14754429 67150015 3996265
B 14310130 117286236 4961792
B 7605248 17099173 4528679
B 1348905 103239229 1348905
B 11275035 2161473 2161473
W 2512768 117395602 2512768
W 8779516 1699413 472499
W 20515964 1047461 828479
B 11403640 107983872 4426703
B 13431283 55282514 4514393
W 7745355 51264184 4216489
B 8855375 87714123 4962319
B 8105906 37309154 3026986
B 7799776 43706404 4986071
W 17153168 91570719 2817581
B 7701233 104829384 3839452
W 9804290 36389064 1685552
W 14770319 79759996 3843605
B 14718261 63175914 3296972
B 19153990 36244395 2190453
W 10515215 3503475 3503475
B 13325747 110308716 4001211
W 15756325 103008024 1408416
B 10651157 92609139 1233290
B 14088567 89850074 3249888
W 10356293 69071274 4873686
B 9752131 56041973 1985015
W 5153487 35310222 1034725
B 864946 44990873 864946
W 14589900 22315057 4007898
W 17723170 13706169 3246708
W 8315682 59931378 794366
W 711384 55009106 711384
W 19598957 26562552 1745486
W 7509036 94677990 3990243
B 7830170 92657959 4741305
W 6204884 110036049 4808093
W 16916412 77922934 2440906
W 20827462 90679926 516981
B 13392479 92334364 1744758
W 11916535 59491716 88991
W 17389212 8940720 579439
B 12292766 9932970 2317550
B 1169280 95789541 1169280
W 9712346 79645471 1518271
W 2905637 88210744 2905637
B 14940282 74972578 983196
W 5923598 38281350 816085
B 1849646 586884 586884
W 3861991 91570760 3724843
W 16834686 75517616 2676020
B 5663125 1110348 1110348
B 14285291 47315934 2347416
W 17822307 122930018 1513204
B 11614320 65103966 2428146
B 8066691 96905096 726784
W 14493624 45429488 382916
W 15371710 63725715 2134477
B 4572554 48015231 2141731
W 1496857 116896537 801512
W 15783253 57456313 3627162
W 5446247 117461446 4300971
W 15649646 41386424 1570932
W 12665525 42102093 4188620
B 5819251 53619657 3912179
B 14762651 13799609 809068
B 1700697 119435380 1700697
W 17125741 14598589 3911270
B 436688 14015482 436688
W 4372139 10589686 3607180
B 9274732 49537578 451196
B 14061546 86810695 2057774
W 9421534 108184660 2223596
B 16657945 73452138 2248250
B 1925424 61170524 585712
W 8765402 79181415 3130179
W 618754 9830106 285039
B 3672573 123523262 919960
B 15797016 17265397 3775824
B 15320178 35046186 3119024
W 5822808 110678894 1192645
B 16570084 112362933 1706892
W 4518578 58081017 3308818
W 7411103 9512187 2062303
W 6990872 69989406 55773
B 9459498 32702355 2794912
W 18107372 16375173 2733145
W 10361257 86521509 2274927
W 20917080 84606664 427363
W 17277182 87055041 904134
B 4805937 124070896 372326
B 3821465 20992199 3821465
B 14095057 55511409 1160497
W 8414486 76847230 1868300
B 18979488 18247306 2364955
W 7000747 83119732 587347
B 769692 25557099 518975
B 4156632 114505252 3216080
B 3046774 43521576 2652355
B 7040873 103298400 1634088
W 16875300 73493239 3380726
W 20286476 4066406 1057967
W 17636507 14770664 3707936
W 10531425 57673617 3087320
B 8162946 20193807 2275804
B 393173 34282702 393173
W 20269206 54022597 1075237
B 18606289 76672508 2738154
W 11318615 60593854 3939497
B 18503537 93434938 1756378
B 14995427 61059802 1842468
B 4817783 61651494 4104652
W 649389 3021243 649389
B 4641637 106072136 4641637
W 15790223 70841707 2115756
W 6346142 34592248 331568
W 17385943 2245391 632575
B 7146703 38824048 1664255
W 16191922 85240556 1143974
W 16715667 34882144 1427240
W 19118777 2263907 2225666
B 11410290 11719368 3004921
W 1748652 59394668 1748652
W 14721115 111487133 777094
B 18779565 17835942 2564878
W 6944026 85858601 4994919
W 19734189 91694725 1610254
B 2925476 34409076 929749
W 17080435 10140232 291368
W 8190917 27625456 3916683
W 3594744 112140302 2595507
W 13262927 90912227 1947272
W 4252413 84374440 2726247
B 9498715 109812606 1016002
B 17967559 19079478 3376884
B 10486084 119777224 3691735
W 21101562 80016877 242881
B 7018413 107245991 4496962
W 5036412 20283417 2564719
W 3616883 37853236 1726402
B 17056814 41459283 1170005
W 12674203 93161907 3934431
B 12214050 99214508 3074147
B 12536882 72755227 2850033
W 6707057 72206656 3332985
W 20297677 43685565 1046766
W 20118301 34679175 1226142
W 21342543 52649696 1900
W 7172574 27965938 714944
B 9992419 61549950 2983528
W 9274795 61777571 1379402
W 5719534 39392879 183660
W 13159196 56265107 3853679
B 4260972 103041884 3143103
B 14890995 63474964 202003
W 9948078 23820139 4049071
W 1248481 82306262 1248481
B 13432986 62194917 2912733
B 5423336 20493516 3159335
B 5073711 54795364 846201
W 7843272 9572552 3744796
B 5992963 106735875 282416
B 19015944 52802674 1290991
W 14264624 60500037 2581658
B 16438162 27594095 3965400
W 12409963 78235115 1577502
W 6601261 46461723 228101
W 10712158 56174633 4339102
B 3509129 40804613 3509129
W 6291275 58778550 4571086
B 3646996 80075841 3244879
B 2855352 11983808 2855352
W 3687612 8571966 3687612
B 20449419 112897872 895024
W 1329116 85297414 1329116
W 6320855 80245823 241793
B 1775605 13519016 1775605
B 1213907 29458220 1213907
B 859942 65608095 859942
W 19661932 43018389 1682511
B 18694399 29762693 2650044
W 14832466 21184815 894693
W 6297170 42259511 2162540
W 19786617 22513332 1557826
W 6482075 110770849 331743
B 15202153 13156783 1096185
B 17331687 50736658 334778
B 16162993 100138461 934162
W 14339550 26158955 693326
W 3527841 11096381 3378940
W 17835874 66870168 1623242
W 2761817 118914832 2761817
W 4503591 78065761 3641755
B 8104770 25496577 832372
W 1614303 18337660 1614303
B 6087049 55467404 4317471
W 18217068 77954240 1846689
W 12366547 68971795 2548467
W 19912896 48494337 1431547
W 4936980 23563274 1604260
B 617485 94967099 617485
B 21186012 48262872 158431
W 3154557 106582021 3154557
B 13897146 15510323 1285903
B 13334607 82629461 2846857
B 14513262 46376954 1707655
B 1134111 30720393 1134111
B 11123012 97757271 366874
B 12744537 105034077 4553707
W 1839185 22988358 1245766
W 15843306 98297671 2080475
B 6124661 68266530 3701377
W 5730940 37118231 1452257
B 2032239 7656305 2032239
B 19126314 87129508 1007921
W 18735706 51440506 2608737
W 17624744 97599530 3223203
W 11016406 75627601 2312455
B 3664168 74359708 2799501
W 902284 22140333 254015
B 4216770 68179073 1511070
B 17878201 120259571 689712
B 11845941 91969170 3890850
B 2851720 83425941 2571051
W 8019750 86253007 2649475
B 19398338 110688846 1946105
W 2004152 81130871 2004152
W 1896369 211189 211189
B 12418366 92866731 4493353
W 2527598 123789291 653931
B 1208905 110755885 1208905
B 1761962 31879682 1761962
W 12498524 14336753 1504299
B 1207868 97530542 14269
B 12087748 18155561 4332008
B 21056186 21681130 288257
B 1413640 111003891 1413640
B 12093640 33506928 4353116
B 8303368 88214851 4817237
B 4653901 119787507 1228367
W 19608872 37007394 1735571
B 18691549 79205948 2275113
B 12325973 78547029 2940233
B 12525811 110608305 3777055
B 18537274 24698928 1725013
B 14999264 123910539 532683
B 11332485 80555718 3670270
W 7362721 112124464 1357371
B 4575759 18758894 936177
B 16851352 105410552 979056
B 10937000 99227980 593262
B 15757575 102352780 1316692
B 2558622 15002001 2558622
W 12010323 90967326 1854389
B 20647044 122672359 697399
B 1929579 14311265 1929579
W 17257687 107503234 3652305
W 333421 91446152 333421
W 5219768 85053565 3175363
W 6238741 123225168 1218054
B 7218363 112992948 4373108
B 18453329 106171835 918422
W 7656752 52752334 136369
B 3913354 71644273 922563
W 17182744 87708937 158287
B 2839967 70065609 710294
W 14077397 29680531 1336403
W 19740917 4823589 999658
W 14310315 74619539 4902985
B 13829225 107515897 2686880
B 12119773 1078185 1078185
B 19166389 99757902 2178054
B 1931662 67758855 1931662
B 3066130 110136592 3066130
W 20170437 121987795 1174006
W 2174859 74719626 530392
B 3348261 25540198 1932672
W 6042264 110095533 447238
W 16382846 52278454 192477
B 14143133 117076077 2753517
B 17743999 1456281 1456281
B 1748828 92388490 753598
W 2363187 83214426 815542
B 7707941 87857643 4778981
B 17003993 111169035 4340450
W 20766088 95878728 578355
W 2682587 4157137 849227
W 6305371 107997831 277066
B 12836641 37091473 2753130
B 17475282 81846124 2136403
W 18406082 115409572 306506
B 2538993 111101693 2538993
B 8372614 33932770 49510
B 5679311 45650344 1704096
B 18541562 28404960 2802881
B 11472490 79424959 4131386
W 18894640 43091934 1543024
W 2021072 115254346 2021072
B 3650755 82495893 1013791
W 3019797 83485892 1474953
B 12600710 72655894 1168905
B 19256008 108699734 1001361
B 19227698 52756435 2116745
B 20630380 44410207 714063
W 1784815 72214831 844071
B 7727708 69722936 3564666
B 21041239 84402769 303204
W 3154372 80819308 3154372
W 15548793 70895109 4807471
B 13718546 28507324 4858042
W 8880833 100411130 1158738
W 10479637 38406177 3102362
W 13655535 90200742 4246657
W 7803634 99894084 3018198
B 2467298 92585554 2467298
W 497817 66904509 497817
W 3749252 69926863 1948901
B 11424805 122665896 1777326
B 1250697 83801910 1250697
W 17076088 49044018 4268355
B 8071759 94514703 481594
B 20565250 93812934 637872
B 18610643 120094074 1167190
B 20336307 103501631 797822
B 4718920 117757936 1842467
B 5290450 21496770 4102016
B 5208707 77325323 632157
W 17924260 40774467 100059
W 975908 105316091 975908
W 14682890 60375759 216960
W 14297800 111253278 2531580
B 6229738 7159957 1762768
W 14587210 68570809 2141387
B 13167461 35726824 2202761
B 7025088 1810005 1810005
W 11379266 71214531 3606955
B 9121569 56050375 4644605
W 18472035 5327533 2320957
B 2736292 25137423 1562536
W 9263928 6936140 3631651
B 9245109 59247730 3879452
W 10554078 4419851 3397183
W 12762576 10212728 1543710
B 19674004 10964674 1670439
W 19994286 22122935 1350157
W 7948579 65112414 1186283
W 4996165 64205341 4342352
W 11503274 2350755 939709
W 18140223 107024519 3204220
B 12106429 90414034 866724
B 18912882 97120615 1947329
B 8941851 60217570 1272502
W 16779439 73425081 3256387
B 13268488 54796692 163266
W 16091711 99158987 3526405
B 9075125 62905765 1422615
B 533397 104413472 533397
B 20130437 64121932 1214006
W 5653403 51096632 1848845
W 14991422 14670730 4832883
W 16312067 14458550 4661718
B 13861686 98065268 3527612
B 178532 60135844 178532
B 17897413 33020626 3447030
W 8310274 54237743 2608424
B 5607333 40761529 2229547
W 871887 108610248 871887
B 1650317 92267911 1167480
B 2350215 4286772 2350215
W 7907994 79448947 2020873
W 4931533 96085002 4864174
W 10387888 63786696 4317263
W 8494892 39292754 4562759
B 9695280 40191339 3024366
W 13386644 17945283 1789421
W 20965841 61476470 378602
W 7195056 4923109 3307674
W 7550602 31502265 695547
W 11157033 26444169 3011556
W 19514746 99501855 1829697
B 10776507 65227126 2371356
B 16007688 75355788 1297519
B 18186407 120208350 2393095
B 4432192 46388866 2224992
W 19391652 104033346 1952791
W 6370503 58142899 3917703
B 13429432 61317528 2930328
B 11707222 71227217 1061873
B 14240091 32208974 343874
W 18727358 122261709 2181513
B 8823953 83028599 3615901
W 13249612 91923092 1408728
B 20381374 43711760 963069
W 15896047 25319626 1406808
W 14066510 69346488 115157
W 11021948 19350062 1926144
B 15459421 92593657 4477358
W 6273309 51503948 1356236
W 12446782 7786494 3498981
W 12731947 97600414 3943847
B 14023228 65886439 2833920
B 13706319 103894228 2783073
B 19058145 19859492 1177897
W 5068222 29691194 1658339
W 16071353 89762588 449618
B 9363332 24092825 1039798
W 5885397 20100489 1753533
W 7020632 105152013 4897160
W 10592098 56538226 1722595
W 20284559 110006319 1059884
W 20577227 94653914 767216
B 9237566 1168196 1168196
B 18182737 8121753 3161706
B 19189912 13644937 21553
B 18396751 124230122 213100
W 16619718 9274782 3348714
W 13223147 20363463 3627486
B 13058336 54956828 4968516
B 4844863 98166207 602962
B 12480620 109950118 2973012
B 584051 100830910 584051
B 6316365 37849122 1109509
B 671406 50400915 671406
B 18805896 8773430 1437632
W 4875663 70647405 2028643
B 18760598 70715502 1347616
B 10786368 18569521 4338256
B 1917323 43682152 1917323
B 10550219 35895023 3419222
W 11885958 42884590 383463
W 7004649 30734630 2718252
B 7790383 107415151 4791297
W 2443459 37282674 2443459
W 3382032 12632380 2189406
B 12879652 46546908 578316
B 4499042 51449974 4230853
W 11334985 24921105 3084208
B 869912 108078317 869912
W 5450392 14944403 2536785
B 10765512 97922111 3871352
W 20641797 108985442 119095
B 18842693 35452804 2501750
W 6604274 70387277 2640629
B 4753912 95650576 2553420
B 12976396 83416002 4243905
B 10502696 7077330 4442582
W 757567 87690829 757567
B 10870715 7079497 4385829
W 20365467 42887714 978976
W 13814996 32431908 3945638
B 15897373 40864125 2130540
B 8944777 63421781 1874387
B 12955110 80023974 1791777
W 12459491 72701610 2821521
B 19732423 80105018 1612020
B 8300256 12949242 2068077
B 3991880 65850134 3411123
W 8774005 15967296 3236796
W 13145775 123247138 1196084
W 11097170 62747760 3142724
B 18308576 11467897 2186129
B 15910668 95223778 2071721
W 17342600 1819935 1819935
B 17122009 70023019 321915
B 15742067 18092988 1132185
B 13734793 78012461 1372658
B 5645867 25194409 2732788
W 2693141 49020498 2693141
B 21326460 21503463 17983
W 11122351 113320063 1433682
B 5192841 104520740 3197413
B 12486522 51013201 928457
B 18139992 54565245 3204451
W 20719868 123373604 624575
B 13210212 95449522 3914313
W 15320909 111296693 4179424
W 8197215 84628161 1141593
W 13376214 70250197 376773
B 17185116 19639487 4159327
W 18051349 111080398 973090
B 32231 117548328 32231
W 1179671 63955391 1179671
W 13032770 104369602 653660
W 11650675 47362396 1097351
W 6405522 94730581 3812452
W 18590598 77014351 1136066
B 14694568 109113758 1947212
W 4051892 92523074 2983815
B 10351979 34709745 410150
W 5975493 53358500 4884852
B 2516907 59378731 2516907
W 15392049 30085511 3384825
W 8569974 36232904 2422414
W 6256472 53419771 328181
W 12414720 49538382 1146233
B 6524537 43764650 1558408
B 11805491 70279267 2418740
B 9247732 121602919 2840303
W 4463895 121805613 1528613
W 3239213 24832328 3239213
B 5031087 105051510 475262
W 18793831 24676344 873078
B 12309237 54463179 4277714
W 19291770 67827529 2052673
B 12344814 92559268 1026489
W 4352905 27365199 2430349
B 8604571 103381048 3866697
B 18650456 10099906 1383310
B 3618475 24520253 1976104
B 10217908 104365818 4644938
W 21006777 23744160 337666
B 13839684 84739624 2163562
W 2930638 63236202 639916
W 21044740 85287516 299703
W 17501682 106446919 3713610
B 18950992 98346342 2393451
W 15683457 85190820 4139573
B 19064891 24094442 1559355
B 4712567 70126496 2163062
W 6065593 27081179 4962960
B 21091920 36716193 252523
W 16881322 79867265 821934
W 13760502 114569449 1138968
B 7001860 24983379 4862354
W 4348931 28596300 623095
B 13459577 4525151 2871027
B 21013717 86020079 330726
B 6957454 112838684 1916509
B 15462921 66407040 132792
W 20688784 108995381 655659
W 2609369 20158355 1540002
W 11390108 45381212 353991
W 906019 73454100 906019
W 4376913 65641876 1207528
B 17128545 52927876 1790038
W 13574952 60764914 3456475
W 19416825 121291809 1024445
W 12871969 3252977 657520
B 13568096 102395047 4665332
B 17707036 109715452 3637407
W 8502965 4968442 1858226
W 4240724 98025973 4240724
B 12415956 8469941 2169745
W 19873378 53500848 1004507
W 19001800 27851492 2342643
W 20947202 36152604 397241
W 14404840 120187651 2411020
B 11448741 68255844 645553
W 17331062 13428366 2535351
W 2975656 38378565 754661
W 3542759 65560013 2272986
W 16815667 117260178 2879095
B 10273769 31574187 281012
W 15928208 21733703 1296623
W 16057197 122972270 1470952
B 18382964 27726514 2961479
W 9070587 50494988 1505924
B 6829761 71498673 1992263
B 9124513 115346924 384288
W 8785897 86596297 3932201
B 5758727 10054366 3198158
B 12051406 91635429 4675192
B 20226958 123077038 1117485
B 17008327 11865353 4057248
B 18380153 74222691 1501060
W 9181897 41549191 3993012
B 4051858 50383036 113007
B 7182385 39740642 3142228
W 3491207 32364937 3370035
B 18761739 92299226 2520809
B 19894995 109290126 751165
B 8449710 76234877 3841986
B 18469854 103672324 378704
B 6222979 116790113 3636868
B 7560232 42012190 4416110
W 4092887 117138590 2521008
B 4551257 89910702 4551257
B 14765284 16140716 614260
W 15696575 10533972 1312201
W 13107319 88051051 4754437
B 8748030 102345844 1644513
W 12451141 22209134 4112056
B 5384981 85699427 500816
W 5313605 76803685 3919045
B 15610393 11408399 4736150
B 10189052 62546974 2817294
B 10368010 2756840 2756840
B 8281418 31049921 931160
W 5644593 55882741 2467108
B 10094514 40426399 587334
B 4877058 37864284 2437975
B 12853613 24890063 3221740
B 19255881 86161173 228279
W 16162399 91558377 1347554
W 5537649 73733894 4918353
W 16753558 96753857 865773
W 20734319 110874231 610124
B 20624036 23095823 138048
W 7866973 116401953 4956942
B 7417672 76342448 2106166
W 9396326 13701287 4855170
B 16080788 14780192 957145
B 4051352 97486831 3815986
W 21152363 39032529 192080
B 8209244 31172653 4718657
B 1215847 54687077 146225
W 11805528 101659949 172393
B 1620806 123702534 740688
W 17350257 75574642 2592135
B 16229466 14835873 1319497
W 16967384 110350133 1046838
W 4839283 30014459 1535910
B 16361344 10727964 2953427
W 20763521 79879239 580922
W 1667541 59431924 1667541
B 9563654 23618322 2972851
B 15430058 89914576 858509
B 13991886 109198580 1675822
B 1615535 5594939 1615535
W 18566987 79271722 2777456
W 14782099 34050066 2245846
B 9866482 86072073 1272757
B 1908612 63819140 1908612
B 19397560 49191610 1946883
B 67507 61042331 67507
W 5595679 95224364 3014828
W 19426482 124126267 316955
W 6271130 113065035 2253790
W 11867648 69403200 1819024
W 16359318 8828780 3851535
W 19939109 42080144 273096
B 13614484 4198315 1389288
B 20818556 13218606 525887
W 171271 78524309 171271
B 17728072 50391120 3616371
B 13326389 54690106 2465417
B 19341894 43916124 2002549
W 19884804 117999834 1459639
B 1410888 44487525 1410888
W 355384 10900822 355384
W 5562530 118775307 690184
W 2520775 64300555 2520775
W 164977 87365220 164977
B 14885671 100170358 4238084
B 14367734 66501995 4760270
W 11000924 63939737 4497209
B 8286556 111866933 164618
B 19859362 87192588 1485081
B 8032262 124167175 276047
B 1540557 72502741 1540557
W 11859888 81785802 670379
B 4414857 100274983 704314
B 16834316 62850004 4510127
B 14714995 16661932 1494167
B 20608375 21788528 736068
W 7930716 68281448 2076741
W 2166937 44660933 1938825
B 6344030 12782567 4879329
B 3489555 26951314 2470266
B 18544829 99734277 151079
W 15249684 49247303 1108055
B 2907456 38667620 2907456
B 18918845 121737042 1375307
W 7268328 102823280 1338490
W 16445181 113139697 941793
B 9704456 10802314 2365202
W 12387199 2849025 2849025
B 15055894 19279427 731456
B 10212615 36348722 645902
W 872561 110736511 872561
B 322167 4657107 322167
B 7461284 48229075 3216741
W 5556489 26418966 4793526
W 3867522 60214718 2144359
W 8004293 72973008 597672
W 16916421 6506186 4428022
B 10419732 52238134 4874894
B 1453799 120531212 1453799
W 12333946 15375896 3518440
B 7953900 14805114 1918130
B 4562532 72166435 3063128
B 19911681 59644466 1032740
W 16727039 7199666 2816923
W 5787802 4070120 1117810
B 3716556 90751597 3716556
B 6955217 60578907 26822
W 7350124 40668431 2038228
W 19956562 26625357 1387881
B 15254074 121485221 1699781
W 10362698 107296609 4338537
B 463382 89590069 336287
B 572775 78921101 572775
W 21266607 60716854 77836
B 5916582 99992044 4731779
W 8143464 16777338 4099391
B 19688444 22594410 1655999
B 18177384 119020285 947851
W 326611 109569383 326611
B 13897567 17895053 1903196
W 7108274 119771922 1831749
B 11254672 53882069 1010592
W 12968502 98840230 3306153
B 1291457 61742610 1291457
W 14417377 34058268 3320009
B 20340600 66731575 1003843
W 19795729 15380089 1548714
B 17390326 2076229 708151
B 4276046 1533001 1483935
W 12395020 12712738 1386278
W 16908207 102031073 4242459
B 1382689 40800196 1382689
W 17836478 98336034 1066634
W 13819320 19048386 488353
W 21139695 52859829 204748
W 6279523 44127720 2477912
W 10161801 116176673 1391805
B 9326525 77234083 3432616
W 2796217 117557514 519795
B 20064445 73553632 1279998
B 19623098 11947393 1721345
W 11886837 56099283 4216550
B 14606146 11827298 1145901
W 3568673 23068968 3568673
W 818593 56514733 818593
W 17964162 83958659 3380281
B 18621898 3849546 2722545
W 14771065 118315503 501865
W 4263289 120973779 268036
B 5600747 20733490 3532869
W 1105336 79560290 1105336
W 7061912 50660855 3142015
W 11666586 112543180 4037186
W 13802775 44475608 4858572
W 18489751 21351956 2854692
B 16051063 19495943 3008879
W 15370588 13597226 201244
W 7204699 94562559 1157562
B 12149993 32068776 4450062
W 12317429 37219462 2009864
W 17260761 98241138 3365216
W 5751168 57896576 3840408
B 13419814 76022851 4059542
B 2480432 31217311 55175
W 19979265 89220517 767720
B 19577516 13283436 1146799
W 17506711 36271977 154143
B 11085277 120058997 4384225
B 2038088 36501668 1834879
B 11255425 98008669 3747657
B 20074508 2364936 1269935
B 6453291 88440111 2985368
B 11578887 53538780 1239545
W 20287355 111762861 1057088
W 3296372 90117190 3296372
B 19205660 93395882 2138783
W 15805625 79520834 1127898
W 759370 82444103 759370
B 17151759 59291517 2076086
B 20308026 42817092 1036417
W 753209 15606115 753209
B 19265118 51238585 2079325
B 20668017 339617 339617
W 8084678 102261948 2617465
B 14674221 91675690 3714924
W 483382 122777367 321267
B 13926485 38262024 3510666
W 14497871 23771602 1887644
B 9535272 54062076 3097256
B 16604485 38183539 1871074
B 17106151 34865764 2690463
W 651068 114555784 651068
W 733749 94983705 733749
W 507492 106680347 507492
B 10317703 62544075 3339689
W 12443869 51653170 3769045
B 11625557 45960922 2453741
B 10131609 77782075 411908
B 2837623 30926710 2837623
B 12956833 18997817 182305
W 11164990 66615518 1099432
W 15582564 117340231 3357330
W 5947228 7968548 1739647
B 20239685 73811291 1104758
W 11190690 84427027 117797
B 17018451 101839910 530885
B 5286255 113854670 4148661
W 20251039 119163673 1093404
B 1058782 42355690 1058782
W 15467963 120098422 4344800
B 15214656 71028442 4632617
B 8461447 114585687 924456
W 2384434 83149464 1816151
W 18229391 36393897 2124563
W 16090176 101439936 824601
B 19337625 24905783 2006818
W 6200582 75484290 1726166
B 10445891 90396320 3758779
W 19484305 87440553 546907
W 17915238 25189125 1652760
B 13003665 118201294 3157098
W 12150339 59953073 4673039
B 13014245 3155135 1361197
W 11233683 66180225 3647792
W 20940247 29019535 404196
W 16070298 116989710 2663388
B 20253467 75432422 1090976
B 1146316 8642906 1146316
B 165806 28096399 165806
B 4000972 20779264 1148504
W 11477016 9826689 2181297
B 20779011 77204232 565432
W 16874437 23420371 2874171
W 7061036 97072055 1710299
W 14939570 35808361 901880
W 17188209 13029602 2769428
B 17224100 67108046 3798498
B 6359058 90664152 1935927
W 540844 22166745 540844
B 17389770 45121855 1696954
B 15018990 25228708 1595762
W 12907100 83617456 684732
W 6422116 44093767 1846132
B 17246714 94498812 533667
B 8507546 29196433 4847268
W 5181752 102075399 134038
W 4181557 93005644 2947058
W 4823679 41815936 4617588
B 11303182 18319531 195133
W 19419772 106260635 1924671
B 7803587 1343052 1343052
W 4902809 15464267 1140496
W 3237496 60842707 2368041
W 20596596 19189381 747847
B 6670013 64530909 2373258
W 1336146 96326142 233357
