1000000000 1000000000
1000
B 559634462 318868151 2693008
W 309141753 633384292 3758001
W 523189755 355772209 2865415
B 612645530 529415764 2415058
W 637073148 118730531 2516800
B 340844271 937534500 1096464
W 805672011 116384236 4403724
W 17511286 858631865 3511596
W 219975769 745498527 1144281
W 380081594 852626133 745536
W 78218244 226436100 1407265
W 702269595 369601010 3491924
W 171042953 101562797 4810335
W 413898832 355259841 3821109
B 484590682 76043349 948338
W 52515467 464615155 689591
W 110902101 989165672 337000
B 358557189 383574626 2493552
W 114864319 102001122 1780045
B 527595040 664938961 3709065
W 68182550 359992007 388070
W 860038467 69818107 872185
W 926610338 989898126 634492
B 672842450 627716193 803633
W 987934049 593053583 451435
W 146194563 251235050 3239978
W 577740948 448805862 58255
W 288827705 902344000 4212930
B 750083122 316826678 1032758
B 551144334 70236023 1722669
W 952343587 217867679 4540350
B 937550114 653386715 3163394
B 319353339 516688954 3093224
B 782745645 350718259 332048
W 247219211 295558015 215310
B 674126704 407812698 3640754
W 255258447 488022975 1599960
B 74640546 105746196 2515828
B 888047338 647384929 610741
B 934028464 344873131 2546370
B 9664493 820423950 252896
B 566122873 1201674 1201674
W 33360239 120826792 818936
B 761860641 227608401 3160597
W 228465115 795878648 2953770
B 110635955 409687361 1617720
W 2048330 177289393 2048330
W 130983474 209197682 3667627
W 782516722 741556895 1577160
B 728024600 735574627 1872548
B 286384738 312007809 891531
B 136512336 463874486 1800199
B 559755381 255860219 1824847
B 162952482 139802861 4558952
W 831919209 466585444 3107443
B 789054998 634367761 4325024
W 339500191 996449127 2792712
B 2355187 245367372 758750
B 457309697 62429019 3865100
B 487055980 476636498 1594182
W 504194719 117882322 4638934
B 585709032 753096148 243328
W 610409266 150231355 284674
W 206036392 635118252 800352
B 802158775 266323811 228405
B 288345525 683613423 4599923
B 833943884 637097849 4660107
B 353694693 747168505 2999970
B 272468197 5692219 4307624
B 824659205 806356750 3530323
W 965594232 770231990 966988
B 178872425 258944675 3311111
B 312129088 731436435 4669804
B 633671030 681087456 4088511
W 985132369 282937487 451782
W 494508140 76952975 808306
B 550651200 513479273 656544
W 492088878 345634610 1219817
B 501514741 949155659 3832485
W 102323196 141300143 133680
B 885641705 193286439 3852025
B 923078787 998720090 1279909
B 523889154 641530660 4953191
B 718125263 324399390 1730591
W 71702118 98976923 2561339
B 466949043 995137550 3094165
W 780302546 790247831 753812
B 975907871 393681561 3153565
W 385576505 541999999 4544159
W 782809733 920418474 1703240
B 991705998 485530923 4271584
B 729663199 334214054 2845977
B 263237971 929156747 4352218
W 960764480 143992162 4594727
W 68696266 948899242 1501455
B 865383422 831113852 2514731
B 569498638 603306847 2594776
B 837878821 574761690 692023
W 11472199 5776525 2327431
W 255542105 482092127 167888
B 429616498 711775701 2462470
B 753300024 310935695 424685
W 331408043 123613130 3831603
B 626959644 10700004 365476
W 798326699 737087090 3251877
B 546083002 852851660 2311816
B 716650623 359331218 1631083
B 896771850 997031801 2968198
W 453309399 366946010 816958
W 542252347 633372899 4708030
W 199421226 913758230 1925709
B 606378622 200836741 1963063
W 444424489 789199315 487087
B 334066700 179208210 1952735
B 201363279 917907814 1710270
B 239288124 793892374 1550048
W 559400930 800190733 2157344
B 377873993 131055377 4004987
B 406587519 387997639 4064353
B 327282494 276373295 1323245
W 446446601 38758064 4593246
B 660500732 964461706 4775847
B 78707158 119619490 84054
B 587275124 258425011 1604944
W 128214897 629246266 1186679
W 530479609 974688881 4529988
B 856973370 456804602 340349
W 108571875 483170600 4910665
W 705199270 203092669 4915516
W 305879526 508426758 1400700
B 4344546 629409880 1515154
B 393034015 373340097 718594
B 815252498 215503331 606118
B 405973753 777139754 3241655
W 779332620 405317717 4746897
W 511525195 587587263 2205513
B 982296144 678651195 1026045
W 773605019 61220949 1399411
W 296681653 215907916 2563949
W 838917621 301280516 451242
W 855461604 441730612 4409738
B 646581748 956810550 2349970
W 863202701 933757988 4922001
B 195349283 699543039 1924720
B 598041589 223253143 4224595
W 48451293 584346004 3160780
W 252948966 828628267 1389256
B 103414969 249111035 4033494
W 361823683 620790924 644098
W 873920499 820104689 2953598
W 709041986 286308884 3343972
B 633882266 415197894 3700567
B 793982010 206827819 2434528
B 236354743 4201035 1260109
B 19449572 221876383 3197402
W 920870814 558655983 3151564
W 698698463 572899166 467145
W 301412788 514141735 1182518
W 55787562 137272485 4148532
W 172077904 546369368 1775959
B 736447958 155421950 335419
B 568120231 146704528 817482
W 142700742 751620979 3920062
W 248515263 367356104 1296488
B 832683068 44495572 1048027
B 927877759 451369164 3222215
B 201203805 288701389 989589
B 260521753 388583344 4406478
W 649946604 2399291 2399291
W 180868596 932806871 1814023
W 224199275 105975876 4356990
W 259580444 35592506 265851
B 399539771 666475605 4798720
B 642161081 950138711 1274970
B 556410903 349611865 1248451
W 566008582 957614342 2817804
W 1559822 959517437 1559822
B 558039789 953525176 2059100
B 607892921 671229646 2354400
B 194864954 357685291 2460402
B 721703221 488222260 472780
W 526799019 879196956 392793
W 36757914 749510443 1785129
W 732832706 697091905 4239019
B 977122786 916962856 3565257
B 144836123 379678862 481233
B 849910851 846353816 1725845
B 136759216 709156376 4690175
B 40011419 437683920 2076158
W 785764341 455759677 3006527
W 492692669 66216576 1826640
W 39621051 84005796 2147680
B 618321833 122215496 3292663
W 294027743 938398494 3874649
B 980715690 692473213 1487651
B 617581980 830920777 738433
B 884858213 123544355 4403184
W 575064621 836159770 1084411
W 827124459 436718432 1741325
B 617733526 705713207 2574863
W 774869757 741099890 3419667
B 2921815 511395141 2921815
W 994051848 959996493 3253998
W 334512557 556677351 542624
W 51927029 493371414 781954
W 938881018 677590638 916016
W 707429310 314104815 260438
W 469461538 578717245 405459
W 16273361 21659697 4957434
B 559841119 967447651 98298
B 213537276 310458065 494716
W 693437621 615827162 1385320
B 593887747 110672976 2061225
B 169925841 354183921 4430289
B 89348228 127472233 1987273
W 519285970 126535583 183517
B 392933519 970721920 4224246
W 730927625 204423556 734575
W 445720607 286960714 3985370
B 771692531 675446111 4531038
B 525866702 922644623 4662392
B 717809818 854030032 4378477
B 828301008 509726817 1801296
W 307512741 8788326 1060364
B 512126016 166097048 2389263
W 41547262 311839991 1636974
W 141411122 40295727 3456824
B 371320846 341824360 4989810
W 787524721 600626473 2956339
W 58305579 792277469 2871336
B 591067069 537032133 577137
W 264786182 590140618 432707
B 162330469 885080556 4336578
W 83850263 939114939 2780072
B 459089847 392532070 2728144
B 538212723 559498780 1230874
W 56188192 580214713 3954257
B 607012346 221052272 2251242
B 879378969 787956656 4172220
W 907573955 136266582 3263933
B 995117504 764178591 3790480
W 469836946 484331875 2952649
B 347750500 487450290 4633002
B 833640762 929309505 1994202
B 425163688 32173348 4385475
W 2319934 227520580 507371
W 969773977 275788482 3308022
B 176635759 253391836 4577448
W 325190018 452744031 1065426
B 900827560 857293019 1327889
W 512468982 845458385 4299487
W 216779571 295255412 4641257
W 941643571 631317290 3372062
B 33369624 50878925 3441140
B 644312564 10990756 1042224
B 115066257 790788079 3430209
B 813613474 582900597 606602
W 371421891 52339517 780590
B 657693766 269369469 793410
B 383757601 987512950 2855638
W 326504898 518562496 325813
B 792739379 662126593 1582999
B 678648210 730177403 3480553
B 548964903 619560492 1868085
W 863420076 123636519 300431
W 812380619 385414214 550318
B 249311452 487798302 4478740
B 650046780 585535289 1320152
B 298185098 472781120 323742
W 635848178 44081392 439032
W 547786214 712484945 1660865
B 382470823 751208438 3955975
W 266587505 159323922 2614627
B 286026642 887319324 2467842
B 292144381 394319042 887964
B 840835299 309682975 774427
B 831349203 411595718 1328256
W 638305706 742687710 3908138
W 249686151 332052422 287031
W 927560705 674775329 1617087
W 815061533 961798367 2132153
B 928288112 753658831 3754295
B 461741428 98809799 2201957
B 59781982 368858448 54651
B 619450599 16684915 2836904
W 729764958 76137210 3688881
W 6664874 752538949 4367153
B 288464262 127070385 3450585
B 928640994 523361700 485336
W 972393391 388043447 587078
B 717401995 721778716 2946711
W 848928294 832382748 2671867
W 161178360 673897093 2514247
W 874785855 322722225 628626
W 743347474 317661298 4527835
B 880872057 351355753 4518331
B 23359770 994169579 3369961
W 980278598 917647783 2084450
W 864010991 298997631 1019629
B 246326913 404182476 4799173
W 857411789 304107708 4564611
B 17971694 481919203 2231695
B 90997712 117318751 3850913
W 346839658 601166998 2922676
B 647614916 972214619 4038691
W 22262892 695832870 3345774
B 877689034 225998553 42686
W 998687448 627240417 1312551
B 739214814 75193772 4085588
B 287656463 702359055 4820587
B 823007515 582646298 1712648
W 147102962 992088248 440465
B 37564086 242596887 4985387
B 520628550 989526757 1038968
B 476507313 541766137 2390586
B 225040815 63221012 57386
B 677146346 675496228 1542476
W 65052639 438503807 4475223
W 855973518 210412402 1501944
W 480409843 173360818 2619228
W 303203870 129972055 3561950
B 109847340 417940840 656366
W 253454497 6808683 777655
B 115509353 427392829 1085945
W 529271094 202451822 2588002
W 737605284 478638978 2338400
W 299362814 673495139 3120553
B 899309090 63965906 1502018
B 297758131 645895970 3844935
B 752333779 835400377 2834969
W 943317039 275992747 4037761
W 170609520 802142729 4839781
W 771497968 193010241 4661612
B 371454042 780192109 3230534
B 748672337 302114273 2007045
W 484747853 260405608 1752272
B 222284246 644744193 4471283
W 218656975 646774053 4845564
B 78771998 868850768 1237987
W 668570437 984185096 359190
W 638500518 859607123 1192022
B 285622943 854866689 4876619
B 513994270 994830675 1128210
B 260447638 705415244 3656285
B 264550655 209064640 1208694
W 366979072 865280537 1903807
B 313694688 765366668 696000
B 651378104 688589925 1837639
B 186346759 217513251 1655952
B 458847459 290158335 2392228
B 673412100 486249572 4640607
W 656277566 782445089 4120763
B 834051982 553810025 1485057
B 190843987 551572738 1418041
W 362026113 151112462 2991817
B 748519758 324539628 379819
W 932166698 963385043 1538177
W 709087906 161913684 3898119
B 32111703 530261461 4436584
B 733854500 60831813 3812304
B 270339959 115162489 2439487
B 392007214 863526943 4760803
W 877881316 294031482 1625359
B 780040344 123177359 2995733
B 365766653 975120381 4768374
W 221609107 23663681 132781
W 491589755 511508537 4675572
B 794270275 669959941 4117000
W 598741977 140077327 578481
W 164835498 962361351 824329
W 895384918 91583136 3854450
B 9946295 64980987 4475802
W 730719030 584772368 2376273
W 588146471 259557929 488927
W 247645921 263382145 1358832
B 97670201 642165168 1395460
B 631239071 589283437 836698
B 370831281 941820936 10438
W 482743612 61706774 252579
W 83140962 648559771 1581177
B 957686818 693301655 1120523
W 569238009 937626842 3218090
W 230946167 147083749 2214866
B 627750400 272877341 3200876
B 319629485 318133270 4170302
B 569750956 79618559 3726643
B 367563066 404759298 1512919
W 22590055 778412776 1430743
W 893966629 357214644 3764770
W 417438567 509029446 4217270
B 195518994 809791725 1173897
W 985849168 710222028 1308272
B 452927800 54828504 2885802
W 419919249 101549608 1530196
B 712463254 528008529 4410649
B 1596349 806029864 1596349
W 523026910 887853200 680356
B 902878936 86954618 3598938
W 727037744 741920285 2489053
W 715207653 878532941 4598761
B 176947548 481421895 2567459
B 610138161 429552459 4900528
B 988503441 681093275 4794028
B 713053931 933392953 362530
W 221179956 889070175 1852880
W 314021692 279877113 857999
B 328608513 678978949 4720471
B 427169785 714129138 633851
W 743355652 24152333 4695182
B 260451401 151928328 3491003
B 860825994 734332614 2230261
B 85052093 60669915 2536457
W 138994278 653280234 2713911
B 353577595 548200130 4669947
B 754073207 887526393 471080
W 646524076 250644661 404817
W 857576955 232938482 358950
B 513549257 875520207 1352156
W 272473050 347969179 4659838
B 667904505 405956071 1508128
W 72362451 992812297 2275401
B 202946494 887946049 4972248
W 373432372 990781040 1115085
B 821997969 40461188 4127559
W 902142517 960985932 1768472
B 74566265 915408781 4926614
W 261062582 652729106 2800442
B 993334327 357988217 645352
W 442792004 530807001 2153924
W 30734243 496901864 3120814
B 565734309 283963880 1355310
W 967762711 556654099 3169922
W 387699438 716414207 1920767
B 493883925 112652947 3009075
W 773248656 134999565 3604974
W 913751881 826404692 404742
W 226870425 969069541 1268916
W 909932219 831776563 2720620
B 224116031 537592267 1393906
W 288282114 299190928 1803375
W 481878192 733434023 531344
W 81918639 225742385 3956762
B 261359664 498381105 313222
B 447266396 488444338 3052519
W 217513754 691336210 4127136
W 602399805 72679897 710759
W 361281955 745602698 2677620
B 428001570 41638143 2851200
W 375690515 516896044 2922917
W 906266143 772049894 3431727
W 560630983 401742631 3700969
W 771384736 99903731 4678999
B 316205788 102036655 1370487
B 629809571 921509252 3123829
W 111530631 160879220 4129767
W 315881441 721510129 2794039
W 823762807 296350637 4651445
B 783833246 133959357 920888
B 893532844 853557024 1061544
W 474734832 766819878 2121718
W 86576870 722143791 690957
B 582467687 301631871 1609162
W 157476343 356934950 3124069
W 219855599 391036604 3008688
W 691967487 736855565 2035311
W 729221928 517789962 4266365
W 756070762 455567628 71024
W 236146675 298140497 2767277
B 98174934 349510440 1811852
W 843499545 201202233 526770
B 646561482 335236362 4396230
W 943316931 124411680 2059258
B 634315157 773812579 4599877
B 618582373 528432503 2859387
B 358241024 692789540 4343432
W 296227462 896953026 3412574
B 827290232 965188559 1774905
B 51718474 347227732 1214068
B 681638596 764761603 4206154
B 201047324 580436353 2117967
W 221403649 961753884 143715
B 484673736 297782878 3946654
W 700378539 646204497 5982
B 607636747 58943267 1531746
B 534411406 448577594 3828181
B 992675435 262465358 2690754
B 940167791 286811879 1814161
W 258091919 436611833 663115
B 878977659 473959446 1683720
W 496164550 909583383 3371983
W 879945018 606719031 967214
W 157326944 326548005 2817143
W 540505517 461351798 2819348
W 822942217 240472754 470242
W 104319081 430472650 3983527
B 557939299 749799046 3652631
B 622358760 270499471 2791900
B 59018953 478461849 4605563
B 627039456 283228122 4159658
W 218167229 248125759 472395
B 381247313 985740776 566136
W 366530879 974651379 3393658
W 360422752 825129525 2685735
B 989582016 748883823 3649459
B 27125040 665307564 1822609
W 470788216 284366846 2912270
B 404871116 134836163 187898
W 123694985 326624541 3523836
W 971098416 502229133 2597011
B 270088142 740789134 4667647
W 847553084 349551231 2537681
B 144684302 849633661 2707675
W 656308726 539632330 1834646
W 62448443 468753 468753
B 767454797 291132360 4054337
B 777608069 569507952 3863949
B 58650177 354352010 1779492
W 418720692 876630759 3322058
B 216086828 439411208 3457220
B 280051290 655278017 1344108
B 653167202 335160602 1584842
B 727909806 579970971 2334524
B 538994323 729897606 3937028
W 348827958 489861376 50176
W 282989478 249191713 1433307
W 481727026 688207245 1782696
W 694793787 553071220 125500
W 617479371 81249845 541198
W 577826816 867993386 4164606
W 47649594 213959110 4756691
W 993356501 298534496 35843
W 890599816 95949770 983445
B 809549789 665913566 2694215
B 451271000 650824009 2935785
B 621817447 402632215 222978
B 187056852 302541140 4049365
B 183155773 11563774 2372776
B 926446148 155979919 43143
B 641673520 517147476 3101650
B 815350372 316042946 4907979
B 662737570 63584326 4407762
B 21422386 257156160 4718834
B 380340541 32487409 74377
W 739566781 618369952 899593
W 301450782 306454439 4224194
W 557776572 966774903 499624
W 959414485 761924811 1051481
W 308178872 871816222 3848798
B 608163812 398992683 1589967
B 158627517 430691943 3808494
B 183061889 925396376 1152936
B 352742838 214977015 3072223
W 128053637 464799913 2813000
W 64961978 814155286 2020461
B 765230050 917096472 1235246
B 192333462 801712250 4208047
W 418521451 182219687 4556143
B 879533553 115990128 4489410
W 582850077 342010974 4489374
B 750920140 310243545 295980
W 633615150 545283175 3384210
B 638110624 873625250 3346590
B 117832329 923058482 728440
W 209205739 957518119 1329098
W 72114782 349728384 4624392
W 925017020 761431163 1495007
W 788919735 50485805 4559039
W 897318899 828496897 4294442
B 578690975 135583905 2131168
W 312218548 826454160 1492017
W 850496418 356007343 2502420
B 946272765 386168781 1274538
B 108941234 812794152 86526
B 969265392 225501180 55712
B 687070791 125879277 206773
W 899762589 116831168 715528
W 245912646 86673930 2564930
B 475226728 313317987 972489
W 35517451 239330187 3638244
B 59772971 574870522 4634205
B 762121604 847275459 3297365
B 368582800 35950621 4573696
B 510714997 517189773 3565175
W 279803722 46638223 3308818
W 77611893 163265794 3275360
B 823692832 585645515 1371963
W 531509330 682869490 4786863
B 356719294 693225315 827143
B 461390416 443137859 444532
B 255239482 734352831 147669
W 81948568 866856266 3521692
B 565625231 316476715 1776580
B 927915214 137284943 160782
B 902695950 313802498 2046312
B 240912212 766921291 1890368
W 336481915 935441197 234581
B 111994682 14419430 129095
W 884624346 146486621 2057952
W 560090225 626698989 3898150
W 418458078 503190212 2348490
B 647237130 22836195 1557967
W 327880395 422103247 4899859
W 855668824 41406173 4588630
B 416343018 409861767 128374
W 359670669 328372101 1732577
B 924875902 938273492 2735658
B 141789902 146032329 484368
W 368621379 223672506 2748975
B 520924609 754872965 1079966
B 379260182 198967977 4985806
W 131008813 333079137 1320376
B 615457114 55541078 169885
B 361171999 138409549 3318503
W 181726115 983589237 3082824
B 973592181 775496190 1625829
B 600730451 988477533 2058669
W 834006977 915828265 1040465
B 7085152 156289735 2797318
W 641428453 897189714 2419368
W 330284234 672901633 2194269
W 657831471 246700100 592905
B 158667568 734370399 1714132
B 726382155 749850762 3081330
B 65979068 786910709 4147065
B 269479171 107136266 4557371
B 796196307 85939552 3044400
B 137362510 733087729 1329037
W 767252430 913203941 3466258
B 140887283 98160525 1780316
B 795674471 956781297 785409
W 935234665 576366229 3514747
W 157328477 499876311 3885353
B 173439509 454059906 1369417
W 671395850 259056143 269198
W 880173429 919767262 1791266
W 918846126 269721737 316539
B 304850515 51408023 1172193
B 702409392 777126397 2635909
W 507247219 736637607 4180837
B 846177272 929379144 1918097
B 231499093 713468429 2983672
B 310683255 859670329 2379830
B 302190216 18745440 3135087
W 226887862 136206344 1568106
B 382025340 945311155 1240667
W 630652039 196243737 1439238
B 529798571 464044468 2752642
W 924657337 238141525 88111
W 963381543 310206244 1615609
W 534510334 272129637 1289458
B 253089795 219269464 3548359
W 465377599 772826322 2501138
W 416320603 961400030 3403734
B 122206658 209968889 1798306
W 611173235 803276444 563157
B 455828189 502003598 4644103
W 604463290 542788701 3383762
B 806602787 790142567 1018443
B 286089203 506373109 2312990
B 199993060 516112024 4146206
W 645294613 147142690 3507277
W 943973975 410623080 4553585
B 324500403 612030873 3699903
W 16145281 651384741 4707739
B 620537156 624765986 453317
B 998055531 274909465 1944468
B 756575170 933788551 4576744
B 668833516 238866381 1993852
B 88896317 467414322 4924518
B 549644347 725574599 2709185
W 715486644 701334373 1873093
W 173651225 10171768 3443654
B 457555981 771374342 3418084
W 154206 465842154 154206
B 96293093 970659171 1963579
B 424027965 5251511 942514
B 115302272 362996829 463754
W 531326541 769070714 4377930
W 314321786 976326314 4713321
B 343238180 208021327 896259
B 129380639 207319206 3808548
W 611712968 974652138 4680145
B 666278381 404477945 4129321
B 328418052 797617915 179840
W 448134961 953732895 724508
B 237463941 218955977 1253599
W 338008393 835905662 1222773
B 920552432 145700593 4443142
B 794163698 132146309 367697
W 698715821 811612760 3998734
B 859645500 820279170 1235349
W 183527181 516309857 2141275
W 273855317 829161320 801110
W 133305873 770050804 2249159
W 864420893 286949086 2590688
W 416305733 293640240 105896
W 646598322 972170434 1428155
B 441498900 168731783 2880908
B 399145801 124551763 2767924
W 576557020 243786399 343251
B 288867512 192487787 3728496
W 277748977 393872226 4369225
B 25838542 623332971 701801
B 826385076 615649345 365858
W 615290065 337835219 528730
B 817051024 985269839 4485034
B 760435277 819881916 1481036
B 753603743 36589405 1974988
B 534743634 27554171 3255910
B 538520419 36601563 4734123
B 864664578 467678307 15849
W 682279598 114395685 2596674
B 110155430 609923568 1765878
B 538685979 353889290 3974035
B 738072145 927968313 4367007
W 582968753 382670755 3385289
W 120245154 116687696 2981832
W 27724292 290874620 3489425
W 823962755 88886879 958938
B 907403067 390098371 4079855
B 925557902 833840210 4933060
W 147205219 434225448 296086
W 142733134 513487338 3995890
B 834498010 722277806 426317
B 429252208 575063814 3603992
W 421222471 389218454 3996347
W 205623479 654338808 635686
W 981217694 535287901 3340491
B 580144218 245532570 3858332
B 905217223 114591787 4761714
W 927321294 658837954 4051046
W 271637468 201424568 3946642
W 716089633 361773759 2379867
B 939299881 141470979 1359555
B 512882996 464055391 3438029
B 323381058 835544154 556905
B 803222666 367585998 1906686
B 240401170 29543027 4445605
W 758021057 394742025 4679114
W 219665406 405453015 1955837
B 91258820 781542875 3657743
B 593605148 140606581 2016856
W 534351323 695962414 699824
B 262227144 824565527 1301527
W 209768994 791659596 1804602
B 532232666 968098757 812923
B 746281380 539855177 2400569
W 900606426 959259182 1932054
B 228052388 191215737 4997358
W 14344620 827528326 1205270
W 952939900 931809906 4497038
W 689410832 237790785 1782212
B 570559683 940190732 4012467
B 432440578 352787944 3475920
B 578701030 610782711 1537095
B 159921792 71400468 1151795
B 889320327 206549770 423820
B 160357751 697230074 3628551
B 514962840 560673589 4310496
W 402215103 470442831 802301
B 189557956 834481460 775827
W 308526932 706440400 4630658
W 187480410 306812804 1476650
B 101352556 538007516 3058100
B 65727374 941796246 4957357
W 954135606 128487776 1775314
B 157252806 508637978 556058
B 618617204 24285177 3628767
B 858545836 951253848 4429812
B 178031490 482436251 160154
B 713852351 856412180 3805648
W 281979734 774399438 2258466
W 191722403 258976518 1060210
W 781954438 578273878 4995457
W 640015340 280755518 4581039
W 559140026 903184453 4283538
B 290717164 789513830 3326327
W 305176351 846840280 3673427
B 115799393 426163252 1119958
W 965051750 696709179 393127
B 616283647 613514269 3183638
W 449788935 982234888 4659471
W 251845200 415573370 664716
W 237084147 376910749 2362894
W 965649459 741234810 4492905
W 162356032 2516716 2516716
W 695963557 636169110 3048586
W 47244460 504013146 110565
B 267950158 979140759 1068232
B 611531947 621602721 1690265
W 662302353 623269827 3061658
W 963810656 320397266 3710371
W 740070921 572775752 2460509
W 199357221 273745321 19997
B 605598411 449393134 4377963
W 748338161 978403886 2224903
B 863262418 811501431 3833491
W 676739652 77838674 2675260
B 658498513 653888597 1400985
B 399972814 940323125 4774612
W 61107945 419647037 3450872
W 268268849 458892912 4275305
B 219579586 254905177 3374777
B 107680979 361523508 2076229
W 419804547 527915389 2552560
B 823022262 354928556 561971
W 968227910 294637544 4573276
W 573583169 491934283 3771653
W 232996612 709850364 3860974
W 403469349 208616609 888242
B 978632552 332762656 3724436
W 312309406 350300890 1537934
W 738147622 15239407 1172846
B 91723929 822171112 742099
W 963089790 303706698 742477
W 677128554 310715806 4442375
W 943838595 444300247 1556325
B 336089365 226460630 2675041
B 401051954 629407727 3643705
W 293118007 381469719 1746999
W 976996070 301184842 4183746
B 306660104 968776475 1857248
B 789560280 106825633 2618198
B 162257175 760751120 4997034
W 709351567 897092690 881292
B 298110746 533073078 2501648
B 670700315 315405949 2772762
B 922414393 968785556 154304
B 439094202 569901299 3204558
W 210021126 176781331 2726407
B 401191628 807129394 4111761
W 984895752 962719457 3924702
W 564961282 616365464 4261349
B 962957235 885688091 3267415
B 166677436 398581428 1454595
W 552734940 807049980 2088069
W 425055884 198843003 933074
B 700676616 535874628 1050561
B 151413700 744918220 2387270
B 117625905 401562134 1931965
B 950107527 572473398 2448183
W 783374322 395568919 1432302
W 26880081 220991450 4105676
W 2331640 302449302 2331640
B 458484113 640398109 134616
W 477099458 608475051 3403785
W 99053308 322600839 2811722
B 486698666 677538671 2445535
B 389600358 107435429 3785376
W 724938277 386819289 2145104
B 757806046 547065050 2798024
W 494919557 161753895 3037411
B 310163825 297075211 4196637
B 14426374 188282333 4545542
B 344959113 49928127 3048564
B 769139530 528304627 1044037
B 760688982 237975955 2325756
B 340402144 120700589 3463697
W 801795588 692670774 2963741
B 209603701 393843149 3716496
W 397487898 623711355 2903344
W 640073750 347519261 915250
B 70089134 461080005 1098267
W 984093996 821466437 3658776
B 272735441 988479978 1156385
W 705683921 146302619 389448
W 346939078 95155708 2160762
B 329534264 40769910 651266
B 742250684 501794606 1150067
W 276971219 809117737 1508829
B 879230097 90041081 4061568
W 882193715 721613693 2883667
B 943028996 180219660 1511198
W 608891029 156790226 1351296
B 707419887 742551203 2954957
B 122738722 319409890 4879859
B 461666264 106230020 275656
W 755498281 92086128 542250
B 196873590 80768996 2419229
B 613970227 980831312 2645375
B 319734284 72634620 4488168
W 90658266 139465766 4776649
B 899998429 345581754 629813
W 7071319 506675333 137129
W 655696413 937050471 3482998
B 908452392 125312827 4871987
W 694514002 190854642 504482
B 494908077 682638606 2046153
W 348106279 88524852 3592292
W 992505442 487478972 1105311
B 470137452 906172816 202766
W 233234125 674107708 3865411
W 409308150 752438729 4012324
B 41967145 567133525 4027604
B 763410217 299603300 2435739
W 921195550 842106045 3509939
W 173209616 479900765 764293
B 598241657 167057153 3612509
W 895026415 460562156 1687467
B 65241182 483948752 4047472
W 401898931 739888604 4395470
B 12050460 90730002 4876837
W 214967721 114071057 1862815
W 378219376 68528660 1245846
W 549361740 304844148 3598686
B 430878611 636644665 4221861
W 305481969 3529239 3529239
W 492042489 361347940 773692
W 869332313 45015111 3730712
B 635310219 948898378 3160993
B 204830972 339593557 3446276
W 157572124 849640169 3229542
W 217336272 117164023 4234401
B 984155414 58353060 750993
B 766087279 337560857 2842102
W 603117439 377505854 1404917
B 876718349 643377855 3273341
B 239746066 756803918 773885
B 796526039 152494336 2091727
B 556357057 148034489 3506488
W 260104272 158710023 1243307
B 530608824 44440913 135624
B 883267030 945347989 2791100
W 438044343 155578214 2854866
W 577278651 783303554 2504870
W 555562216 300743927 4034591
B 842425821 703500529 490674
W 278231732 858099820 2529252
B 266940104 132433940 1294220
W 2824275 965633379 2824275
W 880574481 146964635 1416114
W 727583442 257663930 215756
B 253501256 327357330 2062632
W 349936120 586388476 2367285
B 509990535 420309533 3338628
W 507360006 885684933 708151
B 291085099 486410199 2325286
B 340795627 243584739 3131020
W 234782453 865727376 4239864
W 468649718 52745377 3815930
W 519949056 556799562 7267
B 81382022 12359619 4426126
B 548196903 112715082 2078373
B 738576298 727105338 379617
W 453454082 243530751 3084198
W 964258031 236044989 2872609
B 276314537 536411863 994788
W 126948204 161239776 3219221
B 405427956 835177496 4254796
B 99073967 540636430 4848719
B 566341458 763097963 10070
B 861191198 192408369 1229293
W 596378806 157858360 4556541
W 63851685 254065186 3759504
B 523555285 436732744 4017356
B 902938392 835302680 2209247
W 437630988 293178762 2061353
B 764714736 472051424 3430903
B 460199620 320343140 3873686
B 582821796 771089625 376884
B 145371959 375949849 1211800
B 196610569 21069850 363494
W 502245797 932267382 47450
B 286369542 841669708 4615176
W 302284427 808534116 3195082
B 542075314 67928636 599674
B 838562692 92382697 3447942
W 828977471 154465212 899285
B 446470136 259029708 2264835
W 512530861 551189728 3037092
W 398206290 660464373 403226
B 974606811 718089102 743096
W 47959938 342586705 1043085
W 872885995 606061576 4282969
W 5341966 363149336 1453176
B 839298329 801718381 1155538
B 117290901 306640096 1289298
W 261236203 63905638 4468690
B 349765826 188037705 2852564
B 959867150 969002886 4098146
B 699920321 174224503 956794
W 576703699 26584684 3287360
W 356387503 13103709 4201579
B 716437232 686363789 4687369
B 500873567 556051403 2695959
W 432777591 487460496 1579964
W 635330783 166428719 3197301
W 663445613 829679166 1749533
W 214683112 928681547 2913219
B 231527428 518999101 3441484
W 897170380 589290314 2846456
B 516331131 352801591 191683
B 902123169 786908135 2425445
B 994384129 37038294 145129
W 80584806 27947553 4619226
W 180271826 102768557 2338198
B 793858633 273170488 2961803
B 188495901 365875796 1723252
W 844731894 321517407 641108
B 597719263 671070288 4009750
