75 65
37 12
69 45
22 9
44 74
27 18
40 18
26 63
37 4
20 19
30 9
49 32
39 64
23 55
48 21
27 69
37 27
22 14
3 66
13 29
14 45
20 62
40 3
33 63
73 20
35 14
43 54
58 70
58 29
68 1
3 15
51 40
16 12
21 24
4 43
22 25
42 66
72 12
24 13
31 39
58 59
43 60
1 75
4 11
42 28
35 29
73 54
40 2
18 39
29 52
50 40
57 68
29 26
22 61
31 17
61 55
1 32
55 44
52 65
49 42
59 7
51 46
45 8
6 26
49 47
69 34
9 71
71 53
73 56
44 10
22 67
65 38
14 5
64 41
20 36
