81 68
55 68
30 48
19 59
5 32
17 1
76 48
68 30
1 66
16 2
75 16
58 36
80 21
2 56
22 18
40 13
58 63
75 34
2 70
3 8
9 38
51 46
44 51
49 30
40 46
30 65
14 24
13 27
66 33
49 38
76 12
31 51
72 13
26 35
36 68
69 81
43 8
68 60
66 31
5 71
81 40
31 78
46 11
29 17
67 73
66 16
21 43
73 48
23 9
40 15
32 35
35 4
11 3
61 23
24 54
27 36
25 15
26 15
26 19
17 42
41 52
67 22
53 72
19 39
51 10
61 37
60 62
61 14
44 57
16 52
80 47
10 7
8 28
29 45
52 77
53 64
66 20
64 6
56 50
30 74
45 79
