87 59
21 8
85 72
83 57
33 84
50 59
60 66
1 86
16 44
87 32
57 66
48 6
32 79
67 56
29 23
8 71
31 24
78 52
8 35
41 8
6 68
40 86
23 52
28 57
36 68
5 35
24 35
63 34
65 7
64 76
21 52
87 34
58 67
77 58
43 87
24 80
85 21
47 41
49 27
36 8
7 62
1 33
28 17
2 84
53 79
84 4
51 52
60 19
37 71
45 17
27 23
68 40
52 62
64 39
60 10
87 59
35 17
58 15
70 77
31 56
24 42
44 23
49 59
35 55
82 53
65 64
30 68
40 9
5 18
10 25
41 73
15 13
68 3
33 14
36 20
48 11
68 38
39 81
53 74
15 46
39 12
14 26
20 75
48 61
81 22
44 54
32 69
