88 57
63 1
61 82
19 38
28 64
67 50
40 77
33 56
16 45
15 20
56 4
28 60
77 18
43 81
16 10
66 81
80 23
2 22
34 63
81 34
31 19
74 77
49 68
11 1
57 5
17 66
40 30
72 81
87 73
22 48
35 81
84 59
23 25
74 19
83 44
2 20
10 26
64 20
4 64
64 11
43 44
3 21
26 76
54 77
37 25
24 17
2 38
54 12
62 48
81 71
8 15
21 22
7 27
88 75
87 43
7 68
51 13
78 4
15 25
72 57
22 46
3 14
51 16
25 13
51 68
68 65
21 70
82 77
34 47
38 29
63 86
64 41
24 55
84 46
88 81
88 9
8 85
6 58
14 50
6 46
60 32
16 79
13 53
67 36
25 39
25 52
80 42
8 69
