186 153
138 169
136 68
22 55
54 6
155 153
145 59
116 140
125 62
111 131
47 164
34 163
34 87
174 112
72 131
175 106
1 178
45 40
125 161
159 163
33 107
1 125
5 39
36 45
170 10
44 58
107 181
32 48
32 181
56 73
52 4
89 82
38 31
161 181
127 96
50 167
172 4
50 16
92 141
25 63
168 162
92 173
13 99
171 82
57 3
57 76
25 14
141 45
56 67
128 52
113 112
119 51
125 74
142 126
167 166
6 98
88 179
16 94
92 67
182 112
179 13
134 156
3 161
59 35
65 1
75 22
26 44
73 30
181 84
83 46
79 85
120 74
47 13
77 154
99 1
49 98
101 166
21 142
17 184
8 129
90 88
75 58
51 141
7 15
80 133
112 32
157 78
74 183
149 21
64 121
109 3
114 149
72 158
123 98
64 141
68 165
68 138
153 36
160 106
118 74
147 167
105 67
57 153
166 67
26 101
8 97
57 14
17 95
18 107
183 17
101 138
111 183
107 85
105 140
92 29
95 129
178 41
47 146
30 19
183 171
4 177
76 114
175 49
147 122
165 106
57 163
28 62
99 137
117 59
16 70
171 23
130 152
16 186
55 4
124 60
5 144
159 7
79 61
110 2
44 104
112 148
144 174
46 13
153 71
144 115
104 37
68 133
159 81
35 109
179 2
122 156
171 157
43 174
106 176
21 10
12 122
41 154
120 53
120 143
33 91
98 60
6 152
97 132
42 80
151 31
129 96
10 162
60 139
138 102
49 11
54 135
50 93
27 45
141 38
8 150
166 103
51 185
132 20
149 108
76 180
57 100
83 24
72 86
128 66
92 9
10 69
