188 130
41 115
111 13
135 187
185 128
121 75
73 170
61 177
176 84
107 94
88 57
43 109
72 44
121 98
87 110
55 52
7 50
147 184
84 165
75 22
175 167
127 157
169 66
92 3
183 66
89 81
161 76
56 40
69 13
67 183
55 59
66 174
122 20
91 14
169 71
151 15
31 75
40 37
12 136
108 39
110 111
151 16
112 145
136 147
55 48
133 166
160 155
153 62
150 141
123 100
91 175
139 36
170 166
6 47
128 36
168 67
64 73
16 140
133 134
164 168
101 57
5 63
171 44
67 182
62 77
104 84
38 172
166 175
178 13
166 114
162 62
174 42
39 123
119 87
107 186
70 124
188 152
141 40
121 102
18 98
93 66
7 13
2 91
138 65
97 48
187 131
26 60
57 169
100 146
167 5
114 142
10 106
177 162
39 32
155 86
170 158
88 160
107 77
96 2
61 151
164 107
173 33
48 73
2 110
83 67
180 85
188 134
79 110
14 132
185 107
38 40
132 146
127 7
51 121
181 84
30 144
28 171
133 78
176 39
83 119
147 103
120 144
71 120
124 17
180 28
8 79
158 99
34 186
114 154
101 1
137 166
13 11
7 72
98 160
115 22
98 38
91 116
65 62
147 58
64 6
91 105
18 9
76 179
7 130
80 183
39 43
33 174
53 136
181 92
57 21
104 112
13 4
123 46
115 23
48 90
126 136
23 25
120 187
90 118
126 64
131 74
154 159
79 54
63 143
96 113
43 117
103 129
89 33
32 76
153 122
44 29
145 70
90 156
120 106
169 60
72 82
183 27
25 19
13 68
73 24
145 125
154 148
43 49
55 163
97 45
66 95
186 149
150 35
