87
172 187
-102 -255
235 208
181 -6
-298 280
-277 -173
259 50
-193 10
-149 -8
-187 -194
-123 37
198 -171
169 161
107 -176
91 -7
-275 310
60 281
232 -81
-11 292
-86 34
-167 -149
-238 -3
218 -142
-101 -253
171 33
-90 -238
-215 -213
-51 275
305 -266
-186 110
49 -140
99 -177
-144 45
15 -309
-122 205
-119 -168
176 101
-64 62
-152 168
145 -10
312 -228
-20 295
-136 115
84 234
-311 -103
-229 -134
263 191
240 -54
-88 -147
265 114
6 155
-71 264
-105 135
110 -281
-197 100
-103 -93
-19 -56
125 73
131 103
-21 199
-140 7
71 -197
-164 -244
315 86
-266 -111
-65 201
-35 60
-118 133
31 184
-245 -130
-28 207
294 272
121 -254
-153 302
-181 268
-255 -188
68 -200
58 -282
-285 -263
175 -211
-313 221
111 -20
143 84
-70 -58
187 134
-78 -24
88 98
