38446751249519415609381007304882737408688965782391387927720107650903498654363706266820453671664744329104190695886197616301422529796232218377547097270280661284121491733948481353325643983083429450211457131872356785851595540176855055747789311803152633602460592079969242599
8547
-1
271
-1
401123144805455274769354191736863217007621339751303650220617729643
15873
5291
6653359946773120425815036593479707252162341982701264138389886892880904856952761144377910844976713240186294078509647371922821024617431803060545575515635395874916833
2849
-1
14064697609
2267573696145124716553287981859410430839
3
65359477124183
133868808567603748326639892904953145917
861326442721791559
2178649237472766884531590413943355119825708061
3367
2267573696145124716553287981859410430839
2849
498256103637269556552067762830094668659691081215744892874937717987045341305430991529646238166417538614848031888390632785251619332336821126058794220229197807673143996013951170901843547583457897359242650722471350274040857
-1
735835172921265636497424576894775570272259013980868285504047093451066961
18832391713747645951035781544256120527306967984934086629
9182736455463728191
735835172921265636497424576894775570272259013980868285504047093451066961
835421888053467
-1
271
48309178743961352657
-1
1
1
124843945068664169787765293383270911360799
