9182736455463728191
8547
-1
302755071147441719648804117468967605207387223735997577959430820466242809567060248259158340902210112019376324553436270057523463518013926733272782319103844989403572509839539812291855888586133817741447169240084771419921283681501665152891310929458068422646079321828640629730547986678776869512564335452618831365425370874962155616106569785043899485316379049349076597033
607164541590771098967820279295689131754705525197328476017
531632110579479
-1
2849
1194743130227
133868808567603748326639892904953145917
3367
-1
152207
-1
124843945068664169787765293383270911360799
1
-1
1221
9832841691248770894788593903638151425762045231071779744346116027531956735496558505408062930186823992133726647
302755071147441719648804117468967605207387223735997577959430820466242809567060248259158340902210112019376324553436270057523463518013926733272782319103844989403572509839539812291855888586133817741447169240084771419921283681501665152891310929458068422646079321828640629730547986678776869512564335452618831365425370874962155616106569785043899485316379049349076597033
481
-1
2849
3
20964360587
5847953216374269
271
65359477124183
-1
294724432655467138225758915414087827880931329207191276156793398172708517536103743
37921880925293894577171027682973075464543041334850208570345089116420174440652256351915054986727341676147136897990140310959423587409935532802427
690131124913733609385783298826777087646652864044168391994478951
-1
271
11
2267573696145124716553287981859410430839
6422607578676942838792549775208734746307
-1
