1763668430335097
1371742112482853223593964334705075445816186556927297668038408779149519890260631
558347292015633724176437744276940256839754327191513121161362367392518146286990508096035734226689
-1
4130524576621230896323833126807104502271788517141676992978108219743907476249483684427922346137959520859149111937216026435357290375877736472532011565468814539446509706732755059892606361007847996695580338703015282940933498554316398182569186286658405617513424204874019
18832391713747645951035781544256120527306967984934086629
1
65359477124183
65359477124183
41
-1
14064697609
1
256607646907877854760071850141134205799332820118039517577623813189633051064921734667693097254298178085706954067231203489863997947138824736977161919425198870926353605337439055683859379009494482935591480626122658455221965614575314344367462150372081088016422889402104182704644598409032589171157300487554529124967924044136515268154991018732358224275083397485245060302797023351295868616884783166538362843212727739286630741596099563767
-1
1019367991845056065239551478083588175331294597349643221202854230377166156982670744138634046890927624872579
12345679
18928639030853681620291501041075146696952489116032557259133068332386901381790649252318758281279575998485708877531705470376679916713988264243800870717395419269354533409047889456748059814499337497633920121143289797463562369865606662880938860495930342608366458451637327276168843460155214840053
1
-1
575705238917674150834772596430627518710420264824409902130109383995394358088658606793321819228554979850316637881404720782959124928036845135290731145653425446171560161197466896948762233736327
124843945068664169787765293383270911360799
1145475372279495990836197021764032073310423825887743413516609392898052691867124856815578465063
1658374792703150912106135986733
3367
-1
526592943654555028962611901
933706816059757236227824463118580765639589169
81103
228154232261008441706593657312343143965320556696326716860597764088523842117271275382158339037189139858544375998174766141911932466347250741501254848277435546429386265115217887291809263061829796942733287702486881131644992014601870864704540269221994067989961213780515628564909879078256901665525895505361624458133698380104950946840063883185033082363677846224047456080310289755874971480720967373944786675792835957107004334930412959160392425279488934519735341090577230207620351357517681953
41
152207
273
325839035516454871293580971
3584229390681
-1
302755071147441719648804117468967605207387223735997577959430820466242809567060248259158340902210112019376324553436270057523463518013926733272782319103844989403572509839539812291855888586133817741447169240084771419921283681501665152891310929458068422646079321828640629730547986678776869512564335452618831365425370874962155616106569785043899485316379049349076597033
124843945068664169787765293383270911360799
-1
9832841691248770894788593903638151425762045231071779744346116027531956735496558505408062930186823992133726647
1658374792703150912106135986733
307787011388119421360418590335487842413050169282856263465681748230224684518313327177593105570944906124961526623576485072329947676208064019698368728839642967066789781471221914435210834102800861803631886734379809172052939365958756540473991997537703908895044629116651277316097260695598645737149892274546014158202523853493382579255155432440751
552791597567716970702045328911
407
191901746305891383611590865476875839570140088274803300710036461331798119362886202264440606409518326616772212627134906927653041642678948378430243715217808482057186720399155632316254077912109
133868808567603748326639892904953145917
8481764206955046649703138252756573367260390161153519932145886344359626802374893977947413061916878710771840542832909245122985581
-1
18832391713747645951035781544256120527306967984934086629
5291
6422607578676942838792549775208734746307
1194743130227
58173356602675974403723094822571262361838278068644560791157649796393251890634089586969168121
18832391713747645951035781544256120527306967984934086629
-1
152207
392618767177071063996859049862583431488025127601099332548095798979191205339615233608166470357283078131134668237141735374950922654102866117
4115226337448559670781893
7993605115907274180655475619504396482813749
