58173356602675974403723094822571262361838278068644560791157649796393251890634089586969168121
14064697609
9182736455463728191
81103
7457121551081282624906785980611483967188665175242356450410141685309470544369873228933631618195376584638329604772557792692020879940343027591349739
23640661938534278959810874704491725768321513
1145475372279495990836197021764032073310423825887743413516609392898052691867124856815578465063
9182736455463728191
3367
1821493624772313296903460837887067395264116575591985428051
1443
-1
1277139208173690932311621966794380587484035759897828863346104725415070242656449553
4768717215069146399618502622794468288030519790176442536957558416785884597043395326657129232236528373867429661421077730090605627086313781592751549833094897472579876013352408202193609918931807343824511206485455412494039103481163567
10787486515641855447680690399137
28417163967036089798238135834043762432509235578289286729184427394146064222790565501562944018186984938903097470872406933788007956805910770105143506678033532253481102585961921
6207324643078833022967101179391682184978274363749224084419615145872129112352576039726877715704531346989447548106765983860955927995034140285536933581626319056486654252017380509
657462195923734385272846811308349769888231426692965154503616042077580539119
777
2583979328165374677
227221086116791638264030902067711883662803908202681208816178141331515564644399
1680954782316355690031938140864010758110606824676416204404101529668851907883677929063708186249789880652210455538746007732391998655236174146915447974449487308791393511514540258867036476718776264918473693057656749033451
11
933706816059757236227824463118580765639589169
103842159916926272066458982346832814122533748701973
4224757076468103084072665821715251373046049852133502323616392057456696239966201943388255175327418673426277989015631601182931981411068863540346430080270384452893958597380650612589776087874947190536544148711449091677228559357836924376848331220954795099281791297
1763668430335097
835421888053467
181257930034439006706543411274243248142106217147
558347292015633724176437744276940256839754327191513121161362367392518146286990508096035734226689
81103
48947626040137053352912383749388154674498286833088595203132648066568771414586392559960841899167890357317670093
307787011388119421360418590335487842413050169282856263465681748230224684518313327177593105570944906124961526623576485072329947676208064019698368728839642967066789781471221914435210834102800861803631886734379809172052939365958756540473991997537703908895044629116651277316097260695598645737149892274546014158202523853493382579255155432440751
1
1763668430335097
-1
-1
11
552791597567716970702045328911
23640661938534278959810874704491725768321513
552791597567716970702045328911
861326442721791559
-1
38446751249519415609381007304882737408688965782391387927720107650903498654363706266820453671664744329104190695886197616301422529796232218377547097270280661284121491733948481353325643983083429450211457131872356785851595540176855055747789311803152633602460592079969242599
-1
835421888053467
181257930034439006706543411274243248142106217147
2901073397156948070786190890629532927183057731360603423266608645198723527705250942848854076008123005512039454598201334493762692196112561647809689585146504206556425877574702639976791412822744415433710472874963736582535538149115172613867130838410211778357992457209167391935015955903684363214389324049898462431099506817522483318827966347548592979402378880185668697418044676530316217
2583979328165374677
3367
1277139208173690932311621966794380587484035759897828863346104725415070242656449553
2267573696145124716553287981859410430839
38314176245210727969348659
4323389537397319498486813661910938175529615218331171638564634673584089926502377864245568525724167747514051015996541288370082144401210549070471249459576307825335062689148292261132728058798097708603545179420665801988759187202766969303934284479031560743623
23640661938534278959810874704491725768321513
-1
2583979328165374677
23640661938534278959810874704491725768321513
2149151085321298087255534064044702342574683
1221
48309178743961352657
3
2849
-1
177210703526493
156494522691705790297339593114241
329706561160567095285196175403890537421694691724365314869765908341575997362347510715463237718430596768875700626442466205077481041872733267392021101219914276294098252555225848994394988460270359380151665018133860863831190240685789647213979558193208044840092317837124958786679854929113089350478074513682822288163534454335641279261457303
6422607578676942838792549775208734746307
-1
-1
156494522691705790297339593114241
48309178743961352657
-1
