5291
294724432655467138225758915414087827880931329207191276156793398172708517536103743
48947626040137053352912383749388154674498286833088595203132648066568771414586392559960841899167890357317670093
9182736455463728191
1221
-1
1658374792703150912106135986733
-1
156494522691705790297339593114241
15873
-1
4768717215069146399618502622794468288030519790176442536957558416785884597043395326657129232236528373867429661421077730090605627086313781592751549833094897472579876013352408202193609918931807343824511206485455412494039103481163567
-1
-1
2149151085321298087255534064044702342574683
-1
65359477124183
7993605115907274180655475619504396482813749
681663258350374914792092706203135650988411724608043626448534423994546693933197
-1
7457121551081282624906785980611483967188665175242356450410141685309470544369873228933631618195376584638329604772557792692020879940343027591349739
14064697609
291630212890055409740449110527850685331
2849
58173356602675974403723094822571262361838278068644560791157649796393251890634089586969168121
19527436047646943956258543253270845537980863112673305994922866627611794571372778754149580160124975590704940441320054676820933411443077523921109158367506346416715485256785784026557313024799843780511618824448349931653973833235696153095098613552040617066979105643429017769966803358719
1610305958132045088566827697262479871175523349436392914653784219
1680954782316355690031938140864010758110606824676416204404101529668851907883677929063708186249789880652210455538746007732391998655236174146915447974449487308791393511514540258867036476718776264918473693057656749033451
48947626040137053352912383749388154674498286833088595203132648066568771414586392559960841899167890357317670093
1371742112482853223593964334705075445816186556927297668038408779149519890260631
65359477124183
690131124913733609385783298826777087646652864044168391994478951
150761344791195537464194180612091059852253882104628373285089703
23640661938534278959810874704491725768321513
3954132068011071569790431
1
558347292015633724176437744276940256839754327191513121161362367392518146286990508096035734226689
65359477124183
-1
547345374931581828133552271483305966064586754241926655719759168035030103995621237
2583979328165374677
949667616334283
-1
2178649237472766884531590413943355119825708061
755857898715041572184429327286470143613
1
-1
4391743522178304787
1610305958132045088566827697262479871175523349436392914653784219
323939099449303530936183997408487204405571752510528020732102364755425979915775834143181081956592160673793326854551344347262714609653385163589245221898283122772918691286038224813735017816650469711694201490119857466796242306446388079041140265630061548428895367670877874959507612568837058632977
2849
1
30950170225936242649334571340142370783039306716186939028164654905601980810894459919529557412565769111730114515629835964097802537913958526771897245434849891674404209223150727329
1
735835172921265636497424576894775570272259013980868285504047093451066961
861326442721791559
156494522691705790297339593114241
-1
18832391713747645951035781544256120527306967984934086629
1763668430335097
-1
271
1
44267374944665781319167773351040283311199645861
48309178743961352657
-1
1
-1
-1
271665308340124966041836457484379244770442814452594403694648193425699538168975821787557728878022276555283890247215430589513719098071176310785112741102961151860907362129856017386579733767997826677533279
1717327837884252103726601408208827065086725055813154731238193371114545766786879615318564313927528765241284561222737420573587497853340202644684870341748239738966168641593680233556585952258286106817791516400480851794607590589043448394298471578224283015627683324746694143912072814700326292289198007899708054267559677142366477760604499398935256740511763695689507126910527219646230465395844066632320109908981624592134638502490125364932165550403572041902799244375751330929074360295380388116091361840975442211918255194916709599862613772969259831701871887343293834793061995534947621500944530310836338657049630774514854885797698780697235102181006354113
11
15453562046051614897233812393756760933395147581517539792922268582908360377066913923659403492505022407664966774841600989027970947303353422963993200432699737289445217122546747025189306135064132282491114201823520321434090557873589862463297790140627414619069695564827692783186524493895842991809612115592644104466079431308916705300571781795703909751197651058569
181257930034439006706543411274243248142106217147
