10787486515641855447680690399137
657462195923734385272846811308349769888231426692965154503616042077580539119
607164541590771098967820279295689131754705525197328476017
861326442721791559
156494522691705790297339593114241
1658374792703150912106135986733
165590329524755754263950985262460672296737870508362311641
38314176245210727969348659
343997248022015823873409012727898176814585483316133470932232542139662882696938424492604059167526659786721706226350189198486412108703130374957
-1
-1
205380981721092626822756212774697063051961388375436434586157321831998356952146231258985417950297802423495584308892996508523310741425344013144382830149928116656397617580612035325528856027931813514068597247894844937358800575066748819059355103717395769151776545491887451222016841240501129595399466009447525159170260833846785787636064900390223865270075990963236804271924419798726637913329225713698911480796878209077839392072294105565824604641610186896693366194290408708153624974327377284863421647155473403162867118504826453070445676730334771
-1
32020493115593980147294268331732308677553634325968619916746717899455651617034902337495997438360550752481588216458533461415305795709253922510406660262568043547870637207813
-1
-1
777
23640661938534278959810874704491725768321513
14064697609
-1
9832841691248770894788593903638151425762045231071779744346116027531956735496558505408062930186823992133726647
4115226337448559670781893
2849
135998912008703930368557051543587651298789609683122535019719842241262069903440772473820209438324493404052767577859377124983
4649
735835172921265636497424576894775570272259013980868285504047093451066961
-1
690131124913733609385783298826777087646652864044168391994478951
2583979328165374677
-1
12934937265554262061829
4391743522178304787
4391743522178304787
2208968411751711950519107576761652308371990280538988292467417715926662248729843163242765628451513143362049922686105588690081731831234813342169206980340181135409763640379942566821294455489286503203004197039982328252705986304395847139385906781533024077755688093660260658272586702010161254694057874972387894853103600618511155290479346145350121493262646344157278550916721890876960459465429644356085707974375966423680141373978352109564833222884912745747735807377954495250717914733819306383918709962447537
4649
130872922392357021332286349954194477162675042533699777516031932993063735113205077869388823452427692710378222745713911791650307551367622039
65359477124183
1763668430335097
407
152207
949667616334283
155836060464391460183886551347981923016986130590618669160043634096930029608851488234377434938444756116565373227364812217547140408290478416705625681782764531712638304503662147420913199314321333956677575190899174068879538725261025401277855695808009973507869721053451768739286270843073087112357799594826242792582203521894966495247
-1
1658374792703150912106135986733
65359477124183
271
5941770647653
681663258350374914792092706203135650988411724608043626448534423994546693933197
12345679
1495438911320472558695977269328547928817107821145506206071481979961118588305667713473904590997457753850755196650216838642141468521010916704052639449678480634066098399880364887094362195304321818453716165694631374308359503514281441603110512935546582922087632720203379691939584267982652908628682518319126663675788844025721549274712128009570809032451024375654254523702706744429490055331239718857484671751158965156273366232989382383729624644833258561387767309705398534469866905936892477942276058023029759234335277403918049947659638103783460445640795573500822491401226259907282787498130701360849409301630028413339315088978615223568117242410647525048601764617915358157619261253177807686556004187228951697323164348736354119934200687901899207417377
1821493624772313296903460837887067395264116575591985428051
56401579244218838127467569091934574168076706147772137619853355893965031020868584320360970107163
2849
194590387234870597392488811052733994940649931893364467795290912628916131543101770772523837322436271648180579879353959914380229616656937147304923136797042226114029966919634170071998443276902121035220860089511578128040474800544853084257637672698968670947655185833819809301420509826814555360965168320684958163066744502821560614905623662191087760264642926639424012453784783031718233119283907374975676201595641175325938898618408250632418758513329441525588635921385483557112278653434520334695466043977427515080755010702471297917882856586884607900369721735746254135045728741
10787486515641855447680690399137
275709953129307968017645437
2178649237472766884531590413943355119825708061
-1
3367
142633005277421195264584224789616317215803736984738268435315932106689487947511054057909
407
311235605353252412075941487706193588546529723
7457121551081282624906785980611483967188665175242356450410141685309470544369873228933631618195376584638329604772557792692020879940343027591349739
681663258350374914792092706203135650988411724608043626448534423994546693933197
297885016383675901102174560619600834078045874292523086088769734882335418528448019064641048555257670539171879654453380994935954721477509681263032469466785820673220137027107536490914507
1
3483106931382793451758969
152207
6207324643078833022967101179391682184978274363749224084419615145872129112352576039726877715704531346989447548106765983860955927995034140285536933581626319056486654252017380509
-1
-1
16658337497917707812760286523404964184574379476928202565383974679327003165084124604364484424454439446943195069132100616358487422955189072130601365983674829252040646343494919207063135099117108112610361485923704814259536898217557887722805264034649341995668832250541395968682325503914709312010661335998667333
1019367991845056065239551478083588175331294597349643221202854230377166156982670744138634046890927624872579
5941770647653
9182736455463728191
38314176245210727969348659
7993605115907274180655475619504396482813749
526592943654555028962611901
-1
1763668430335097
18832391713747645951035781544256120527306967984934086629
7457121551081282624906785980611483967188665175242356450410141685309470544369873228933631618195376584638329604772557792692020879940343027591349739
6207324643078833022967101179391682184978274363749224084419615145872129112352576039726877715704531346989447548106765983860955927995034140285536933581626319056486654252017380509
502765208647561588738059326294620412267471091
4224757076468103084072665821715251373046049852133502323616392057456696239966201943388255175327418673426277989015631601182931981411068863540346430080270384452893958597380650612589776087874947190536544148711449091677228559357836924376848331220954795099281791297
4649
