90
247
230
316
280
409
342
315
707
199
1008
355
257
510
432
545
432
976
976
1029
280
498
891
1244
1200
1200
508
604
1368
690
765
1588
1413
1161
795
970
619
1590
69
482
1864
2263
692
2069
624
2066
580
1012
282
2343
1765
2179
1403
1071
2111
2808
2608
1269
1699
2479
3139
1925
4004
1793
2317
3553
2139
1892
512
2245
2327
832
4081
1877
2204
3477
1889
3155
616
1889
4525
2303
415
1849
1914
1914
941
3484
2360
1931
5162
3128
4355
2265
2713
1253
2373
2822
2754
2897
3225
2011
5332
1317
4946
3888
3864
2207
3888
4655
2932
1617
2448
850
3537
3070
3983
4167
1098
3241
4187
5934
3227
4234
1905
494
4250
457
4723
5248
4319
3090
2459
5433
