56
31 182016
5 2
37 12608608
13 154
26 93752
34 694524
23 2098
4 2
41 162292603
16 577
36 5582566
8 31
23 29535
16 34
28 7950
8 3
8 23
30 1145048
41 21642688
35 669010
26 115737
2 1
10 51
6 10
24 5193
4 3
39 92961601
33 1032040
16 692
35 9212969
35 5460720
19 2390
7 11
22 10586
7 5
1 1
22 25838
41 196811523
11 125
13 357
6 7
32 2256075
37 2958710
12 30
6 4
21 15779
23 25362
35 8656088
10 57
21 7959
13 81
39 11728398
27 123751
30 302846
21 5692
39 29386350
