93
0 1
24 7760
3 3
37 35692459
40 86854879
17 2213
34 1352410
21 799
34 2751102
19 6339
19 5671
13 237
2 1
6 13
4 1
24 4947
7 18
44 73625909
36 11588809
44 935150296
42 137503571
20 9460
23 41429
10 51
0 1
8 28
8 4
14 34
42 109071792
16 813
1 1
26 45472
27 182935
37 3269558
6 13
44 952428374
0 1
0 1
11 42
13 64
31 1727560
17 517
3 2
33 3839260
32 2503114
6 4
31 931044
2 1
45 298044567
28 269214
3 2
8 20
0 1
35 3667865
20 10136
9 55
37 36368395
27 131107
8 27
31 1313927
10 55
10 29
4 5
16 315
36 20931009
15 579
43 108020141
33 5200710
30 795510
45 387882160
2 1
37 32565879
32 3515567
25 98830
25 62373
5 5
28 438517
20 5738
4 2
17 2092
34 7891433
35 4072806
45 1821419309
13 80
41 119769040
43 549929292
36 4161711
34 4079935
42 287070849
5 8
23 27769
38 9059996
12 180
