55
36 7310490
12 124
34 4042431
34 7300409
35 8929674
40 11086215
17 81
23 10214
38 27313635
10 54
37 28914468
15 844
16 728
33 5133605
35 8350050
23 32823
23 27249
34 6410754
9 20
35 7313802
31 138255
16 352
20 4123
35 8809405
3 2
44 615271012
2 2
9 18
7 17
4 1
38 11281501
29 244405
24 19451
22 14048
14 253
40 107568221
3 1
8 5
34 6021939
6 8
23 12883
17 2524
2 1
20 10082
24 7348
45 1511144053
14 228
4 1
33 5249122
24 8734
40 35569680
17 1252
21 2274
7 4
9 15
