100
31 1217592
15 132
14 463
9 14
3 1
15 926
39 13422555
14 320
14 419
29 9470
1 1
21 4577
20 8723
23 26099
31 1090026
35 5330354
35 13630354
21 4175
32 3430146
32 1974376
38 58180690
4 3
33 4264898
40 155110418
11 139
27 30966
29 826345
18 1748
25 41891
45 890129453
27 21260
41 240182326
17 891
3 3
21 6968
5 2
39 46446443
42 26739695
15 644
11 74
20 7979
28 212521
28 440098
33 3813925
41 89739276
16 922
22 27738
18 2188
4 5
32 1481512
39 80380796
15 261
7 18
14 422
35 2951938
45 1087186559
10 50
4 1
22 19608
17 1890
40 93271908
35 3922737
33 2125744
26 29692
36 7868956
34 4051525
1 1
8 6
23 21931
8 20
6 1
34 5523291
16 401
25 87399
8 14
33 564064
22 23957
5 8
4 4
35 7051140
6 2
27 181252
21 10258
32 2275773
7 19
24 5485
20 791
37 19940769
31 1134396
9 26
14 482
40 144254516
22 22557
25 117220
3 2
30 672575
36 9806869
18 3075
37 32880130
16 947
