300 300
001100101101100000011011111010110000011011101111010101011110111011000101010101100110111001000101001001000001111101010111011001001111110110001011111110010100001010101100100001011110111111011111111001000000100011010001101110001100100100101100011110000110010111101110000100101110101110110011101000000010
100111000101111010100111101100100111010100000101101110110001001010000010010011101000011110000101101100010011111011100010010000011111010010111010000011111111111111111111111111111111111111111111111111111111111111111111111111111111111111111111111111111111111111111111111111111111111111111111111111111110
101000010001111001100011011001110100101101011011111010111001111101011100111011100001011111110001100001010011101100001111000100011001100101011001011100111111111111111111111111111111111111111111111111111111111111111111111111111111111111111111111111111111111111111111111111111111111111111111111111111111
101100110100110111000110000111110000001011100111011010010001011001001010100010111100101011111011011110010011001011011010101010110101100011110011100101111111111111111111111111111111111111111111111111111111111111111111111111111111111111111111111111111111111111111111111111111111111111111111111111111110
011010111010010110011110101110100001010010001010011000011100010001100100110011100000100010010010100001010001111111101101000010000000100100111000001111111111111111111111111111111111111111111111111111111111111111111111111111111111111111111111111111111111111111111111111111111111111111111111111111111111
001011111110001001100010110100000001110100100010100101010001011111000110101110100100000000111000101110001110100110110101010100010110110000010100111011111111111111111111111111111111111111111111111111111111111111111111111111111111111111111111111111111111111111111111111111111111111111111111111111111110
011110110011111001000101100100011100111001110000000001111101001111011111000110111011100011011111010101011100111010100010111000101100001011010010010111111111111111111111111111111111111111111111111111111111111111111111111111111111111111111111111111111111111111111111111111111111111111111111111111111110
110000010101100110100010111010111111000011101111101000001101100011011010110100000101001101011001000100001011011101000100001011111100100011010100101111111111111111111111111111111111111111111111111111111111111111111111111111111111111111111111111111111111111111111111111111111111111111111111111111111110
010100001110010010100100111000111101111001100110100011010110101001110101011000011110011000011111010100001101011100100100100011110000000001100010100110111111111111111111111111111111111111111111111111111111111111111111111111111111111111111111111111111111111111111111111111111111111111111111111111111111
011011111011101101111111010111011110101011101011011100010101001100011110000101100011000010010110111000010001011011101100101010011010001101001110000101111111111111111111111111111111111111111111111111111111111111111111111111111111111111111111111111111111111111111111111111111111111111111111111111111111
011111110010110101011001111011000101111110101101100001100101000010001110100000110111011001001000001110101101010011110000100001101011001110011000010000111111111111111111111111111111111111111111111111111111111111111111111111111111111111111111111111111111111111111111111111111111111111111111111111111110
111010001001111101001000000100101101101001110001111111110100101111000100110110011000111100010101001001110101110110101101101111010100011001110001000010111111111111111111111111111111111111111111111111111111111111111111111111111111111111111111111111111111111111111111111111111111111111111111111111111110
010001101000000110101111100100001000110000000001011000101111100100100100110110000100010110000010100111100111011011011100100110100010100110011010101011111111111111111111111111111111111111111111111111111111111111111111111111111111111111111111111111111111111111111111111111111111111111111111111111111111
100011110110011000101111000011111110001111110110100010100001100011101010101010011110110111001100010001010011000110001010110000110110111111001110110001111111111111111111111111111111111111111111111111111111111111111111111111111111111111111111111111111111111111111111111111111111111111111111111111111111
001000101000101000011000101101111011001100010100001101111001110000100001000110110100010010100000010000100010011100101101001000001001100101100110111001111111111111111111111111111111111111111111111111111111111111111111111111111111111111111111111111111111111111111111111111111111111111111111111111111110
010110110101000001011000001111111000001111011011111001001111100000010100001001110000100101010010011101101001101001001111010011110000011101111010100011111111111111111111111111111111111111111111111111111111111111111111111111111111111111111111111111111111111111111111111111111111111111111111111111111110
001000101001111001010010111111001000010110001011111110111000110110111100101100011101110010011000011101010100110000100101010110001111111101110101011011111111111111111111111111111111111111111111111111111111111111111111111111111111111111111111111111111111111111111111111111111111111111111111111111111111
011000000000111100101101111001100000101101100011001011101011101110000111011010100000010111000011011000101011001111110101101100000110101110010101010010111111111111111111111111111111111111111111111111111111111111111111111111111111111111111111111111111111111111111111111111111111111111111111111111111111
110101101000111100000001001001110100011111100000100101111011000010110001110010000101010111011100111111100101110100001010110000001110000011000000000111111111111111111111111111111111111111111111111111111111111111111111111111111111111111111111111111111111111111111111111111111111111111111111111111111110
110011111101001110000100100101010110001110000011011001011011110100100100100101100001000101111111100010000001111110010111000111110111110110001010000011111111111111111111111111111111111111111111111111111111111111111111111111111111111111111111111111111111111111111111111111111111111111111111111111111110
011101010111010111010000000000110000111101010001010010010011000011000000101110011010010011110001101101110101100001000011000000111001001011100100001010111111111111111111111111111111111111111111111111111111111111111111111111111111111111111111111111111111111111111111111111111111111111111111111111111111
111011100010100110011010010000101011101100010000101000101110000111001100101000010101111000001100000000010111110000111000100010001001100110011110101101111111111111111111111111111111111111111111111111111111111111111111111111111111111111111111111111111111111111111111111111111111111111111111111111111111
011011101110101100101000101110111111001000010110101001011000011000111011010001011101000100010110001100001001001101101100001010010000000010110000111111111111111111111111111111111111111111111111111111111111111111111111111111111111111111111111111111111111111111111111111111111111111111111111111111111110
111101001001000100001100111100011101001101111101101010001011010000100101010000110111101001100101101111010010011001111111001010100111000100111111010101111111111111111111111111111111111111111111111111111111111111111111111111111111111111111111111111111111111111111111111111111111111111111111111111111111
000110010011101110010101011110100111011010101000101111010111101100001100010110100011111100010100110000001011101101110001000011100100001110001011101101111111111111111111111111111111111111111111111111111111111111111111111111111111111111111111111111111111111111111111111111111111111111111111111111111111
100011100001001111001011100010010111001001110101001100111110101010111111000010010110000111111110101010001000100101001010101110111110110001111101001100111111111111111111111111111111111111111111111111111111111111111111111111111111111111111111111111111111111111111111111111111111111111111111111111111111
110111010101111011000101011010110101010001010101000100001000010000101010111101000010000000000010101000011001111111101101001010001101111011100100010110111111111111111111111111111111111111111111111111111111111111111111111111111111111111111111111111111111111111111111111111111111111111111111111111111111
101011101111000111010011011010110000110011111001100101111010100100111110011011101110001110000010011100011110100010010111111111110000101000110111101010111111111111111111111111111111111111111111111111111111111111111111111111111111111111111111111111111111111111111111111111111111111111111111111111111110
111110000100101000001110000010011100100110011111111000101110110000111110011100001101010101110100011100101110110110010000110110111101110101101110111101111111111111111111111111111111111111111111111111111111111111111111111111111111111111111111111111111111111111111111111111111111111111111111111111111111
101001100011001000001010111101111011111010100001001110101111000111000100100100010101100011110101101110100110101010110111110100010111101100010110111100111111111111111111111111111111111111111111111111111111111111111111111111111111111111111111111111111111111111111111111111111111111111111111111111111110
101100000100011101111010010101110100101001001111000110011000111101000100000110100111110110110000100110100010000001011000111110110000000101100100001110111111111111111111111111111111111111111111111111111111111111111111111111111111111111111111111111111111111111111111111111111111111111111111111111111111
100111110000001000011010110110010001111011001101110010001100101110001101011101000100110000111000000001100000100011000010101001011011100100010010110101111111111111111111111111111111111111111111111111111111111111111111111111111111111111111111111111111111111111111111111111111111111111111111111111111110
011101011111001000000111110010011100001110111011010111000001010001011101010110001010110111100100001010111101111110111000110110110110101000111000001100111111111111111111111111111111111111111111111111111111111111111111111111111111111111111111111111111111111111111111111111111111111111111111111111111110
001100011010111010011100000000000110101001110011010010011011011000110010100011111010011100001111000001100101010110101011000111011001011001101100110100111111111111111111111111111111111111111111111111111111111111111111111111111111111111111111111111111111111111111111111111111111111111111111111111111111
100000110101101011010001001010010011000111001100001011110011010101001011111000100001001000110100000100001000010001001101110100100011001101101001101011111111111111111111111111111111111111111111111111111111111111111111111111111111111111111111111111111111111111111111111111111111111111111111111111111110
111000000010100111101111000010001101100101101110110000100110110001011010100001010011001110101101001000010010111000100011101000000101100100001101010011111111111111111111111111111111111111111111111111111111111111111111111111111111111111111111111111111111111111111111111111111111111111111111111111111110
100011011000111110010010000100000100001101110010011110111101101011011100111110101110101011000101101001011000000011001010111101110000101001111110111010111111111111111111111111111111111111111111111111111111111111111111111111111111111111111111111111111111111111111111111111111111111111111111111111111110
111100111111111101000110001111110000010001111011011001001110101101010011100011010110000110100001100001111100101111001010011111011011100010100000100001111111111111111111111111111111111111111111111111111111111111111111111111111111111111111111111111111111111111111111111111111111111111111111111111111111
011000010100011011100001000001000100101111110011011010110011111111100001111100001000001000110001011011101011111011111001110100001100110001111010100110111111111111111111111111111111111111111111111111111111111111111111111111111111111111111111111111111111111111111111111111111111111111111111111111111111
000111111110111101110000110011111100000111110100010110101100011000000011110000001010111001111011010001010010101000111000111010001001101010000101010110111111111111111111111111111111111111111111111111111111111111111111111111111111111111111111111111111111111111111111111111111111111111111111111111111110
011101101101111001111111101110010110101011000101010101000111010011001100001111011011111110010111011011010101101000101110101110010111100111001100100111111111111111111111111111111111111111111111111111111111111111111111111111111111111111111111111111111111111111111111111111111111111111111111111111111111
010110010010101110100110011010110101110010000101111101100100111111000101100110101001110000000111001110000010000110100100100110000011011000001100110101111111111111111111111111111111111111111111111111111111111111111111111111111111111111111111111111111111111111111111111111111111111111111111111111111111
101101101101011100110001001100110011101110011000001001001111101000100011010010010100000111001100110101000000101111011000011101101111001100110010011110111111111111111111111111111111111111111111111111111111111111111111111111111111111111111111111111111111111111111111111111111111111111111111111111111110
101111100110100101100101001100000011100101110000110000101011001100010000001001011011000101011101100011011011110010010011110110000101010111000011011110111111111111111111111111111111111111111111111111111111111111111111111111111111111111111111111111111111111111111111111111111111111111111111111111111111
000101000101101000100000101010110100110100010101111111101000011010001011110100010101110000100011011100011101110100111101110111000110101010101101111101111111111111111111111111111111111111111111111111111111111111111111111111111111111111111111111111111111111111111111111111111111111111111111111111111111
001001111101100101000010001110101101001111001111011000001000011101101001101011010100001101110001011111000011111101001110011011111110011010001101000111111111111111111111111111111111111111111111111111111111111111111111111111111111111111111111111111111111111111111111111111111111111111111111111111111111
011001001110010001101010010011101011111000010110001100101100011110111011100111110000111001101000011111001110011011100010100000101011111001010111000001111111111111111111111111111111111111111111111111111111111111111111111111111111111111111111111111111111111111111111111111111111111111111111111111111111
000110111110001110000100000101111100010101101110111101111001110010111101001111100011010110101100011100100011111010111110100011110011001001100001111000111111111111111111111111111111111111111111111111111111111111111111111111111111111111111111111111111111111111111111111111111111111111111111111111111111
011011100111001010001000001111110010000011111111101000010101100101101011100110000110111110000010111110000010010011101000000011100011010001001110000100111111111111111111111111111111111111111111111111111111111111111111111111111111111111111111111111111111111111111111111111111111111111111111111111111110
111111010010010111101010111100100011010000101110010010001111000011111011001100101100110101000001000101000110100111110000101111011001001010000010111111111111111111111111111111111111111111111111111111111111111111111111111111111111111111111111111111111111111111111111111111111111111111111111111111111111
100110000101111111011101001110000111100110011100010100100001001110000000001001000000011011111001111111100000000010111000110000111101001001001110100100111111111111111111111111111111111111111111111111111111111111111111111111111111111111111111111111111111111111111111111111111111111111111111111111111111
011111101010100111101000100101100000110001010101010110000011101101101101110100001011011111001100110010101111111001100110010110100101011100111011110001111111111111111111111111111111111111111111111111111111111111111111111111111111111111111111111111111111111111111111111111111111111111111111111111111110
000101011010000110111001101001011001000101101010001100000100011110110101101001101010010010011011000011101111001100111110000101001100001110010100101011111111111111111111111111111111111111111111111111111111111111111111111111111111111111111111111111111111111111111111111111111111111111111111111111111111
011111101110110101001100011000111100010101000011001110011111111001001011111001101010010111100010110000011111001111010011100001010100100011000111010111111111111111111111111111111111111111111111111111111111111111111111111111111111111111111111111111111111111111111111111111111111111111111111111111111111
001101111100101100000001010111111000101011100010010000001011100000010001111110000000100001110100000000001110010001011010111101000010010100101001100000111111111111111111111111111111111111111111111111111111111111111111111111111111111111111111111111111111111111111111111111111111111111111111111111111111
000101111011101000000100111001000010001101111011100110101001111110111111001100010001010010111101100011011100101010111111010100010101000010001100101111111111111111111111111111111111111111111111111111111111111111111111111111111111111111111111111111111111111111111111111111111111111111111111111111111110
101001001110101111011100100101111011111100101010101010100100011110011100010101111000011101100111110100100110001011010100000011000011101111101000000000111111111111111111111111111111111111111111111111111111111111111111111111111111111111111111111111111111111111111111111111111111111111111111111111111111
010011111011100001110101111011010000111010011011000000111010010000011101000101001011001010010010001011111100000101110011010001001001110101101100111110111111111111111111111111111111111111111111111111111111111111111111111111111111111111111111111111111111111111111111111111111111111111111111111111111111
101100110010000001010111110001101011011110110110000011000000010111100011001000000011111111110110100101101001000111000001111010000010100000010001100100111111111111111111111111111111111111111111111111111111111111111111111111111111111111111111111111111111111111111111111111111111111111111111111111111110
100110010010011011111001010011110111111100100001111111010100011000010100110110100011101111110100101111100101011011101010111101111010101101000001111000111111111111111111111111111111111111111111111111111111111111111111111111111111111111111111111111111111111111111111111111111111111111111111111111111110
101111110101010000010010001011011111000110011001000111111110010011111101100110011100001011010011101111010001100011001100001111001111110100010010110000111111111111111111111111111111111111111111111111111111111111111111111111111111111111111111111111111111111111111111111111111111111111111111111111111110
101000110000111110110000100000001101100000010101111111101101011101001001001011001110001101000111011011111000000111111001001010111010110010010001100100111111111111111111111111111111111111111111111111111111111111111111111111111111111111111111111111111111111111111111111111111111111111111111111111111110
100001100001000101001000011010111111001111010000101101111010100001100011010000010101110001010010000000101101111101011011000001001001010000111010011101111111111111111111111111111111111111111111111111111111111111111111111111111111111111111111111111111111111111111111111111111111111111111111111111111111
000100110000011011000011111010000010001001110010110111001110110101101010101000011001111000000010110111111011010111000010010000011100011010111010111110111111111111111111111111111111111111111111111111111111111111111111111111111111111111111111111111111111111111111111111111111111111111111111111111111110
010100101110110110010010111000001001011100100011010011001111110110011010000001110010100011010001001100110111010111101111110110110001000011100111100011111111111111111111111111111111111111111111111111111111111111111111111111111111111111111111111111111111111111111111111111111111111111111111111111111110
010010111001011011001010101100011111100000111010111010100011000010100101010111001110101100010111101111010011010101111001110101111001010011010000101000111111111111111111111111111111111111111111111111111111111111111111111111111111111111111111111111111111111111111111111111111111111111111111111111111111
011101110010000101101001110100101111001000010100010101010000011100101001010001000110011011011101010110011111001010111010011110011001100010010101010111111111111111111111111111111111111111111111111111111111111111111111111111111111111111111111111111111111111111111111111111111111111111111111111111111110
001010111011000101001000010110000011001110110100011111011000001000010101111111110011010110101001000111000111111110111100000101011101001001010101111011111111111111111111111111111111111111111111111111111111111111111111111111111111111111111111111111111111111111111111111111111111111111111111111111111110
101110000111101100110011100010110001001111001001010001110111110111101011111111011111000011000000110111010100101011101101001111100110011011001001111001111111111111111111111111111111111111111111111111111111111111111111111111111111111111111111111111111111111111111111111111111111111111111111111111111110
010011100111111000110100111000001100011100011001010010100010010000011100101001101110000001011111110110101011000101101101100011111000010111110100010110111111111111111111111111111111111111111111111111111111111111111111111111111111111111111111111111111111111111111111111111111111111111111111111111111111
000010001111110001110111111110011000000110101101011100000011011111111000010100111000000001010101000100100110101001010010111100000010100111100110011001111111111111111111111111111111111111111111111111111111111111111111111111111111111111111111111111111111111111111111111111111111111111111111111111111111
011001101100101100101100001001010111001000010101111011111011110010110010011100011100010111101100111001000011010100001000111001001001101101000101101101111111111111111111111111111111111111111111111111111111111111111111111111111111111111111111111111111111111111111111111111111111111111111111111111111110
011000100110101111001010000011010011001010100001100101111110001101001101111101011000101010100010110101010100100010000110000001100110011101111100001000111111111111111111111111111111111111111111111111111111111111111111111111111111111111111111111111111111111111111111111111111111111111111111111111111111
100000011011111000110011011100100101110110011110001010110100111101000110111000001000001010101010100011000100111011011000010110100101001011110011101101111111111111111111111111111111111111111111111111111111111111111111111111111111111111111111111111111111111111111111111111111111111111111111111111111110
110001101100011001010100010001010010000100101001001011100101010010110100000101101011101111010110101100000010101100010111010101110010010011110000000011111111111111111111111111111111111111111111111111111111111111111111111111111111111111111111111111111111111111111111111111111111111111111111111111111111
011010101000100001000100100100011100010111111010110100110101100000001011110111101111101111000100100101000011101010000111001011001010010011011110010001111111111111111111111111111111111111111111111111111111111111111111111111111111111111111111111111111111111111111111111111111111111111111111111111111110
101111010100000001111000000101001110001010110111010111011010110001101010000111000010111100111101010011001010010010011001011001100101011110011001000000111111111111111111111111111111111111111111111111111111111111111111111111111111111111111111111111111111111111111111111111111111111111111111111111111110
111101110110010100010000011011110001110110111001000001000110001100011000001101100100001100100010011001001001111101010100110110101001100100001011110100111111111111111111111111111111111111111111111111111111111111111111111111111111111111111111111111111111111111111111111111111111111111111111111111111111
011100101111111110010000110101101101111100011100101001001011001111010100101100110111001100000010111001001011001010100011001101110011101000000100100001111111111111111111111111111111111111111111111111111111111111111111111111111111111111111111111111111111111111111111111111111111111111111111111111111111
111100111101010000000001101101100010010100001011111101110000110100101101101010100010001001010100101011111010110110110011100111001100011111000011001100111111111111111111111111111111111111111111111111111111111111111111111111111111111111111111111111111111111111111111111111111111111111111111111111111111
001001111100110001011010010001101010101000011001001100101011100101101001011111111011000001101111001000111000110011001000110011111111110011010010110110111111111111111111111111111111111111111111111111111111111111111111111111111111111111111111111111111111111111111111111111111111111111111111111111111111
110110000011100010000101000001100001001000101100100010101101110110100001101011010011001111101100110111001100101100010000110000111111011110000111010010111111111111111111111111111111111111111111111111111111111111111111111111111111111111111111111111111111111111111111111111111111111111111111111111111110
101011010010100010110101011010110011001000010111111101010011000010010110101110001110011010110001000010000111111110111001010010010011011000100011000000111111111111111111111111111111111111111111111111111111111111111111111111111111111111111111111111111111111111111111111111111111111111111111111111111110
110010100101001010001000110110101101011001111111111001010111101101001101000011101001110101010000100010000001011110001011010011011011011101000011011110111111111111111111111111111111111111111111111111111111111111111111111111111111111111111111111111111111111111111111111111111111111111111111111111111110
001101111011100111101101011100000011100101001010100110011001001101001010010101011000111011011100000011010000100010001100000100101100001101110111011101111111111111111111111111111111111111111111111111111111111111111111111111111111111111111111111111111111111111111111111111111111111111111111111111111110
100000001011111100000101111001111111111101010101001001110110001101010100001100000100011001001111011111110100100110011110010010111000000010001010010111111111111111111111111111111111111111111111111111111111111111111111111111111111111111111111111111111111111111111111111111111111111111111111111111111111
111101001111001001101111001001110000000100000000110100000000111100000010010010011101100100110010010111100000011001111100011010001011101101110010101101111111111111111111111111111111111111111111111111111111111111111111111111111111111111111111111111111111111111111111111111111111111111111111111111111111
010000010000111100000100010001000000001000011110010000001000110110001101111100101101111111110100100000011100110001100011100011001011011001011011101100111111111111111111111111111111111111111111111111111111111111111111111111111111111111111111111111111111111111111111111111111111111111111111111111111111
011011101001110000000110000001000110100000010010010001000000000001010110110111011011000000001011010001001010010101001000100001101101011111010000110110111111111111111111111111111111111111111111111111111111111111111111111111111111111111111111111111111111111111111111111111111111111111111111111111111110
110010111100011110000000010111100101010110010101101001010000110110110101000010110011110000010011000010111110101000100100101100000010101001011010000010111111111111111111111111111111111111111111111111111111111111111111111111111111111111111111111111111111111111111111111111111111111111111111111111111110
001000001011110000011111111110110010011110111111011100011110101000001100111000001110111010000100111001000000001010000101001010101001111110110010110111111111111111111111111111111111111111111111111111111111111111111111111111111111111111111111111111111111111111111111111111111111111111111111111111111111
001111110100001110010100101000110010001010110001101101111111111010010101111111100010111000111011010010001101011011000100011101000111110100001110010010111111111111111111111111111111111111111111111111111111111111111111111111111111111111111111111111111111111111111111111111111111111111111111111111111111
001100111010111010010000100101001111110010001000001101101111011000111000000100110001111000111011000000001111100000111010001100010011111001101000011011111111111111111111111111111111111111111111111111111111111111111111111111111111111111111111111111111111111111111111111111111111111111111111111111111110
101110010110001101011001001101011100101111111111010111011001100111101111000111100111000000110001101010111000110010110010011110000001000100010011010010111111111111111111111111111111111111111111111111111111111111111111111111111111111111111111111111111111111111111111111111111111111111111111111111111110
001100001001011011011011100010111101101001100111010110010011110000110000111100001011000101010110100000011100100110010000110001010010000010011000001000111111111111111111111111111111111111111111111111111111111111111111111111111111111111111111111111111111111111111111111111111111111111111111111111111110
111111100000011011111001000000001010101101000101001101010010100001111011110000100011010001011011101000101101011000101101100000010111101001100000000110111111111111111111111111111111111111111111111111111111111111111111111111111111111111111111111111111111111111111111111111111111111111111111111111111110
010011011100011101110110100101110110001111100010101111101101110100110101001100100111010100011111100111001011001111010000010101111101001100110000101110111111111111111111111111111111111111111111111111111111111111111111111111111111111111111111111111111111111111111111111111111111111111111111111111111110
101101110001010001100011010000100110001001101111100101000100101110111011100001011001111101111000111010101111010110001111100010101000111010111110110111111111111111111111111111111111111111111111111111111111111111111111111111111111111111111111111111111111111111111111111111111111111111111111111111111110
000110011010011001100011110111000001000011011111000011101110111111001000000111010011001111100010110100100111110101001110001110100110110101010000100001111111111111111111111111111111111111111111111111111111111111111111111111111111111111111111111111111111111111111111111111111111111111111111111111111110
100011100101100001011011000100101100110100110110101001001011101001010101110010000000100010100100001110011010010011001100100110011100101110110001100010111111111111111111111111111111111111111111111111111111111111111111111111111111111111111111111111111111111111111111111111111111111111111111111111111110
110010100111111010111011010111010101111100000101110110001110011001111101111101000110110001000101100011100100000111101101000000110011100110100010100011111111111111111111111111111111111111111111111111111111111111111111111111111111111111111111111111111111111111111111111111111111111111111111111111111110
001101101011100001100110010010100000011100010011111100011011011111111001000100011111010110011000100000111001001110011110111010010010111011111001000111111111111111111111111111111111111111111111111111111111111111111111111111111111111111111111111111111111111111111111111111111111111111111111111111111110
110110011111110010100000011010010001100001110011000000101000001011100100011110000000010110001100100110101011011001001000000111101110100101001101001101111111111111111111111111111111111111111111111111111111111111111111111111111111111111111111111111111111111111111111111111111111111111111111111111111110
001100110101111110010001111101001111101101110000001011100010110000000110001100100001111101110001001010111001010110000010111111011110000110010001110111111111111111111111111111111111111111111111111111111111111111111111111111111111111111111111111111111111111111111111111111111111111111111111111111111110
010001100011001000101101100001110101111100000000001111101111101101010100000001111000110111000110001111111000111011001010000011001111000100111010011100111111111111111111111111111111111111111111111111111111111111111111111111111111111111111111111111111111111111111111111111111111111111111111111111111110
110010000001111110000110100011010001000000111000100100110011100000110110111010100110111111001101100010011010001000111010111001001001000101000110101100111111111111111111111111111111111111111111111111111111111111111111111111111111111111111111111111111111111111111111111111111111111111111111111111111111
110000000011001101101000101110100100000010110101001101111000110110111010011000100010101001110101000100101001001000000100010110010100110011101001011000111111111111111111111111111111111111111111111111111111111111111111111111111111111111111111111111111111111111111111111111111111111111111111111111111111
001100010111100000011001001111010110111111101111011111111011010001011000110011110001011100001101000100110011110010110010010100010001100100011010010011111111111111111111111111111111111111111111111111111111111111111111111111111111111111111111111111111111111111111111111111111111111111111111111111111111
100001100010001000000010101001010010101100010110001000110000101101011110111100100010100100010110011000011100110001011001001000001001000010011011010101111111111111111111111111111111111111111111111111111111111111111111111111111111111111111111111111111111111111111111111111111111111111111111111111111110
010101101011000100000110010010001001111110000010010011110110110000110001011010000001010010001111101111110000100110010011001010101000011011000011110101111111111111111111111111111111111111111111111111111111111111111111111111111111111111111111111111111111111111111111111111111111111111111111111111111110
100110000110110001101000111110100101001010001100000100111000010010011110011101101101111001001110111000101000110110000110110001000101111011011100100101111111111111111111111111111111111111111111111111111111111111111111111111111111111111111111111111111111111111111111111111111111111111111111111111111111
111101111100011101100011010010011101011111110000010011110100101101000101010001100100111101100010110010110000110100111111001010000101100100111100101010111111111111111111111111111111111111111111111111111111111111111111111111111111111111111111111111111111111111111111111111111111111111111111111111111110
001110000001111110100011011011111101101111100011001001000111001011100001111110010000100111110011100100011100111111101010100101100110100010011100100000111111111111111111111111111111111111111111111111111111111111111111111111111111111111111111111111111111111111111111111111111111111111111111111111111110
111011100101010010010111110101100101011000111110111100000110010000100000011101110101101110111111001011010010101111010101001110111010001000111000011000111111111111111111111111111111111111111111111111111111111111111111111111111111111111111111111111111111111111111111111111111111111111111111111111111110
010000111101001010001111011111111011000110000000010101000011110011010001101100101111000101010101000000011111100001001011101011111001001110110110011010111111111111111111111111111111111111111111111111111111111111111111111111111111111111111111111111111111111111111111111111111111111111111111111111111111
011001110100101110011110101011010101010001111000011000010101001111010011100001010110010010010101000011100010111110110111110101001010001000011000001011111111111111111111111111111111111111111111111111111111111111111111111111111111111111111111111111111111111111111111111111111111111111111111111111111110
111000111101011101100110100111100010001110101011001010010000110011001011001110010110111011011010010110010101100011010110011110011011010111001101000111111111111111111111111111111111111111111111111111111111111111111111111111111111111111111111111111111111111111111111111111111111111111111111111111111110
110001101110000111000111101000111111111001001110000010100101100110001011111000110111110000110100110011101001110110101101110011000011001111001110100011111111111111111111111111111111111111111111111111111111111111111111111111111111111111111111111111111111111111111111111111111111111111111111111111111110
011011101001111100001010011011000111000100010010010101100000100111110100110111010010000011001101010001110111010011110101001011100100010001100011101111111111111111111111111111111111111111111111111111111111111111111111111111111111111111111111111111111111111111111111111111111111111111111111111111111110
100100111100101101111011110100010000010100000111000100011101110110000010010001110000010100011001001000100110101100101111010110001101010011001010000100111111111111111111111111111111111111111111111111111111111111111111111111111111111111111111111111111111111111111111111111111111111111111111111111111111
100101100111111111000010110101101111101111010001101100110100000111000011100100010110101100100101100101011101101010010000001011101110101010000100111111111111111111111111111111111111111111111111111111111111111111111111111111111111111111111111111111111111111111111111111111111111111111111111111111111110
101111100110111111011010111001101010100101111000001100010110000100110110101011011100101101001000011110101100001011000100000000010101011101111010110100111111111111111111111111111111111111111111111111111111111111111111111111111111111111111111111111111111111111111111111111111111111111111111111111111111
111001101000010101010100000111111001111010111100101110010001101001100101110010001010010010010111011001111110100001101100101011110010101010010010000111111111111111111111111111111111111111111111111111111111111111111111111111111111111111111111111111111111111111111111111111111111111111111111111111111110
111111100000001010010101001110001110000010010011011001111000000000000111110010111000111101101001010001010010011011011101011110111101000000011010111001111111111111111111111111111111111111111111111111111111111111111111111111111111111111111111111111111111111111111111111111111111111111111111111111111111
110111010001011010010100010100100111110110111010000110101110010001110110101001011000110010011011101010000100001111001000011110110011011001011000100011111111111111111111111111111111111111111111111111111111111111111111111111111111111111111111111111111111111111111111111111111111111111111111111111111110
001011110010100010100000000110001100010001010001010110110101001101101111110100001010010100001011111000110000010010001011110011110011110111110111101000111111111111111111111111111111111111111111111111111111111111111111111111111111111111111111111111111111111111111111111111111111111111111111111111111110
001001110001010111000101101111101101011101000011110100010100100010011101001000111100011000010001000011111110101100101001011011101000111000000010000101111111111111111111111111111111111111111111111111111111111111111111111111111111111111111111111111111111111111111111111111111111111111111111111111111111
001011101111110100101111011000110010100000111100000111001101110111111011011101101011111001111110001001100000011110010110110001011010100110110001110100111111111111111111111111111111111111111111111111111111111111111111111111111111111111111111111111111111111111111111111111111111111111111111111111111111
111111100000101000111010001110011101111101111010001100110001000000110000011111111000001101010110101101100101010100100011000011001101010000101101110001111111111111111111111111111111111111111111111111111111111111111111111111111111111111111111111111111111111111111111111111111111111111111111111111111111
010110000111101001100101110110111100110101010110001001110100011101010000001011011111001101101011111001000001101000001111001100100000100100110000001110111111111111111111111111111111111111111111111111111111111111111111111111111111111111111111111111111111111111111111111111111111111111111111111111111110
101111100100101001000000010000100010110100100100000000001001010101110111101111111110110101000010000011101011100110111101000111110111010011110101110100111111111111111111111111111111111111111111111111111111111111111111111111111111111111111111111111111111111111111111111111111111111111111111111111111111
101100001101011111110010001110111001001011101010001000001010011110100000010111110100101000011001011001000011001011011110001101001101011010010110001110111111111111111111111111111111111111111111111111111111111111111111111111111111111111111111111111111111111111111111111111111111111111111111111111111111
011001001011101010110111011000010110000001111010011001100011110101111010101101110110010011100111110011001011110100101100101110001010111010001011001100111111111111111111111111111111111111111111111111111111111111111111111111111111111111111111111111111111111111111111111111111111111111111111111111111110
101010111011111001011000000010010111010111001101100011011110100111010001011100010101000110100111111101100011010100001110111100010110100101010101101011111111111111111111111111111111111111111111111111111111111111111111111111111111111111111111111111111111111111111111111111111111111111111111111111111111
110001000001100100110001011101010110001001010000010100001111101110010100001001111101101001111000101111001100111001111011110011001001101111101001111000111111111111111111111111111111111111111111111111111111111111111111111111111111111111111111111111111111111111111111111111111111111111111111111111111110
001100110110100111100110011101101100111100000011100101100010111101110000100100110100010110111001110110001001011101101010011111010000000110111001100001111111111111111111111111111111111111111111111111111111111111111111111111111111111111111111111111111111111111111111111111111111111111111111111111111111
110001001101101011110010101100101101001110010111001000010001011101000011010011011100101100001110100100001100000010000101101101111101101111100101100010111111111111111111111111111111111111111111111111111111111111111111111111111111111111111111111111111111111111111111111111111111111111111111111111111110
111000011100110001100100111111110001000101110111011101100010001001100010111101010100010110110001011011000100001001100110101011111010111101011111100101111111111111111111111111111111111111111111111111111111111111111111111111111111111111111111111111111111111111111111111111111111111111111111111111111110
011011100011100010000111110110101100011110000001011001010011001010001111011010001101001010110110100011110101101010100001001110100100001011101101111101111111111111111111111111111111111111111111111111111111111111111111111111111111111111111111111111111111111111111111111111111111111111111111111111111110
110101000011111101001010001110111001110011100110010110110010101001000000110100111001000001010100100100110000011110010100000000110100001001000010001011111111111111111111111111111111111111111111111111111111111111111111111111111111111111111111111111111111111111111111111111111111111111111111111111111111
001000001100100110101111111101001100100011101101011110001110010100100001111011111100100111110100100101010111110000010001110101111001100101110110010010111111111111111111111111111111111111111111111111111111111111111111111111111111111111111111111111111111111111111111111111111111111111111111111111111111
100001010000011111110011101000100100010010110001110110100000010001100111100101100110100111110001111100010011101010011000101001110000100101001100001100111111111111111111111111111111111111111111111111111111111111111111111111111111111111111111111111111111111111111111111111111111111111111111111111111111
110000001101110110100110110111010010010101010101111110101100001000101111010000110011001001001011001010100000000001111111010011101100110111001001100011111111111111111111111111111111111111111111111111111111111111111111111111111111111111111111111111111111111111111111111111111111111111111111111111111110
101101011000001011101111000010100010001101110011101000100101010011111000011000110000010010011011100111110010000000101100001101001110001000100100110011111111111111111111111111111111111111111111111111111111111111111111111111111111111111111111111111111111111111111111111111111111111111111111111111111111
111100011010110110111100101110001111111010001010100010110001001111100010010100010010001011011110000101101111110011010101000111101111101011110110011001111111111111111111111111111111111111111111111111111111111111111111111111111111111111111111111111111111111111111111111111111111111111111111111111111111
010101110111000000111010111011001001110101100100011100010101001111000100010000000100001011110011011001110111001011011110100111010111100101001001100110111111111111111111111111111111111111111111111111111111111111111111111111111111111111111111111111111111111111111111111111111111111111111111111111111111
010011101011000001010010001000000011000111011011000001011110010001100111000101001100001000000000010011111110010001011111111111111110101010000100001110111111111111111111111111111111111111111111111111111111111111111111111111111111111111111111111111111111111111111111111111111111111111111111111111111110
110100101011010000011010010011110111101100001011010111111110101110010101101000001000011110100010101111011011011001001010000101111011110011101001001100111111111111111111111111111111111111111111111111111111111111111111111111111111111111111111111111111111111111111111111111111111111111111111111111111110
011010001001110010001011001010111010001101010011011111011001010010010100001000100111011111000101100100100010000011010110010000110100111110100100001010111111111111111111111111111111111111111111111111111111111111111111111111111111111111111111111111111111111111111111111111111111111111111111111111111110
001001000011010001100111011000010111111110100100111110111011010111001110000000010101110001001010010111110010011011101111111011010001100101101010000101111111111111111111111111111111111111111111111111111111111111111111111111111111111111111111111111111111111111111111111111111111111111111111111111111110
111111111111111111111111111111111111111111111111111111111111111111111111111111111111111111111111111111111111111111111111111111111111111111111111111111101000010101101001100010110111111101110110010011111010010100100011101010000000011100111010110111011111001001011111111010000110111001100010110000100101
111111111111111111111111111111111111111111111111111111111111111111111111111111111111111111111111111111111111111111111111111111111111111111111111111111010100001001011111001011000010011010110000010001001001101000111110111001000100001010010010100110111110110010101100010111010100110100010011100100010111
011111111111111111111111111111111111111111111111111111111111111111111111111111111111111111111111111111111111111111111111111111111111111111111111111111001100100101110011110111101000010100100110110110111101010001011110000100000101101010011101011111111010110100001101111011110010010110000010110101001011
011111111111111111111111111111111111111111111111111111111111111111111111111111111111111111111111111111111111111111111111111111111111111111111111111111011100001000010101011111111111111110100010011111110010000000000100001100101000111001100010011110100000110110111000110000000100010010100000110101110011
011111111111111111111111111111111111111111111111111111111111111111111111111111111111111111111111111111111111111111111111111111111111111111111111111111011001100100101001111010111001011110110100111011100110110011110100001000000010001000111100101010001110001001101011100100110111010111000000111011101010
011111111111111111111111111111111111111111111111111111111111111111111111111111111111111111111111111111111111111111111111111111111111111111111111111111100110011011110101111101111000101010110011111101101000011110110100010010001010010001111100100011010001010100010111111100011101001111011011010110001110
111111111111111111111111111111111111111111111111111111111111111111111111111111111111111111111111111111111111111111111111111111111111111111111111111111110011001001000100011100101100001101000000010011111001110110010010000011000110000111110010101001000101110011101100010001010000111101110100000110101101
011111111111111111111111111111111111111111111111111111111111111111111111111111111111111111111111111111111111111111111111111111111111111111111111111111110001100100111011001101110010111111100000000001010100110100100100110011000010111101000100001101011111101010101010010010111011011001011011101100000011
011111111111111111111111111111111111111111111111111111111111111111111111111111111111111111111111111111111111111111111111111111111111111111111111111111001100001100101001000011100101000110010101110010001111100011111001011001101001111001100010000001011011100011010010001001000101110011111110000010100000
011111111111111111111111111111111111111111111111111111111111111111111111111111111111111111111111111111111111111111111111111111111111111111111111111111010010011011101001100111101011100010000011111010101001001011111001001111110111100001001010011100011110101101110001001100101111111101011001001100000101
011111111111111111111111111111111111111111111111111111111111111111111111111111111111111111111111111111111111111111111111111111111111111111111111111111110100010000100100001011000000001010011110000011001001001010100000100111001011000000100101010011011010011001110011100111011100010100101111110000101010
111111111111111111111111111111111111111111111111111111111111111111111111111111111111111111111111111111111111111111111111111111111111111111111111111111101111101101110100001001011100100001010101101011110001011011010100101100010110111100010100110010100110100000011110001101011011111000010001110001110111
111111111111111111111111111111111111111111111111111111111111111111111111111111111111111111111111111111111111111111111111111111111111111111111111111111101001111110101111010111110101011001100100001000110110100011011010001010101111010001100100010001101110111011101000100011111111001001100011001110000111
011111111111111111111111111111111111111111111111111111111111111111111111111111111111111111111111111111111111111111111111111111111111111111111111111111010001101001111101101111101101101000010000001100001001011100001101001110110010110000101110100010000100111010011100101101001101010011110101101100100011
011111111111111111111111111111111111111111111111111111111111111111111111111111111111111111111111111111111111111111111111111111111111111111111111111111100001100111011000000010111110010101101110100100011011100111011010001011001001000011101111010001101001110000001111001101101110011001111001011011001101
011111111111111111111111111111111111111111111111111111111111111111111111111111111111111111111111111111111111111111111111111111111111111111111111111111000111100101111101100100110011110111100111001100111101000111100101101111100100001010011101111100001010000010100100011010101110100011001001100000100010
011111111111111111111111111111111111111111111111111111111111111111111111111111111111111111111111111111111111111111111111111111111111111111111111111111110101101010101001011010001111011100001010110001101111111001011000101010001110100010111001011110110001101100111010111010010000000110100111110111010101
111111111111111111111111111111111111111111111111111111111111111111111111111111111111111111111111111111111111111111111111111111111111111111111111111111001100110100010111010100011101001101001011110100110011111001110010011011101101010111101011110001100110010111100000011010000110111011010101110100100110
111111111111111111111111111111111111111111111111111111111111111111111111111111111111111111111111111111111111111111111111111111111111111111111111111111011100011010010110101100101100011110110100110000100110100110000101001011111010000001011110010100000100010101110100100111011100010011111110101100001100
111111111111111111111111111111111111111111111111111111111111111111111111111111111111111111111111111111111111111111111111111111111111111111111111111111001011101011110010111011111000101111011001110101110000010000101011011111111101111011101010100100000000001001001011010001000010000000100101001001111100
111111111111111111111111111111111111111111111111111111111111111111111111111111111111111111111111111111111111111111111111111111111111111111111111111111011100000011001001000001001100111100000101100000100111110101101100111110110100000010101110001011100100011010101011001111011011101001100101111000011011
111111111111111111111111111111111111111111111111111111111111111111111111111111111111111111111111111111111111111111111111111111111111111111111111111111100011101101000010101100110000110001001010101001101101011010101100000111111110000011000000100011001100010111101111101110011100010111000101000001111110
111111111111111111111111111111111111111111111111111111111111111111111111111111111111111111111111111111111111111111111111111111111111111111111111111111001011100011011001010110100011011010011110000001100100011111100111110101101110110111111011101100111000001111000001010011000110111101001011111101110101
111111111111111111111111111111111111111111111111111111111111111111111111111111111111111111111111111111111111111111111111111111111111111111111111111111101000010000000111000101110110100101001101011111110000100010000110001111000100101110010001001010001011110000101110101101111101101000111010100011100101
111111111111111111111111111111111111111111111111111111111111111111111111111111111111111111111111111111111111111111111111111111111111111111111111111111000101111011111011110011110011110100010010000011000111110100001010010100001011111101101100101011011010100010100010001100011000000001010001010011110100
111111111111111111111111111111111111111111111111111111111111111111111111111111111111111111111111111111111111111111111111111111111111111111111111111111110001000110100110110011011110000100111100001000010101110110010011000110100101011011100010011101011000010111011011111001001010001010010110100010111010
011111111111111111111111111111111111111111111111111111111111111111111111111111111111111111111111111111111111111111111111111111111111111111111111111111100111010110000000101111011110101110110110010010100010100101101111000111010011111000000000000111100110110010010000011100011100101010010100000001111111
011111111111111111111111111111111111111111111111111111111111111111111111111111111111111111111111111111111111111111111111111111111111111111111111111111111000010010010101010011110101001101100001011111100110111010010010010100010011101001100101100010011101001111010111100111111000001010101010000101100110
011111111111111111111111111111111111111111111111111111111111111111111111111111111111111111111111111111111111111111111111111111111111111111111111111111001011010111101110101010000000001000110100001101011110000100101101001110110101011011001000011010001100000111101001010101100111010110111111011001111101
011111111111111111111111111111111111111111111111111111111111111111111111111111111111111111111111111111111111111111111111111111111111111111111111111111111111001000010101011101110100000010010101101110101001101001001101011010001001110000111000001011001101100010111101111101101011010000111111111001101001
011111111111111111111111111111111111111111111111111111111111111111111111111111111111111111111111111111111111111111111111111111111111111111111111111111001000010100110010101100011010111101001101011001000100100110001010000011100010010000011011101110001000111000001010000010001011110111101101001111001001
011111111111111111111111111111111111111111111111111111111111111111111111111111111111111111111111111111111111111111111111111111111111111111111111111111111101110001100010001001110100101011110010111011100010101100110000010010111011001011111001000001101010010010001000111000110110010100001111100101110110
111111111111111111111111111111111111111111111111111111111111111111111111111111111111111111111111111111111111111111111111111111111111111111111111111111110001011100111100110000110011101101011011100101110011001011000011111011000111110100011001101001010000011100100111111111000101111000111000011101100010
111111111111111111111111111111111111111111111111111111111111111111111111111111111111111111111111111111111111111111111111111111111111111111111111111111111000101100111010110110011110011010110001101010011010010110110111011010011100110100110011000010010100110101011100010001111001011001101110101111000111
111111111111111111111111111111111111111111111111111111111111111111111111111111111111111111111111111111111111111111111111111111111111111111111111111111110100000110000100010100101011111011011111010001110000101010010010011010100001110010111100101010000110000111100010101010110101011110011101001011100110
111111111111111111111111111111111111111111111111111111111111111111111111111111111111111111111111111111111111111111111111111111111111111111111111111111010110011011011100100111110101110100100001111110000000101010101000111101001101100010110011110000101010000000011000110111111110111100010100101111000011
011111111111111111111111111111111111111111111111111111111111111111111111111111111111111111111111111111111111111111111111111111111111111111111111111111000110000111000100010111011100101010111101010010110100111111011101101011101110000001000010011000001111011111000110101001101011111010010010101001110110
011111111111111111111111111111111111111111111111111111111111111111111111111111111111111111111111111111111111111111111111111111111111111111111111111111000001001110010001011001101001010101111111001110001001110011111001000010011111100001110100111000100100110001111101101111110110110001011111100000011100
111111111111111111111111111111111111111111111111111111111111111111111111111111111111111111111111111111111111111111111111111111111111111111111111111111010101001111001001101000010100111111001011000011010011010001101111001001100010101000101101001011110010000011111110101110010010110001101110001111101110
111111111111111111111111111111111111111111111111111111111111111111111111111111111111111111111111111111111111111111111111111111111111111111111111111111101001001110110111101000100011011000011011000101000111011100100111101101101110011110010010000111001000001100010100101001011111000101100011011000011000
011111111111111111111111111111111111111111111111111111111111111111111111111111111111111111111111111111111111111111111111111111111111111111111111111111101011110000110110000101010100110010011001000011111101111100010010100000010110100011000011011011110010010000011111100100010010011000001000110101101010
011111111111111111111111111111111111111111111111111111111111111111111111111111111111111111111111111111111111111111111111111111111111111111111111111111101010110110010000100100000100100110100011001110000110011010001001010001001111011110101101000011000100011010001101010010100101010000000100010001100001
011111111111111111111111111111111111111111111111111111111111111111111111111111111111111111111111111111111111111111111111111111111111111111111111111111110010010110001001100010001010010011010011110011001000101100001110100011110011000110100010110111111110111101111111011010111100100110000001111010001100
111111111111111111111111111111111111111111111111111111111111111111111111111111111111111111111111111111111111111111111111111111111111111111111111111111000110100101110011001010011010001000000100100101001000101011100101010001000110010111011011000111101100101011010000001001011101000101101100110000000010
011111111111111111111111111111111111111111111111111111111111111111111111111111111111111111111111111111111111111111111111111111111111111111111111111111001101011000101000100100100111010111000100010110010001101100111111011001010111011011000001110011001001000111000000100010110001011000011111100000010010
011111111111111111111111111111111111111111111111111111111111111111111111111111111111111111111111111111111111111111111111111111111111111111111111111111001110010111001000111100110000010100110111000111111100011000111011000111100000001010101101111101111100000000001111101011100001101101000100110001100011
011111111111111111111111111111111111111111111111111111111111111111111111111111111111111111111111111111111111111111111111111111111111111111111111111111111011100010011000011110111111010000011010100111010100100011101111100001001100011000000011010001110100000011101101111100101111100010011111101011001100
111111111111111111111111111111111111111111111111111111111111111111111111111111111111111111111111111111111111111111111111111111111111111111111111111111101100101100101001011101111000000100100110110101011001001100011010000000011110001001110100000101000000110011100001100010010110000001010011111110011010
011111111111111111111111111111111111111111111111111111111111111111111111111111111111111111111111111111111111111111111111111111111111111111111111111111111000100111110111010010010111011110011100100111000001000110011010111110001000100111111110110110001111110010001110000001010010011001100001110101101100
011111111111111111111111111111111111111111111111111111111111111111111111111111111111111111111111111111111111111111111111111111111111111111111111111111110001010001011001110011000000101101111000001001110001101000100011011000101111101111100110011100011011101000001111101010111010110111010111111001010010
011111111111111111111111111111111111111111111111111111111111111111111111111111111111111111111111111111111111111111111111111111111111111111111111111111010001100011011101001110011001001100110010010110011100001001010001000000010011101010100101110100100101011011001011001101001000110110100001101001110000
111111111111111111111111111111111111111111111111111111111111111111111111111111111111111111111111111111111111111111111111111111111111111111111111111111100001000010101011011001011100011100101011111001001011010001111100110010111000000100111111011101110000111110110000100000111011110001100110010110011001
011111111111111111111111111111111111111111111111111111111111111111111111111111111111111111111111111111111111111111111111111111111111111111111111111111111011011111010111000101010001111100011010111101010111000111101111100110100001110111011101001000101001111101100100011001000010110001100010100011101100
111111111111111111111111111111111111111111111111111111111111111111111111111111111111111111111111111111111111111111111111111111111111111111111111111111011101000011001100101111101010000010111100110100111001111110001010111001001100101011001011101101111101010001111100011011101001011011101110001110110011
011111111111111111111111111111111111111111111111111111111111111111111111111111111111111111111111111111111111111111111111111111111111111111111111111111011000000001100101111010000001101101000110101101000101110110100010110001000011110111100001010010101100101000101101010100000000100111110110000001111111
011111111111111111111111111111111111111111111111111111111111111111111111111111111111111111111111111111111111111111111111111111111111111111111111111111000100000110010000010010100011000010011001001110000001011010101000110100001111000011000011110010011010111001100101101111010001110110110110100100001100
111111111111111111111111111111111111111111111111111111111111111111111111111111111111111111111111111111111111111111111111111111111111111111111111111111010010110010001000100000011110010011010011000111010101100011000000111001111000111101111001100110111010111111111101001110101100100110101100011010011101
011111111111111111111111111111111111111111111111111111111111111111111111111111111111111111111111111111111111111111111111111111111111111111111111111111110110000101100111110010001100010111000001111100000000110111000111100011001000000111000110111101101100000100010011111100101001000010010111010111001101
011111111111111111111111111111111111111111111111111111111111111111111111111111111111111111111111111111111111111111111111111111111111111111111111111111010010011100001011111000101110001000110110101100010010110111000111010001111111101010010111111111101101100011010100010011000101001010011100001011111101
011111111111111111111111111111111111111111111111111111111111111111111111111111111111111111111111111111111111111111111111111111111111111111111111111111111011010011011111100101010100101000010100000000100111001000010111011100000111001100000101011110001110111111011110010011011111111110000011110100000100
111111111111111111111111111111111111111111111111111111111111111111111111111111111111111111111111111111111111111111111111111111111111111111111111111111010000010110100101010000001101001001000101011111010000110010000011110011010000101011011011000010100101101010011010101001111010000000011110001111010011
011111111111111111111111111111111111111111111111111111111111111111111111111111111111111111111111111111111111111111111111111111111111111111111111111111011011000010111110101101100001000100101010010100100010110100000000110110111011011010100000000000100010010010000001011000100000011000000011100101110111
111111111111111111111111111111111111111111111111111111111111111111111111111111111111111111111111111111111111111111111111111111111111111111111111111111001101110110100110110100110001110001100011001110000001001011111111101101001111101100011011000100000010011110000100000000100010001000001111000010000010
011111111111111111111111111111111111111111111111111111111111111111111111111111111111111111111111111111111111111111111111111111111111111111111111111111101101010011101101110100010110001111100110000001111010010011001001101110010010010000001111000000001011000000001000000011100100111101100100111100101111
011111111111111111111111111111111111111111111111111111111111111111111111111111111111111111111111111111111111111111111111111111111111111111111111111111111010010100010000000111010010011110011001001011111110111100100110001000001100001010101100011011100100101010101111111111100111101000001111110100000000
011111111111111111111111111111111111111111111111111111111111111111111111111111111111111111111111111111111111111111111111111111111111111111111111111111101110111011101100001101001000001100010001000010110000001110110111000110101010010100101100100110011001010100101001110000001110101101111001110111101100
111111111111111111111111111111111111111111111111111111111111111111111111111111111111111111111111111111111111111111111111111111111111111111111111111111011110110000101110110110110010110100011110100000010001000010101011100101110000101100101101111010100111111111100110101101011011000100010100101001010011
111111111111111111111111111111111111111111111111111111111111111111111111111111111111111111111111111111111111111111111111111111111111111111111111111111000000110001000110110010010010100111011111111000010000100011010110011100011101011010010000110010101111111010000100110011010110101011010001010010110100
011111111111111111111111111111111111111111111111111111111111111111111111111111111111111111111111111111111111111111111111111111111111111111111111111111010010111000011110111111000011000010001101001100111011001101111100110010110101100001011011101101010001001101000100100001100000101000010001110000011011
011111111111111111111111111111111111111111111111111111111111111111111111111111111111111111111111111111111111111111111111111111111111111111111111111111011011010010110011111111110011000100110011000111000100111101100000110111111110100101101001110101001100100110000101010101100010010110100011001111100100
111111111111111111111111111111111111111111111111111111111111111111111111111111111111111111111111111111111111111111111111111111111111111111111111111111001100110000111110001100111001110011011011010111110101001010100100010001010101101101001011000011101111110100001010010001101101100000000010101111001110
111111111111111111111111111111111111111111111111111111111111111111111111111111111111111111111111111111111111111111111111111111111111111111111111111111100001001000000101110011101100110001010100110100100111010000001100111011001101001010111100110100100101001110001111101101101011000010011111111101001110
111111111111111111111111111111111111111111111111111111111111111111111111111111111111111111111111111111111111111111111111111111111111111111111111111111001011110100001001100101011011001010101111100100100110010001001100001001101100000110001100011000100000100111011011100011110110000010001010011011101110
111111111111111111111111111111111111111111111111111111111111111111111111111111111111111111111111111111111111111111111111111111111111111111111111111111000000100110011110101001100110100110010010010100110010101111001111010000111000010101100011010110111010111011010100011100101000000111100000001010111101
011111111111111111111111111111111111111111111111111111111111111111111111111111111111111111111111111111111111111111111111111111111111111111111111111111100010011110110010010100110100111000010101110000101001001000111101111101111011110100000001101011001011010111111010001110001001001000100001000101010111
111111111111111111111111111111111111111111111111111111111111111111111111111111111111111111111111111111111111111111111111111111111111111111111111111111110000000011110010010011101010111010001101010000001101011010111101110101101000001011010010101001110100100101001000010010100010001010100110001101100011
011111111111111111111111111111111111111111111111111111111111111111111111111111111111111111111111111111111111111111111111111111111111111111111111111111101101110011110100101001011010000110110111001000110001010101010100000100000111011000101111001011010100011110011011101001001110110011000111110110000001
111111111111111111111111111111111111111111111111111111111111111111111111111111111111111111111111111111111111111111111111111111111111111111111111111111000100001111101110011001100000011000010001001010101011010001010101000110101111101100101100011111101001100001010100110010110000010100111101011001000110
011111111111111111111111111111111111111111111111111111111111111111111111111111111111111111111111111111111111111111111111111111111111111111111111111111101101101000101101100100100111000100001010110000100111001101111010001110001110010011010011110111110111101010000100111010100100001101001101001101100110
011111111111111111111111111111111111111111111111111111111111111111111111111111111111111111111111111111111111111111111111111111111111111111111111111111100110011001111001010000001111010010100101011001001000101010100000000111001010000111111110110000001110101101011000000110011111111011100011111100010000
011111111111111111111111111111111111111111111111111111111111111111111111111111111111111111111111111111111111111111111111111111111111111111111111111111011010001011111010000111110001101101101000110101011011111110100000011101100101001110000010010001010010100110001110001100000111001011000111111001110011
111111111111111111111111111111111111111111111111111111111111111111111111111111111111111111111111111111111111111111111111111111111111111111111111111111100111100100110110011001111100101101110101001010111011000000110000111110111111110101111011111011100010100100111100100011010001110011001101111000011101
111111111111111111111111111111111111111111111111111111111111111111111111111111111111111111111111111111111111111111111111111111111111111111111111111111110111101010100100101110101000001111011111111000111000100101011010110011111111101010000100000110111110001011011100110000011010000100101000110111010100
011111111111111111111111111111111111111111111111111111111111111111111111111111111111111111111111111111111111111111111111111111111111111111111111111111111010101010010001100110011110010111010100111110011010101110110110011000100010100101001110000010101010001010000100111101001011100101101000010011101110
111111111111111111111111111111111111111111111111111111111111111111111111111111111111111111111111111111111111111111111111111111111111111111111111111111000101000010110010100111101011100111101010110010111101111010001101011100111010101001010000110001010111010111000001111110001101010100110110100111010010
011111111111111111111111111111111111111111111111111111111111111111111111111111111111111111111111111111111111111111111111111111111111111111111111111111110001111001110000100011011011111101111010111011001100100010110001010011100000010110011011111100110010110001001110100100000111010010011011011101001010
011111111111111111111111111111111111111111111111111111111111111111111111111111111111111111111111111111111111111111111111111111111111111111111111111111011111010111010110001110000010010000111010110111111011010000000111100110000101010101101011011100111011010011100100010000010111110000110110000011001000
011111111111111111111111111111111111111111111111111111111111111111111111111111111111111111111111111111111111111111111111111111111111111111111111111111101110010111000010100100100000110110101111101101000000010010100011101010000010110001100001010111101101000010111100111111010110000100101000100001100000
111111111111111111111111111111111111111111111111111111111111111111111111111111111111111111111111111111111111111111111111111111111111111111111111111111001001100010010011010111010100100111111000000111110110111000101100011100110100100100101110101101111111101010000001101100000001000011011111000011000100
111111111111111111111111111111111111111111111111111111111111111111111111111111111111111111111111111111111111111111111111111111111111111111111111111111000011010010001011111100111100001100110001100010111101110010110100001110011001101111110010011111111000100110011000111110110100010010000010101011111101
111111111111111111111111111111111111111111111111111111111111111111111111111111111111111111111111111111111111111111111111111111111111111111111111111111000111100000101101010111101111010101110110101001111101001011111101110001011011001010000110001010111111100001001111111011110010100111110110010010011000
111111111111111111111111111111111111111111111111111111111111111111111111111111111111111111111111111111111111111111111111111111111111111111111111111111001001100010000001010000010111100000111000100101101001011011111111110000000100110001111010000000110000011011011110110101100011111010100000010011001100
011111111111111111111111111111111111111111111111111111111111111111111111111111111111111111111111111111111111111111111111111111111111111111111111111111011111001101101011100100100010110011101000001111110100010010010100110100101000101110000010010111000000110110010111000010110111101011100001110111110011
111111111111111111111111111111111111111111111111111111111111111111111111111111111111111111111111111111111111111111111111111111111111111111111111111111000000000101111101110000110000001010110100011001001011111001101110000111101010001110011110001001010101010101001111110111101001001110111101011100100100
111111111111111111111111111111111111111111111111111111111111111111111111111111111111111111111111111111111111111111111111111111111111111111111111111111111101001100010000101010001010111111010101001110110001101111010010100010001100111111011111100101011001110111101100010000100111001000000101110111101000
011111111111111111111111111111111111111111111111111111111111111111111111111111111111111111111111111111111111111111111111111111111111111111111111111111000001100101001010010000101111010110100010011100000000001011100001000000011111100010000001110100000010010001110101000111111010100000001101001111101100
111111111111111111111111111111111111111111111111111111111111111111111111111111111111111111111111111111111111111111111111111111111111111111111111111111111010111000110001001010100001110010111100111110000011010001111010010101100111110100100111111110011100110000101010001111000110001100101011011101111111
011111111111111111111111111111111111111111111111111111111111111111111111111111111111111111111111111111111111111111111111111111111111111111111111111111110101001010011100001100101000011111001100111101110000110110010010010101100101101011011110001000001100010101101000100110100101100111011000010110101000
111111111111111111111111111111111111111111111111111111111111111111111111111111111111111111111111111111111111111111111111111111111111111111111111111111100011110111001110101001011010011001100111111101010011001100111110110100001011101101101101110000011010101010100011000001101001000101111001010101111111
011111111111111111111111111111111111111111111111111111111111111111111111111111111111111111111111111111111111111111111111111111111111111111111111111111001001011100100100101111000011000111010000000001111111100111110110000000100100000000011100100001001010001110011001111000011100101110111111101000011001
111111111111111111111111111111111111111111111111111111111111111111111111111111111111111111111111111111111111111111111111111111111111111111111111111111111111010000010100100110111101000011111001011000101000100000101011001101001100110111110000111100010010011101000010110001001111010101111010010010111111
111111111111111111111111111111111111111111111111111111111111111111111111111111111111111111111111111111111111111111111111111111111111111111111111111111001000011100100010110001110000000101110010010000011111010000011111011000011001110101101001101010000101111111110000010011111100000100010100111001110111
111111111111111111111111111111111111111111111111111111111111111111111111111111111111111111111111111111111111111111111111111111111111111111111111111111000111100001100100110011110001011111010111110001001110001101011010110001111100101111010011100111101111011101101010001111101000001000011100011111011000
011111111111111111111111111111111111111111111111111111111111111111111111111111111111111111111111111111111111111111111111111111111111111111111111111111100000111010100111110101000001010001110110011100111110000101100111000011111001110111011110001101001100011010000111110101110010010101100010011100100111
011111111111111111111111111111111111111111111111111111111111111111111111111111111111111111111111111111111111111111111111111111111111111111111111111111111000101100010110011111110110011100101111110000111110100011101100001010110101100101101110000100000110111100111100101101011100010000101001101111100100
011111111111111111111111111111111111111111111111111111111111111111111111111111111111111111111111111111111111111111111111111111111111111111111111111111101111101101010101011000111011101111001011101110001110110001000011101010001011110100010110000101111111101010001011001011010101000001000101101000101001
011111111111111111111111111111111111111111111111111111111111111111111111111111111111111111111111111111111111111111111111111111111111111111111111111111011110110000111010101000011011110010010011110110110001101110101000110110100100000010001100110101000011000011101001110000001100101001101001011001111101
111111111111111111111111111111111111111111111111111111111111111111111111111111111111111111111111111111111111111111111111111111111111111111111111111111011110010011001100111101101110000110111101000000101011001100111000001010010010110001000101111100100100000110011101110011001100100011001110101101101101
111111111111111111111111111111111111111111111111111111111111111111111111111111111111111111111111111111111111111111111111111111111111111111111111111111101011001100000110110000011001001001011000010000011100111000000011100101011001101000111111001001101111101000010011101011010110011001011101010010011010
011111111111111111111111111111111111111111111111111111111111111111111111111111111111111111111111111111111111111111111111111111111111111111111111111111111001001100111001111010011101011101000101101010110110111010011111110110111100001100110010111000101010101000110101011010011101111111100111101101101111
011111111111111111111111111111111111111111111111111111111111111111111111111111111111111111111111111111111111111111111111111111111111111111111111111111011010101000010101100100010111000111000101010010100010110111100111010100000011110000000110001101011010001011111000001111110011000011101111011111111000
011111111111111111111111111111111111111111111111111111111111111111111111111111111111111111111111111111111111111111111111111111111111111111111111111111011001010111100011001100001011100111110111110101110110100011000100000100001111100001111111110011010110110011111101001000100000100001110110001010000111
011111111111111111111111111111111111111111111111111111111111111111111111111111111111111111111111111111111111111111111111111111111111111111111111111111100001000001010001110110111110010100111101001111100001100001011000011010110001110010101101011100100110110111100010000011111100011000101111111111001111
111111111111111111111111111111111111111111111111111111111111111111111111111111111111111111111111111111111111111111111111111111111111111111111111111111010111011111100101000011101111010100110000000110100101101000110101011101011111001110110101101111011110010011101100001000001000010010011111000110110001
111111111111111111111111111111111111111111111111111111111111111111111111111111111111111111111111111111111111111111111111111111111111111111111111111111110010101100001001101000000101110001000111010010000100101101011100110010100001010110100011011001000011011101101001101100010000111101111001010000000111
111111111111111111111111111111111111111111111111111111111111111111111111111111111111111111111111111111111111111111111111111111111111111111111111111111110101100101101100110001001011101100100010000100001000001011000100100001000111110100101010110011110100001100111000110010010100100010110101101011000001
011111111111111111111111111111111111111111111111111111111111111111111111111111111111111111111111111111111111111111111111111111111111111111111111111111001011001101100110100110111000110101011010101001100000111100001110010111110001010011000110110110010010110011100101011000000000001110010111010110001101
111111111111111111111111111111111111111111111111111111111111111111111111111111111111111111111111111111111111111111111111111111111111111111111111111111001100000111000101011011011011000111011111101111010100001001111011010100011010101110100010100000111010110111011100001110010011111000000100111110101111
011111111111111111111111111111111111111111111111111111111111111111111111111111111111111111111111111111111111111111111111111111111111111111111111111111101011010010001001110110100101010000110001000001100000000111000011001000101110101100011101001100010011101100110111100010011011010110000100000011111000
011111111111111111111111111111111111111111111111111111111111111111111111111111111111111111111111111111111111111111111111111111111111111111111111111111011100001001101000000011011111000110100000010001011001000011011011111001011000001000101111000110011000111100100101001011101010010111101110001000001100
111111111111111111111111111111111111111111111111111111111111111111111111111111111111111111111111111111111111111111111111111111111111111111111111111111001111011010001101111010001011111011010101011001011101101011110001101010001001001000111000111101011100100001010111110111101111010100000100110001100100
011111111111111111111111111111111111111111111111111111111111111111111111111111111111111111111111111111111111111111111111111111111111111111111111111111101111011101101011101111011011000010011011011101001110001011101010101100001110011111000011011101000111111110011001001110010000011100000101001000011110
011111111111111111111111111111111111111111111111111111111111111111111111111111111111111111111111111111111111111111111111111111111111111111111111111111010101111011000101000011111111111010010001011110001110010000011100011101110110011111001001010111101001100111110011000011010110110010111000111101110100
011111111111111111111111111111111111111111111111111111111111111111111111111111111111111111111111111111111111111111111111111111111111111111111111111111011010001001110111101100010100101101111111100110000101010000000000010000101111010101000010000100001000101010100010101011010110101000110111101010111011
111111111111111111111111111111111111111111111111111111111111111111111111111111111111111111111111111111111111111111111111111111111111111111111111111111001100101111100011011111011101010100101001000100010101011111111000011010010000111111010101011111001100101011100100111010010001110100111100100001110001
111111111111111111111111111111111111111111111111111111111111111111111111111111111111111111111111111111111111111111111111111111111111111111111111111111101101110100011100001001110000100011101101110100000011001010001111110001011010001100001101111010111101000101010110111001011110101010011101110010011001
011111111111111111111111111111111111111111111111111111111111111111111111111111111111111111111111111111111111111111111111111111111111111111111111111111101010111111001000111001010100111111100110010010111101101001100101111011000010101001000010110100010101101111101100101110001111001100001000100100101110
011111111111111111111111111111111111111111111111111111111111111111111111111111111111111111111111111111111111111111111111111111111111111111111111111111111111000011010000000010010100001101101100100100001100011010001000101110100010110111000110000110100101011010000100111111011101000101001101011101110110
111111111111111111111111111111111111111111111111111111111111111111111111111111111111111111111111111111111111111111111111111111111111111111111111111111101101011110011001100100010001000111000011111010000000001100000111101010000101001100111000011101000101000010001101110101000010010110011001010001110111
111111111111111111111111111111111111111111111111111111111111111111111111111111111111111111111111111111111111111111111111111111111111111111111111111111010100001001110100100111000000110000100001101011101101100011110010010110011101000000110000110010010010100010101111000011000000000010111010111010101111
011111111111111111111111111111111111111111111111111111111111111111111111111111111111111111111111111111111111111111111111111111111111111111111111111111110000010100011011111011111000111010011111100000010001111111101000100001101001001001001011110110100110110000011100011010101001001000011100101111110011
011111111111111111111111111111111111111111111111111111111111111111111111111111111111111111111111111111111111111111111111111111111111111111111111111111111000000000110000011100000011010100001011101001111111001110111010101000010011100011010000110111101001000001111110001011100100100000001111000101101011
111111111111111111111111111111111111111111111111111111111111111111111111111111111111111111111111111111111111111111111111111111111111111111111111111111010010101010011101011000001101101011111100110101000110110000111010000001010110111000011101110101110100110001101101000001100111101101001111000000000111
111111111111111111111111111111111111111111111111111111111111111111111111111111111111111111111111111111111111111111111111111111111111111111111111111111110110101011101111111100011010101001000011001010101110000110010011101110001101001111011011000111011111110100011010000100111111010010100111100101000101
011111111111111111111111111111111111111111111111111111111111111111111111111111111111111111111111111111111111111111111111111111111111111111111111111111110001010111101110000011110010111100100101100101101110010010101001000011100100001010000001111100100111110110111100000111111100000110100000101011011011
111111111111111111111111111111111111111111111111111111111111111111111111111111111111111111111111111111111111111111111111111111111111111111111111111111100111011001101001100100000100101101001110010001000010000001010010001011011000100001000011100111101100001010001100110111101101000110000101000101000101
011111111111111111111111111111111111111111111111111111111111111111111111111111111111111111111111111111111111111111111111111111111111111111111111111111100011011100111111011011000011010100011000110010100010001100111011011110010101010101110001100001010001011011111100011111110000111101000110011011110000
111111111111111111111111111111111111111111111111111111111111111111111111111111111111111111111111111111111111111111111111111111111111111111111111111111110101010110011001010001011001001110110110111001111001010000011010001000011011001001001001111101000110100000000011000100001001111101011000000101100011
011111111111111111111111111111111111111111111111111111111111111111111111111111111111111111111111111111111111111111111111111111111111111111111111111111010000100011100110001010111101101101011011101011100100101010001111000110011011001000111101001011111111100011100101101101001000000100101111100100010111
111111111111111111111111111111111111111111111111111111111111111111111111111111111111111111111111111111111111111111111111111111111111111111111111111111000010000110011100110101100001000011110010101101011100000100100110111011000001011100010000101001100001101101011111101000110111100110101011010011111111
111111111111111111111111111111111111111111111111111111111111111111111111111111111111111111111111111111111111111111111111111111111111111111111111111111101000011100101100010110010101001101110110100010000111011010010000110001101000011110001100101010001110110101110101011110111010111111101101110111110110
111111111111111111111111111111111111111111111111111111111111111111111111111111111111111111111111111111111111111111111111111111111111111111111111111111011001010001100000000011110001001001001110101100001010111110000110011110000110101011100101011010110001011001100111101111000111001001010010011100001010
011111111111111111111111111111111111111111111111111111111111111111111111111111111111111111111111111111111111111111111111111111111111111111111111111111111101001010110001001111110100001000101110110100001000100110101100101000001011010110110001101100000101111101110000111111010111010001011001101010000010
111111111111111111111111111111111111111111111111111111111111111111111111111111111111111111111111111111111111111111111111111111111111111111111111111111111010010010110100001101000111010001010111001110101010111110110001110111011000111110111100101111100000000011100111001110001001101000100111110011011111
111111111111111111111111111111111111111111111111111111111111111111111111111111111111111111111111111111111111111111111111111111111111111111111111111111110111001010000011011010001010101011011001011100011101000111000000001001011101011000111110100010101001010001001011100000001011010001100100011111110101
011111111111111111111111111111111111111111111111111111111111111111111111111111111111111111111111111111111111111111111111111111111111111111111111111111111100000111001001000000010000101101111111100010100001010010010001000001110011001001100010001110000110010100010010100001011101011110011010010111010111
011111111111111111111111111111111111111111111111111111111111111111111111111111111111111111111111111111111111111111111111111111111111111111111111111111101001110011110001101011010101010110110100110010011110110111110101001111010001010100100110100010010110111001110100000011111000011000111011001011001100
011111111111111111111111111111111111111111111111111111111111111111111111111111111111111111111111111111111111111111111111111111111111111111111111111111001110100110101001100110001000111100001101110010100001100011111110100001110111001110101111100111010111110110101101001011100110110001100111100010000101
011111111111111111111111111111111111111111111111111111111111111111111111111111111111111111111111111111111111111111111111111111111111111111111111111111110000010111010010111110000010010001110111110010001101101000011110000101110010010000010100100011011101101000001010111001001101111001010111101000111000
100101011000001111000001000000011101010110110110010011111001000111010111100011001000100100000100001010111110110011011001001111110011100001010110011101001111100110000100001110110000100000110001001011100011101101110110111011111111001010000110001010011110001011101000000011001101110101111111001101000001
