169661
443308
111066
432342
152347
198925
218299
390197
315189
396965
115480
57398
364936
142291
335916
100936
396965
1375
129291
404062
432024
451041
401774
451021
78833
136263
214213
311120
364936
400688
404062
401774
90372
287460
259933
400688
370206
233671
406122
327516
451021
353216
438357
2576
393098
61324
175821
428154
238740
91449
401774
164114
428154
484683
82698
55138
331522
317837
317611
401774
212806
445676
448667
294726
451021
25561
94972
343186
364936
85937
11927
317837
10789
271390
256989
457054
415613
377776
335916
321672
179536
28422
23003
420219
401774
110936
401774
96333
65403
401774
