201940
241194
386207
148820
158704
386207
203402
97273
386207
245008
399166
318401
105004
385268
41920
10542
436384
31879
157305
174499
5899
330758
336372
182912
385268
221966
205310
71142
27535
146103
67374
441884
179237
84330
47957
342234
60356
408398
418835
382492
125489
408398
385268
194951
329132
389922
372620
308361
272616
163802
273606
120135
336372
382492
329132
247663
162615
408398
7186
148890
9205
80644
149661
179134
95642
408398
375222
136309
312777
412882
27815
301180
24884
70439
141607
230289
386207
17756
178670
61672
347829
151747
167880
408398
276943
176452
437113
132897
260363
336372
440869
270326
386207
42581
382170
298666
267361
5475
11911
8778
440869
147734
367172
357797
242452
385268
386207
23483
365537
192528
369994
415948
440869
46754
382492
336372
70466
408398
436384
418747
386207
316740
155377
67827
388824
445844
418747
329132
247343
154334
397483
382492
447442
385268
501111
386207
437297
335233
408398
385268
202853
80704
256425
309949
418747
265321
450913
382492
433935
331565
445844
61147
44800
146683
34631
368659
52502
415948
368344
258851
336372
385268
385268
227860
293012
543058
385268
386207
436384
441884
40580
408398
398942
408398
200287
193273
329132
382492
336372
380726
189574
164938
370736
47664
375222
396092
398942
415948
336372
112412
114459
89100
148133
320181
408398
29804
157836
247065
264376
255824
206824
369439
385268
222577
122644
213282
178133
6116
14940
62337
357797
307057
28538
382492
253811
321333
408398
385268
280565
475213
408398
368225
301581
164938
272273
386207
179237
46909
163515
370627
236903
270859
216865
149124
408398
125791
77407
361189
217406
249241
385789
204082
345952
385268
125882
118871
306891
132168
62933
178133
386207
389789
396092
159720
415948
382492
111818
161980
80367
418835
326227
31824
255824
128389
219763
7148
120472
440869
112719
388633
389739
61513
320735
382492
181564
200041
189517
125020
25818
398993
382492
382492
222788
83057
32518
428921
385268
53816
441884
386207
121431
216587
385268
217329
351389
59565
236141
382492
121936
250971
286923
382492
32409
408398
396092
311926
806
186171
48931
386626
141610
311254
84934
13154
201182
418747
35737
408398
220178
230820
271555
337447
382492
126643
385268
265366
142729
85112
202678
184502
382492
59575
406837
181308
325042
386207
227642
172156
320212
124238
135481
337985
436384
440869
382492
336372
37100
269476
180203
301761
57485
149427
17750
47561
332954
309949
382492
382492
339150
365912
117714
385268
415948
408398
388157
327427
157836
283905
119266
1865
315441
116341
382492
340927
375222
309949
237626
276652
408398
329132
21995
385268
358628
255824
226369
403971
382170
334242
34435
279473
419916
320866
180203
151258
257442
229586
47435
436384
213852
47683
408398
19006
367846
124159
56552
351937
330565
335017
389789
408398
49900
382492
418747
79210
84856
354803
359976
382492
386623
239117
382492
76497
336372
382492
43982
272616
299724
275848
148262
343138
242667
298469
430331
237635
70466
327427
335233
317361
408398
216189
299724
146396
185864
175730
402387
81187
26677
388559
342517
149534
365564
408398
370736
443138
369541
415948
418747
55888
389789
131245
369541
125201
382492
155090
66473
418747
147153
152246
139842
382170
328271
384295
103200
382492
334242
94487
440869
415948
440869
32535
441884
14897
413330
311926
327601
382492
227116
196466
385268
216587
13964
320219
430331
128710
415948
408398
118794
255824
386207
47815
83021
226252
386207
184366
436384
375222
27110
307057
248246
408398
386207
331832
320866
386207
437297
334242
177685
141607
329132
110479
266906
303125
312612
238062
213248
434396
379052
329132
182155
419577
189231
316557
264054
21252
24234
232374
113421
356076
338240
446353
375056
408398
170323
17783
151632
440869
227673
468667
413330
356076
143421
4833
276943
215931
113498
415948
271402
32856
415948
501159
336372
242466
292844
200028
370627
262325
311926
358628
59778
38036
380726
408398
67624
384528
382492
418747
189622
319725
331001
2684
336372
445844
397483
172699
386207
370736
375051
386207
415298
304591
445844
430331
327601
329132
385268
71097
29303
336372
311926
79361
112755
349478
436384
386207
159979
382492
32856
7350
291530
386207
32218
433935
253443
306560
69879
175282
60466
73831
403971
31921
156268
270633
99857
25495
267917
327601
12055
67449
269461
408398
436384
436384
445808
512920
437113
18233
53847
161524
375222
382492
415948
440869
128770
82912
627
128065
61513
385268
294355
340182
336372
286377
445688
413330
389355
189574
382170
150239
367272
102855
197329
154980
114771
334242
205184
168181
76684
14202
396092
66039
146255
210822
409854
409256
193124
55413
348785
386207
148820
47561
163662
361189
258851
210822
93398
264054
1839
260484
201526
102874
96875
372620
389922
229235
395706
421170
230431
211623
441884
418747
133954
38660
25495
327601
382492
201619
335017
386207
385268
4878
247653
415712
256357
124477
311926
221397
199217
41549
327601
375222
190672
240381
168332
82788
140761
415948
340083
408398
163145
418835
29953
182806
257099
40823
51748
107219
329132
367846
408398
396092
230650
253042
336372
160741
449977
203761
160634
88876
114250
79261
304958
384679
263613
159720
83502
449977
382492
433935
242410
397590
230820
320205
68694
382492
258832
160381
12784
269476
238354
309949
315951
415948
365564
270859
502547
396092
385268
341713
336372
306272
336372
133528
91711
124159
415948
310021
46063
357355
30134
382492
274501
382170
220086
361189
336372
193592
382170
382492
114072
277425
260527
383423
309250
329132
299471
336529
367427
265321
19654
336372
236293
129903
346798
168181
103200
253716
156359
386207
212743
375222
386207
212491
407914
264521
384528
260073
86922
352165
385268
123016
100677
329132
166698
418747
133013
418747
382492
319725
418747
329132
475213
191231
168111
250971
305903
313586
375222
140152
24157
124320
318521
436384
418747
94226
336372
44635
323877
385268
305260
382492
440869
68679
408398
260743
139841
382492
181564
110110
338240
288795
418747
107005
112506
147665
128389
320073
289459
267100
361189
6139
312777
50308
163515
228918
239850
143255
5554
158774
342444
49884
415948
189770
376377
240294
163704
396092
418747
97985
322967
319071
214165
77597
98098
198083
256461
261908
257521
9176
232421
340927
22536
23022
205310
382492
363717
151318
408398
385268
436384
364474
337459
247663
388633
415948
273394
382492
375152
111416
222017
436384
408398
289459
335017
336372
20245
319725
329132
16043
6116
385268
9741
62065
169777
147536
357947
237748
418747
99154
335099
312777
138514
385268
375222
237226
418747
6116
440869
275893
178708
6376
408398
66499
28068
335713
414092
86557
415948
47387
205506
202549
408398
253134
382492
309936
252750
403971
470325
66629
57485
74880
344983
125994
14260
415948
418747
103145
385268
39843
173185
415948
52623
336372
135381
152204
307285
166676
162628
386207
436384
338107
301180
408398
306272
292844
299379
408398
231200
336372
386207
152082
415948
124320
436384
418747
386207
382492
149675
382492
239488
81818
382492
369030
125649
102959
336372
286175
408398
402710
382492
319725
395706
210649
52071
382492
274148
311926
89100
418747
382492
385629
151234
64113
242466
256304
96197
385268
29458
121930
382492
415948
375222
265366
166343
105788
166615
382492
43982
439770
280283
197024
418747
358928
114459
441884
30675
396092
408398
354400
402710
327601
385268
408398
258832
206182
330716
396092
63259
274356
382492
357360
299491
385268
336372
40172
271402
408398
413330
207220
174805
421171
180203
436384
385268
386207
323791
181308
166343
32491
386207
280283
23632
23727
386207
440869
382492
433935
5653
65725
382492
385448
329132
396092
203307
265366
327601
395761
168548
141852
252991
194074
129105
357729
131245
389922
382492
389922
382492
87048
206624
385268
242394
297211
386207
36726
310578
212483
285253
434396
336372
122309
171631
382492
299650
233344
237226
386774
99190
187021
60429
118514
408398
249748
108871
441884
187782
109635
45342
111818
456310
355064
179768
34015
309250
322699
449977
419577
285226
250214
26523
112299
385268
79274
242860
336372
3208
172156
417316
408398
2386
430331
342517
335017
8492
315370
352165
336372
415948
329132
408398
329132
375875
261354
144479
345813
430331
365206
336372
370830
185211
336372
369737
320073
191518
129127
203307
382492
58881
340567
365232
11597
329132
216702
330758
325458
433938
382170
103864
121441
159720
54611
353118
386207
178670
211103
408398
382492
175574
319725
382492
436384
185449
403971
382492
385268
162483
320610
128710
60356
311926
291366
231148
336913
408398
267770
418747
418747
120736
418747
247259
121936
140664
334923
202388
398785
156305
350751
18652
108871
415948
91144
264376
48739
143487
386207
272351
388906
141610
175713
27424
215247
415948
389922
386207
418747
319861
413330
100510
25495
207869
386207
63105
84851
29128
366591
375222
135127
57657
192555
200907
365564
418747
386207
380184
133719
382492
433935
418747
272177
412126
408398
166615
395706
433935
38003
386207
290369
248359
418747
554614
240381
25903
336372
311552
336372
382492
403555
329132
267917
199629
330078
41078
98407
1580
242567
75365
311926
263092
59162
274673
418747
91196
385268
440869
258883
27424
382492
289281
312677
475213
195197
336372
386207
172258
117182
85163
64113
441884
396092
217342
57127
382492
378738
385268
26677
176563
198446
418747
403962
173160
16642
81148
304718
73246
93899
382492
370736
382492
215613
90488
382492
47664
496600
386207
229235
148330
376093
103891
71078
347337
6546
386207
337447
181415
327601
376350
272616
440869
354147
181564
436384
363557
51544
267770
125164
239850
171285
430331
162858
239361
132427
50187
66629
98205
222692
382170
280283
441884
440869
305816
382170
236281
226918
253042
446353
170582
375222
130056
104619
385268
265882
149563
170512
254388
74717
417316
408398
118871
327601
310021
260743
365564
229678
193592
77369
165424
353047
408398
54611
307148
375222
385268
396092
301761
128873
135127
166378
225007
386207
214531
382492
408398
418835
154980
95669
78917
201526
395706
262463
327601
348594
375051
205370
151200
242860
375222
389922
418747
131617
179134
440869
385268
380184
417514
270241
426257
365564
430331
408398
118760
307855
39372
195175
446461
309949
365232
382492
365564
441884
37011
96617
440869
370736
441884
230540
293001
386207
386207
396092
83889
34435
370736
418747
436384
313976
338107
393470
385101
144331
403971
43188
365232
375357
125883
382492
311552
154980
418747
146683
370257
129226
351758
353921
266628
309354
365564
302816
312233
283905
89100
341250
386207
396092
372620
408398
386207
212752
284661
316597
43733
422897
357887
222500
206651
115417
331832
339136
396092
255824
227673
385268
418747
385268
388633
16243
31175
229586
382492
430331
257574
85916
477022
372620
139259
353921
311552
350338
413330
385268
1342
116705
346798
245008
280692
37444
255824
382500
173790
385268
231409
395761
119269
440869
155090
304609
382492
415948
14869
456310
413330
391805
63259
121872
285986
57127
436384
158704
418747
408398
257399
13346
430331
56961
437113
311552
317894
232374
389922
199143
316597
429976
252773
311926
183089
376882
187725
440869
403850
329132
89474
83764
136183
419577
70987
9027
339220
430331
336372
436384
386207
311926
385268
82671
161669
157430
430331
59130
181415
303597
178747
335017
49626
124304
385268
114688
327601
319174
79604
375805
385268
407651
230540
38044
436384
254883
327601
96227
160741
382492
42280
386207
130772
57434
214212
120135
161324
63976
254220
358484
35891
408398
75773
415948
327601
81818
352362
141647
408398
336372
229975
251040
412126
242
336372
408398
385268
49666
145787
178717
437113
125649
382492
28711
10909
382170
50263
59377
206624
194988
313586
116262
215656
139217
170582
102221
446353
129854
92914
224632
180475
57258
289706
385268
382492
85329
377420
38660
329132
280283
382492
236293
15271
336372
13506
382492
171717
382170
396092
386207
101945
320212
103379
409820
31210
41920
107435
328959
156956
97215
408398
418747
327601
216382
249748
297105
386207
2121
307987
158288
217195
40414
262463
22482
310231
368852
396092
80644
63722
395706
279130
139363
259308
199929
513638
385268
41174
325458
330758
284413
382492
48700
34717
320515
32635
310967
159715
378738
151188
370627
140630
289746
297339
13489
378738
359976
181142
375222
23887
385268
335017
145067
85963
440869
333094
329132
217263
168544
68682
329132
310231
326094
230820
41078
110479
436384
174805
257442
86531
413330
190760
28831
77597
441884
184118
299870
78793
139806
174622
174552
146683
283986
433935
74410
361189
165291
124477
320073
418747
408398
113421
386207
335233
408398
140664
139547
129015
267851
317361
212752
373702
415948
335017
174598
70851
274673
120736
163662
229235
118762
64117
149646
382492
307452
249640
70330
290227
87425
408398
334695
408398
382953
87593
378782
33837
446353
45068
289318
273606
436384
251158
441884
100510
442689
257910
22790
436384
70221
201052
441884
216382
408398
382492
215376
408398
408398
84934
373482
206182
408836
341479
385268
59377
382492
336372
243231
14212
237637
196283
280897
69311
408398
365537
415948
150078
415948
116465
325595
353921
153595
334242
141379
418747
128107
216189
365319
386207
164938
446353
106421
233937
319725
319862
54611
80367
310364
415948
26433
386207
433058
187021
368676
67449
56784
43610
249064
382492
124320
81640
440869
280227
382170
105158
348785
361850
413330
90050
386207
386623
316557
236362
52159
245072
375222
336107
420
370736
246247
436384
333800
360573
40039
22342
94616
269461
375051
359556
386207
280340
408398
386207
40580
309854
418747
181564
62928
23854
34015
311926
388633
2144
336372
418747
408398
57357
408398
265317
418747
292195
34015
385268
112719
382492
154410
114821
408398
168111
336372
59162
391142
334304
140785
408398
311926
3917
375051
140023
91144
89690
110547
196936
351758
70505
284351
460180
200907
56784
195459
385268
47561
149672
203254
267172
156268
253396
120860
120727
382492
325042
37995
319725
456310
336372
298479
22991
166087
441884
440869
34631
25078
22192
408398
385268
205282
415948
165977
447150
146639
385268
267547
418747
313281
382492
410351
181564
89203
183488
140630
247719
192528
129980
277597
169533
390467
357355
415948
25078
382492
408398
418747
203307
56339
244897
436384
336372
415948
382492
408398
111660
220726
177826
17783
284285
192326
382492
155013
445844
94487
395761
402387
382492
235395
190672
201526
253811
348785
382492
112412
172905
55857
408398
254388
336372
189574
311276
375222
395938
322699
441884
207005
188288
73246
195291
375222
86610
331095
123809
166794
177826
291755
267287
64203
245136
137527
86768
96059
71309
442408
382170
17178
43104
18786
241727
250052
280692
295039
216108
441884
219540
370627
386207
51629
67305
415948
286175
31824
297589
314017
397590
61520
175574
260068
76684
418747
298306
336372
319861
385268
331502
335017
382170
189831
207220
408398
262325
336372
433935
440869
385268
165768
280283
287482
196283
224127
116705
245167
440869
375222
366591
382492
352204
243613
356076
2971
353921
230448
58624
63259
209890
167880
385268
335017
61988
408398
413330
201032
433935
80814
7996
350593
159850
246247
22482
104572
251150
382492
362248
249925
415948
58342
345292
336372
298676
382170
327601
304752
156865
70505
67636
430331
353945
415948
16758
415948
436384
222788
202652
338041
289459
48630
236086
214555
140131
386207
59449
335017
317712
336372
277425
159850
382170
65009
233937
439396
48739
334242
408398
408398
100510
415948
50163
8390
382492
47422
386207
232440
26008
436384
178746
332776
297267
418747
62791
237579
424362
501111
162615
382492
292934
211103
311276
48366
335949
44451
222054
47815
352839
418747
382492
171711
322747
48839
23854
389922
273001
370627
314083
185693
308361
632322
319725
251753
167368
326345
408398
418747
4833
408398
146235
449977
365232
155139
368344
334923
275848
62319
382170
49187
382492
436384
9185
236293
142067
301363
396092
408398
312914
375222
336372
382492
4216
24676
23483
441884
336372
87651
393026
240431
45867
389739
217650
382492
418747
147536
21292
386207
382492
21292
408398
440869
489562
277203
382492
239796
413330
158774
385268
85117
85992
408398
382492
306424
179819
351758
834
329537
375222
186047
418747
236141
367060
3742
166378
357800
189622
299379
184118
290369
249640
102798
297589
382492
385268
64095
302540
336372
65725
385268
325042
37995
522235
169576
130662
395761
170582
255330
395761
436384
151312
222693
14260
276943
260484
418747
32649
235395
70001
398993
21939
205282
75365
116262
146427
345411
385268
186047
225660
155013
159595
408398
41325
415948
102688
311926
97161
176787
329132
418747
408398
247293
382170
408398
430331
408398
100774
231148
14260
231409
430331
218328
44368
116711
222141
343656
40039
260484
400806
382492
156956
149675
382492
385268
350595
305260
418747
65329
419447
178717
382492
243231
408398
134466
320230
382492
145067
408398
96909
408398
466186
440869
237339
124477
83021
153508
408398
385268
61530
430331
198095
398959
367123
95446
221644
398993
382492
405822
196590
418747
344122
9185
31175
115417
148660
265366
46449
320407
436384
407398
132897
307790
382492
190760
159848
382492
375357
105850
81640
438910
278437
382492
12380
90050
408398
433935
369737
382492
408398
47815
250484
80692
385268
175500
110817
370627
185840
32535
137827
385268
385268
51111
366591
348785
61520
443138
413330
381457
356076
212752
336372
105147
406868
102855
385268
389922
80560
166785
203307
396092
408398
303797
385268
56978
39688
415948
334844
430331
441884
56495
134188
386207
228391
299379
153636
69311
80814
217263
12862
327601
370736
273200
446353
440869
382492
34717
239562
408398
366591
375806
395706
93398
242115
5554
418747
377572
265366
336372
45867
202559
336372
418747
30681
385268
311926
139842
385268
204964
62298
382170
167458
178717
82757
236903
365232
104343
415948
84856
15191
311842
408398
418747
126491
309080
430331
289459
261800
103200
203761
240381
327601
1580
436384
55285
440869
220178
144542
261635
131245
30134
336372
329132
59584
384528
418747
385268
192983
406756
177071
440869
159670
244644
386207
249925
194000
382492
67601
306424
340927
327601
221137
433058
260527
227017
199629
114811
353960
152204
408398
337497
418747
189231
296473
433935
328635
415948
336372
339150
339969
385268
429056
304718
214212
415948
109635
311926
183889
240431
386207
254675
440869
175500
282063
395761
327601
375222
83447
385268
56539
181564
78917
42917
213514
230820
17488
268594
273053
375222
146255
152439
436384
382492
320866
385268
159683
32649
96731
52143
403114
412126
288584
52746
159774
116522
408398
272177
385268
237918
250936
228134
237969
55358
201576
360538
330716
58881
395761
436384
382492
351758
327601
418835
128444
67449
382492
408398
222577
356256
319725
382492
381149
382492
353173
408398
288584
382492
382492
362250
70334
370627
356076
385268
106645
257364
18233
261635
137827
436384
333649
143421
269135
44902
63130
385268
418747
43317
215376
56295
440869
385268
398993
382492
276813
585650
99857
157722
157940
408398
415948
230431
70557
219019
165742
418747
358687
321559
81104
359401
179289
375222
151783
418747
415948
244116
271887
378444
46697
441884
44635
21359
440869
185644
436384
130533
86104
446353
408398
306560
340083
336372
375222
382492
415948
33894
348785
382492
353960
194157
41174
94648
385268
342444
408398
67464
116731
382492
446353
386207
144479
7070
127313
40823
386207
58291
408398
395761
237480
60497
329132
31921
42837
160212
92746
191231
407300
17826
85112
408398
366926
149067
204082
114256
163973
7174
136547
334923
298823
382492
50747
284261
370736
266628
336372
433935
27488
128444
186817
50999
191163
166892
280227
108395
19402
288188
310604
161324
386207
330758
336372
385268
61401
408398
201520
398959
353735
395706
89474
231409
396092
37105
329537
366591
430331
85568
42343
335017
806
230448
344983
79848
201182
336372
307790
204537
80817
336372
256231
336529
93789
236141
94721
59449
370736
385268
187782
150555
76684
385268
336372
292722
382492
418747
382492
183580
238909
309949
230289
408398
385268
51199
375222
84389
240522
222693
154980
80943
125558
149534
61221
240828
8792
418835
90488
386207
309949
138648
36111
111416
309949
415948
274025
352929
408398
440869
114771
59746
32855
187725
227116
298827
441884
466186
212653
324158
1771
382492
104572
195484
418747
403971
395761
64095
280283
230820
385268
385268
141424
382492
247821
440869
264286
57182
160153
436384
185693
47197
48630
328271
97393
382492
55888
46063
413330
391463
406143
316557
335233
56882
217711
187725
389922
89794
389922
263511
227545
404885
336372
317361
331916
53927
415948
74607
385268
440869
364718
280283
248807
382492
59971
81148
100130
332954
3917
197218
30681
3208
386774
408398
160925
359974
368344
415948
175996
386207
395706
83889
140933
408398
382492
55555
111311
90343
154505
408398
226561
312914
335017
336372
408398
311926
408398
418747
61147
72505
382492
408398
385268
317974
415948
365232
175500
386774
440869
382492
181308
396092
16758
56961
355290
128252
334923
262107
441884
418747
283411
385268
415948
436384
91943
155437
433935
382492
370736
365912
385268
456310
318273
410351
88497
312937
436384
75183
174499
37105
158759
386207
93398
91548
56961
237127
284661
257364
139082
7174
4216
395706
350448
386207
121167
360573
408398
124491
233503
396092
144331
71843
141322
353723
42294
248989
430331
298469
507364
8537
154980
278582
382492
165795
8792
296473
385268
166223
235677
357311
408398
407847
214610
307148
385268
122644
370736
51964
297762
427274
408398
339220
20784
125020
334242
14212
165219
336372
318401
139806
290227
142159
382492
130662
186817
408398
301363
389922
105234
415948
346526
178582
232731
385268
174998
297339
162483
253296
141220
220086
336372
403971
281816
385268
277203
408398
319615
382492
6546
349838
385268
382492
386207
7186
382492
205494
135583
76848
368659
319615
248567
10971
356076
389922
437485
370736
230431
408398
39052
314138
160465
447442
382492
273053
382492
368894
375222
169844
395706
301180
46190
40172
563599
396092
103770
228918
184058
286175
322673
144541
357355
408398
14138
449412
352563
369541
9027
102932
309949
264054
62129
12055
29804
385268
375222
265317
32687
158118
245008
174998
144541
169777
386207
231978
356076
53636
385268
110110
65725
344122
382492
95713
97161
176452
178863
382492
323238
415298
327601
336372
389922
254775
408398
285322
111660
436384
343530
30487
441884
389789
55285
181632
360538
385268
382247
187021
179654
181863
380184
440869
106418
382492
240522
23854
37348
382492
385268
138574
365232
102134
99400
274843
13506
71078
4216
96227
408398
191518
64203
333098
327368
441884
82014
385448
256304
408398
336372
231148
79054
415948
315370
235688
413330
15559
401274
382492
120025
70987
315341
445686
249064
223357
329132
315620
77676
305125
237044
109961
408398
408398
24676
33894
329132
418747
262675
195459
51544
418747
185844
79210
47664
385268
24233
351777
232939
323934
449412
429056
430331
320361
80814
105004
382492
120736
127038
382492
433935
395012
251854
359831
382492
357355
195365
86291
441884
271018
326222
153645
382492
375222
419577
418747
309949
382492
171537
148133
456310
376517
175996
385268
196590
227323
129105
38050
386981
151105
142354
420641
183023
441884
79981
109435
289459
382492
396092
195291
246411
20971
336372
163145
408398
264716
151747
83889
75473
382492
382492
408398
430331
20199
185392
113421
35291
389508
276840
160741
8763
408398
44549
385268
102251
110817
234514
237626
78133
16758
55358
124202
73251
242115
303536
204432
436384
29145
446353
329132
385268
151053
26433
305771
3692
401616
108871
352165
408398
367846
163802
370627
32644
77733
357947
284351
440869
181097
382492
382492
272616
38735
317132
37011
189231
145412
19591
171285
418747
264452
195484
67759
139547
39372
81148
389922
436384
385268
304160
196419
351758
105788
53124
433935
408398
436384
160212
375357
166199
477022
385268
284816
336372
223546
379840
87165
189851
386207
105171
259556
26592
408398
49784
385268
29458
112320
385268
19402
436384
28068
430331
47230
15757
441884
336372
23632
367544
197064
313283
216108
79054
413330
59778
408398
418747
408398
369146
413330
408398
414013
112492
80833
146396
48449
389730
165424
248769
224627
353293
174499
16243
382492
272273
365232
361189
272616
57093
185844
415948
382492
184193
26008
293798
368635
32855
385268
375222
418747
375222
321947
125883
87048
385268
408398
111883
187884
175713
386365
100219
32535
408398
22482
7174
206824
396092
73251
214531
430331
128444
385268
100510
1771
255824
233464
418747
199947
336372
418747
386207
385268
446353
415948
97393
251854
216240
385268
285986
132427
385268
227260
145067
412022
194951
102688
38990
53847
386207
375222
105295
8493
86291
375222
382492
334242
68705
74899
179819
258851
121759
4216
196419
202816
408398
334703
35291
407651
297545
415948
162690
365537
82912
54977
146712
209890
346936
365564
314448
242452
207005
186650
413330
386207
418835
420641
385268
298827
382170
34631
202678
166013
415948
385268
386207
441884
192736
215247
336372
436384
408398
270204
116465
3750
408398
23852
325042
193506
31175
382492
418747
343838
382492
382492
129904
235395
264376
21458
188333
386207
385268
166343
122664
336372
413330
385268
168544
8792
413330
7998
317673
253396
30650
342444
80786
336372
160465
113704
5554
249640
418747
320407
116522
442196
303597
102221
59971
247343
386207
477022
44
178717
408398
343553
441884
284816
36029
130484
102688
175956
260175
408398
98581
266628
408398
336372
294181
238909
243613
277597
146138
228967
248006
418747
254925
406143
372620
413330
24157
369737
385268
430331
251135
429056
132391
806
303246
408398
78772
418747
116870
336372
269476
408398
183617
415948
365564
415948
336372
338767
209668
382170
456063
41882
257099
319615
213176
388633
105158
151783
86922
5375
143786
275558
77597
9185
264842
335017
473749
351777
318273
370627
316557
63989
200327
365232
382492
408398
7174
362932
350022
84389
22342
110323
408398
295294
230791
382492
280897
260363
386207
139547
60318
334695
275757
158857
408398
205462
385268
181863
50042
69140
382492
232787
85568
162615
14937
212603
244284
375222
357684
56835
354899
18485
199929
92256
272451
8537
403555
137827
218989
334695
446353
408398
57485
300740
346600
104433
335017
63130
199629
372620
349478
427430
418747
274703
102959
103200
47664
173537
65323
418747
140095
50411
188297
398993
346798
328635
67547
272451
408398
46002
335017
134304
57288
14212
195365
71109
320814
202559
433935
87425
259556
165291
85329
129903
436384
382492
441884
311926
436210
176751
280283
123783
134924
117996
408398
118446
216046
142729
370627
355352
418747
96875
73619
382492
2384
408398
382492
294891
272273
216708
336372
275206
167506
124482
124747
298676
385268
407633
264671
325042
55511
430331
386207
433935
413330
149070
382170
24052
323100
408398
441884
148262
336372
197350
408398
295399
385268
418747
390253
127673
66064
430331
280283
295039
313311
375222
440869
383258
141610
58291
379676
194074
375222
385268
382492
186552
46906
418747
382492
360427
37
441884
408398
17948
311926
375875
348287
124320
420641
373864
382492
280321
385268
61221
33894
867272
182155
123235
396092
418835
102167
408398
221966
332790
129127
277203
89203
163308
227775
136761
58624
95713
102281
141424
382492
328271
30923
483859
385268
239117
327894
397087
86501
382492
38016
370736
335233
256070
408398
382492
213852
273606
272062
42073
88408
329132
357355
375222
161115
315620
214390
55888
134155
436384
418747
323934
18065
212762
382170
204082
418747
191168
365912
169844
407329
434396
382492
254220
129226
55746
382492
382492
262885
257099
433935
445844
396092
132427
59100
163973
133013
433935
157940
280283
382492
408398
418747
412126
247845
32867
413330
176787
212762
385268
308843
412229
229678
470891
47998
365148
71751
436384
133719
237226
226328
2684
9962
389922
385268
9741
398993
71142
382492
48138
333098
178270
418835
335017
398993
382492
385268
386207
48108
396092
151258
68347
370736
33748
382492
403971
357355
365232
73876
413330
14632
165219
334242
376517
13154
354158
413330
206626
200868
61352
375222
386207
386207
336372
382492
385268
336372
385268
306354
210642
408398
228377
386207
375222
272273
255330
38003
273053
311926
413330
365206
418747
260167
381149
49187
311926
167981
408398
35891
160634
299242
329132
408398
187340
210141
197409
386207
66499
192326
351758
66064
322387
408398
36805
408398
18485
32532
32644
382492
322967
408398
368894
389789
386207
375222
386207
380824
149124
396219
413330
136309
42402
19654
221397
334242
385268
441884
212653
418747
19288
9176
132168
385268
336372
365564
143849
178112
334242
121167
156305
408398
7148
329132
430331
311926
311926
214390
194074
86501
102818
278528
408398
415948
173644
418747
97161
267917
295420
473486
436384
57657
41078
334242
267917
440146
204473
408398
248006
178133
367542
385268
16758
134207
22192
398993
319725
211623
195728
200327
217263
13346
382492
351758
250177
221644
331719
70439
408398
382492
184710
496741
441884
270962
212762
408398
336372
349495
128065
410351
382492
181564
382492
418747
70466
114072
122916
287256
385268
386207
382492
173593
408398
433935
203402
385268
326837
232440
338107
349838
232269
408398
215247
375222
385268
329132
382170
300371
326589
382492
336372
382170
311926
395464
244870
413330
165291
385268
407914
388633
140664
260484
185195
386207
83502
67613
183089
94616
50035
408398
62436
76497
385268
418747
382492
126491
154922
195365
246261
335695
102167
345292
187524
382492
313892
386207
385268
12055
178582
379840
80063
216647
1342
321559
108395
363717
327601
336372
382247
408398
52608
75473
52608
388157
433935
103291
237579
158857
181395
230650
283411
382492
146930
15144
267770
382492
408398
236141
368676
70001
183617
204580
193603
334242
279738
166378
99471
375357
125509
125042
441884
541723
31879
17178
418483
410905
408398
13346
354158
382492
412369
229098
120472
382492
38003
430331
344122
382492
408398
128710
109635
87652
382492
329132
189851
241237
6718
359976
318868
17488
103954
408398
415948
336722
365349
332954
146103
214390
163973
280283
274148
415948
265317
418747
170108
414013
344042
177764
99471
64113
68694
132188
382170
408398
382492
130746
375357
253811
180024
330758
317607
233464
385268
258851
418747
121853
459500
418747
370649
130735
350428
313209
389922
108556
130463
50411
418747
119266
214555
382492
59058
199929
440146
39372
150750
91943
34015
335695
16642
317401
236293
134722
168459
67569
382170
153508
167981
386774
81594
272451
440869
382492
386207
46754
386207
436384
307285
374659
225195
358928
318872
231979
40580
155090
26351
242347
368100
351777
114811
386207
408398
382492
154980
32649
181564
333800
201182
365912
181308
336222
496600
408398
336372
386207
420
112022
408398
415948
362248
390579
430331
147738
405819
6376
269135
382492
196936
395761
436384
29953
193165
382492
121167
375222
329132
254620
377775
277203
398993
141696
408398
193124
151632
31879
341250
334242
193228
195342
79444
10955
351610
319725
386207
300740
72435
336372
382492
257910
441884
340363
79148
433058
339220
32518
382492
186650
332790
307057
312612
408398
66473
25078
354899
102959
418747
214060
408398
273053
81640
161324
322747
138521
93526
75699
147738
396092
408398
217263
91024
53659
341713
415948
294181
408398
408398
95425
408398
94116
61056
334242
389739
240431
38990
370736
358022
385268
163515
314852
237626
78772
418747
395706
280321
74410
171711
83057
312929
229586
389739
142573
319607
69092
336722
365537
427163
382492
371511
385268
13964
297105
125307
316548
277203
272062
338041
311926
6116
358970
199629
335233
122455
188128
276813
254883
326837
54524
466186
408548
311926
418747
456310
252750
20784
397483
408836
386207
163662
252462
305383
136309
382492
13114
193603
108270
334242
23854
415948
386207
425538
418747
187021
265317
79613
6394
217263
118514
309949
430331
274703
355352
418747
219763
346526
111311
71309
35737
385268
328164
125201
88536
18233
289648
129306
386207
408398
176787
280341
436384
147665
21995
415298
275757
237637
412126
157940
186018
382492
103820
309817
174512
127175
66499
396092
50187
256461
89690
300364
226294
418747
375222
389922
218118
460503
396092
348785
138648
382492
327601
301154
408398
238809
255824
203761
224373
382492
355290
70001
385268
242452
60466
199484
209668
325589
360808
336372
312777
382492
132897
375072
278582
24857
17125
138421
309949
57465
129306
329132
344122
215614
375072
382492
14460
289459
415948
192528
408398
382492
148133
285322
202536
369685
298369
20757
322967
328637
385268
322330
263854
147503
134938
301761
367780
334242
375222
360427
32518
147340
375222
210301
382492
5375
351758
116402
230489
13317
216702
204432
389922
336372
105216
408252
413330
309949
342444
98098
334088
408398
348572
408398
375357
368344
199217
191518
26351
277203
216702
245136
408398
16243
199644
260175
97924
136761
282148
396092
30979
385268
326345
44902
38016
276943
338469
430331
436384
318860
385268
375222
325042
276652
32218
22205
386207
415948
127692
69140
194074
382492
309949
382492
216865
70386
262675
94116
382492
437302
311926
20984
367172
166831
205152
210136
277203
423644
161669
106299
389739
338240
247845
382492
111883
206904
7438
382492
348785
385268
278660
382492
418747
205184
375222
237969
408398
61530
269135
311926
382492
274082
39052
94116
145890
200502
68682
382492
389922
297553
375222
379511
131617
327855
390467
45968
67231
301761
239747
199782
233025
300940
132655
408398
336372
108918
430331
35891
229678
382492
140664
100901
182855
350969
418747
20171
189851
341032
289191
261811
370736
373702
346037
386207
310366
336372
375357
389789
130463
91144
87165
37150
140761
365564
396092
319725
334703
358628
61530
226421
330078
61401
128873
182155
119955
408398
237626
358023
309949
51629
188256
310364
116341
231441
297553
334414
100774
23902
61530
171370
263613
329132
382492
100219
154377
364944
336372
7350
386207
336372
386207
230448
441884
247065
132655
102281
349728
91572
301154
238909
219387
382492
336372
413330
336372
329132
261937
375222
52055
437113
437113
283372
382500
303246
23483
336372
290739
408398
505083
280340
37150
408398
291714
365232
202904
5771
382492
412126
98024
375222
365118
312312
418747
41549
207427
105802
375222
255330
138648
295399
147541
100677
440869
154781
433935
298676
297794
328959
325458
80943
261961
385268
430331
385268
283555
385268
