1500 5000
32 1136 10
209 548 12
1163 1129 10
562 558 12
93 1458 10
947 1250 10
325 433 11
923 633 11
417 1349 12
1414 1223 10
39 1009 11
870 92 516
209 953 10
1379 882 12
311 1120 11
1104 1455 11
426 1132 10
51 1235 11
674 1480 12
158 1443 10
1308 1023 12
846 412 10
984 908 30
1386 238 10
314 1485 11
890 127 10
953 1291 11
227 337 11
912 1018 11
1127 555 12
1089 330 11
264 1006 12
585 35 11
90 76 11
829 1238 11
88 290 12
253 1368 11
156 1400 11
731 256 12
1225 816 12
935 106 10
207 150 12
47 844 10
812 948 10
1476 940 10
180 612 10
48 949 10
583 802 99
474 859 10
443 328 12
296 869 11
339 546 7
825 1252 10
555 1490 12
1385 1052 11
1134 663 82
673 397 10
1361 1269 12
638 591 12
1379 297 10
693 1337 10
1014 201 11
103 1100 10
325 910 10
1090 151 66
1178 589 10
1016 204 12
489 486 12
402 175 12
1206 440 11
295 962 12
773 450 12
1374 1297 11
974 1090 12
111 849 10
1234 690 11
368 749 10
484 402 12
80 677 12
614 531 10
1377 952 12
990 89 11
205 18 10
297 182 12
1212 1285 97
1021 944 11
1492 370 10
1316 451 11
548 1291 10
1054 269 6235
743 842 19
544 74 10
723 1473 10
906 865 11
854 1437 12
832 177 12
707 574 10
377 1005 12
38 190 10
648 300 12
1117 482 10
352 440 12
406 1300 12
129 414 12
643 832 10
1482 417 11
225 1418 11
1314 1451 12
546 1047 10
90 859 12
490 784 10
679 514 11
506 1328 11
659 1112 11
1057 149 12
500 1269 10
582 507 12
1022 643 10
1210 1366 10
781 9 12
263 193 10
969 808 10
1110 252 10
783 731 10
408 1070 10
1401 1435 33
437 411 12
1301 1008 11
59 200 12
1187 221 10
1347 1436 12
1460 93 11
814 1451 12
431 976 11
1253 131 12
589 376 10
429 602 12
381 976 10
437 711 10
11 1276 12
485 1316 10
1161 1454 10
1206 246 10
1225 1407 10
499 758 12
305 1038 12
12 758 11
1381 1222 11
1184 521 12
463 1151 11
1112 1322 12
768 1368 10
603 175 10
144 496 10
559 94 11
943 527 12
228 181 11
360 335 12
1324 364 10
177 645 12
349 1477 11
1167 1342 11
565 114 11
486 719 12
535 230 12
55 745 11
186 253 10
1283 930 12
1116 832 10
545 1272 12
964 873 12
1416 151 10
500 1456 11
1447 362 10
1378 742 12
1065 1499 12
1156 751 10
968 100 10
879 1292 38
1144 654 12
288 1366 11
60 1041 11
523 72 12
861 1213 10
1045 945 10
139 1161 11
237 517 10
1336 800 10
955 54 10
853 1217 11
467 445 11
1313 1033 12
589 112 12
1182 412 10
883 65 12
1411 38 7480
1154 493 4345
1326 875 49
574 903 11
116 659 12
1018 1296 10
648 824 10
271 799 12
571 1187 12
915 261 12
623 601 10
1287 37 12
781 1425 12
1100 278 78
353 704 12
265 1145 11
66 767 10
635 372 11
861 948 10
346 1007 11
242 86 11
1079 545 12
1101 816 10
857 1107 84
1304 1445 10
734 1306 12
331 1395 11
1107 601 25
1382 447 12
1198 200 11
546 1304 10
1364 537 81
269 1080 3621
908 1437 66
463 56 11
887 871 11
1285 811 11
448 24 10
758 556 55
300 244 10
911 515 10
932 857 10
1223 403 10
788 1462 11
14 642 10
996 3 11
577 1072 10
1438 1434 51
630 1189 12
1130 953 10
1366 1065 12
984 503 12
1493 922 32
900 1367 12
261 1246 10
25 46 10
646 411 10
750 941 12
837 1134 11
77 764 10
182 553 11
335 422 12
569 251 11
400 243 11
343 79 12
1309 1449 10
780 273 10
486 359 10
1178 475 10
903 172 12
671 55 10
971 1302 10
1378 1058 12
146 37 11
84 1106 12
543 328 10
1328 1424 11
560 659 11
1146 160 11
1168 140 11
260 363 11
1193 1206 11
223 252 10
480 519 10
1386 323 12
69 265 10
817 702 11
1084 1118 12
1362 1430 12
693 444 10
866 90 12
247 192 12
367 1164 11
715 620 11
1342 1028 12
496 844 11
1253 316 10
847 1010 11
1031 570 10
52 1171 10
291 1269 10
1494 582 10
240 712 57
348 1300 92
641 530 12
769 1298 12
1311 364 11
877 449 11
789 868 10
1336 1486 11
907 710 12
1269 1302 12
27 293 33
718 778 11
360 1260 71
1398 790 12
688 1114 12
849 732 11
155 1398 11
720 981 12
1492 1072 12
1117 455 10
757 666 11
1133 505 62
1213 249 12
197 381 12
606 1425 11
1023 171 11
1094 690 4
709 1222 10
833 321 11
302 422 11
217 634 12
779 796 12
1145 269 12
896 1416 12
528 914 10
974 109 11
474 1168 83
1150 1356 12
1025 782 10
210 344 11
266 385 12
798 929 12
744 1029 12
1467 847 10
1226 1441 10
944 42 12
199 1453 10
1437 765 10
153 938 11
213 1237 10
348 715 10
1215 782 7604
1422 198 10
1012 197 12
1302 722 11
1060 565 10
1346 140 10
941 1453 10
683 254 10
336 333 10
1068 1080 12
1470 737 10
1142 802 11
559 1476 10
798 1477 11
491 259 10
751 833 12
1464 751 10
241 155 11
1059 1001 10
704 801 11
1381 1174 11
838 242 12
897 1406 12
185 1457 12
319 295 10
1300 1036 12
1258 826 11
1294 1042 12
1256 1111 10
1175 381 10
1066 274 12
1003 481 12
1434 1047 11
298 148 11
31 952 10
181 599 10
1175 258 10
1053 241 11
1355 840 11
1418 763 12
480 965 10
530 912 10
764 939 11
1013 380 12
323 1061 11
997 1375 12
622 978 10
519 639 12
541 955 11
660 1068 10
1199 500 11
631 902 11
420 1068 11
170 1185 12
363 1314 11
1261 1414 12
1159 41 11
978 874 12
209 1283 11
196 282 12
498 671 10
1054 307 12
1177 550 10
827 366 12
638 1057 12
1081 281 10
1099 1493 11
1408 233 11
771 562 12
836 1184 12
392 1492 10
302 648 11
135 1349 11
623 461 10
1391 439 10
1330 1143 11
1123 1289 11
156 783 11
738 22 92
310 315 12
293 1307 12
134 282 11
1364 1473 12
1322 812 10
126 1429 12
1057 163 12
54 985 10
456 766 12
597 362 12
466 464 12
772 614 11
116 1305 12
951 80 10
375 419 11
1270 1117 11
276 75 11
402 1004 10
1484 1395 12
583 105 11
817 410 10
1388 1343 12
538 1242 10
1494 829 11
400 651 12
15 924 11
1300 1193 12
168 451 10
29 802 12
68 722 10
614 575 12
164 613 10
6 1482 12
1158 443 10
1486 1401 12
143 626 10
1231 31 10
97 407 12
530 972 12
622 831 11
1363 842 11
631 142 10
37 463 12
776 1461 11
588 842 10
769 1348 12
1377 470 5840
1061 1044 11
716 244 10
473 241 10
12 420 11
347 1439 11
963 962 12
1122 415 10
966 552 10
1479 1103 12
123 705 12
664 1236 12
1486 1124 10
1132 1210 12
1322 585 11
946 396 10
868 1189 12
505 383 10
1171 901 12
894 499 10
1149 395 10
739 1331 12
1119 1120 5334
260 97 11
1134 1265 12
1399 1391 11
503 1055 12
152 27 11
1204 62 12
535 518 10
1341 814 10
159 228 11
214 302 10
1004 668 10
686 389 12
436 1104 12
1121 1201 11
1136 40 12
422 300 12
874 73 10
981 710 12
387 839 11
621 607 11
1030 334 10
1199 1361 11
1474 404 12
544 1319 11
1292 159 12
1333 889 12
117 873 11
1233 696 12
137 581 12
1102 171 93
1077 1106 12
814 711 16
135 757 12
753 399 11
1189 979 11
1135 1193 34
1213 867 12
340 1249 11
747 108 12
171 460 12
1227 1410 12
1382 346 12
405 649 11
603 149 46
469 62 10
831 490 10
1425 551 12
195 289 10
594 1362 10
519 925 10
1452 1062 12
1148 63 10
380 878 12
358 1423 12
1321 1003 12
853 1043 11
533 878 11
1161 509 12
255 565 11
933 968 11
460 133 12
290 1195 11
153 467 12
55 635 10
698 598 12
1218 1064 12
371 463 12
193 420 11
1188 563 11
399 690 12
782 953 362
1215 438 12
446 360 10
362 371 10
677 28 11
489 985 12
1323 378 11
864 257 12
1135 1156 12
1305 324 12
1057 1155 10
1067 99 12
49 1012 9665
778 628 12
1499 271 12
736 1054 10
539 669 12
726 956 12
184 143 10
853 1032 201
525 1085 10
9 190 10
785 262 10
510 225 10
1357 1193 12
851 158 10
417 286 10
136 1211 12
1353 781 11
1387 1471 10
949 1239 60
377 118 12
710 968 12
1135 281 11
381 440 25
668 387 12
1474 354 7
1126 416 4
590 861 12
432 438 79
1147 1161 11
553 14 12
274 1006 10
59 1438 11
1430 879 11
1199 291 12
965 991 10
1021 1263 11
452 1414 10
132 417 10
762 552 10
1139 51 12
593 46 11
501 1040 84
1221 793 12
1474 879 20
357 296 12
439 670 12
271 1000 10
879 1300 11
791 138 10
983 1278 10
1465 688 12
494 1025 11
792 1398 12
1160 555 10
1039 354 11
298 1348 4767
770 223 10
654 1105 10
954 1183 12
1072 59 11
1339 1273 12
882 712 12
212 1101 12
1235 721 10
640 1031 10
15 849 12
397 689 11
364 472 12
451 998 10
531 692 10
1067 75 36
749 519 11
1089 508 11
141 197 10
511 506 12
267 379 12
311 1486 11
1205 129 12
1259 767 10
1323 501 11
794 1425 12
754 1079 12
172 397 11
676 48 6038
1233 448 10
594 301 10
962 868 10
950 1438 12
1094 1337 10
1329 298 12
349 809 11
767 1457 11
736 102 12
62 1004 11
1452 625 11
1438 1150 10
1473 1294 2322
388 301 12
232 860 10
319 1327 11
64 443 10
631 633 12
1127 389 10
615 476 10
283 1422 12
1422 1085 12
584 195 10
572 283 11
941 339 10
849 1149 10
909 71 12
277 624 12
877 157 12
97 814 12
1401 479 12
1200 582 10
728 830 12
14 700 10
1031 1097 10
1497 921 10
77 1133 11
342 792 10
312 348 10
110 450 12
330 978 12
1012 65 95
564 728 11
844 656 12
259 643 12
1156 837 10
1444 206 11
1492 959 11
1365 1293 10
371 58 12
624 597 11
1071 405 11
1483 443 10
1225 579 12
681 497 10
435 602 12
916 613 10
244 37 10
1486 208 10
847 495 10
1291 1338 12
230 119 10
187 734 12
702 1316 9
611 541 12
647 147 10
501 900 10
364 1375 12
617 1245 12
1059 137 12
1441 1434 10
1448 274 11
154 871 383
742 459 12
851 720 10
1462 1299 10
1359 1374 11
236 57 10
1016 723 12
91 299 58
711 762 10
881 473 10
928 1037 11
79 311 10
1272 279 10
959 59 12
1202 528 12
748 1133 11
1419 727 10
1169 1192 10
285 902 11
1181 176 10
1317 36 12
161 923 12
936 23 11
564 1391 11
337 1231 73
329 1448 10
386 1104 11
874 784 11
733 303 11
1446 321 10
1104 763 10
270 1424 11
1483 543 12
1464 40 10
162 91 10
981 1438 95
807 1403 10
1340 381 3
1001 581 11
454 1091 10
551 1472 12
213 1048 12
293 583 94
65 781 12
296 1049 10
974 887 11
1497 404 10
876 341 51
1390 900 879
617 686 11
1411 348 61
699 1190 11
1024 325 10
1119 1237 11
58 1123 12
1380 1220 10
20 421 10
389 803 10
1462 1040 10
1245 1481 10
897 935 43
1243 872 11
830 1292 11
1197 948 3673
1297 1365 11
681 1428 12
1302 1243 11
1129 1363 11
966 1212 12
126 944 10
181 471 10
710 212 10
1151 345 12
1495 309 12
768 1059 10
1207 139 11
1369 645 12
1403 967 12
1219 554 12
1296 900 12
786 699 10
33 508 8806
1399 1055 12
509 992 10
993 818 12
790 6 10
403 1071 11
1276 580 11
682 1036 10
987 1339 11
919 864 11
214 725 12
711 285 95
439 1282 12
1300 268 95
323 1409 10
90 205 10
1123 658 10
1413 1057 12
190 886 12
1383 1181 11
779 562 10
640 1329 12
1191 1119 12
1246 31 12
336 974 11
757 48 10
332 330 11
869 1231 11
845 58 12
255 908 11
331 1248 11
556 1393 12
67 396 11
922 1220 10
1039 394 11
803 899 12
1237 482 10
558 1312 11
256 287 11
571 1233 11
908 1215 12
884 632 11
1245 389 11
699 382 10
150 1063 12
1053 840 12
558 1217 11
706 512 12
1110 1256 12
1275 269 10
132 756 10
381 1450 10
1476 401 10
982 1124 12
1018 407 14
119 1078 11
1364 1094 7
855 912 10
339 1303 11
1153 1247 12
820 911 1140
1344 1320 11
1008 237 10
373 1040 12
328 1354 10
1407 1250 65
680 759 68
713 1003 12
146 845 12
89 1006 12
709 1174 12
810 961 12
613 665 12
1337 41 12
939 183 11
684 1042 11
347 1493 66
1 679 11
869 935 10
529 1225 12
992 1466 11
309 82 12
1459 1138 12
1252 955 12
579 333 12
759 194 12
71 786 11
380 30 11
1191 1270 10
1078 135 10
239 745 11
201 597 11
119 778 46
910 607 11
1145 271 11
882 182 12
267 1209 12
1164 617 10
265 1499 10
1152 394 11
208 1177 10
424 1326 12
573 16 12
476 595 11
88 766 10
468 894 11
919 744 12
1082 523 10
1449 1209 12
388 1362 12
883 1353 10
95 942 10
1086 791 12
87 1268 6895
1286 1298 12
440 97 85
1290 959 10
481 1290 12
1132 273 8936
825 541 12
1453 1303 11
1068 444 11
1393 1407 10
411 1415 10
903 673 11
375 29 12
276 1310 10
7 1346 11
873 1109 11
796 853 11
1335 1423 11
921 520 10
404 520 11
1220 383 12
1109 1321 10
215 299 12
891 526 12
973 914 12
971 1301 12
1026 518 10
1143 942 11
1152 1302 10
118 601 11
602 1234 11
932 1423 12
63 750 11
167 1016 11
1141 1466 11
1468 465 10
1384 547 11
790 609 10
691 716 10
1002 1024 12
320 1370 12
22 572 98
175 668 12
44 1035 12
531 945 11
528 1084 10
445 923 11
547 1232 11
216 776 10
989 807 11
975 453 10
1433 695 12
261 1231 12
322 1233 11
307 93 99
1334 1286 11
1092 1090 11
1302 1008 10
687 915 12
760 905 10
597 1287 11
1341 407 11
214 335 10
607 105 12
474 76 12
281 1319 12
490 73 12
1394 538 12
81 258 11
383 57 10
361 187 12
1447 146 11
1146 974 10
1460 901 10
1079 1007 10
1124 1420 10
979 144 10
1360 1422 10
410 534 12
1352 1435 10
689 1056 11
1340 457 10
568 687 11
1351 388 11
1116 854 10
150 323 11
195 497 12
133 500 12
965 639 12
529 1101 10
1008 353 11
1159 1098 11
1308 942 11
83 535 11
954 1498 11
489 63 11
1184 1495 10
664 448 12
982 208 10
384 367 10
801 1310 25
809 469 11
682 1196 11
240 470 12
1245 555 11
370 1198 12
840 792 10
1006 357 11
1196 1206 11
990 264 10
580 260 12
1387 492 12
293 1445 11
521 309 12
111 1334 10
909 637 11
778 874 21
1126 1333 12
349 929 12
428 593 11
1080 365 12
1008 872 12
303 1485 10
270 162 10
363 693 57
397 192 11
791 1489 12
1435 1295 58
183 97 12
551 909 12
1107 489 11
633 713 11
1173 329 10
1062 1332 10
1084 1171 12
928 589 12
1060 1288 12
602 399 12
1411 126 10
718 1487 12
430 372 10
1396 313 10
1061 680 11
1344 954 12
433 607 12
1177 477 12
211 276 11
722 872 10
239 635 12
924 1286 11
43 730 10
116 891 12
618 490 11
100 816 11
155 535 12
1023 1157 11
572 1359 11
65 794 12
1179 586 12
1260 151 10
93 678 11
896 1260 12
483 697 10
323 660 2
151 1363 10
1090 462 11
907 977 12
930 1338 11
92 748 10
1148 985 11
1353 794 11
563 736 12
1397 430 11
387 250 12
1285 1390 10
302 775 10
995 257 11
427 1294 10
1143 1023 10
673 672 11
689 896 11
1495 39 12
560 891 12
76 368 11
169 318 10
385 1131 12
583 322 11
1263 307 53
342 83 11
904 406 12
396 711 12
1222 1494 12
993 903 12
676 1172 10
1408 1257 11
1113 165 12
1467 1257 11
476 510 11
384 1011 11
1371 744 12
1409 1044 11
97 1314 10
1073 363 11
768 743 12
7 1168 10
665 351 10
671 239 11
1108 1444 10
269 1000 10
658 800 12
337 361 12
133 1361 11
1168 181 11
40 833 11
667 115 11
359 941 10
838 1395 10
430 331 11
54 486 10
513 668 12
813 316 10
382 575 11
163 1126 11
1405 822 12
308 207 10
56 1289 11
140 599 11
1427 876 18
1362 554 53
649 1479 10
766 15 12
1190 575 10
499 420 12
900 532 11
114 438 12
891 1112 11
1178 1037 12
1431 283 11
803 810 11
115 700 11
1396 746 12
1419 336 11
907 933 11
1434 1085 64
777 1421 10
590 585 12
279 1247 10
1015 319 11
148 647 10
1402 745 12
48 740 99
304 1454 10
1147 13 12
1185 474 12
925 1496 12
1153 770 12
322 556 10
697 839 11
604 251 10
1286 1478 12
1193 344 19
240 344 12
1439 815 12
1392 841 10
221 240 11
901 1458 10
601 227 11
1282 7 10
1295 65 12
787 502 12
588 1144 11
1258 390 12
969 1164 12
978 918 12
32 1464 10
895 1230 80
1037 235 11
1461 65 11
960 67 10
423 1032 11
642 559 11
1489 125 12
998 1484 10
1266 937 11
148 468 10
824 1249 11
775 300 10
992 1487 10
113 850 11
208 479 12
540 686 10
1450 1114 12
567 1157 12
504 360 11
1305 1112 10
86 19 10
814 984 10
1098 1330 10
160 109 11
252 31 1983
497 1352 11
1186 113 11
1087 560 10
977 968 11
692 98 10
728 439 12
191 263 12
700 559 10
850 177 10
518 119 12
588 956 10
1363 956 12
309 593 12
887 957 11
233 735 12
755 975 11
395 1185 11
1368 795 12
527 1300 14
660 1426 12
387 319 11
1234 649 12
55 549 10
1213 184 10
318 1430 11
436 537 11
120 261 12
594 1435 56
472 855 12
1137 596 10
1443 933 11
855 972 11
28 906 12
188 1368 12
905 206 11
370 950 11
121 291 12
980 470 10
796 430 10
246 768 12
1466 628 10
532 676 11
1036 367 94
860 1054 11
397 1015 24
165 284 12
164 691 12
248 912 12
1044 960 12
230 6 12
751 1446 10
655 1292 10
325 621 10
1334 769 11
452 91 91
216 1170 12
873 485 10
33 170 12
1055 830 10
366 1304 12
998 331 10
358 224 12
1108 734 12
343 390 10
395 993 10
74 1239 10
60 1208 11
1500 33 8093
33 395 10
1005 636 12
134 937 12
84 612 10
670 159 12
1212 1221 12
620 776 10
1313 681 11
1438 1376 11
1162 813 12
954 536 12
748 750 4746
469 402 10
198 203 11
1155 539 10
674 246 11
570 717 12
1302 378 10
287 2 11
131 1382 12
339 1025 12
197 1465 10
1190 1045 12
1391 830 10
746 58 806
1007 1268 11
505 1385 7
1482 135 11
22 1489 10
1102 180 10
1398 518 10
1106 419 11
105 1187 11
175 416 12
1312 592 12
1267 875 12
464 813 10
1214 41 11
1013 533 11
1218 312 11
1216 1287 11
1044 78 10
1132 542 12
688 1076 12
303 141 10
1230 520 12
141 697 55
254 544 11
791 1425 21
1416 166 12
937 1340 11
628 876 10
748 1276 10
605 846 11
870 409 10
1080 1475 10
557 176 11
549 245 11
1170 1295 12
789 368 53
695 33 10
250 963 12
207 1386 11
1017 1137 12
669 811 1470
376 1259 12
328 1229 10
249 951 12
893 121 10
1035 1344 10
1001 1218 10
1236 1467 11
711 966 10
394 954 10
1377 920 12
811 47 3077
1229 446 12
415 716 11
1201 1222 10
351 298 12
635 1387 12
45 172 12
1490 989 12
902 1154 1326
365 932 10
543 3 11
684 1227 12
1207 1147 12
1308 567 10
1262 84 12
30 707 10
848 979 11
321 1414 12
369 1434 10
1440 1009 82
942 1157 10
886 637 11
284 1359 10
766 111 12
2 346 12
457 1495 12
1112 1279 12
1437 1271 11
48 53 11
1011 808 10
131 754 10
141 81 12
85 1192 59
1272 536 2041
793 34 11
942 828 12
617 1127 11
398 56 11
372 492 10
119 1482 10
362 845 12
1135 661 74
670 7 11
806 1311 12
138 125 12
1405 1367 11
385 1316 11
1254 884 11
1271 642 8
839 295 12
1183 895 11
478 969 10
599 130 10
1456 1301 11
427 684 12
1220 60 12
920 373 12
1086 22 10
1293 466 90
1429 222 11
235 66 12
1129 726 10
565 1440 11
141 1175 10
1382 1079 12
203 1293 12
105 556 10
78 67 11
246 1119 176
1250 1149 10
433 583 10
342 155 11
1329 570 10
967 514 12
168 1397 12
1209 400 12
324 590 11
645 1470 10
946 646 12
1447 1287 11
1444 936 11
868 495 2003
1087 34 10
409 771 10
1164 540 12
169 301 11
677 347 10
1364 694 10
755 705 12
1371 995 11
822 676 10
294 760 12
71 381 1
924 732 10
466 531 71
598 470 54
915 869 12
668 697 12
532 664 11
414 1224 11
1279 585 10
395 866 10
1117 1034 12
683 1135 12
123 1140 12
257 1413 10
734 206 10
1331 1066 12
659 324 12
999 1309 11
446 823 10
1334 732 11
653 380 10
857 154 12
1033 289 12
694 1146 10
132 569 9641
724 749 10
821 851 10
724 480 12
672 448 51
605 1221 12
1405 532 10
1232 947 12
1093 657 10
808 617 11
1270 1237 11
745 245 11
369 546 11
1457 1267 12
1107 1148 11
7 228 12
987 1180 11
1290 370 12
596 554 11
248 528 9393
1264 1469 10
815 1173 11
555 1233 10
1458 898 10
435 1071 10
933 529 10
212 1135 52
1197 589 11
1114 217 12
1138 118 11
1367 1166 12
737 972 10
171 128 10
697 1322 90
661 449 12
641 855 11
1472 71 10
4 898 11
67 437 12
1059 795 12
1212 1182 10
976 374 12
50 1293 10
162 207 11
446 214 12
100 1407 11
331 242 10
995 926 11
1208 1396 12
516 1159 10
276 806 12
1457 851 12
1390 1178 11
842 1017 11
376 1093 12
1415 605 10
1111 395 11
243 1493 10
300 1272 3008
581 1394 11
1406 167 11
231 1128 10
816 333 11
1295 1353 10
624 1447 11
245 431 11
735 1019 10
575 692 10
407 672 100
324 1322 10
990 274 11
1371 864 12
1102 1077 10
994 993 10
1349 48 12
1 967 10
708 1392 11
443 3 12
1455 1254 11
1314 984 12
1099 785 11
690 88 10
1053 1256 44
704 1325 12
396 411 10
338 1388 10
1439 865 10
1104 32 12
1296 1405 12
1455 1464 10
1374 1085 11
835 108 12
27 1461 10
752 1244 12
1131 823 59
186 1143 11
438 1119 11
359 95 4729
68 1243 11
223 1256 12
1499 511 12
78 946 11
522 204 12
240 1169 12
931 553 11
639 215 12
714 1203 10
1473 336 12
1426 306 12
1413 1052 11
915 1049 12
864 926 10
1167 458 11
234 406 11
512 429 10
459 22 12
569 853 8220
1159 421 10
199 494 12
1417 21 12
374 176 11
567 171 12
1140 189 10
190 1472 12
908 114 12
1158 996 12
652 1403 12
21 24 10
1211 848 11
1426 1080 11
1454 718 10
1354 425 10
188 743 11
870 1042 11
905 1306 12
404 255 12
1182 793 11
751 632 12
38 551 12
455 196 11
378 1027 11
229 1415 10
1354 446 11
938 445 11
147 193 11
1388 946 11
273 366 2352
830 798 20
558 1043 10
978 490 11
54 63 11
216 27 11
292 677 12
355 312 12
1095 1389 10
1078 1033 87
1101 579 10
1209 1149 11
874 1373 12
520 908 12
1441 366 12
754 346 12
353 797 10
840 717 58
440 253 11
1257 1010 10
1200 829 11
949 55 11
810 807 11
1050 606 10
501 1027 12
709 280 10
1154 865 10
1321 740 11
717 468 12
57 1396 10
202 748 12
1210 69 11
1026 790 10
823 1407 70
465 428 11
1410 562 12
1133 939 11
896 1163 11
509 1141 11
242 1277 11
114 1088 11
4 1014 11
168 1488 10
719 941 12
810 998 10
739 329 10
694 336 10
20 1089 12
1247 223 11
224 154 10
672 1264 11
599 1102 10
543 752 11
1249 85 10
371 1212 41
125 595 12
35 184 11
344 1226 10
941 494 11
81 257 47
1086 1358 11
537 32 11
1317 377 11
626 677 12
305 954 97
419 123 12
1484 1248 10
46 702 12
1306 594 94
264 568 12
730 187 11
662 940 11
219 1240 11
1082 1280 10
1404 1135 11
1412 173 11
635 245 12
1393 240 10
858 1468 10
1484 242 11
645 1500 10
674 440 11
1431 1360 10
1277 528 11
122 1009 11
114 1191 12
425 360 11
757 498 10
441 1114 12
413 1332 12
1121 709 11
127 51 10
685 536 11
1353 606 12
1098 8 12
340 244 11
462 164 11
700 1020 12
39 25 10
746 542 12
1459 1364 88
145 1340 78
985 6 83
1106 1142 10
1338 864 10
838 1248 12
536 895 12
1342 644 11
58 248 806
35 867 11
942 171 12
1310 824 4625
675 393 11
162 701 12
392 1290 10
513 483 12
837 317 12
991 215 10
37 160 10
1147 304 10
388 318 11
597 146 10
109 462 11
601 843 12
1287 371 11
1049 716 10
434 631 12
683 1081 12
767 821 12
351 570 10
1491 96 10
1067 599 11
1063 1350 10
593 310 12
281 74 11
478 1011 12
1282 159 10
880 992 11
343 826 12
724 423 10
669 889 12
712 1417 10
398 1151 10
1318 4 11
501 1405 10
1027 532 12
1342 452 46
10 28 11
437 229 10
885 1355 12
656 835 11
1155 708 12
1162 1253 11
718 1466 11
901 805 61
1299 487 11
34 891 10
372 1471 12
1115 1132 12
194 1337 11
520 565 12
245 492 10
1273 650 10
1215 1088 10
1367 664 10
1480 253 10
965 925 12
743 137 12
1072 950 12
1062 349 11
1372 595 11
1019 1033 11
1309 267 12
1221 412 10
607 571 12
420 693 12
630 124 10
1454 992 11
278 625 10
1101 1407 12
48 1390 5895
416 496 2
442 386 12
497 360 9066
1165 1335 12
592 377 11
524 413 10
544 837 11
1435 1339 12
1125 1433 11
101 947 11
695 787 10
255 1288 12
554 1096 10
348 1307 20
130 180 11
811 928 12
16 120 12
263 1032 28
750 1188 5480
637 179 12
1025 1130 10
825 876 12
651 1113 10
1241 397 12
1283 736 78
1500 1089 11
945 1404 11
868 124 12
1045 692 12
1437 1226 28
1485 81 11
1123 345 10
979 1139 11
611 1252 11
532 1166 11
1468 1495 10
929 469 12
1011 1164 12
118 636 10
1184 465 10
862 627 12
34 1305 10
508 978 12
1036 352 12
1356 1310 12
1388 67 12
317 1265 10
1327 136 12
57 426 10
398 1123 12
718 323 15
586 237 2659
315 534 11
498 949 11
1351 594 10
1132 288 10
1369 130 8536
192 896 11
715 216 11
24 761 10
752 1354 11
675 305 12
129 964 12
1137 1069 10
1461 1050 11
827 458 10
1170 883 12
667 21 10
323 1350 12
345 777 11
82 817 12
286 48 10
143 292 10
819 682 12
1244 504 10
976 20 10
171 433 95
1169 927 11
17 259 12
618 874 10
1192 1441 12
143 80 11
554 505 10
316 1382 10
1340 1184 11
1220 236 11
936 741 12
183 363 10
1330 95 12
686 1481 11
958 323 10
1174 1002 10
867 143 10
1327 962 12
916 691 12
408 1180 12
528 52 12
185 821 12
917 243 12
600 1158 11
1149 175 3043
391 339 10
833 1261 11
947 379 11
1384 999 12
1188 1310 9080
316 2 10
142 713 12
789 630 12
128 1199 12
749 820 3221
99 1262 12
447 545 12
1440 1088 10
545 1268 10
812 35 11
1174 1494 11
1395 1277 12
1000 270 12
289 1274 11
721 835 11
2 447 10
279 1125 11
22 615 11
893 1199 12
376 66 12
1275 511 12
769 1478 11
1214 1098 10
462 395 9999
204 1419 12
1400 464 11
1292 1463 11
813 1036 62
1351 169 10
427 870 12
1231 7 93
215 934 11
967 432 11
381 441 10
1197 1037 12
1 1389 12
658 272 63
363 814 11
175 1004 887
1066 89 11
95 676 7505
49 597 11
623 636 12
1231 611 38
39 593 10
62 175 10
833 186 10
1082 96 10
957 916 11
1448 264 11
725 422 11
401 981 99
89 573 10
232 1406 10
41 8 10
798 809 12
1166 1236 11
502 866 10
1057 531 1232
1436 22 11
1266 282 11
806 1324 12
843 43 11
307 723 12
356 202 12
1355 241 12
700 761 10
898 49 12
1358 615 11
1412 576 81
615 1372 12
1420 970 10
472 248 11
612 29 12
332 48 24
1189 890 12
298 1176 12
628 541 10
1478 1046 12
1246 1377 12
615 151 4409
1323 1296 12
1161 880 12
319 26 39
1328 308 12
832 1437 10
152 776 10
231 90 11
696 210 11
1027 822 11
1194 30 12
259 1156 10
1408 847 10
1280 1133 3
10 1482 4
149 539 10
1204 603 11
704 1121 11
777 297 10
1424 91 10
72 404 11
227 627 12
1377 788 12
230 609 11
424 314 12
224 1285 10
546 293 12
159 1168 10
510 436 10
1248 1202 10
486 750 12
1261 454 12
254 281 10
707 1203 10
849 1286 12
1367 676 12
798 1330 72
286 666 10
985 359 10
1288 1215 11
1347 459 11
1042 771 12
1114 675 11
1433 1256 12
556 221 12
961 1 12
980 344 10
739 1370 12
71 702 76
1344 685 12
824 240 199
222 139 11
678 277 12
1083 1154 11
72 921 12
1348 733 10
1047 1307 11
460 121 12
256 316 10
910 488 12
1035 354 12
939 1073 10
42 913 10
699 614 10
392 577 10
1469 1416 10
1098 656 8
205 368 10
1258 79 11
899 652 10
1488 430 11
457 465 12
1290 1072 10
1103 111 10
1126 1392 12
962 630 12
275 870 4064
1489 1372 11
1224 385 10
793 560 10
458 1188 10
77 1276 12
1066 264 11
1075 1371 11
1346 181 10
1249 129 12
956 654 12
294 1108 10
340 1205 11
928 1160 10
662 1384 10
1125 1110 10
895 578 11
1307 1378 11
913 304 11
1318 1458 12
1233 221 11
497 1274 12
717 647 12
97 1067 27
92 11 11
303 1012 12
98 1135 12
1402 635 12
1299 44 10
174 1105 10
1354 504 12
725 775 10
580 1054 9744
975 189 10
212 100 12
26 1107 3
419 802 11
307 1364 12
296 261 10
1236 1408 10
1178 1132 6792
551 886 12
988 126 12
547 101 12
1475 1335 10
203 17 11
1142 123 12
45 673 12
1318 678 12
333 367 12
680 960 12
1109 1316 10
562 849 2934
924 769 11
729 218 11
76 18 11
403 602 10
737 622 10
627 730 10
166 1363 11
1062 798 10
1045 70 11
575 945 10
1397 998 10
375 1142 10
1278 1483 10
580 1073 11
1239 1082 12
790 119 10
866 1128 11
1240 382 10
1385 1057 11
407 1451 10
691 665 10
811 1178 11
843 542 43
1096 383 10
403 339 31
1444 1306 10
1076 217 12
930 919 11
393 153 11
788 373 10
868 848 10
1421 712 12
412 560 11
636 862 10
1195 1334 10
1241 672 11
440 188 11
835 759 10
1026 230 11
1121 1381 11
1288 114 12
86 528 11
1224 485 10
235 1093 11
715 152 12
48 671 12
348 598 10
848 890 12
1301 722 10
1056 1163 12
629 132 6675
1078 417 11
808 540 11
448 1408 11
1049 1246 11
1335 224 10
122 364 11
800 297 10
80 1432 10
1376 276 10
1466 611 11
808 856 10
720 1443 12
258 1450 10
675 634 11
1276 576 11
1311 1009 12
459 791 11
713 334 12
205 724 11
576 183 10
889 169 10
1155 1126 11
1387 431 12
534 1053 12
359 199 11
940 547 10
743 795 11
572 1456 58
628 1252 11
1052 163 10
334 481 11
1092 887 11
31 466 8619
711 1283 88
583 571 10
998 379 10
730 760 11
888 557 10
29 123 12
428 25 11
828 128 10
1080 744 7042
182 1417 11
497 1051 12
879 1357 11
961 811 76
802 608 94
192 1056 11
701 150 10
499 660 11
1472 637 10
1332 929 11
1469 1163 10
1140 453 11
701 958 10
535 790 10
805 1130 11
471 1262 11
305 418 10
1202 973 11
705 453 11
985 750 12
291 1456 11
1038 467 10
1116 850 11
1362 234 12
1160 427 10
1237 455 10
1494 1024 10
277 201 10
1418 32 11
1217 1459 10
223 695 12
1238 621 12
128 133 12
938 161 10
1105 1219 12
988 629 12
1493 262 12
742 1436 10
1469 1260 12
1372 442 11
208 1420 12
352 246 11
1195 849 12
1085 240 41
613 640 12
545 273 10
470 1192 12
449 268 11
818 673 10
1265 1280 11
1428 1274 11
1446 1261 12
796 61 11
1413 591 11
189 278 12
508 586 37
743 1147 38
734 936 10
971 68 12
299 1110 78
412 116 10
1083 906 12
569 458 10
1014 49 11
856 1127 12
538 598 12
1120 1401 12
1291 1117 24
963 136 11
390 834 12
826 1336 10
148 191 11
1247 1433 12
152 1170 11
130 1077 10
638 1052 11
27 1295 10
1083 1439 12
716 1329 10
530 1179 12
1100 742 12
1041 426 10
738 1173 12
1361 1456 10
809 1204 11
186 1308 11
431 888 12
1194 220 11
11 764 12
820 1452 11
509 718 12
806 122 12
528 434 2029
578 870 12
144 51 12
892 64 12
338 960 10
268 390 10
697 250 10
1271 20 10
91 1386 12
394 1320 12
917 651 12
1046 1326 12
1010 1019 12
136 868 12
268 826 11
1375 248 10
821 1267 12
1071 1234 11
846 793 11
561 101 10
1146 1092 12
1173 1331 10
856 1245 12
326 1299 10
1281 853 12
107 626 12
275 870 12
460 1199 10
297 931 12
506 1251 11
1490 810 11
1075 919 12
119 132 11
1491 1280 10
200 1376 11
341 516 10
1307 1100 11
160 366 10
1396 1456 8
49 1078 73
421 8 11
408 1339 12
573 687 11
967 983 12
663 578 10
1058 459 10
67 646 12
1081 544 11
1096 60 10
924 742 7327
519 991 11
68 1008 12
1272 1153 10
511 799 11
493 1069 12
382 1045 12
957 1122 11
454 512 10
138 1372 11
828 460 10
574 45 11
598 216 11
493 1219 11
1224 1109 10
1295 841 12
96 1497 12
1263 1207 11
842 174 12
661 524 12
930 1371 11
1181 1013 10
289 1051 11
767 1412 10
1268 1473 5466
1056 1416 11
448 610 12
94 401 10
1463 228 12
447 780 12
6 1078 12
1237 1034 10
151 726 12
624 1216 10
805 209 12
604 1342 12
873 385 10
770 1110 12
70 1404 10
274 573 10
748 833 10
1032 925 11
130 112 874
1088 213 10
983 892 11
826 311 12
1435 1070 11
131 2 10
485 1131 10
1329 1097 10
976 1181 10
432 1278 11
489 1152 10
334 852 12
63 359 12
419 755 11
206 23 10
1088 1270 11
1037 376 12
1015 839 10
488 105 12
1085 50 11
345 1379 12
1014 624 11
333 158 10
222 913 11
867 107 11
1111 502 11
941 502 19
1222 1200 10
285 633 11
229 966 12
475 235 11
1135 544 11
936 156 12
1093 185 12
654 493 11
779 332 96
799 1251 11
495 584 11
1043 1317 12
466 1215 2886
1432 1083 10
1069 922 10
1394 698 10
966 605 11
272 759 12
445 285 10
1299 104 11
785 1442 11
948 867 12
137 1218 12
894 193 12
1425 190 11
1442 572 12
283 1374 11
405 690 12
1051 1435 12
970 1411 12
1325 1381 11
1479 290 11
1033 1428 11
416 387 12
106 920 10
95 567 10
745 372 10
1498 663 10
854 1369 10
824 1205 12
1068 306 11
1306 156 11
958 1063 10
1301 1243 11
93 501 95
563 1406 12
265 1275 11
1430 819 11
1001 355 11
679 1274 1917
1130 474 40
1438 557 3769
275 1294 10
1230 255 10
874 936 68
752 1229 10
580 183 11
1480 188 11
889 388 12
389 1490 11
1048 1034 10
100 579 12
1180 877 12
72 1230 12
357 915 10
1142 755 11
1376 1356 10
1404 254 11
102 307 12
880 718 12
1047 518 50
771 796 11
1326 1012 11
1117 1281 41
1024 507 12
1296 1027 10
1304 103 10
99 1102 10
1338 995 10
773 729 11
828 893 10
1493 1442 11
171 893 10
742 1086 10
53 55 11
1186 643 11
1438 211 12
753 405 10
1040 487 12
500 971 10
1226 369 10
1498 1160 12
488 322 11
63 719 11
1109 168 12
746 1210 12
1360 525 11
257 141 77
245 1471 10
134 804 11
40 632 12
359 391 10
625 1332 11
921 255 12
922 840 99
1475 932 10
886 71 12
1250 1033 49
213 1117 10
121 500 12
604 458 11
313 288 11
986 617 11
502 231 12
637 219 11
260 1341 12
52 1460 12
488 571 12
1051 408 11
783 464 11
233 1010 11
592 1138 11
642 1018 29
6 735 15
253 743 12
1339 877 11
1238 910 12
666 671 12
940 999 11
257 1385 12
575 70 11
1454 1141 12
107 292 11
423 519 11
1261 706 10
455 1266 11
897 860 12
888 374 10
852 577 10
335 648 11
1343 396 10
103 1345 10
1381 280 10
1267 158 12
395 231 11
1356 806 12
789 1211 11
1322 136 83
1305 526 12
1268 279 10
894 12 10
1005 796 10
823 302 10
360 302 11
508 618 10
1349 498 12
35 249 10
744 926 10
1069 1380 12
1376 608 10
310 702 10
1028 232 12
379 400 10
568 16 10
743 1001 11
196 616 8417
1294 409 12
1345 742 11
1286 1348 10
565 1215 10
1465 1450 10
1319 317 10
1467 233 12
176 533 12
438 1270 12
1244 446 11
644 897 10
853 1312 10
632 321 10
368 480 11
1496 87 12
774 1150 11
815 739 12
714 993 12
3 1354 12
1033 263 38
71 219 10
836 457 11
241 83 11
1217 592 12
885 473 11
951 292 11
795 355 11
490 1373 10
192 1469 10
199 339 10
1081 1156 12
576 260 11
18 749 10
778 825 10
1071 399 10
1435 1053 44
1009 472 12
945 683 10
1483 996 12
844 616 12
268 79 11
232 1393 10
281 837 11
374 1013 10
18 480 11
1149 1099 11
1156 74 12
729 92 10
1427 1139 12
905 936 11
651 1493 10
1390 1197 12
1118 1318 12
999 1232 10
229 762 12
1463 1168 12
459 1358 12
542 69 11
691 640 10
1262 397 12
496 26 12
1425 1228 10
865 320 12
1434 1304 10
1231 106 11
173 158 12
1042 1410 12
491 240 10
47 862 1342
1257 735 10
298 717 12
1180 1273 12
1095 967 12
948 249 10
1176 647 11
115 642 11
390 311 11
122 997 11
381 1427 16
417 757 12
1250 917 12
1306 741 11
363 407 10
865 1173 10
762 605 12
1170 1461 12
160 1090 10
1020 1476 10
1316 1488 11
50 81 3
524 625 10
1275 271 11
655 670 11
147 12 10
988 1021 11
502 1131 22
533 220 11
71 179 10
1189 1427 12
1005 601 11
1122 691 12
1196 674 10
1019 681 10
13 897 50
483 1015 12
454 55 14
1359 525 11
117 266 12
263 499 12
577 370 10
805 782 10
913 1161 11
238 1061 10
253 1059 10
236 1041 11
1105 596 10
758 693 12
735 1313 11
884 833 12
721 272 11
243 1113 12
925 1284 11
984 564 10
852 1492 10
482 1266 12
947 1209 11
136 1500 7552
521 39 12
871 246 4412
888 1181 11
337 294 12
831 874 11
759 1094 11
643 854 10
1214 456 94
841 594 11
315 881 11
892 1483 10
487 1035 11
455 505 17
531 659 67
481 577 10
17 1022 12
345 800 12
652 1 10
1477 469 12
1374 198 10
876 1107 10
182 667 12
372 431 12
49 1447 11
1345 1058 11
756 286 12
1252 1107 12
197 258 11
879 682 11
1056 1260 10
146 371 10
1090 871 12
344 927 11
758 1426 12
595 436 11
1457 173 12
721 747 11
829 507 11
354 379 13
911 40 8613
716 298 7412
1219 1380 11
1361 971 11
1384 561 11
312 698 11
244 129 11
278 830 46
1203 903 11
1219 949 11
582 1238 12
634 1038 12
1070 661 10
947 956 4902
950 774 12
1268 1153 12
358 857 11
858 457 11
956 1017 10
425 214 11
356 218 10
252 1111 11
1195 924 12
765 1500 11
118 71 80
40 1149 6411
128 154 7402
690 1126 19
127 496 11
608 1310 67
124 979 12
292 1432 10
762 484 7969
36 118 11
206 741 12
1284 934 12
306 1165 10
1032 1263 42
811 985 98
914 1171 11
953 629 8148
1497 1230 12
671 1402 12
1310 843 83
663 1459 54
1223 429 10
600 1483 10
413 349 10
64 543 10
367 121 9
1054 1016 12
642 1020 11
258 317 48
926 638 11
36 623 12
458 1028 12
900 1319 8539
344 1192 10
696 240 10
1462 226 11
1280 1497 10
157 343 10
242 1202 12
370 59 12
914 1118 11
473 342 11
299 1167 12
696 980 11
1262 1077 11
249 107 11
1074 1479 11
555 350 11
859 18 11
1482 756 11
1234 1074 12
1000 1328 11
7 900 32
862 868 2284
1407 381 10
1208 1115 11
831 918 12
686 555 11
595 225 11
648 340 11
457 521 11
934 604 10
1140 820 10
47 26 11
430 1484 10
1037 112 10
1147 39 18
548 1075 12
941 319 65
962 1211 10
158 827 10
919 995 12
639 1496 11
1077 612 10
792 1026 11
1298 424 12
1477 1204 11
1424 701 12
108 516 12
306 365 10
314 141 10
1108 905 12
256 131 11
372 553 10
710 529 11
203 491 12
1197 475 10
1284 87 12
1035 394 10
580 1110 29
646 711 10
1188 232 10
1460 1318 12
1407 333 10
38 1228 12
925 215 10
1017 493 11
794 9 11
5 331 11
42 1147 11
453 524 12
26 656 12
1312 1459 12
1347 1440 7
1031 125 2643
958 238 10
1243 237 11
769 390 8608
527 1178 12
786 1240 10
1385 591 11
111 924 10
1055 439 12
706 1223 10
1395 86 11
1493 165 10
170 866 10
899 807 11
484 924 7634
115 24 11
1100 1058 11
1348 424 12
444 365 11
765 1470 12
1215 1191 12
520 1288 10
226 44 11
953 1075 12
811 1197 10
744 716 6002
1279 812 10
1064 348 10
247 1264 11
473 1306 77
1402 549 12
1241 247 10
788 326 10
1226 1293 67
313 542 12
918 784 10
373 226 10
321 706 10
1065 1145 11
161 285 11
1175 1465 10
360 725 11
899 961 12
238 1350 12
144 47 12
687 296 11
893 133 11
414 873 11
300 1205 10
17 1186 12
1466 825 10
916 415 10
793 116 10
1235 656 12
1130 548 12
621 583 11
113 832 12
91 958 11
154 1390 12
1004 483 11
884 1446 11
596 922 11
482 134 11
1156 1319 11
221 980 12
936 1429 66
288 911 11
1289 1379 11
1389 983 10
270 308 11
273 566 11
933 212 10
656 1474 11
1222 1002 11
421 1049 10
1420 477 10
451 5 12
1451 1399 10
762 1212 11
668 1015 12
657 1412 12
491 1186 12
183 1341 11
692 683 12
666 949 10
634 418 11
859 1005 10
542 1366 10
1255 503 12
1240 1190 12
391 1453 10
1126 669 12
1375 530 11
611 1219 79
1203 818 10
384 969 12
1443 977 10
859 724 12
591 163 12
1417 14 10
549 372 12
835 341 12
52 1118 11
466 1162 10
196 937 12
1471 1383 12
1412 1267 12
207 958 11
177 765 10
864 1029 12
972 1018 10
1227 779 10
1421 182 12
365 358 11
1177 970 10
876 703 11
233 495 12
317 1038 67
1289 800 11
1306 23 12
927 827 12
1443 710 10
1499 269 11
1078 756 12
892 1158 11
433 233 48
663 275 12
533 30 12
876 955 11
636 843 11
125 510 12
294 187 10
1395 1202 12
1295 1050 11
511 1000 11
106 952 11
280 1002 12
215 87 12
641 248 12
816 384 12
930 502 48
801 1381 11
1386 1063 11
451 430 12
1134 1082 11
693 1080 11
1332 13 6
1372 510 12
774 211 12
720 907 10
690 456 12
1307 1345 12
1230 1102 99
786 772 11
1230 1060 10
1345 1347 10
330 618 11
1274 1435 10
542 911 10
1419 1146 12
1288 1440 11
1247 1110 12
1311 997 10
505 324 8
305 153 10
193 660 12
610 233 10
1474 921 12
1024 1238 12
759 753 41
1201 280 10
1052 1178 2804
285 1291 26
885 813 14
738 739 11
391 494 10
832 1369 12
619 1021 11
1278 64 10
262 572 10
900 822 12
136 801 2
477 988 10
1440 438 10
237 704 12
1370 1066 11
407 1255 12
539 1333 10
935 485 68
955 489 10
687 120 10
562 1214 45
193 1031 8098
1193 352 10
1337 1179 94
1270 1048 12
813 455 7
79 834 10
43 294 12
1451 564 11
861 35 12
794 38 11
273 279 10
41 186 11
1168 1067 12
889 594 11
175 483 11
759 516 10
650 343 11
1445 1100 11
766 1195 11
244 85 10
503 1391 11
332 508 11
1166 1172 10
480 1032 10
895 275 10
611 876 12
198 1365 12
26 616 10
1058 1086 10
1049 1231 10
1133 580 10
202 77 11
20 737 12
88 1103 10
456 337 36
523 1497 10
589 235 12
1463 1346 11
795 581 11
232 736 11
878 707 10
1481 1490 11
552 1182 11
1009 403 29
578 1294 11
881 1355 12
1209 917 10
826 834 12
728 655 12
442 436 10
566 1125 10
1018 501 10
176 1194 11
290 15 12
1242 620 10
382 531 10
740 852 10
610 847 10
822 664 11
1221 1087 10
973 1084 12
253 761 10
1242 216 10
1033 497 10
445 631 12
1102 84 12
463 1123 10
725 648 10
1111 170 12
661 157 12
923 142 12
970 619 11
479 477 11
1138 1005 12
1087 71 20
869 1246 10
1143 567 12
956 1090 79
1481 350 11
1409 338 10
1128 76 11
1442 1431 11
464 1253 11
355 1064 12
401 999 12
19 1084 12
1321 334 12
379 917 12
738 320 11
931 667 10
186 95 10
1335 857 11
176 380 10
306 1280 16
688 327 11
492 976 12
981 933 12
1064 698 11
64 996 10
8 275 5832
109 957 11
338 78 12
619 629 11
574 818 10
1002 582 11
960 1343 10
609 1078 12
763 1136 10
23 783 11
754 603 78
982 1401 10
243 785 12
1154 738 10
284 1360 12
485 664 41
772 1190 10
28 1439 11
672 689 11
830 1282 10
130 84 12
45 1241 11
1282 1463 12
847 735 12
792 535 12
327 675 12
178 964 12
1280 72 10
587 393 12
30 994 11
1107 10 35
504 214 10
955 1148 12
1029 1385 10
426 746 12
1165 932 12
1478 424 11
512 403 11
1452 413 11
453 278 12
348 1242 12
1343 437 10
712 597 41
1009 1375 11
23 1400 11
470 895 53
673 247 10
58 1151 12
1414 512 11
1218 1394 12
775 824 10
1407 478 12
857 1285 10
1003 852 11
1032 639 12
801 1201 11
101 1449 10
625 798 10
608 75 11
293 103 11
1216 146 11
9 1228 10
989 961 10
1398 230 11
1451 503 12
1054 522 12
632 452 11
1456 1047 68
908 1440 11
1171 93 12
735 1411 92
843 627 12
741 1400 11
479 550 12
65 762 5964
1325 709 10
128 121 10
1500 332 11
1005 461 11
514 892 12
863 356 11
505 60 12
76 724 10
1310 122 10
1138 623 10
1228 1472 10
996 328 12
937 836 10
923 902 11
173 875 10
28 1154 11
585 1213 11
677 1083 12
557 1013 10
1368 137 11
636 227 10
1204 402 10
309 25 11
1468 521 12
1411 629 11
987 1070 11
659 306 73
1445 1378 10
539 1392 10
1058 1436 12
584 1033 11
328 1244 10
1046 303 10
1127 1481 10
521 428 10
1392 1351 10
722 353 12
609 1482 12
875 680 71
795 1218 11
246 188 10
608 806 12
1025 209 12
1393 210 12
361 1108 12
47 1235 12
187 905 11
541 703 10
961 1095 12
1122 613 11
819 1300 12
1455 1136 12
799 270 12
527 1197 11
69 1065 10
1364 1419 11
46 410 11
1088 1119 12
1303 209 10
1015 250 11
226 487 11
295 789 11
79 1336 10
573 357 12
1309 947 10
561 1309 10
1251 1424 11
1310 1324 10
399 1074 11
782 1283 10
150 238 10
393 418 10
1110 695 12
543 49 2914
418 938 10
711 1415 11
241 792 11
189 1452 11
1120 5 846
855 1179 10
554 1342 82
749 1032 11
404 1060 10
386 1418 11
438 956 56
1281 558 10
502 199 52
455 134 11
1260 166 12
112 66 10
943 1390 10
867 951 12
1340 1468 11
692 1404 10
1095 679 11
494 1303 10
66 185 11
586 501 11
660 411 6
1260 559 76
948 580 7283
785 165 11
484 603 12
986 540 12
818 172 10
516 1214 11
1456 1302 11
656 272 12
1020 662 11
1188 897 12
1500 737 12
400 1099 11
556 598 44
518 609 11
949 239 12
1458 277 10
95 1023 12
246 253 12
1332 1477 12
1055 655 12
1250 400 11
749 965 10
1291 1371 12
1392 889 11
917 1099 12
1169 1226 10
266 1109 12
1128 205 12
297 712 12
102 1016 11
333 969 12
1048 455 11
1283 1075 11
1300 1196 10
23 466 10
110 729 11
1141 1487 11
129 117 12
108 1094 12
1118 93 12
217 393 11
904 819 10
1131 451 11
704 117 37
1257 495 10
1052 1155 11
1248 86 10
165 572 12
362 37 10
507 433 12
1369 765 10
994 574 10
432 600 10
854 177 10
682 1193 11
579 478 12
383 1041 10
952 1462 11
1320 1183 11
1417 115 10
1131 1397 11
1093 767 11
304 880 10
652 1095 10
1091 403 10
1255 454 27
1157 460 11
890 1139 11
295 136 11
995 1029 12
1033 901 38
266 485 12
781 38 12
979 127 12
705 820 11
602 405 12
1487 611 10
906 738 12
1187 696 11
1003 392 10
976 557 11
1239 1491 11
1174 1200 11
1043 592 11
2 1079 11
1404 1081 10
1472 145 10
812 1213 10
538 715 10
984 1399 12
1216 362 11
776 1295 10
670 1463 11
800 1421 12
81 381 12
1191 213 11
1358 138 12
163 708 10
416 697 11
1233 1393 10
117 1224 11
228 140 11
1251 162 11
67 193 1785
586 1296 11
320 1331 11
103 1378 10
1271 1500 11
401 561 12
1273 449 11
1028 563 11
1010 584 12
797 1325 10
317 1491 10
1465 441 12
550 619 12
346 545 10
1407 384 11
1094 1159 12
1180 661 12
1394 348 11
82 310 12
552 1221 12
411 1364 14
301 234 12
456 1103 11
562 853 10
13 1454 11
1029 638 12
839 963 11
1141 778 12
796 558 10
139 304 11
536 663 11
13 509 10
1022 1116 11
615 125 12
1047 247 17
614 1045 10
612 1142 11
606 38 10
1183 1160 10
800 882 11
112 1259 10
730 1108 12
883 1050 12
875 615 298
1298 1046 12
468 147 11
572 1360 10
1148 486 11
1419 118 13
658 1379 12
1439 738 12
275 684 11
818 1241 11
393 1038 10
180 375 12
1015 927 32
227 43 12
1293 1186 11
470 927 12
118 461 11
1424 207 12
1106 29 11
929 484 10
1378 1347 10
885 1053 11
1410 796 11
104 1035 11
753 1234 12
1186 1116 12
959 950 11
1482 775 45
702 881 10
1185 90 11
1423 154 12
845 398 10
560 1305 12
1293 810 10
449 1258 10
1119 1048 11
1291 919 12
702 885 10
1277 973 12
1350 1044 11
1063 1409 11
1092 109 10
34 659 10
542 704 77
324 401 49
467 161 11
1274 1324 7661
399 649 10
239 549 11
850 1437 11
549 1387 11
507 621 11
39 1271 88
1014 348 36
943 811 11
322 1187 10
371 398 12
1281 1474 2
1316 1397 11
1198 1438 11
3 1244 12
10 347 12
756 1349 11
224 943 11
1083 758 5
12 660 11
1017 1105 12
1248 1277 12
470 305 1375
1403 1389 11
1027 1367 12
522 1364 12
1019 195 12
1401 1420 10
225 537 10
912 1323 10
1310 1311 11
254 1156 11
37 58 12
616 272 11
814 1255 10
585 948 12
1125 359 6000
472 1262 66
1432 28 10
1338 744 11
547 1309 10
43 361 11
929 1204 12
594 318 11
613 716 10
1239 305 16
1456 1118 32
902 1321 10
381 688 12
435 753 11
1192 369 10
112 769 6120
643 850 10
264 573 11
1320 536 12
1337 1098 12
1182 1087 11
415 640 11
753 1347 55
697 319 12
570 1176 10
956 562 1553
931 1417 11
1160 578 11
778 611 12
626 10 11
1212 846 10
658 777 10
504 823 11
684 409 11
746 288 10
761 1476 10
1210 911 11
471 1102 11
31 920 11
598 620 12
1020 94 11
1440 1191 12
133 291 12
1259 657 10
1067 471 11
1137 1219 12
1110 779 5
546 573 92
650 268 10
98 254 12
1287 845 11
105 1233 10
482 196 11
1046 314 12
218 11 10
430 838 11
826 27 13
301 904 11
927 369 10
247 532 99
1285 711 19
1060 908 11
1390 928 12
62 1014 70
1120 1124 10
904 879 12
754 447 11
640 351 10
517 1325 10
29 755 11
1099 1113 11
458 748 10
1202 19 11
1263 42 10
1391 655 12
1151 658 11
1396 1132 12
505 236 12
667 14 11
416 1015 10
120 869 11
1050 781 12
1150 276 10
1322 861 11
440 768 12
221 210 12
845 463 12
329 990 11
1425 258 95
862 337 12
318 234 10
456 290 11
918 1373 12
1192 1419 45
1316 961 40
288 69 12
474 205 12
1103 1195 11
220 994 11
1038 1315 11
698 715 11
385 168 12
934 569 11
159 1346 11
267 1250 12
126 1263 12
1198 774 10
495 1057 6854
258 441 11
839 1327 12
1229 504 12
151 388 91
1442 284 12
863 729 12
287 754 12
262 284 12
124 1427 12
282 836 11
1289 777 11
194 1214 11
1350 338 11
525 1297 10
827 546 10
676 448 10
834 982 10
251 1188 10
576 1073 10
279 770 11
1039 1344 12
911 265 11
1048 482 10
842 654 11
290 111 11
1004 67 9677
751 491 10
525 198 11
1474 1230 10
135 286 11
727 160 10
647 894 10
1206 1480 12
679 983 12
852 1290 11
1273 157 11
1211 1189 11
386 537 11
550 1411 10
259 113 11
495 1313 12
1300 743 1
324 1279 12
986 856 11
1389 432 10
1276 939 10
1154 815 10
320 329 11
1262 180 11
1228 909 10
496 1235 11
1171 1318 10
1149 651 11
1053 342 10
1263 222 12
1428 1352 11
263 12 12
378 900 11
1080 1165 10
416 1087 26
616 749 9660
379 1365 10
138 476 12
963 789 10
620 1170 11
1051 987 11
898 624 10
25 310 12
228 1067 10
1255 1399 12
364 641 10
910 583 11
180 1106 12
25 817 11
618 918 12
568 357 10
1236 610 12
1089 622 11
961 1403 10
1164 856 11
934 1167 10
222 1147 11
1360 1374 11
783 1162 10
200 211 12
471 130 10
24 1020 12
312 538 10
1358 1489 12
210 1169 12
1232 267 12
49 1216 10
1097 148 12
1487 628 11
1032 991 12
629 944 10
1087 116 11
1097 1176 11
1331 1448 10
1265 96 12
1232 1449 11
935 1377 10
758 1068 12
895 427 11
581 312 12
1312 1317 11
698 1401 50
354 954 12
597 119 94
1326 1485 11
802 1140 10
1100 1347 11
1336 982 10
448 1467 10
449 343 12
593 817 12
145 786 12
1420 550 12
121 1361 10
722 237 10
1414 1091 12
1052 149 12
857 943 12
856 686 10
705 189 12
82 46 10
380 220 12
249 143 11
493 196 9504
335 775 11
1436 791 11
473 840 11
5 838 10
1152 1344 12
1006 16 12
653 1194 12
1428 1051 11
1231 1377 10
601 627 29
664 1172 11
174 1137 11
515 1275 10
1238 433 11
791 615 12
1203 45 12
1192 827 11
805 85 38
827 1434 12
1459 36 11
633 1030 10
803 1308 61
368 423 12
104 1152 10
837 1239 10
113 854 10
225 1104 12
890 144 12
821 173 11
1034 134 10
997 472 12
567 828 10
185 1412 10
608 1310 12
973 52 11
1172 1408 12
1264 1056 11
909 145 10
599 1262 12
311 982 10
502 1185 11
379 885 11
410 881 11
1163 151 11
797 801 10
570 148 10
257 638 12
237 797 10
524 562 88
627 238 98
418 467 11
964 266 10
99 130 10
1128 859 12
573 1321 7
681 289 11
841 169 11
1070 1273 12
661 650 12
157 268 11
970 988 10
1333 1351 12
1399 728 10
679 432 12
1285 527 12
1393 980 12
1076 587 10
998 838 10
508 831 12
269 506 12
540 1245 12
1427 144 12
1228 886 10
271 506 10
1423 943 10
1271 1470 10
592 36 11
1264 896 10
157 1258 10
1168 1255 52
914 1460 12
13 880 10
1456 68 11
702 534 11
1342 1051 4
1485 1175 11
470 1226 10
1366 265 11
350 810 11
44 1152 10
619 126 10
703 1148 12
577 959 11
676 1236 12
1369 1271 11
378 928 10
191 147 11
291 971 12
461 862 12
212 1225 11
1172 1467 12
804 858 11
27 883 11
1253 287 12
1400 947 9287
680 1388 10
581 1064 10
158 981 10
644 563 11
741 783 11
953 930 11
981 977 10
269 799 11
1036 674 11
1151 212 3
1365 491 11
571 556 11
647 263 10
1325 1201 10
15 1334 11
347 1154 11
315 885 10
1446 452 11
250 1327 10
1030 1003 12
1070 877 11
871 916 12
1359 1422 12
1113 262 11
1352 987 10
356 92 12
1144 1017 11
972 1323 10
429 1071 12
927 1109 82
980 1169 11
590 812 12
716 1031 11
1324 8 1739
993 45 12
94 1384 10
321 454 10
863 211 22
178 117 11
313 1210 10
53 1402 10
1429 42 11
1320 1498 10
833 452 11
1031 298 11
660 693 10
14 24 12
184 951 11
96 72 11
669 1351 12
1304 1307 11
448 347 59
654 1137 10
20 332 12
1363 1144 12
319 963 10
733 1326 12
477 619 11
1150 608 12
108 194 10
603 1004 12
646 229 12
1427 127 12
807 1095 12
167 307 12
1319 1239 10
1125 223 10
1139 496 10
1038 49 17
286 498 11
327 217 11
714 574 10
344 930 43
1379 1421 11
220 707 11
605 1182 10
1315 434 12
780 1272 12
24 559 12
418 1315 11
920 1462 10
578 684 10
498 53 11
579 384 12
1165 358 10
1313 195 10
1075 1338 10
1201 1174 12
1308 1396 79
1050 794 11
1365 718 10
1267 720 12
310 410 10
820 278 12
156 466 11
703 489 11
562 61 12
1450 1076 12
775 340 12
1315 161 11
1227 771 10
41 1330 10
87 1167 10
196 804 11
123 975 10
1319 1134 10
89 568 11
969 986 12
708 669 11
1321 432 97
190 909 11
70 98 12
149 1126 11
595 386 12
58 56 11
1114 587 10
478 367 11
534 1355 11
1432 347 12
69 515 12
1030 740 10
616 835 11
308 91 12
258 688 11
353 517 12
1113 1442 10
1211 124 11
56 658 12
1214 421 10
434 923 10
1040 44 10
732 1478 12
397 1264 11
523 1474 11
582 325 11
432 892 10
1495 428 11
695 1111 11
1449 1250 12
262 1431 11
629 1429 12
444 1165 11
1357 1036 10
1478 733 10
87 569 10
760 1444 10
829 325 10
846 416 81
959 1198 12
1348 1046 11
1158 543 12
878 994 11
526 1279 11
341 194 11
834 1486 10
750 199 10
1356 75 12
1315 445 10
350 899 12
945 98 12
1254 751 10
1074 456 11
179 772 12
1431 1359 12
211 1100 34
1109 1131 11
194 1159 10
717 191 11
891 324 11
1411 1021 11
96 1474 12
1348 748 3955
1310 698 23
1013 1194 10
1167 251 10
360 543 1214
666 53 10
872 704 12
1187 1393 11
685 1498 10
1268 566 12
21 700 12
1266 804 12
1012 1175 10
406 1357 11
1196 352 12
921 1060 11
532 1332 91
285 142 10
354 1320 12
999 101 11
1065 1275 11
341 62 5
731 1253 10
862 43 10
1029 1413 11
405 1074 10
85 964 12
1461 1353 10
1336 1120 10
179 1240 12
836 1468 11
865 739 11
411 762 11
1047 1445 11
1277 19 11
367 986 12
441 327 11
51 26 12
655 1282 12
1403 679 10
195 1428 10
846 1087 12
840 155 12
591 149 10
1464 884 10
643 1158 5598
629 1263 10
912 586 11
1090 957 12
410 885 12
177 1271 12
61 1217 10
379 1149 12
723 1419 12
236 1208 12
1362 904 11
272 984 6
948 184 11
475 376 11
554 1220 11
765 20 11
1006 687 10
423 965 12
1047 103 10
1471 888 11
1166 448 11
361 760 12
46 315 12
1018 378 10
1193 674 12
1139 47 10
1314 1255 12
550 988 10
1370 1448 12
1007 273 11
147 499 11
1023 828 10
1000 1251 11
277 49 11
761 662 11
299 569 12
887 462 10
860 167 10
366 293 11
1255 564 12
514 1278 11
968 1225 12
510 386 11
439 1292 10
1479 766 11
1074 88 12
358 941 79
452 454 10
851 875 10
248 972 10
75 1324 11
1051 145 87
872 517 12
142 1030 11
284 283 10
694 727 12
1110 50 14
125 502 7945
117 1130 75
4 277 12
938 434 11
121 139 29
444 1475 10
1217 1317 12
409 1410 10
248 1179 12
1303 782 11
787 170 10
317 1082 12
598 152 10
977 529 11
875 981 11
952 373 11
773 356 11
1115 313 10
94 940 11
1370 990 11
612 419 12
1293 1022 12
411 966 12
26 721 12
483 387 10
502 746 4702
198 50 12
534 473 10
347 906 10
685 1183 11
139 13 12
503 728 11
541 1107 11
926 1413 11
956 174 11
556 696 12
689 1469 10
537 1231 48
1473 1146 10
693 306 12
1038 938 11
877 650 12
199 1342 94
992 778 11
318 904 12
289 1352 12
782 548 10
954 789 43
644 232 12
426 313 10
139 39 57
396 229 11
1339 661 12
1185 1128 12
401 547 12
650 1258 11
166 588 11
1251 308 12
1133 576 10
1144 174 11
1445 1345 10
278 1062 12
219 699 10
803 989 12
927 1441 10
897 736 11
145 219 11
665 1031 10
735 584 12
996 752 12
11 1133 12
1002 829 12
1412 851 11
458 644 10
880 1141 12
292 10 12
1077 375 11
1409 680 10
741 466 12
422 340 11
16 915 10
717 434 70
24 336 10
92 136 4533
1473 727 11
174 493 10
1397 5 11
737 508 12
443 752 12
841 814 2
462 1122 11
390 1336 11
630 848 10
782 953 11
142 1321 11
1021 1429 12
1385 527 2
1208 426 12
517 801 12
240 489 10
727 974 11
1022 113 10
787 395 11
140 471 12
74 317 10
926 1385 11
653 533 11
354 685 11
524 1062 11
252 787 10
900 941 50
515 1499 11
906 815 10
1480 768 10
1260 1129 10
433 488 12
238 1409 11
211 608 12
860 102 10
949 1402 12
960 946 12
346 780 10
823 335 12
467 434 12
1162 256 12
1352 408 12
822 1166 10
632 1261 11
1269 68 10
1239 1265 12
1096 236 12
1076 675 12
559 662 10
747 341 12
1173 1370 10
273 1153 12
306 1475 11
701 1386 12
587 634 12
339 805 10
1009 803 57
940 561 11
206 156 11
606 9 11
723 694 11
1470 332 10
991 1284 12
1223 435 11
75 122 12
151 588 10
1294 875 918
913 13 11
665 1329 12
493 596 10
366 902 8830
834 1120 11
997 641 10
968 1101 11
780 1268 11
5 1484 10
85 414 12
485 168 10
1357 1196 11
531 1369 3106
557 653 11
1240 614 10
1091 429 10
1200 1024 11
31 788 12
1355 342 10
164 415 12
50 491 12
649 88 10
1496 299 10
55 952 9
62 513 12
849 769 12
202 11 11
219 772 10
1368 1001 11
1153 1125 10
1064 538 12
233 1412 3
737 330 11
6 132 11
251 1028 10
1252 703 11
1389 514 11
39 82 10
512 435 12
1085 203 11
465 309 10
989 652 11
495 1019 10
817 315 12
235 1259 11
365 1335 11
132 135 11
553 21 10
526 1322 10
903 1241 10
304 509 10
252 33 12
287 1382 10
19 914 10
178 414 10
231 474 10
378 1405 12
1449 379 10
1063 1061 12
53 239 12
355 1394 11
1190 531 12
881 1053 12
377 623 12
740 481 10
1333 841 11
420 1426 12
732 1298 12
40 1446 12
1134 1491 12
1244 1411 2757
1176 468 11
1219 922 11
187 1444 11
1107 54 11
1426 444 10
1254 40 10
51 844 11
1283 1291 12
748 764 10
902 713 11
161 631 11
333 1011 11
823 725 11
366 1047 10
1229 425 11
204 1473 11
1034 196 10
110 356 11
85 117 10
1383 557 11
1256 787 11
637 786 11
1073 1341 11
481 1492 10
1061 338 12
1281 61 12
149 1083 40
994 1203 12
200 1150 10
442 225 10
797 1121 11
163 539 12
153 1315 12
569 1342 12
1298 733 11
620 27 10
1498 895 10
272 341 11
777 882 11
842 432 1
651 785 12
251 644 10
1284 299 12
282 1340 11
557 643 660
1004 416 10
166 726 10
469 603 11
91 150 12
627 294 11
1400 731 11
172 672 10
952 1151 5
875 907 11
1346 1067 10
1488 5 12
1163 166 10
1152 354 10
937 858 12
1242 152 10
1179 738 67
946 437 12
928 475 12
1259 185 12
596 1380 10
80 10 12
601 862 10
234 879 12
1040 104 11
158 907 12
154 527 10
1470 1089 10
409 779 11
1380 1096 11
1009 641 10
83 1026 11
659 526 12
492 888 11
1084 1460 10
1028 897 10
804 1340 11
840 83 12
1406 102 10
1235 616 11
772 382 12
9 551 10
1436 1358 12
1278 1158 11
472 530 10
802 975 10
1433 252 11
373 1299 10
61 1312 11
403 753 11
1094 1214 12
421 1330 12
642 761 10
820 524 11
237 1197 5368
939 260 12
799 1328 11
350 989 12
1073 97 10
434 285 11
144 1047 27
1366 515 10
775 371 32
19 52 12
1205 85 10
93 4 10
553 849 10
763 1254 10
326 1040 11
1430 406 12
1292 360 90
106 788 12
74 1134 10
901 678 11
866 474 10
1330 358 42
136 630 11
314 1012 12
59 774 10
476 442 11
1016 1364 10
75 1311 11
622 618 10
649 456 10
1118 901 11
1350 680 11
587 305 11
726 1144 10
268 1362 35
745 1387 12
515 1145 12
65 606 11
902 1030 10
1489 476 12
804 836 10
461 227 11
1279 861 12
1207 913 10
616 747 11
487 1039 11
1415 1212 11
389 350 11
283 525 12
1194 878 12
173 720 10
536 1052 2119
1012 81 10
527 928 11
307 204 12
1129 588 11
633 1321 10
944 1207 12
537 1455 12
761 232 10
1327 789 10
584 681 10
657 821 11
957 164 12
429 753 10
453 1452 11
436 1418 10
770 1433 11
21 642 12
922 505 11
351 1097 10
170 231 12
66 657 12
1103 15 12
191 894 12
101 267 11
801 709 12
1401 1177 12
764 580 10
479 970 12
1042 779 12
944 222 11
516 1337 10
563 860 12
678 898 11
193 758 11
374 653 11
468 263 11
871 164 12
744 257 11
1471 976 12
531 70 10
680 78 12
3 1229 10
1136 751 12
763 1464 11
975 820 12
107 80 11
553 115 10
991 1496 12
1375 855 10
600 64 10
160 887 12
1069 554 10
566 1247 12
1097 717 11
357 120 11
870 1227 12
86 973 10
16 296 12
211 1356 11
50 17 11
872 797 10
494 805 10
742 128 1877
1416 1129 10
706 1091 10
475 112 11
731 813 10
87 604 10
450 218 11
274 568 12
22 138 11
537 763 12
337 730 12
621 488 12
1337 421 10
779 1281 10
871 1122 11
1406 1054 10
98 1081 10
484 62 10
756 757 12
1130 1283 10
859 368 11
60 57 12
1330 1308 11
747 759 11
1098 186 10
712 553 10
1256 826 61
1115 746 11
44 1039 12
1011 986 10
201 1447 11
308 701 11
1246 106 12
712 667 12
1297 50 11
329 1066 11
465 39 11
217 305 12
727 1092 11
1043 1459 12
918 73 10
1317 1138 11
218 748 12
540 1127 11
507 910 12
1131 1488 11
5 252 6626
526 590 10
1429 1207 12
125 442 12
250 295 12
1280 1474 11
750 391 10
1179 1323 11
38 87 6880
517 1121 12
1274 408 11
1172 610 12
137 355 11
452 706 10
1007 1272 11
336 1092 11
776 883 12
813 131 11
226 104 10
911 1065 12
850 1369 11
210 470 11
112 1093 11
656 747 11
438 213 12
1040 743 16
626 1432 10
1010 1313 10
56 345 10
1487 825 10
1085 1365 11
1249 178 10
1032 1377 5680
964 1224 10
669 841 11
529 100 10
1205 178 10
732 1348 10
491 1022 12
552 846 10
1435 1180 10
127 47 11
719 391 12
1041 1115 11
412 34 11
366 1293 10
8 1308 11
305 1244 8472
1380 505 11
1400 1162 10
815 320 10
434 497 9977
1149 243 11
1429 791 11
698 1242 12
1124 479 11
165 1431 11
1183 663 10
755 1140 10
603 513 10
1269 1301 12
280 1494 12
1294 1227 10
316 754 11
92 77 12
155 1026 10
407 984 11
764 576 11
703 54 11
1307 863 17
477 1411 11
771 1281 12
120 1049 10
726 842 11
1418 1455 12
462 916 11
813 287 12
1437 645 12
8 1143 11
1105 1069 11
566 770 12
1151 1289 10
985 719 12
1034 1266 10
394 685 12
1179 1018 10
1292 7 11
450 92 12
167 522 10
1243 353 12
332 622 12
421 186 10
1321 580 79
218 77 12
299 604 10
863 450 10
1441 546 12
406 682 11
282 858 12
627 361 10
244 178 10
1274 987 10
886 145 12
935 31 10
1297 203 10
84 375 11
950 200 10
32 1254 11
204 694 12
1303 1130 12
145 179 11
809 484 12
1145 511 10
454 1223 12
1036 1206 12
586 378 11
102 522 10
140 99 11
843 337 12
858 1184 10
1423 1285 10
901 4 10
1341 1314 10
70 683 11
634 153 10
663 1135 75
1226 827 11
496 1098 3
466 731 10
1293 259 11
591 1155 10
388 1134 83
172 247 11
369 366 11
259 1116 11
492 1383 12
1485 197 11
57 1115 10
564 1055 11
326 226 11
761 94 11
800 737 10
1453 1025 12
518 6 10
461 843 11
240 1438 3976
506 270 10
878 714 12
555 803 11
1319 1400 1624
336 160 10
678 1014 10
278 413 11
1410 1281 10
10 1083 10
663 427 10
383 1208 12
802 705 12
561 1232 12
18 423 12
104 1039 11
179 699 10
352 1480 11
36 1005 10
1176 191 11
1458 1014 12
1475 358 10
977 212 12
151 679 1435
740 392 12
1091 435 12
1112 590 11
513 416 10
37 398 12
625 349 11
824 244 11
952 326 11
1434 293 12
424 303 11
1490 899 10
1481 803 12
972 586 12
220 714 12
1136 884 11
718 815 10
256 1336 10
1491 523 10
415 665 12
983 600 12
450 202 12
341 1094 12
1324 1009 12
188 1059 12
1459 377 12
1450 327 11
368 473 100
1331 990 12
672 192 10
882 931 10
413 798 10
1415 552 10
1044 1388 11
849 669 4954
1421 931 10
109 871 11
1157 128 11
247 689 12
1328 162 11
327 587 12
1157 893 11
719 199 12
1049 935 12
536 1160 10
169 1362 10
819 1357 12
607 322 11
1453 805 12
434 663 88
83 1398 12
1079 780 12
334 392 11
522 723 12
149 708 11
1332 809 11
951 626 11
402 513 12
181 99 11
1324 997 10
844 721 12
816 478 10
1488 998 12
1365 17 11
487 1152 12
774 1376 11
815 256 10
30 714 11
807 1 10
42 139 11
1160 275 10
1383 374 10
645 20 10
189 524 10
78 1343 11
1041 1396 11
422 824 10
75 144 72
920 326 10
657 1457 12
261 935 10
1272 566 12
301 1430 11
390 300 7855
922 1096 10
514 600 10
708 1333 12
184 107 11
1422 1297 10
559 363 22
848 1427 12
1349 666 12
1496 934 10
1347 1086 10
690 1479 10
548 930 12
330 831 11
898 201 10
736 846 71
1476 1384 12
1343 646 11
201 1216 10
1072 1198 10
729 202 10
760 734 12
1448 89 10
81 1465 10
609 132 11
707 993 12
810 652 10
447 1007 12
610 1257 11
875 1443 12
662 401 12
124 890 10
1119 1117 12
280 1200 12
464 256 12
576 1326 44
367 808 10
932 224 10
639 1284 11
8 95 10
733 314 10
1118 472 53
431 1383 11
428 82 11
736 167 11
300 1249 11
441 1076 11
1124 1177 12
272 108 11
414 266 10
740 857 54
154 811 11
1326 141 11
841 388 10
1477 484 10
425 823 11
1181 653 11
1120 208 12
1256 33 10
234 819 12
1244 425 10
1342 1188 11
830 670 11
716 351 11
61 1043 11
713 740 11
1265 523 12
33 502 10
