20
4 123456790 123456790
86028157 160481219 393342743 198491317 
4 123456791 123456791
179424691 217645177 86028157 198491317 
5 123456792 123456792
838041641 217645199 275604547 756065159 879190747 
5 123456793 123456793
593441843 275604541 593441861 413158511 553105243 
5 123456794 123456794
756065159 941083981 104395301 122949823 49979693 
6 123456795 123456795
961748927 122949829 776531401 334214459 179424673 613651369 
6 123456796 123456796
674506081 654188429 275604547 512927377 735632791 160481183 
6 123456797 123456797
393342739 67867967 756065179 236887691 236887691 433024223 
7 123456798 123456798
941083981 104395301 104395301 920419813 32452867 67867967 334214467 
7 123456799 123456799
715225741 413158523 256203221 141650963 756065179 67867979 373587883 
7 123456800 123456800
32452843 49979693 694847539 817504243 941083981 533000389 838041647 
8 123456801 123456801
67867967 433024253 899809343 899809363 122949829 735632797 512927377 654188383 
8 123456802 123456802
217645199 776531419 198491329 920419823 217645199 776531401 373587883 295075147 
8 123456803 123456803
334214467 899809343 715225739 198491329 858599503 295075147 353868019 674506111 
9 123456804 123456804
593441861 433024223 314606891 275604547 314606891 817504253 899809363 715225739 735632797 
9 123456805 123456805
32452843 633910099 198491329 715225739 654188383 122949829 553105253 879190747 236887699 
9 123456806 123456806
452930459 413158511 674506111 275604547 899809363 236887699 797003437 472882027 275604547 
10 123456807 123456807
141650963 512927357 817504243 920419813 941083981 961748941 217645199 797003437 674506081 694847539 
10 123456808 123456808
314606891 295075153 633910099 756065179 67867967 858599509 393342739 735632791 295075153 141650939 
10 123456809 123456809
512927377 674506111 217645199 179424673 314606891 674506111 433024223 433024223 256203161 920419813 
