00000000000001000000000000000000000000000000000000
50
? 6 4 31
- 34
? 12 6 24
? 1 1 48
? 10 5 22
? 3 2 47
? 15 8 33
? 15 13 22
- 28
? 13 18 25
? 32 38 10
? 1 2 46
? 15 39 5
? 16 30 4
? 27 4 12
? 1 1 40
? 17 8 28
? 11 18 25
? 14 8 5
? 5 6 37
? 11 1 37
? 12 11 28
? 10 21 27
? 10 19 28
- 36
- 39
? 7 23 23
? 14 1 32
? 27 6 19
? 3 3 43
? 12 18 28
? 17 4 21
- 23
? 5 10 27
? 7 4 35
? 1 3 38
? 2 3 29
? 18 3 22
? 9 5 15
? 15 2 28
? 12 12 25
- 22
? 8 5 32
? 24 26 10
? 4 18 25
? 2 9 26
? 2 2 43
? 1 1 42
? 4 3 36
? 2 11 33
