70 1473
17 61
9 21
55 68
18 9
68 3
6 58
22 21
67 70
35 9
40 55
41 66
1 50
44 49
69 46
5 58
48 50
22 37
26 19
24 1
45 11
40 13
39 26
51 10
32 11
40 1
32 41
64 24
23 7
46 67
55 61
59 37
13 70
6 61
29 9
35 56
66 65
45 59
55 23
39 13
6 31
47 55
6 13
45 20
20 49
63 2
51 32
11 27
22 63
68 1
31 35
47 11
59 46
16 8
65 8
11 19
10 30
60 7
54 8
51 1
57 70
1 70
38 18
35 20
2 49
47 58
2 60
34 16
68 8
16 42
24 23
51 5
59 3
25 24
44 48
30 65
20 70
15 32
54 5
42 70
63 56
22 12
63 28
39 16
15 29
17 46
66 67
31 38
16 61
45 60
39 9
56 11
34 41
68 19
3 49
51 50
28 7
39 36
63 58
22 41
59 32
59 2
41 58
64 62
26 56
6 46
44 46
38 48
5 59
37 66
17 36
66 11
38 37
23 10
55 56
54 46
41 7
40 41
52 4
53 49
65 43
17 1
59 10
23 30
31 28
16 29
39 62
67 27
13 38
59 29
2 7
56 45
45 12
55 7
64 63
5 32
13 11
51 46
54 3
31 16
56 42
25 51
42 11
62 37
26 60
42 49
17 57
64 54
60 11
37 4
22 9
9 67
40 32
25 2
31 42
16 37
41 42
16 3
53 59
69 57
39 44
35 51
53 23
31 69
20 8
17 8
47 37
30 7
17 49
52 55
5 46
44 70
2 46
5 29
41 29
22 33
1 4
38 33
39 49
63 49
55 14
2 11
25 66
53 37
22 61
37 65
55 67
20 21
56 57
23 67
5 30
32 7
32 9
36 1
61 43
22 46
39 58
6 26
41 8
28 36
56 20
35 34
67 49
13 30
38 42
40 66
31 19
62 61
51 66
25 43
31 43
1 65
64 50
53 32
38 28
16 48
43 49
56 58
59 41
14 8
45 67
17 67
35 28
36 65
23 5
65 46
6 54
15 10
30 66
16 27
40 11
31 20
47 23
28 42
64 45
54 37
31 50
5 33
31 26
1 12
54 48
64 4
54 45
66 29
13 9
39 56
38 1
16 23
40 20
36 33
6 38
56 1
27 8
1 66
53 52
31 12
39 41
22 50
48 7
44 8
2 41
69 8
38 67
64 35
57 9
51 69
30 50
52 44
23 15
34 58
25 58
64 57
31 21
60 21
18 36
39 3
6 33
69 28
41 9
64 7
38 36
55 16
26 27
1 33
69 66
23 4
12 11
53 47
34 70
40 34
17 20
55 65
38 41
41 19
50 70
53 36
35 45
13 44
10 41
66 58
11 67
34 15
54 12
18 14
62 48
39 33
13 1
29 42
39 65
68 43
51 63
53 12
47 20
17 26
25 3
22 14
47 28
17 12
23 36
56 50
28 11
25 14
40 30
46 21
41 70
37 46
51 11
53 3
35 23
26 46
6 47
55 49
68 10
51 28
17 43
28 32
23 48
53 33
68 32
61 42
17 4
34 9
25 61
3 50
42 58
2 43
41 4
63 47
17 22
24 68
13 36
2 67
52 68
60 70
38 44
34 27
68 56
35 70
3 43
42 46
23 41
17 19
69 9
47 34
36 60
44 19
54 41
43 27
25 38
44 37
47 69
48 60
64 31
66 61
13 46
51 60
15 14
9 8
38 27
24 14
40 25
5 62
68 20
34 12
44 29
35 43
35 33
17 10
44 23
10 70
34 66
1 7
26 62
26 29
36 57
56 19
35 26
25 45
60 33
62 8
33 65
63 33
28 58
14 7
64 22
65 67
18 37
30 32
66 43
17 11
59 43
38 12
32 37
40 24
39 59
24 3
45 30
12 58
28 67
22 23
59 14
47 8
63 42
53 11
65 12
25 1
64 17
64 15
15 58
6 27
25 46
39 21
57 30
5 65
62 15
6 37
17 9
47 1
16 66
65 21
33 21
16 68
64 32
8 21
17 60
41 65
39 18
56 37
6 22
61 65
54 65
37 8
37 12
69 48
26 32
39 47
56 48
51 62
18 44
35 7
6 43
33 67
28 46
15 12
1 2
28 48
18 57
52 69
20 32
15 4
6 69
24 41
20 43
38 55
43 11
53 26
34 23
20 27
63 67
39 57
62 19
22 43
63 7
51 38
15 46
59 58
23 58
31 68
24 43
6 32
28 14
44 5
35 11
55 42
52 10
38 61
51 45
51 48
40 58
47 59
47 61
64 34
36 62
44 1
52 3
25 68
38 21
62 32
68 70
48 32
14 61
7 27
68 2
62 21
47 43
35 41
28 68
68 14
6 55
62 27
36 42
64 16
48 41
69 7
55 58
55 15
38 8
31 60
59 19
17 7
13 59
40 43
22 20
13 23
29 43
22 28
2 37
22 66
63 23
3 7
18 30
25 9
68 57
53 41
68 48
6 23
52 29
50 21
52 5
6 70
16 56
55 28
30 9
62 58
51 56
53 4
57 10
6 29
59 49
64 39
63 16
63 66
57 59
11 70
59 12
53 61
42 27
68 61
30 11
17 18
3 27
31 14
64 19
2 65
63 5
17 56
26 8
22 44
62 46
45 15
52 18
34 29
55 29
6 20
53 57
24 20
31 22
69 16
25 49
3 48
63 36
47 62
51 68
40 26
40 33
13 51
47 46
28 56
38 66
42 8
6 18
7 19
14 67
36 10
47 41
57 48
50 4
47 15
18 10
35 47
14 37
59 7
40 37
47 36
36 5
9 58
62 12
17 63
23 20
23 3
56 12
36 67
13 37
10 67
25 47
39 37
48 19
64 10
54 62
25 33
35 60
17 33
3 37
55 8
38 16
36 29
68 4
34 8
32 29
52 59
63 43
57 4
48 4
48 29
30 12
34 68
39 70
51 43
66 19
23 2
30 8
59 66
38 5
40 2
10 21
32 21
60 61
24 15
69 68
65 58
20 46
39 60
30 4
23 27
34 2
24 50
12 42
16 21
52 30
56 7
35 66
47 30
15 65
35 49
53 60
12 4
54 68
36 27
35 36
45 9
63 20
17 53
59 9
33 29
37 29
10 20
40 5
63 32
56 46
7 49
64 60
40 38
35 22
37 58
45 50
13 48
63 69
52 58
69 44
56 30
46 8
13 3
17 65
5 50
36 37
40 46
18 1
6 52
1 27
40 8
17 69
22 62
31 63
34 11
67 8
24 11
54 34
6 50
39 38
40 9
25 42
34 18
63 65
25 63
47 18
26 30
24 61
39 27
53 38
53 68
13 49
51 52
57 1
6 24
50 8
39 8
42 19
54 53
63 68
16 10
23 21
31 3
64 68
55 30
1 58
25 23
3 60
13 60
23 19
44 3
36 3
36 2
17 58
49 21
60 67
69 58
53 1
5 61
24 9
55 9
69 21
56 61
23 14
33 27
38 59
2 29
28 16
15 41
37 27
23 59
15 70
25 29
44 33
54 19
15 42
26 9
53 8
56 43
69 56
47 4
68 7
65 49
14 58
11 21
16 9
29 27
18 46
56 3
40 19
13 14
15 21
36 9
37 19
6 67
13 15
12 27
41 12
48 30
5 1
39 46
51 15
24 19
56 66
34 20
18 3
40 35
34 14
13 56
2 33
23 43
25 69
59 70
54 10
31 36
64 30
31 23
24 7
54 51
45 65
23 42
6 21
64 28
37 43
6 28
30 27
13 42
28 59
48 43
64 61
15 2
54 58
28 33
57 66
24 70
59 67
11 8
6 10
13 43
14 65
69 65
35 59
63 27
54 25
63 48
5 49
44 50
50 58
30 43
65 27
13 19
1 14
50 19
63 14
69 1
26 23
24 32
40 68
40 36
50 43
46 58
29 4
51 7
56 9
7 8
54 15
68 50
34 10
6 65
41 67
47 21
36 12
1 42
5 20
47 42
36 45
6 14
53 69
25 26
20 29
2 48
51 12
36 19
15 7
10 2
51 14
29 49
24 59
10 9
62 1
16 70
28 70
63 46
48 42
54 52
60 8
28 62
51 30
53 50
26 20
35 30
35 16
54 57
32 4
7 29
26 18
14 32
55 59
26 59
31 52
35 15
7 58
61 58
5 7
25 34
32 12
15 9
47 50
13 12
45 27
12 21
44 2
26 11
53 65
49 19
48 67
26 50
5 37
69 18
39 55
1 67
41 43
14 29
55 34
10 65
23 60
17 55
17 2
20 48
55 27
25 15
63 44
44 9
64 23
53 30
64 51
48 11
35 8
63 10
62 7
3 41
69 30
36 61
18 4
22 52
26 57
36 46
45 32
54 59
57 20
22 18
57 3
10 4
43 4
59 4
24 10
52 61
56 8
53 70
18 11
28 26
35 61
47 3
54 22
16 50
5 56
68 58
52 26
64 14
10 37
18 21
18 45
47 60
53 34
52 48
39 30
57 21
35 46
51 59
64 47
13 32
39 24
67 58
17 41
68 65
31 49
60 49
32 43
22 60
6 57
64 48
15 50
38 10
36 70
25 37
40 52
23 70
22 49
60 12
6 16
32 58
55 4
47 57
59 48
62 9
40 7
17 3
52 45
54 28
64 44
7 9
64 27
44 20
39 7
26 61
2 20
28 9
36 68
35 57
35 38
24 66
24 69
50 11
64 52
6 51
57 60
1 43
42 21
6 60
24 60
54 35
2 27
26 45
25 41
7 66
49 58
38 23
36 15
52 62
63 8
68 67
16 41
40 14
23 57
31 37
15 8
52 70
11 4
28 27
65 4
59 11
6 35
28 50
38 20
35 29
6 49
22 57
47 14
16 11
69 32
38 45
10 42
4 70
5 41
39 42
52 60
4 8
25 16
39 35
13 67
52 41
54 14
34 4
22 30
35 62
10 61
55 21
20 67
47 27
45 10
47 10
54 32
39 5
45 41
44 43
14 70
63 55
25 11
34 62
28 3
61 11
57 29
63 19
39 63
19 21
50 29
51 4
2 66
47 2
35 53
61 67
52 21
62 50
69 50
14 20
25 48
18 19
69 11
18 58
57 37
3 58
54 18
22 45
48 37
29 19
35 12
35 10
37 42
53 43
20 12
39 20
40 45
43 19
3 61
60 65
65 19
37 9
1 20
59 50
63 62
31 65
61 49
36 66
45 1
64 11
45 58
26 49
51 70
61 21
48 65
39 4
27 19
67 21
53 45
51 29
3 20
12 29
45 4
66 21
44 32
34 32
45 29
13 24
11 58
50 61
34 61
55 36
48 27
25 59
69 20
6 12
63 26
26 36
36 58
14 12
63 52
25 56
17 14
24 48
38 63
66 8
39 54
64 5
51 27
63 34
66 4
23 11
64 2
5 27
45 7
26 4
59 42
6 39
14 33
64 12
54 69
8 19
48 21
16 14
55 46
22 26
32 50
55 2
18 2
13 27
26 7
26 2
5 43
16 49
10 32
52 28
39 34
6 15
47 24
17 45
16 7
17 34
43 9
28 19
17 39
64 8
52 12
25 22
22 68
38 58
30 29
51 20
40 69
32 60
18 68
40 56
20 41
38 70
40 17
16 62
39 32
2 58
59 65
22 4
39 2
20 19
64 18
13 2
55 43
56 67
25 30
26 14
51 24
34 59
56 4
33 50
44 58
38 34
38 43
37 70
62 14
26 21
68 59
11 49
35 1
60 42
37 21
69 3
60 46
53 67
8 70
45 21
35 42
22 16
65 29
24 45
63 57
64 43
28 41
52 15
53 2
1 48
31 5
5 21
55 70
60 9
23 45
31 29
40 60
36 20
53 24
57 49
13 26
45 43
50 27
52 46
68 37
1 9
66 49
32 8
39 1
12 19
64 26
3 42
35 58
52 9
40 51
15 61
38 24
51 47
47 67
62 11
6 59
62 20
38 4
55 26
12 43
56 10
37 61
60 19
38 56
43 58
59 33
44 62
3 70
25 60
15 33
1 10
46 19
35 5
26 70
63 3
63 29
63 1
31 45
13 52
65 11
26 5
25 27
1 15
10 46
35 14
10 8
52 33
9 42
55 1
30 67
1 19
68 60
21 70
63 41
64 40
53 19
64 56
31 34
52 1
55 48
17 24
40 59
39 69
20 9
55 19
59 30
10 11
59 27
51 23
27 4
44 56
31 53
69 41
64 38
31 25
53 10
18 23
54 13
16 59
24 33
24 62
35 24
69 60
55 60
40 44
53 21
31 54
40 23
59 8
23 8
16 2
64 58
67 4
32 19
45 3
15 59
30 37
26 42
48 9
23 9
57 42
15 37
7 65
18 61
34 45
40 50
39 15
22 11
41 11
60 27
23 66
6 2
54 47
53 48
63 4
5 2
24 21
52 2
53 27
17 54
25 18
40 39
14 27
57 19
34 43
51 67
17 42
39 19
57 50
24 26
45 61
25 65
36 49
35 3
26 65
40 27
10 33
61 46
23 33
30 46
52 34
12 9
2 61
68 21
31 56
34 1
55 24
47 52
1 32
55 11
56 29
22 10
15 43
28 34
53 20
5 12
54 7
23 62
52 32
44 36
6 8
2 4
31 9
31 62
16 30
69 4
31 41
28 12
61 29
18 50
55 10
40 65
57 41
32 65
64 53
58 19
22 3
24 8
53 55
32 49
3 2
17 44
9 46
