1000
1
-1
187648844
0
-1
-1
910161832
482212139
-1
878298197
293412570
-1
-1
0
-1
865543387
414122010
222221826
266932856
834488479
-1
582198060
-1
-1
-1
-1
-1
835868858
192533213
694591422
-1
378814990
-1
-1
-1
-1
834814553
871500017
-1
-1
0
997530321
576270996
87401054
352082152
-1
-1
613948665
87956010
-1
994369140
-1
319270387
0
-1
-1
0
-1
963392597
-1
-1
-1
-1
-1
-1
800809776
401027763
0
-1
589990756
0
215690097
948647965
132756585
0
-1
-1
755552710
-1
-1
253259560
-1
49330636
0
276220507
0
51879563
-1
396264000
-1
-1
-1
294364114
-1
-1
-1
889175646
100879988
708981992
599433029
-1
298695167
-1
191116095
-1
-1
-1
-1
926534692
14750832
0
0
0
-1
-1
0
-1
523934441
-1
997613489
623787493
-1
0
900211209
-1
874667361
-1
775886517
-1
-1
-1
589165547
578799552
-1
-1
0
-1
253014082
-1
187423077
623572033
-1
662134618
230901002
-1
-1
151255540
-1
361981674
676471972
192026495
590714895
-1
-1
-1
-1
-1
893522591
223815237
0
0
-1
421722093
-1
-1
396652235
-1
171143953
-1
672887913
0
0
351192054
359006855
-1
511056431
-1
-1
-1
-1
-1
13289594
-1
790349190
-1
-1
-1
573880376
-1
-1
621977375
-1
719408332
-1
627779284
-1
0
466592693
869428435
430907433
591071484
0
0
198076286
-1
877397301
771755434
-1
190983343
30495675
-1
0
-1
-1
874950992
-1
-1
0
-1
-1
-1
777097660
31755638
0
-1
-1
-1
-1
0
212373959
-1
-1
-1
403785029
366615723
38646002
426560855
-1
-1
186347490
-1
-1
553716009
-1
-1
0
-1
102120661
-1
-1
895733943
553355634
545022784
909261411
-1
-1
0
-1
0
-1
103182112
0
883434566
-1
-1
519333383
-1
-1
968652340
764488544
282723415
0
-1
0
784953365
70881652
-1
-1
-1
-1
338678887
0
125852489
178823692
-1
-1
824495090
-1
0
640929875
0
-1
134303065
-1
-1
228923495
0
13699950
543321301
-1
-1
-1
-1
505464156
832207104
-1
-1
-1
-1
562111384
0
-1
-1
525745976
710498616
-1
222332802
-1
-1
929039088
-1
-1
-1
-1
0
832633386
121447050
-1
-1
-1
576082221
-1
45050791
177953310
-1
-1
62048222
-1
692265054
737695071
-1
456335208
-1
-1
0
553758545
-1
755410385
594984257
0
-1
270961174
-1
-1
-1
319675125
61957797
0
928242540
571635889
0
799342663
-1
-1
895093426
507213437
-1
0
-1
651224230
-1
252471949
-1
173652678
-1
142496398
377868094
-1
614745131
709134001
851056098
0
892953975
-1
46969055
-1
-1
-1
-1
-1
-1
0
-1
277204340
152316655
400558349
-1
181005899
783901838
-1
0
0
0
131008114
-1
829184335
323336127
476123266
-1
676287338
812796247
759778988
-1
749155542
636068820
-1
-1
-1
-1
-1
0
948461420
453616957
75234908
-1
-1
-1
0
286349121
645783990
-1
-1
-1
-1
-1
-1
501025538
-1
-1
-1
979447612
0
-1
-1
-1
975146862
773717124
-1
931930783
422260813
-1
246904462
0
737058575
-1
714900489
214954377
497845645
326084050
-1
371257332
-1
358251356
699320245
-1
605982691
-1
-1
-1
0
105171807
-1
-1
-1
-1
-1
-1
791944227
742240345
97539365
772668188
0
980693258
-1
-1
-1
-1
-1
1294816
-1
-1
-1
-1
363053658
0
-1
-1
218426601
-1
-1
-1
-1
-1
709452772
828253301
0
161299222
-1
-1
66725923
-1
-1
0
-1
472652490
800584060
929487250
318380083
-1
-1
-1
642364549
-1
-1
0
-1
29592836
-1
-1
620045079
43367709
428873110
632993731
-1
639583390
412207684
-1
512592030
506289794
564925233
212796170
0
-1
-1
-1
-1
-1
-1
-1
-1
172643103
0
-1
328162620
-1
-1
144662884
486408152
-1
295675364
905508667
456725357
-1
-1
0
818613863
-1
216159462
823569525
0
-1
88682659
-1
575071554
0
-1
371143958
-1
-1
284142464
574808493
-1
0
-1
-1
-1
-1
-1
423694536
-1
556735334
-1
433318215
-1
-1
-1
-1
0
-1
-1
984106364
-1
-1
544602011
-1
-1
-1
-1
195911667
765482048
304121869
-1
-1
-1
-1
-1
859914827
-1
313673972
-1
0
0
-1
-1
-1
-1
808450024
-1
0
-1
-1
-1
-1
-1
0
809983575
-1
0
69043077
-1
365965071
-1
34691809
-1
-1
162016146
560724284
174709725
819651985
527630730
224211145
-1
365486819
459559862
-1
-1
-1
809362592
438679253
0
-1
0
-1
582664291
773900714
-1
694063766
-1
352233059
-1
-1
-1
-1
0
289942136
-1
758082457
670422672
172785933
-1
-1
785654680
-1
-1
-1
66032438
127435220
-1
-1
572717228
150633072
-1
-1
-1
54753529
-1
879736391
-1
-1
-1
-1
934740266
528221805
-1
642524040
662446600
852179660
-1
846822248
435272425
-1
-1
-1
961997152
-1
-1
-1
0
-1
-1
482752621
361430019
-1
991263422
-1
821527385
586037630
162277476
0
-1
296032570
-1
-1
-1
-1
447453156
-1
-1
-1
-1
615133084
97676724
605582306
886959532
0
787667368
-1
0
-1
949159054
-1
943643787
-1
334567494
343424059
-1
-1
-1
0
-1
-1
-1
0
-1
-1
582288813
-1
-1
632610983
820739574
489172525
-1
-1
264866174
256067860
-1
-1
467096805
13347511
280213286
-1
875529957
-1
-1
-1
584497502
410921703
549247871
-1
-1
-1
-1
923180168
482884857
527456271
-1
-1
-1
461164029
-1
-1
-1
92039998
-1
-1
-1
-1
-1
349849495
757256694
859231258
-1
0
787689464
0
-1
663279755
97287948
-1
663941238
497824994
737469297
441841024
736193267
-1
0
989912767
-1
0
-1
-1
648690409
949949554
-1
-1
-1
781097404
78239942
-1
-1
648837699
503268671
-1
-1
303733079
-1
-1
561790107
-1
0
-1
813878576
-1
-1
0
-1
-1
204804383
311154085
783608111
-1
-1
-1
-1
-1
942976516
-1
-1
-1
381468034
661810553
55669412
0
-1
-1
-1
-1
-1
-1
-1
-1
0
-1
-1
-1
-1
348138700
0
0
-1
-1
912532730
-1
926849383
335871325
707665381
-1
-1
-1
-1
348521716
-1
-1
0
0
203550899
-1
-1
393993644
804439024
-1
868039432
-1
-1
975270771
259959014
0
-1
343945485
0
0
-1
-1
519527471
-1
240440456
-1
371514051
-1
85490265
-1
614359706
53781611
0
780304357
-1
179577555
262425759
96573106
-1
-1
519136575
-1
4060408
752721525
0
-1
113495194
671930044
196885986
-1
-1
-1
932646873
-1
157262093
-1
410658825
232417877
-1
-1
775756452
-1
949107091
-1
234815004
-1
-1
-1
-1
-1
-1
158929460
829697078
-1
342308225
203061918
-1
0
181506696
-1
866373686
764052385
-1
862436283
421405400
-1
155236517
251903077
0
0
-1
-1
-1
187322380
-1
192224268
364974069
37740264
857547723
