10000
1
-1
1
707676081
-1
0
0
-1
0
83722798
-1
-1
0
204499028
862822152
-1
-1
480632699
-1
526173316
867168895
481322002
0
-1
-1
-1
-1
-1
-1
222274179
130944940
-1
388989340
-1
745204205
-1
766647016
191676814
-1
204620279
0
0
-1
-1
335481713
915476325
-1
-1
-1
0
-1
-1
-1
467673512
29931005
257014675
-1
592511608
709459249
436327770
-1
893699634
865094361
-1
-1
-1
0
0
934620456
-1
0
361810431
329920542
-1
644397464
27789235
0
-1
-1
-1
-1
-1
-1
545749955
453878852
0
-1
494592418
-1
-1
355769267
447553358
-1
-1
672891383
0
456686733
-1
504421421
183296790
374859006
-1
-1
-1
-1
-1
-1
-1
0
333047063
900753310
-1
0
525833567
-1
0
-1
0
862866190
-1
-1
-1
447329127
-1
-1
-1
-1
-1
738517551
-1
397329546
-1
-1
-1
-1
961622213
191446985
572889406
-1
-1
-1
304227248
-1
0
-1
-1
60760343
-1
-1
-1
-1
-1
-1
-1
-1
0
-1
-1
-1
908154449
222322412
0
-1
177126720
514077675
0
0
441567706
0
-1
472063837
270271501
350906218
-1
-1
-1
-1
196405793
801547737
725297336
932936665
-1
0
-1
-1
966001321
0
-1
331941271
-1
-1
639242240
13327497
-1
-1
-1
626709660
672566146
0
104603900
410072231
-1
857088778
388730582
-1
-1
-1
-1
-1
174203858
861064738
-1
-1
0
-1
118115182
0
721718377
-1
130738118
-1
810556258
2297181
71750767
-1
627005681
-1
181870342
846758160
0
-1
-1
-1
-1
93817196
732703208
382962331
0
-1
-1
0
437858097
-1
343577283
147564429
-1
-1
667324245
792948459
534719463
-1
0
796376525
-1
471627657
840591761
-1
761954007
-1
-1
-1
441266086
-1
-1
-1
0
256545838
-1
-1
-1
600780736
0
0
-1
562093211
374914164
-1
427196006
17724532
-1
-1
-1
-1
770403382
0
-1
-1
-1
-1
-1
-1
778419729
-1
680896044
918048441
599627461
-1
-1
0
583995017
-1
-1
4691106
-1
-1
-1
-1
-1
210678081
-1
-1
450813542
304548545
-1
-1
-1
703088882
-1
15529569
-1
722708448
-1
-1
-1
389010224
-1
512879558
-1
413396561
-1
0
0
659963159
676340398
0
-1
742179663
129944644
-1
-1
851255686
-1
98608317
-1
321441310
467211744
16827804
59747209
-1
772712556
-1
-1
-1
-1
-1
494824804
220293676
538228788
-1
75859097
860929841
-1
-1
-1
-1
409083702
543118340
938351664
-1
0
159461119
0
-1
-1
-1
-1
854780638
-1
-1
-1
-1
171255893
-1
477742861
-1
942097070
234878130
0
-1
727825753
0
232214381
898365263
-1
0
0
0
0
-1
49953944
562069976
659246800
0
503553347
-1
-1
399658538
0
538910164
-1
16487361
64277579
-1
965800339
465446176
0
-1
-1
-1
-1
255735455
-1
-1
436684203
53243167
-1
51838097
811374397
-1
-1
-1
-1
0
-1
-1
-1
-1
-1
0
-1
521250691
-1
-1
-1
-1
-1
-1
0
0
-1
809184308
-1
-1
351387997
971918203
817541175
711342129
-1
-1
908881548
738302667
-1
-1
-1
867356134
552037030
187619805
-1
-1
-1
0
396907091
185155963
0
-1
-1
0
996641107
552644298
453514543
-1
844846422
-1
939633832
-1
-1
-1
-1
218751616
-1
698589502
-1
935800940
-1
-1
-1
-1
-1
-1
-1
-1
917100838
-1
452622400
295148201
-1
-1
0
-1
-1
-1
0
-1
-1
-1
303487655
93182856
654130921
0
-1
-1
0
-1
454693863
-1
-1
240498342
0
861857047
8754751
-1
-1
-1
-1
0
-1
-1
0
881079557
82972998
-1
-1
-1
-1
-1
-1
-1
0
-1
-1
-1
-1
269797559
-1
0
-1
268991402
888413979
100975391
-1
-1
840707638
0
-1
-1
0
210095450
-1
916540665
722069072
-1
626251726
270055984
-1
518097444
-1
-1
-1
532626152
528163935
0
-1
958927433
853166393
555428728
662307273
-1
-1
896470015
0
-1
68654884
206120926
-1
-1
214015030
165173653
-1
736763870
0
-1
-1
-1
307673503
-1
-1
880968335
-1
4125665
117510110
-1
881751013
381929964
-1
-1
185584458
61455311
-1
721763120
-1
-1
540342751
838843159
-1
368465493
232400136
828811553
-1
833375903
402774088
613713285
828808210
-1
49479196
190215065
0
0
0
-1
441427404
0
-1
-1
-1
-1
-1
-1
-1
-1
904717960
393091789
-1
42371490
-1
993114782
421687950
558286191
400760342
433788512
-1
116508737
775990503
-1
574498046
0
-1
-1
623367762
364093137
197411660
0
0
449824919
-1
-1
-1
862020786
-1
737293656
256793985
300397619
-1
-1
-1
-1
0
686348088
-1
-1
-1
778370232
-1
0
943921993
-1
800588133
-1
0
117767524
676725459
191816449
-1
-1
469719019
-1
678962770
0
411878277
-1
73273894
754722811
-1
-1
-1
-1
602282799
937705626
734790931
-1
0
-1
653815107
877849391
-1
966954472
-1
-1
262357648
-1
0
-1
-1
-1
128419729
-1
0
-1
-1
-1
-1
0
324689875
-1
128069443
-1
-1
-1
0
-1
100993271
77388234
-1
893441030
-1
438046101
787564264
780146563
-1
766975289
-1
-1
746177770
0
0
-1
13035958
326441322
-1
656814658
-1
632590284
0
281682388
-1
-1
251024149
322837411
-1
509296060
0
641628633
838467814
-1
-1
621073292
-1
-1
776616881
-1
-1
-1
74344600
-1
283646433
431532108
-1
664748779
-1
399944696
-1
186766965
15903320
-1
-1
-1
-1
-1
482694094
243130696
-1
680825046
0
-1
-1
854161413
-1
-1
-1
-1
-1
-1
53115690
986757732
834467849
-1
718218819
0
-1
-1
696244447
0
474980920
663893206
-1
-1
270614863
126550731
867523404
0
815862598
38337693
-1
0
-1
992325659
-1
-1
657224626
-1
-1
-1
-1
-1
0
-1
440717454
-1
647738962
-1
778567017
-1
-1
-1
-1
-1
-1
501049624
-1
0
-1
520142101
466638119
215390542
47351579
-1
157730424
-1
893912306
-1
432689563
-1
404429562
0
132366228
2860014
-1
-1
513643541
-1
-1
655364339
-1
987359326
890515145
-1
-1
891077442
771461294
-1
-1
680933575
750024834
-1
-1
296087609
0
-1
-1
348095203
0
0
682339631
-1
-1
179464549
278722442
623031096
-1
-1
-1
-1
-1
164821484
33792967
981283645
-1
734822015
902321778
-1
-1
0
138755999
328504541
-1
0
823268249
615678743
136811521
0
844279485
0
404782091
286257529
-1
0
290825504
-1
949547745
0
145152791
141446248
907872404
-1
825739104
105725312
-1
121785443
0
842421907
-1
-1
2188277
59167716
169445531
-1
-1
137617381
-1
881411018
528339503
378047415
-1
469006648
-1
529940702
92540077
0
892031959
-1
-1
784548482
-1
227516967
-1
-1
-1
-1
-1
0
-1
-1
547366243
-1
461983215
-1
612271217
262559389
301710030
-1
-1
-1
-1
0
302576689
-1
305331370
457216868
29229884
447176085
911820616
-1
-1
718198083
-1
-1
0
915023200
854659443
-1
0
719721754
-1
461759355
0
-1
-1
-1
-1
301684890
450362933
-1
-1
-1
0
-1
188823307
-1
-1
-1
-1
290722229
571413123
-1
719402243
-1
511731695
520586316
71200065
-1
634394859
-1
-1
492685852
-1
-1
-1
-1
-1
-1
0
210656547
-1
715452442
169144893
-1
-1
409831381
0
845107207
775846097
0
-1
421331979
-1
0
-1
827256746
-1
-1
-1
-1
-1
0
0
291825176
866978726
400166183
-1
-1
-1
538557523
-1
-1
-1
-1
999642903
333027345
-1
824832847
-1
-1
-1
-1
-1
0
-1
0
-1
-1
-1
-1
-1
-1
0
-1
800986440
-1
216204535
-1
-1
557051791
-1
885736651
-1
902298342
-1
253168541
157757266
363006520
58597560
-1
192629685
380643349
781330301
-1
0
0
-1
-1
-1
0
-1
-1
342358112
-1
-1
-1
-1
220892400
26681652
-1
800550765
-1
272254932
0
0
634912582
568488921
221239833
0
138863995
0
-1
0
-1
-1
57879250
96436652
-1
905176673
0
0
874239463
-1
565400700
713676031
-1
-1
0
0
-1
966399235
-1
-1
0
-1
-1
-1
0
-1
120557287
0
989816658
212047863
449392088
12746750
868397670
865850808
131368204
529221347
0
-1
-1
984329970
0
495755432
-1
360184578
108834653
-1
565873264
903086060
593150850
-1
-1
-1
698352098
-1
845025215
492238169
-1
-1
349656317
332481911
-1
722009081
-1
-1
0
-1
-1
331551642
-1
-1
255834431
-1
0
159434134
-1
689755419
133868311
52828808
849809504
-1
290249693
-1
472569964
-1
-1
-1
-1
138242474
-1
366600128
0
0
769801471
0
0
-1
976976121
-1
-1
398209352
129421405
936917871
-1
215212008
-1
-1
-1
-1
-1
-1
744420105
0
880657580
-1
803505112
228720963
468297053
-1
704823306
-1
-1
801793727
849593271
-1
-1
-1
-1
-1
237634999
101663282
-1
-1
0
-1
852648178
632931145
778634559
945174014
59825731
176315202
128995103
-1
547449621
633335790
0
0
-1
-1
0
-1
697177608
-1
612361061
-1
-1
266857693
-1
265832326
717259410
792880579
71001887
-1
-1
-1
809284417
-1
-1
0
493376288
0
-1
489176318
748729138
-1
-1
56627150
0
46416660
949555059
-1
910819068
-1
94224352
-1
-1
-1
-1
0
-1
780432631
-1
332485636
-1
497645172
-1
285920226
365105887
-1
-1
-1
-1
-1
-1
778163731
-1
-1
-1
0
-1
-1
-1
-1
-1
-1
489648772
0
-1
-1
-1
-1
383029643
421213093
-1
-1
-1
-1
-1
-1
-1
-1
-1
558022282
-1
-1
-1
-1
0
46319374
803333561
-1
717036782
358600814
-1
-1
759189812
181164943
978438221
0
-1
421342490
-1
439803969
106853641
-1
430386151
271571726
0
-1
-1
-1
978447290
27921862
-1
-1
-1
0
779007105
693582623
-1
0
378364831
605078928
-1
-1
507931557
-1
0
0
-1
-1
729193789
128667357
977568196
710070013
-1
-1
-1
-1
-1
-1
-1
952888663
419915502
-1
-1
-1
70622480
605210
0
993689551
930210866
-1
430059947
449268904
-1
-1
-1
525884842
-1
175232804
-1
56860856
0
-1
428391185
27359337
-1
-1
219819225
288423008
989287729
984349579
53520589
-1
743089040
-1
-1
568279969
-1
-1
439496912
-1
-1
486364475
0
106592739
-1
0
-1
-1
-1
-1
-1
-1
-1
-1
562094474
799298155
-1
0
-1
-1
-1
0
606868220
891899470
557854121
825567447
-1
-1
-1
-1
853979801
795569303
-1
-1
0
-1
318013998
-1
664043328
618878692
-1
-1
-1
-1
-1
0
38939563
0
44432277
-1
910444970
-1
-1
-1
-1
613067458
-1
0
-1
769503343
-1
-1
222960413
-1
873269335
-1
0
957116579
883687174
665541393
0
-1
782361800
567670662
47494411
865248907
-1
790482756
302503440
588421300
0
-1
-1
-1
0
-1
302888281
589831566
-1
459183156
914626397
-1
362627374
-1
-1
115443172
907797483
-1
0
118179618
-1
-1
-1
659797277
778723225
0
-1
456735343
981268551
-1
-1
86960747
580011776
167493113
844344603
758924125
737540074
-1
0
-1
-1
587774994
238835686
463811757
-1
0
692870554
-1
593051233
473257936
0
629994615
814570992
839995090
-1
-1
709425153
-1
252227602
-1
0
-1
226979432
-1
592742546
0
-1
-1
-1
-1
0
77076124
-1
750143797
-1
-1
0
808193434
-1
462281761
281112440
-1
373476168
798302468
978224129
-1
792912132
208460013
-1
909645335
0
-1
59412487
-1
652697380
0
576047333
-1
-1
0
273748493
-1
549220926
-1
272530209
-1
-1
0
-1
-1
-1
726216822
-1
0
486111265
-1
-1
753927270
-1
-1
778392049
-1
335654732
0
-1
-1
-1
324716369
767669745
271645459
-1
-1
543050739
430122335
-1
82927855
380009556
358613291
80607966
65363873
815451481
-1
69428970
-1
0
926634987
0
810905493
184411065
977951391
939271052
241798220
-1
-1
-1
-1
571576373
-1
-1
-1
671298518
-1
-1
-1
-1
194290185
-1
-1
-1
273007124
914892430
620201746
582992250
0
490743951
603607710
-1
-1
-1
-1
-1
0
-1
629389352
-1
-1
-1
-1
0
-1
692733691
-1
266441504
-1
-1
-1
-1
-1
895507618
0
56946416
254783694
678643191
606354529
628522680
0
-1
-1
-1
-1
839554089
-1
-1
735441833
-1
-1
-1
-1
229034853
749602532
102683926
42264876
689975279
65637512
-1
-1
-1
-1
71796055
-1
-1
-1
0
-1
-1
65411194
-1
-1
788708499
62171247
-1
-1
301560204
806624465
0
-1
352606869
-1
-1
4926894
-1
463767740
-1
216606871
-1
-1
-1
-1
-1
-1
-1
518115609
-1
0
0
0
-1
0
-1
-1
-1
501583
-1
820188341
-1
-1
728115968
-1
-1
-1
527619063
-1
717318764
-1
-1
-1
781487169
-1
-1
-1
-1
833524930
309036794
-1
13313929
265471613
520944783
-1
260494474
-1
750778300
827391249
-1
860686931
-1
-1
-1
931663375
279053161
-1
293122390
-1
-1
-1
-1
395024878
779942127
-1
966968724
276896410
162642661
984464759
952369227
-1
5633936
983449428
0
-1
193996130
-1
974034887
155937766
0
-1
-1
-1
-1
0
-1
-1
0
89011459
-1
154191037
0
364300672
-1
-1
-1
-1
-1
328501084
-1
119671480
937502963
-1
13033811
0
0
-1
965180703
-1
-1
-1
114287750
255321470
0
-1
846980539
-1
911348260
-1
742224123
843880349
838673273
321386382
-1
85445770
-1
851518336
-1
-1
-1
0
795449639
-1
29354073
0
0
770634216
-1
-1
670788454
595168092
923068034
-1
404665898
-1
-1
-1
598717447
637033199
-1
726535690
785238779
176966646
778774222
0
-1
765887769
950839539
553594556
590083571
214975042
-1
-1
-1
566997797
-1
-1
-1
-1
-1
-1
0
-1
875371529
-1
-1
359661479
-1
-1
-1
-1
557372471
-1
663085071
-1
-1
-1
-1
-1
-1
263716698
-1
-1
413782068
332952906
0
54010851
368392135
225745202
-1
-1
-1
757286638
467084678
545109447
-1
307264203
390518272
518459669
-1
-1
583593647
0
-1
0
-1
987472947
-1
-1
671289778
0
210067964
412848657
0
475214201
904474751
-1
665840996
0
-1
-1
-1
-1
639941196
-1
129661777
556021166
673431816
-1
-1
726559579
-1
75334117
-1
-1
-1
-1
-1
-1
266687450
-1
0
0
453198879
36732186
678607752
896676012
-1
814990273
-1
20230943
-1
-1
989494910
430857316
499032514
-1
-1
578821967
0
345970422
414436602
189513229
-1
-1
-1
-1
-1
507477438
-1
-1
838415695
178008618
36196612
-1
94237104
-1
-1
249886874
-1
0
-1
520150196
-1
0
-1
146661317
11691620
-1
-1
-1
340277145
724391787
621753136
197724264
620119020
-1
-1
511627572
819115613
593043032
-1
0
0
-1
708374304
-1
-1
-1
443978867
0
0
881385400
781915435
43926217
-1
-1
-1
0
-1
-1
-1
-1
-1
0
-1
0
-1
0
-1
0
47319066
0
950225721
954515090
-1
573906288
-1
564758865
-1
-1
643521719
729603391
-1
-1
-1
-1
-1
400330751
-1
441384878
-1
0
-1
567122813
-1
874207158
685322817
0
7598463
951008672
252027491
-1
-1
-1
120522674
0
-1
-1
-1
604471727
-1
172055986
-1
558865890
-1
733385607
141852724
782021991
333414708
127642126
0
540908428
-1
0
-1
-1
-1
813968583
0
0
-1
545340919
253997603
39286527
-1
-1
-1
-1
-1
-1
0
266470820
-1
-1
44521944
-1
291787045
0
-1
-1
-1
60020346
62775669
-1
-1
-1
-1
178597393
-1
704790198
376987234
-1
-1
503523672
-1
-1
101079841
-1
-1
993449726
0
-1
-1
-1
-1
-1
333457665
-1
819255193
-1
173571277
-1
0
-1
266058421
-1
-1
0
978467313
0
903126900
81916054
0
-1
-1
6599323
0
0
-1
-1
-1
-1
888680374
0
758155827
0
965847190
-1
972650011
0
844092760
304252836
0
246657480
-1
-1
-1
-1
807175242
748666980
0
602769802
0
0
-1
-1
178979673
-1
821310710
-1
20468642
-1
-1
719660250
-1
0
-1
0
190521942
-1
167511673
-1
-1
-1
840626768
-1
-1
-1
574431995
0
-1
495408936
276360799
-1
392222470
802448867
0
147243085
53498957
613162289
437954599
-1
0
-1
-1
171564487
43548396
360081947
285349254
-1
0
-1
-1
0
-1
0
-1
799808382
350837256
-1
211661946
-1
315744169
73642284
539128921
12245626
-1
928065719
680115252
930981937
-1
968931104
294165923
-1
962252304
0
263014116
804972124
-1
-1
-1
-1
-1
268449332
193576309
241347907
-1
-1
-1
-1
-1
-1
0
948651387
-1
-1
-1
0
-1
-1
-1
-1
0
0
-1
-1
-1
90251106
689342942
-1
-1
-1
-1
30594338
838816678
-1
0
112563729
-1
-1
-1
373113650
-1
85520670
528099215
40130969
280631696
-1
497419372
72477198
870086659
-1
-1
-1
-1
-1
-1
11843573
-1
169699642
-1
719972320
-1
161822309
-1
-1
460013918
-1
-1
-1
433956847
-1
307898096
136343191
-1
-1
-1
-1
966451071
-1
793069380
-1
594279664
-1
550138496
-1
461481611
444254413
-1
372706923
136561524
-1
-1
754176129
-1
-1
0
458998912
0
-1
0
-1
519870556
-1
-1
-1
-1
-1
-1
-1
-1
44323933
0
-1
335311124
177622879
-1
-1
825542624
-1
-1
491043957
-1
-1
0
-1
-1
678836670
16258000
829347683
657888259
829931880
-1
100144465
71486094
-1
-1
761743815
132162707
-1
190757952
-1
-1
361838015
696620072
26050355
-1
822523288
-1
-1
-1
-1
-1
454407899
-1
-1
486851447
-1
-1
951699031
165504766
-1
-1
0
-1
815613975
181300776
-1
-1
-1
652770236
-1
345753434
493797736
0
-1
-1
435569940
736134773
468103198
-1
-1
-1
993465680
935019167
524077940
58142001
-1
-1
-1
-1
808774760
-1
451613654
-1
-1
-1
-1
979064076
0
418599321
-1
192485834
603751493
-1
653735274
-1
279294728
-1
-1
0
934491968
-1
0
17560979
-1
-1
-1
-1
0
0
-1
938973380
-1
-1
-1
-1
-1
-1
-1
-1
257364155
-1
-1
-1
-1
799790350
-1
-1
-1
-1
562483279
-1
53434648
-1
-1
-1
-1
-1
980488146
-1
110175078
245032846
220331939
-1
-1
-1
-1
-1
-1
-1
127186989
-1
-1
578140208
0
564009711
-1
379083419
-1
-1
-1
-1
275376321
-1
-1
-1
-1
-1
201242
853580288
0
285367807
-1
318989540
740937102
-1
-1
-1
683312424
-1
726576392
127186397
0
-1
346556973
983909625
-1
517981803
-1
865181258
927231267
425314439
0
-1
-1
242444278
500280005
0
-1
395285236
-1
0
-1
-1
758629488
-1
0
738865282
-1
-1
0
-1
-1
-1
-1
-1
71677023
583231133
-1
-1
-1
940408436
-1
0
744064305
-1
625438268
-1
-1
-1
-1
758788685
550987869
232065951
-1
-1
-1
501529020
0
-1
114894038
788819434
1998929
135645537
-1
258222906
-1
495391266
528161116
943185174
-1
725087235
-1
-1
-1
835561044
0
170855525
687064358
-1
486120955
-1
950977962
-1
-1
-1
-1
-1
959885444
37421051
344182623
-1
560312162
27542435
1418409
-1
-1
-1
937086311
-1
-1
843907639
0
359585928
732835746
-1
223442277
302606906
0
-1
-1
-1
-1
-1
808521545
-1
-1
234532590
0
320513926
536739903
-1
-1
-1
-1
-1
-1
-1
-1
254747616
-1
-1
411832121
852067506
-1
-1
0
209208722
602500431
744687698
-1
-1
534806214
0
0
-1
-1
-1
-1
-1
-1
271347176
0
-1
222661182
-1
309844795
-1
199643634
-1
134707978
989972179
737687990
-1
33995916
619956637
-1
965584261
960061909
255641428
-1
-1
520598763
404307951
0
0
-1
-1
527051183
-1
598630814
-1
-1
0
-1
-1
187370509
589065543
-1
-1
-1
0
0
145440661
-1
624174863
961588404
-1
-1
190735530
720083475
-1
-1
485302123
968222060
-1
-1
-1
-1
30462723
602600480
-1
-1
-1
-1
557504845
879448187
228430679
-1
-1
423608852
-1
-1
598224102
-1
995519410
-1
0
560623571
51644113
-1
-1
-1
-1
-1
493665510
-1
620362406
714151402
870690809
-1
0
-1
-1
493620233
524374663
-1
-1
389165693
904987032
664268922
-1
68469855
967723761
293295023
524242009
-1
-1
0
-1
87122148
-1
583138678
807709973
0
723252263
-1
422233269
-1
-1
-1
-1
-1
127639681
151828968
-1
-1
-1
-1
-1
458043388
318058208
-1
162176532
69748084
839381392
773355435
-1
-1
840977455
146495719
-1
-1
568263851
-1
-1
-1
-1
0
-1
-1
232747520
-1
442359791
67337760
-1
-1
0
515097218
22319938
750338005
674575246
-1
274719285
-1
-1
-1
743559702
-1
-1
451361359
348939865
851041611
82302877
-1
0
0
-1
667880249
545454821
-1
-1
736266153
-1
-1
800153169
-1
82118128
-1
370771114
-1
-1
-1
802128337
-1
-1
980369845
321605757
968365876
-1
-1
0
-1
588330746
-1
-1
474573351
-1
-1
-1
-1
982984896
0
203429057
-1
-1
-1
0
-1
-1
0
-1
-1
0
-1
-1
729323103
-1
-1
941475932
321768852
546357670
-1
0
958968695
230865286
-1
-1
-1
283807133
140789603
-1
-1
-1
905814347
-1
0
-1
-1
-1
353706368
532103819
-1
-1
-1
122139183
-1
692158165
-1
-1
831529122
0
818094414
-1
0
-1
506665154
0
-1
0
0
-1
-1
159189217
741164052
-1
0
-1
782073646
-1
-1
462684435
615868515
-1
-1
353513912
492712865
903472219
-1
0
99045997
-1
-1
470488780
707515698
-1
-1
-1
27617743
-1
-1
-1
305737618
-1
196977031
-1
332785535
932088004
-1
-1
533674543
463317352
-1
638742910
-1
0
0
626416124
-1
760624703
-1
662446416
0
-1
355379583
-1
151571006
-1
-1
58788031
-1
-1
0
569941324
391602227
-1
-1
-1
0
-1
-1
-1
0
0
325811526
141183497
-1
75822234
-1
806425527
-1
713262896
-1
0
-1
-1
-1
366140465
-1
-1
0
-1
865656817
0
-1
-1
-1
-1
647574546
486028131
0
514699365
-1
71658092
-1
-1
27596535
-1
-1
-1
908583039
-1
-1
-1
-1
824555233
851612860
-1
-1
352014213
670385477
-1
797802004
838371874
84393335
-1
645428014
-1
812597374
-1
32182018
-1
61325021
-1
-1
-1
-1
836138598
321576073
899540258
-1
487726197
-1
-1
-1
527589008
-1
406586196
507393499
733901909
553682354
-1
68400585
0
0
-1
-1
738999924
609674633
-1
275088731
-1
266007628
0
577863651
0
-1
-1
873383509
296924141
107436929
-1
-1
333568885
-1
-1
-1
418237098
-1
193599194
-1
497157787
-1
344573019
690563255
876674670
-1
-1
293455586
-1
0
925944603
522312488
220444554
-1
456326756
-1
517778038
-1
254271107
-1
-1
288905227
678113697
554716397
670982317
-1
-1
-1
-1
983136004
616151810
-1
944183970
-1
-1
0
-1
-1
0
690796705
519747341
404791945
400843674
-1
-1
498402732
-1
300011185
-1
156270573
-1
0
885179276
87538655
614116383
-1
-1
70715488
439854235
-1
591132895
-1
587789030
49684770
721182215
-1
204796610
-1
705927674
87977265
676478262
0
702507444
227708225
471654693
437636538
469090569
-1
-1
-1
731783575
765678335
-1
-1
855494380
-1
-1
-1
-1
-1
-1
-1
-1
882720485
0
725481671
-1
298588458
-1
-1
-1
297861840
-1
0
985252596
357817685
-1
-1
-1
520602528
219769563
955795974
-1
415186514
-1
439662341
-1
-1
-1
-1
-1
936977409
890955476
-1
-1
281916880
-1
0
-1
14867422
-1
-1
824927432
-1
-1
680845675
-1
-1
-1
0
-1
177660833
698753086
-1
295140152
441753191
-1
-1
707712307
-1
0
-1
-1
475417118
658731181
695420957
99455723
671699510
0
244640769
655847257
-1
-1
-1
-1
308297757
0
-1
620350557
187938165
-1
908511345
824816032
-1
-1
393504404
-1
940414701
711328018
330837271
-1
536629739
-1
299964142
-1
136402588
-1
-1
0
116167298
171114436
678942702
420999630
0
-1
32234554
-1
385462304
837553629
82310584
574912305
-1
-1
407605976
0
-1
-1
-1
-1
0
530850362
0
-1
118595115
273411803
-1
-1
927490656
0
609686062
-1
660462561
681749085
0
-1
568357347
271468825
-1
-1
503789113
-1
630659068
-1
-1
783952181
22512461
-1
851087685
802281223
-1
-1
279736157
-1
-1
187902086
231266662
124758432
79020577
929754667
-1
613462966
682242457
257256323
-1
-1
-1
139635632
-1
992445522
-1
770559001
-1
602075264
330534963
833763753
702542263
701101107
-1
0
-1
68030786
533170440
959246529
0
-1
654269334
267152553
886608874
-1
9938832
-1
-1
-1
-1
112684252
-1
-1
672333135
-1
954509381
-1
-1
69200628
-1
-1
438187155
-1
13109638
-1
771386111
70117229
0
-1
-1
-1
61690448
-1
475083254
-1
778053443
362148639
673452932
0
-1
535371599
0
-1
690500180
925523499
-1
-1
-1
-1
529724366
18030953
-1
0
-1
128685887
-1
-1
234946510
-1
82190670
538617696
-1
-1
-1
-1
-1
482252143
526728004
-1
-1
-1
77325754
369881250
-1
674165306
-1
665271331
-1
-1
-1
548544519
-1
853337064
0
237776292
560333860
-1
305173499
528554582
807073878
677091588
-1
-1
253923585
950232828
821199731
-1
-1
-1
-1
-1
0
901657647
961801657
-1
0
681818937
-1
630382946
50085232
-1
597735336
-1
319199234
795783183
199841938
318543126
0
0
211081912
-1
550372089
580927248
-1
194350214
322700532
185498435
-1
-1
-1
818740491
-1
0
864849647
-1
442671269
-1
329120200
-1
61522144
-1
-1
406370879
-1
838375088
0
987154994
-1
0
-1
-1
-1
951226695
921930228
223449328
0
0
0
0
0
-1
-1
288449152
962079377
-1
-1
-1
-1
-1
25392437
-1
-1
-1
-1
-1
33816665
328825981
-1
520225743
766148761
661473388
-1
0
0
-1
-1
0
203812289
-1
-1
-1
-1
-1
-1
-1
0
31185423
0
896350161
0
17981567
-1
-1
87047290
-1
-1
-1
0
0
-1
-1
837688073
340951921
182248768
270768747
-1
-1
-1
-1
440400018
-1
-1
-1
70538741
-1
977328940
699238946
0
73247604
188464532
-1
836080201
0
-1
994788668
-1
-1
-1
-1
731623775
226525728
559999780
-1
-1
-1
372559914
699092935
633323883
495228669
-1
-1
-1
-1
0
-1
-1
-1
-1
-1
-1
172371230
748809358
913359141
820651650
-1
997782183
797181885
-1
-1
90197987
960344323
-1
-1
79343631
-1
592571849
333997442
418655847
-1
638095959
-1
-1
0
959835837
-1
0
0
278011562
726261457
-1
398010883
-1
-1
-1
-1
-1
634564027
44205929
-1
-1
440947837
-1
932139708
-1
-1
-1
9765043
712672191
-1
-1
-1
-1
-1
-1
252069581
-1
872239561
717866784
-1
282751716
0
-1
830480718
726469069
202679290
-1
308086174
-1
-1
506320261
787931066
630676254
933268756
929479721
509000855
285660578
243245211
-1
0
-1
-1
-1
384630743
-1
-1
-1
-1
-1
0
665249515
-1
-1
276931670
830466760
0
-1
-1
-1
-1
-1
-1
-1
-1
-1
0
0
0
-1
-1
-1
279362344
352885344
0
121357672
369133780
410965828
-1
344957125
-1
-1
768202132
312002619
691859319
0
0
381952514
-1
547167121
-1
864943024
406838047
989771125
437156674
815597580
-1
92190721
-1
-1
700820613
-1
839491609
0
0
929981042
171423412
-1
151544378
-1
152370158
570827327
-1
0
0
-1
-1
-1
550348547
-1
-1
340601997
706654867
303452711
-1
-1
-1
96344384
-1
0
736114872
-1
206374856
49270836
521291017
536740557
917988719
140115259
-1
700726458
-1
-1
-1
123342425
646811799
790767430
-1
-1
-1
-1
-1
-1
474043175
-1
148869087
502091135
74940545
41895243
930929048
-1
773947735
470877525
-1
-1
750406364
-1
-1
791070967
0
-1
-1
-1
-1
33103700
582602930
-1
-1
-1
514279739
-1
-1
-1
-1
845581449
560373887
-1
-1
-1
54396396
-1
-1
-1
-1
-1
-1
-1
837383825
0
0
-1
-1
-1
-1
911262478
526092081
-1
711894247
342544777
-1
134334897
-1
758020560
0
-1
-1
-1
0
-1
287660656
-1
630443375
-1
-1
0
-1
587613545
957040017
-1
0
-1
-1
-1
635915608
412147225
-1
-1
-1
482339329
-1
-1
-1
420962765
0
-1
672946309
-1
867391858
860719442
880507435
666052311
-1
912158963
-1
-1
302648775
-1
766643541
-1
726968153
-1
350690772
443500785
-1
-1
-1
-1
639696487
-1
-1
-1
243275167
720648699
401795416
-1
570794307
-1
794031483
-1
-1
-1
-1
-1
536939199
581692551
0
217931545
-1
-1
-1
-1
602100743
399397522
-1
-1
-1
-1
182023447
304610529
409728215
-1
236168770
380404592
374361693
-1
0
278100199
241621466
-1
-1
-1
428110232
597160279
393859451
0
-1
-1
0
-1
109426119
719336604
0
0
-1
-1
-1
840932784
476558943
605161221
-1
-1
0
0
290851879
261983610
13333120
-1
822784817
-1
644600352
-1
-1
0
171250907
-1
-1
244797170
991901430
301792495
-1
-1
-1
-1
407311004
-1
496071666
-1
0
-1
-1
-1
-1
803444474
288208277
742976273
195647090
0
497003411
-1
800407605
760674382
-1
157533474
-1
827175967
-1
728638512
752486024
-1
247772514
331021936
-1
0
-1
-1
834114253
100357801
-1
-1
241130527
400332833
39674474
858147759
-1
-1
-1
847761690
274959374
0
-1
180457571
-1
-1
-1
-1
-1
-1
-1
-1
-1
788214268
-1
-1
222655415
-1
27792733
-1
-1
-1
767101833
-1
-1
-1
769113959
-1
-1
-1
374746455
572633026
-1
-1
897276975
-1
-1
-1
650198432
483858248
601208847
398138584
-1
552037477
-1
277344940
0
999938587
-1
350348811
-1
0
762538276
-1
-1
-1
9190872
0
-1
-1
962877901
-1
-1
-1
-1
-1
-1
-1
-1
-1
-1
-1
0
-1
309266148
-1
-1
818905634
970509198
622583309
-1
-1
-1
938431501
-1
-1
-1
-1
487037968
46189823
-1
-1
790008182
-1
-1
-1
816868402
106343940
-1
0
-1
-1
284803094
-1
299415145
-1
856297980
-1
0
-1
-1
-1
335034361
-1
-1
-1
-1
774235817
-1
0
-1
-1
-1
829878865
819138419
-1
-1
-1
826452171
554834779
-1
933345716
164039514
-1
666756504
902681223
-1
-1
635933211
0
0
916979576
0
-1
-1
761335270
422212171
667532786
-1
857488965
-1
779234
865749297
-1
-1
792079579
189830938
-1
-1
286232176
-1
625428663
-1
199438555
168851238
376001998
-1
-1
323347451
-1
491831628
-1
-1
0
-1
-1
0
943280363
839381797
-1
508002210
-1
762376026
974972514
316739229
-1
-1
-1
-1
-1
919963447
-1
249215458
-1
-1
-1
-1
-1
275607601
-1
-1
0
-1
114677669
-1
282686609
-1
31378250
536747438
382523996
435337231
-1
-1
32857149
-1
-1
-1
-1
0
0
295583264
499718426
0
333331048
-1
663876830
-1
-1
0
921311184
-1
-1
100894197
-1
-1
966079582
0
-1
178372885
-1
268446834
-1
-1
-1
-1
0
904885176
-1
482570640
-1
-1
0
-1
-1
-1
-1
813120018
0
268878718
-1
-1
0
960735291
-1
684407944
392601294
890352774
306447915
0
334867332
588582138
325320186
-1
-1
-1
-1
-1
549638750
730765070
-1
151093386
474904116
-1
38357652
-1
-1
-1
56581516
-1
353570856
851940587
0
275960616
-1
192688201
-1
-1
-1
0
-1
-1
236525156
-1
-1
-1
222185161
338386554
154770839
0
0
0
632624948
-1
130664994
942113967
-1
-1
-1
456071424
-1
645088475
-1
0
-1
67723958
-1
-1
271932634
802437962
-1
-1
612841697
671587558
-1
974898260
0
156900952
-1
222445861
-1
410524464
-1
319315753
-1
968107330
284220280
-1
737724856
-1
976080294
-1
629491566
-1
958828736
756433247
-1
431373943
524840934
931093312
-1
168349315
444972195
0
-1
0
548445466
-1
-1
-1
253945223
384994810
667246193
-1
-1
-1
-1
455514237
-1
634074459
641745283
602625158
-1
-1
0
-1
406368945
-1
-1
889306975
-1
-1
581127563
513100904
-1
-1
-1
-1
66040186
845354319
-1
0
325378485
-1
490639923
-1
117750582
113039101
226507567
764035326
-1
342820947
-1
550305965
-1
851847868
38960748
-1
-1
757754634
0
-1
0
952047508
-1
-1
961006985
-1
994180771
976366195
-1
-1
0
0
-1
576500223
-1
-1
-1
481268735
810645235
-1
-1
-1
-1
-1
559391741
-1
-1
596751734
0
716486304
-1
164162495
413436016
-1
0
89217321
-1
-1
943949475
0
839038401
-1
430871452
95931693
672184247
-1
0
-1
406562635
-1
0
190467661
-1
920919239
-1
488447588
847446730
670385832
-1
-1
-1
75671314
217159855
278112348
800092241
-1
-1
53056304
-1
-1
793240290
-1
547678360
119023630
-1
-1
-1
-1
-1
-1
-1
-1
-1
-1
-1
-1
687485295
-1
191344118
0
0
143420068
-1
-1
772903588
173330954
0
895005199
262989322
-1
0
-1
904202445
-1
455932485
-1
-1
-1
0
0
-1
-1
916851837
42624773
-1
-1
-1
775705004
-1
-1
-1
114316702
-1
-1
-1
-1
522513558
-1
816536359
701119902
86693305
850286882
173291684
-1
-1
-1
-1
228956846
729783625
440162356
188242147
-1
404804561
-1
860704180
314956034
-1
402094715
167128094
-1
695708992
-1
98572677
-1
378285103
549086254
681759559
430814064
-1
-1
407948434
756484758
-1
-1
0
932498128
-1
197723033
0
-1
393385294
-1
-1
-1
-1
749385158
-1
0
487883011
909861360
0
-1
948077672
-1
797515983
0
526768885
555487689
347799268
0
-1
-1
636535929
728481720
193770124
0
-1
-1
-1
-1
-1
0
-1
376084228
0
-1
-1
145773241
163921889
-1
0
-1
86877469
-1
-1
374531081
-1
-1
599089743
550229830
284139566
-1
-1
-1
-1
554408848
0
373872859
825973729
771897437
665064038
-1
-1
209596014
715176917
154786863
0
-1
-1
-1
-1
-1
-1
-1
-1
866031094
-1
0
685069519
-1
186358212
-1
-1
824188381
-1
615250803
-1
-1
-1
337076263
-1
-1
-1
901831905
-1
-1
-1
-1
-1
250680411
228210622
0
-1
-1
-1
683709865
742751480
-1
-1
-1
-1
-1
321180337
681338778
-1
821947685
-1
-1
-1
-1
326408295
997619897
-1
-1
952680838
11301213
-1
750173750
-1
0
0
0
-1
100542022
402704462
-1
870617021
-1
-1
0
859589278
-1
-1
200075287
-1
-1
110113458
0
-1
-1
-1
183574473
734669162
-1
376028251
-1
-1
-1
-1
524810507
-1
361226715
526621622
-1
0
-1
110520714
628917190
709688408
0
-1
-1
1289628
422029223
-1
0
-1
-1
0
929996509
354536353
-1
701080806
0
127647181
-1
-1
-1
-1
867936462
691859036
-1
0
-1
811026809
0
353815331
-1
-1
588885595
-1
-1
-1
-1
154229672
-1
-1
668278669
-1
-1
-1
329440908
-1
-1
-1
743931123
394800059
-1
443202516
-1
0
242464795
-1
-1
0
-1
-1
-1
-1
-1
-1
177187286
-1
668033871
-1
0
-1
-1
211369086
-1
-1
-1
-1
-1
-1
0
19008478
0
-1
-1
-1
250163183
342635658
56086857
-1
321540130
-1
-1
-1
-1
188718191
174002795
577635168
-1
-1
0
-1
0
-1
-1
817320391
247030748
-1
-1
0
-1
0
477515722
-1
-1
-1
-1
285651008
-1
-1
-1
-1
0
-1
-1
490309569
0
0
221989913
0
-1
-1
375733602
449528102
621543810
0
-1
-1
281488752
-1
0
-1
648296362
684005483
256959936
-1
256061678
978898058
-1
-1
-1
217047575
-1
623726549
-1
-1
555426134
131634722
-1
-1
-1
213599462
0
-1
0
-1
123706483
-1
839922269
-1
-1
-1
-1
968502263
648368877
0
65498688
-1
214676902
-1
-1
-1
0
382834863
-1
-1
434598211
475395842
-1
-1
788761827
0
-1
-1
0
235773286
358255473
967711355
661662624
181881589
482253110
-1
-1
0
-1
985610621
0
-1
-1
-1
-1
509636256
-1
-1
-1
155435664
-1
-1
72214252
212426350
-1
463290480
-1
389533337
-1
15721286
-1
229619105
243116065
-1
-1
212683515
-1
-1
-1
864997771
-1
862027159
-1
-1
229122428
242494193
-1
-1
-1
-1
139228950
813170365
108347854
-1
31237118
0
-1
-1
0
791543578
173740630
-1
-1
-1
-1
808258421
263425024
817344307
311463615
0
-1
141123823
681954635
602712292
938683995
-1
-1
888570319
-1
-1
461184691
836896237
484487157
-1
-1
-1
-1
239943568
0
-1
0
295740266
-1
-1
-1
-1
513906494
523556217
293698891
-1
-1
-1
350528043
0
-1
-1
-1
653440117
839041990
184431837
-1
-1
496806966
-1
-1
-1
-1
767567877
792497987
-1
100475709
-1
494023652
291054143
0
203729227
-1
0
-1
312733958
252326176
794079962
918856596
0
352362018
0
-1
-1
-1
-1
518522449
-1
-1
209838894
-1
762634452
0
302822847
-1
-1
-1
-1
97251944
650641142
732668234
484252574
-1
0
684584091
-1
-1
-1
-1
-1
759369707
-1
-1
0
-1
254924023
504546302
-1
700329975
15828666
-1
934844448
-1
-1
-1
164118488
272714111
-1
-1
-1
-1
0
992896594
858487793
-1
215673387
-1
-1
298445471
-1
0
47598688
-1
-1
658826208
0
-1
-1
335704584
0
-1
-1
-1
-1
-1
-1
668678407
-1
131199615
-1
-1
-1
-1
-1
-1
-1
-1
-1
105764020
-1
732021547
-1
669303260
959001923
-1
-1
-1
-1
0
-1
-1
-1
-1
67000109
-1
0
-1
25275757
25391764
-1
-1
-1
0
0
611881843
0
-1
456965786
588576780
587877259
0
-1
-1
836847339
-1
-1
588920740
592324786
883873815
70975187
-1
-1
-1
376787738
-1
962011178
-1
354414698
379342362
-1
868686832
-1
523123492
-1
171761886
756255264
0
-1
591844786
-1
-1
311502375
-1
760236009
904320648
-1
452670168
-1
-1
-1
648670924
743791585
981812487
-1
597844981
317469729
335100943
941181122
633662341
593295969
381592052
-1
-1
0
-1
0
878262802
689931619
-1
762416144
-1
-1
853108432
922434428
-1
817336570
446516180
91769685
874130437
981847357
0
-1
75919989
668982927
-1
-1
683394942
246733287
204633299
-1
0
-1
-1
230876772
-1
-1
973627452
-1
-1
-1
-1
956057042
-1
20307177
-1
-1
182609126
-1
-1
-1
-1
101262947
0
903794337
0
804610048
310176567
975808030
860440163
264527948
390786767
-1
722132013
498098775
35581297
-1
931887274
643141456
233244102
179169425
-1
-1
277403039
451624216
-1
938665024
-1
-1
768577657
147566450
808952840
324941833
-1
0
-1
676719646
-1
-1
-1
-1
-1
244056807
-1
321324024
-1
-1
536605290
-1
809284597
-1
956903595
-1
-1
413310228
0
587537307
305984181
-1
803839888
0
405175070
-1
-1
-1
-1
-1
918197493
0
-1
802524332
270229842
242463286
-1
-1
-1
105270676
157781153
-1
984233630
281436608
0
0
-1
-1
184145884
-1
-1
-1
712661576
0
-1
122743750
-1
730277788
-1
-1
-1
-1
0
-1
238504639
-1
768248382
-1
997879337
143288443
526387618
267034333
82031531
382703309
-1
689595990
491013669
-1
-1
-1
-1
315416326
0
65462012
430558141
670477419
-1
989775592
-1
467263911
990196932
703389365
-1
-1
775331935
-1
531538591
428195921
845235957
-1
-1
-1
802738995
-1
557117634
-1
-1
913019222
0
-1
34971173
0
-1
897438102
876501942
940556451
-1
34378303
868225258
-1
-1
0
-1
-1
501810992
0
716888124
-1
-1
-1
709694963
-1
-1
-1
199326547
0
706217835
-1
876591162
-1
666320244
-1
603682544
-1
-1
15890912
-1
-1
-1
0
-1
-1
-1
379679988
-1
901864711
0
-1
-1
-1
-1
-1
-1
0
601605067
227342030
113845003
-1
-1
0
144691221
-1
-1
-1
-1
-1
-1
-1
610873909
283809334
163622278
-1
-1
-1
93865311
529728514
-1
46543568
-1
633737870
-1
-1
688977124
-1
-1
-1
0
0
-1
-1
-1
-1
225868144
-1
-1
473942262
-1
-1
-1
-1
-1
0
286705413
-1
0
-1
-1
-1
-1
911575942
615661387
-1
-1
-1
906278307
909427609
-1
-1
-1
-1
-1
871684263
16811982
0
943775028
-1
-1
-1
-1
-1
409598792
450347802
0
-1
729568492
-1
-1
690298029
645613428
333570543
631322032
-1
-1
-1
-1
-1
269340710
-1
-1
-1
-1
0
78397892
197580449
667047251
39439212
-1
518523098
-1
0
-1
972061513
0
324929273
860869693
-1
-1
777725654
-1
170519852
592491601
0
-1
706701260
278979657
239283516
-1
428608714
-1
-1
-1
0
-1
-1
440504918
0
-1
-1
674362843
0
0
-1
894278904
-1
131720823
134524867
-1
-1
56206612
-1
-1
883450330
-1
-1
397482687
-1
150123713
521156355
40212068
622213776
-1
0
571671701
-1
988924456
-1
-1
940126998
411950652
-1
-1
646532060
213980218
858619195
771600655
-1
-1
-1
348150714
742746643
-1
390241651
3662348
-1
0
548539661
0
0
234595703
-1
-1
801149646
252689841
-1
-1
142866232
237950684
-1
486321774
-1
-1
-1
-1
194176789
-1
426325739
449246516
231274561
-1
-1
-1
-1
0
-1
485146620
-1
-1
118962358
204900142
-1
73040241
-1
870359131
-1
764057735
209622232
0
183845303
483285714
593325565
-1
698272559
-1
-1
0
-1
390139218
-1
133383680
350126051
-1
0
150804800
-1
-1
588535232
-1
-1
913546431
523471813
-1
-1
483318802
0
-1
-1
-1
-1
-1
-1
0
11743215
790387662
886415001
-1
-1
-1
174423587
-1
-1
217696005
683921878
0
-1
691741854
-1
-1
-1
189277187
377491842
-1
392869722
444991741
-1
557910930
-1
-1
-1
636441873
0
-1
679756113
235108052
-1
-1
62400089
-1
368310488
-1
509058539
-1
312857920
0
-1
981100359
963572834
418463418
-1
77655405
189932063
400646940
-1
484919604
-1
87723114
-1
291240607
-1
488768536
116673796
780577614
0
-1
0
0
-1
-1
343542000
-1
992912896
375461702
686062493
-1
0
-1
765914362
-1
-1
-1
-1
974695420
-1
653496531
-1
-1
-1
0
-1
-1
-1
822788103
-1
908805228
-1
307185712
947644874
-1
0
108315909
947931583
-1
-1
66756650
-1
-1
888677753
-1
-1
-1
765497869
20769703
-1
-1
62146878
-1
286949664
-1
0
0
338174694
0
-1
0
-1
-1
-1
-1
-1
-1
-1
-1
-1
-1
-1
384821186
-1
-1
-1
307576083
-1
-1
-1
0
196452716
181633078
-1
-1
-1
0
-1
-1
5624448
762232471
974770329
158857254
-1
96790071
27834303
621981839
-1
472749963
0
-1
-1
-1
495669418
-1
0
403497058
0
969186859
-1
-1
-1
-1
-1
216904743
0
171011306
291214125
-1
580117545
730895095
-1
-1
848947162
-1
-1
0
-1
-1
20950927
127217327
98894621
-1
-1
-1
411836822
-1
-1
543305429
-1
419286473
-1
-1
-1
-1
-1
954090376
-1
-1
-1
0
599672146
-1
-1
740955492
-1
-1
95874929
953399306
933843605
-1
346053154
308908414
877768320
0
-1
184603490
-1
976234818
0
573125982
260372093
-1
971317726
0
-1
210943412
-1
644405098
-1
-1
-1
-1
15434394
-1
525614362
-1
-1
-1
-1
534309793
398499752
605537879
0
42447004
-1
369706559
800601559
0
742116710
-1
-1
-1
-1
-1
966894511
-1
0
-1
512395118
161120836
575637284
-1
0
-1
-1
-1
280669390
-1
709355511
-1
-1
328374090
0
-1
293012148
813765678
-1
923398170
10734037
0
2457007
-1
527541178
163475830
0
-1
264972513
-1
0
568574064
-1
539569592
242430142
-1
210288798
-1
-1
701558423
0
0
340626938
-1
-1
977937125
-1
148241845
-1
770617921
-1
-1
-1
-1
311212146
901662827
210558117
-1
-1
-1
300695666
-1
-1
-1
828625552
0
431785674
-1
949585742
348013296
896650542
416021693
-1
-1
-1
-1
0
-1
0
-1
614965298
990481195
-1
398732464
-1
-1
-1
-1
-1
-1
990053350
-1
-1
883300737
486421447
0
-1
-1
0
-1
-1
152569723
-1
-1
-1
228893388
7382517
696985722
3516359
216019934
11552211
493286052
-1
-1
687996159
693465834
-1
-1
-1
88046697
-1
-1
0
-1
269333420
985718713
0
-1
455243879
-1
0
308942988
-1
-1
73500839
-1
-1
232655787
-1
-1
0
-1
-1
-1
305584752
-1
836645436
-1
-1
-1
-1
0
-1
310407592
27903283
514070248
0
-1
640151163
647748212
589005353
526078201
-1
-1
414714300
723990826
331376583
-1
889767767
-1
-1
0
401788888
-1
-1
532817761
490485356
-1
0
0
0
400049188
219971366
-1
-1
-1
-1
616894036
-1
254945990
494242802
0
0
801356433
-1
389364443
-1
-1
-1
-1
0
-1
0
874504123
0
545344604
-1
-1
159800141
317642073
268805936
-1
519904428
-1
921867316
-1
704192516
-1
-1
583985499
0
732181901
653388637
-1
-1
359843287
-1
-1
0
-1
-1
-1
-1
0
-1
482842329
-1
874675200
16131286
-1
17706971
-1
-1
-1
326959116
-1
-1
-1
-1
-1
569095248
-1
-1
-1
0
226959377
-1
0
-1
-1
801408704
997713493
-1
-1
-1
-1
-1
792286440
319392702
726891779
981912074
394904994
335685728
672492292
190336634
397745395
-1
-1
369503963
-1
-1
-1
530520005
286120579
15953028
-1
429246743
0
-1
970922708
-1
-1
-1
900016676
-1
807838434
-1
-1
296810448
-1
32789207
589610154
672700600
282245890
-1
-1
-1
372034860
432069701
0
627081941
-1
-1
0
-1
-1
-1
628562036
843768984
54364368
-1
119428957
-1
-1
-1
901804612
-1
-1
-1
376414146
109451203
-1
-1
-1
-1
-1
-1
-1
995735099
-1
454159889
0
-1
661443128
-1
49541971
160793174
944382636
-1
-1
847563736
504879115
-1
-1
-1
934347999
-1
-1
-1
-1
-1
172553883
-1
-1
-1
-1
-1
-1
-1
670645131
381582532
305090772
-1
-1
517712489
18986009
-1
-1
370259543
564443183
967436214
31991036
885260045
897108499
222152976
439114063
82727518
-1
-1
463389201
-1
125348742
-1
500229105
-1
-1
-1
222653616
-1
-1
906404556
27842229
525474693
0
124771967
-1
547941847
-1
562644001
-1
858619245
911572781
-1
-1
-1
-1
-1
-1
-1
25319179
765786987
-1
833087119
-1
907878355
-1
0
851460
-1
719198429
-1
-1
-1
-1
360062053
-1
804030782
99939541
334036968
0
0
-1
-1
-1
-1
673417166
569569576
-1
-1
0
300974180
28460615
-1
388156188
866862955
-1
-1
-1
-1
-1
-1
914480108
-1
-1
245483778
717903433
-1
511438655
-1
-1
-1
593962508
-1
849788537
5423343
722729494
-1
380406829
-1
-1
754749862
887633136
172837145
0
-1
-1
0
976561884
735243669
-1
467432621
-1
-1
-1
834959626
284987428
-1
0
0
0
-1
-1
-1
-1
-1
203480223
161050404
-1
-1
-1
-1
-1
-1
0
-1
-1
0
-1
0
687551952
374121431
-1
0
-1
704757040
687069158
688086381
876961619
-1
-1
890290886
931340327
449107339
825570606
842814552
-1
-1
-1
462577339
0
0
81636809
832960389
769210284
-1
-1
599790404
56034149
0
-1
-1
372599808
313817111
781896460
-1
894962256
-1
969466994
-1
836958416
54974811
0
0
-1
875247434
264652034
-1
-1
-1
-1
-1
-1
547004849
77282288
-1
758682409
439507796
837629924
19482819
-1
-1
-1
-1
-1
946405878
-1
-1
95365238
-1
-1
-1
-1
333434292
0
-1
-1
-1
-1
-1
-1
615684632
111594058
455197068
835074264
-1
-1
725839869
-1
675272065
591063441
-1
318132464
909202234
-1
-1
-1
-1
0
148810785
833760812
654420689
509418539
0
928204500
0
346798939
319681707
-1
0
-1
597910816
828369976
403829195
24216541
361240778
-1
-1
-1
-1
86712291
-1
116939198
-1
0
928167961
-1
854950777
449535971
-1
-1
102580600
-1
82026343
-1
-1
795741189
0
-1
-1
-1
-1
-1
-1
816653272
730794623
-1
0
281919514
-1
-1
-1
456792437
-1
-1
557002977
-1
-1
433579357
497386777
-1
281399731
134807662
-1
0
-1
75342686
0
-1
19714165
856126786
-1
-1
526270248
523792689
-1
-1
-1
-1
-1
959893215
0
-1
-1
649496226
-1
602748234
-1
-1
0
322975753
-1
401945446
726120879
-1
969445454
-1
-1
87213573
62032652
-1
325504827
783732041
438666076
65227793
0
172165972
837517498
-1
-1
365275331
-1
891057137
178360900
0
315094829
0
432198028
-1
734945564
-1
-1
-1
-1
0
743234738
0
493755202
-1
0
-1
966211570
-1
238955015
591208271
0
0
258170150
-1
-1
-1
609676344
-1
0
-1
-1
707610146
-1
-1
0
93540398
416963540
460247129
533410427
800671274
-1
-1
-1
-1
-1
783679233
836923010
-1
-1
0
-1
957038306
808111973
-1
-1
97896614
-1
-1
-1
-1
922540668
252106987
780739555
870105012
-1
-1
-1
-1
-1
0
-1
759041142
190991019
-1
545113009
231920559
76400426
549347611
-1
790923048
-1
65841142
-1
0
687673164
-1
790465700
-1
-1
413439398
-1
602372389
-1
-1
0
0
364343791
850890822
-1
136761073
75490648
-1
315851467
-1
-1
-1
-1
-1
-1
243026176
0
0
0
-1
860175073
333075225
0
441410028
-1
0
-1
659511264
-1
-1
-1
-1
-1
762826902
987592352
828478309
-1
638616530
-1
-1
-1
532843782
-1
0
-1
465851825
868210965
472164265
-1
-1
156818168
-1
-1
-1
-1
-1
0
-1
509024728
-1
331551765
0
653305401
-1
-1
-1
-1
980398946
-1
208510306
879566070
-1
950708467
-1
0
-1
0
-1
844707199
-1
18391908
-1
-1
-1
466466170
693384850
-1
328240665
-1
54038481
-1
694659420
662722682
-1
-1
-1
52869331
0
-1
-1
-1
-1
712120394
-1
809959455
-1
0
387897188
603157981
268177022
931475806
-1
522916717
-1
-1
-1
889655839
827417398
-1
959611703
-1
0
0
0
-1
562311410
933931810
73314494
0
278266069
0
547350888
-1
-1
809359239
184923792
0
188777095
-1
-1
45804963
-1
-1
-1
401163814
449011523
0
-1
750014473
-1
-1
-1
920706671
0
742689040
512335935
609105907
651449688
869980507
-1
-1
-1
453514746
-1
-1
-1
62245292
-1
-1
97064492
937081263
-1
-1
-1
-1
-1
100942470
616077186
104175180
-1
320612114
-1
-1
193611528
-1
-1
0
0
-1
-1
-1
25698034
-1
869707085
0
-1
894225103
907542952
166461873
-1
262446949
-1
-1
-1
-1
-1
800586560
-1
-1
531747891
-1
611476023
-1
-1
-1
224280277
920479674
433804166
-1
822012664
-1
-1
802892545
613474379
-1
-1
-1
-1
-1
242316464
237129192
173726370
651074916
189259943
500636657
640571860
273050720
955095754
-1
-1
-1
-1
161687424
-1
-1
863761691
854997748
901944439
0
-1
-1
836112251
-1
-1
272600662
-1
254033870
378666386
-1
646571971
682008824
848507661
0
-1
913889276
-1
429920918
-1
842657455
-1
-1
-1
-1
-1
275204382
-1
-1
619462116
0
82480581
84977446
84031450
-1
327985195
605451982
-1
-1
0
-1
-1
-1
458401528
-1
0
423332295
-1
505269947
-1
-1
-1
-1
157406502
0
901011881
178752616
484179943
582085692
-1
409763892
-1
-1
-1
-1
-1
-1
-1
525321775
-1
-1
-1
-1
-1
-1
498036341
-1
455775877
-1
-1
440805662
891488154
-1
679653707
506545323
0
528664207
234362262
-1
-1
-1
-1
313918013
-1
-1
0
-1
-1
-1
-1
-1
607750231
-1
-1
-1
-1
376981149
899036978
-1
-1
938452205
0
286284816
870819797
-1
-1
321075249
-1
-1
-1
987573474
-1
-1
-1
-1
-1
-1
619727121
-1
520902741
744024664
-1
-1
446281820
518678426
119076515
318844305
672713630
0
-1
-1
-1
166528401
-1
-1
-1
-1
-1
0
156485706
687053194
940889700
280752656
-1
-1
0
619923538
-1
-1
-1
-1
-1
232711693
124138199
602219277
0
799863026
-1
0
278220662
88309339
188329082
-1
-1
-1
586960928
-1
-1
-1
693990181
309491703
-1
-1
-1
-1
637965502
577667465
-1
829025834
-1
300926749
503552382
-1
77949535
-1
0
-1
472245116
-1
106314313
-1
-1
331618061
0
141751509
64055843
170435149
-1
89787100
386353498
731941648
231609164
-1
-1
460543185
-1
885251250
-1
643822331
188696718
176770720
-1
-1
805707321
0
-1
0
556817544
-1
-1
-1
-1
81429130
-1
0
-1
-1
571517122
107093498
-1
-1
-1
462661876
-1
-1
-1
-1
-1
809842777
-1
-1
-1
104388706
-1
0
-1
776878552
962756118
232978590
767383458
166972621
-1
843996386
-1
-1
159798312
518746339
-1
-1
-1
0
-1
588301978
0
-1
245339577
950539534
424538391
0
836826905
930952243
-1
-1
-1
-1
-1
-1
-1
694739021
944962667
782302483
-1
-1
-1
769629163
770822582
-1
949141609
-1
951835514
-1
964232013
491433878
0
0
-1
0
-1
-1
-1
-1
-1
711134346
222339760
-1
589742983
-1
-1
0
489078463
908184551
477231536
-1
0
-1
-1
-1
-1
562853816
584671371
-1
108933854
-1
-1
590402063
-1
-1
-1
-1
-1
-1
-1
0
-1
-1
397328552
959729047
-1
126296647
256268869
-1
-1
891461461
823510260
291231352
138955401
-1
-1
-1
991893466
-1
792297633
0
-1
-1
-1
48588829
0
452303222
-1
-1
639272211
137393124
788216080
626608436
423666461
-1
-1
492821292
944173953
171880258
355705433
861922009
447527202
777328802
-1
927908774
-1
674664967
668485302
-1
-1
-1
250750316
-1
0
983673694
931113466
17704092
0
463717394
0
59424917
335876035
375674830
-1
591727958
817936516
-1
0
953633465
-1
993899105
388436646
566864784
297408002
304940777
999757330
0
-1
565439085
288473569
-1
640140397
-1
322129200
-1
-1
-1
-1
-1
-1
-1
-1
-1
-1
0
-1
39819869
-1
0
0
139751263
922666579
-1
-1
-1
50781451
203213470
143319651
-1
250728012
-1
-1
837371477
536747760
-1
410218391
-1
-1
-1
-1
-1
208687011
905932646
-1
-1
-1
373682583
971195294
244712780
864627732
-1
267277310
-1
-1
-1
-1
689622495
0
-1
0
-1
0
953223079
-1
0
710878044
-1
21567670
-1
443689668
677869535
282334431
0
-1
15872938
804420127
94732885
-1
-1
-1
289273910
0
816672632
931708758
-1
66103652
70271863
-1
571007250
-1
-1
963915970
-1
58059163
240809365
382903065
786840135
330012518
-1
-1
-1
282298031
-1
129136022
818151012
0
-1
24855268
864783284
92310422
326048449
-1
-1
-1
59503701
-1
-1
-1
0
0
74596918
45092321
-1
909013758
-1
-1
-1
502902264
-1
-1
647108932
-1
0
0
0
-1
-1
383261568
0
748203555
753726093
-1
98765582
0
307344991
423024558
-1
431996458
210948404
451395400
-1
-1
-1
-1
-1
-1
999949168
0
0
-1
395442754
372270428
-1
-1
-1
0
-1
-1
-1
987418378
-1
-1
-1
863974057
-1
-1
-1
230714389
-1
-1
-1
-1
-1
-1
-1
-1
-1
415976577
-1
-1
-1
91846736
-1
566121993
921166013
963851516
927031557
166739388
-1
929648079
-1
127735350
101263135
-1
661297444
-1
396998234
966567865
170704520
-1
-1
373172423
639273983
0
488919665
-1
946707074
0
16130264
-1
-1
-1
-1
-1
165777114
591616466
-1
-1
-1
879867651
-1
-1
-1
-1
-1
104575655
33043095
-1
-1
-1
-1
-1
0
0
132086866
-1
-1
-1
-1
-1
-1
-1
-1
470927549
347568862
-1
589448423
-1
385773119
-1
-1
-1
-1
371996719
0
486381161
-1
989720104
-1
288932542
0
871812024
0
-1
-1
143673431
904227434
-1
-1
-1
865829541
-1
570254844
-1
163576257
702959845
-1
-1
0
-1
-1
34879425
599694212
-1
570118462
493940918
-1
0
371929554
684184533
-1
0
928542366
0
957839365
560384468
0
125676649
-1
769860683
-1
888617559
145188110
-1
-1
-1
718617830
234755701
0
516260377
-1
226165667
347655245
324244159
-1
-1
846822816
-1
558901705
-1
0
505590814
-1
-1
-1
-1
-1
-1
433407551
-1
-1
0
-1
365809258
949179292
-1
264612378
287622184
-1
-1
670174976
0
-1
0
-1
-1
487351929
-1
-1
-1
-1
-1
-1
-1
-1
854844676
590919176
-1
-1
-1
416302910
-1
-1
-1
0
759624590
-1
-1
-1
-1
-1
366648126
-1
-1
-1
248365835
-1
-1
0
0
-1
-1
-1
-1
-1
-1
-1
587707014
-1
608376778
-1
-1
-1
762402208
111254852
246918052
-1
-1
161592993
342207517
-1
0
-1
866261947
-1
-1
868409979
-1
765527924
-1
674131710
712135382
448422171
-1
469811083
769236571
-1
-1
833786741
151719306
-1
-1
927444410
-1
-1
-1
-1
247975827
59182286
373085156
20171121
367073767
502297492
407812811
0
0
298042198
-1
-1
97922759
-1
-1
-1
0
140373600
-1
-1
-1
0
898640466
980739344
941444863
406966350
-1
0
-1
197066680
276911967
0
347787110
285803314
-1
403738746
0
487174240
0
-1
-1
835143387
715540928
39784254
-1
-1
877517231
-1
-1
-1
-1
0
-1
745957467
-1
-1
642865067
579195491
64680114
214467652
-1
536300045
746841997
864092462
339553964
237266974
611087702
0
465146329
700389508
141356458
-1
0
-1
526690613
-1
-1
959547993
455638904
364324999
-1
512686840
-1
87578972
-1
-1
918631966
79769577
-1
-1
-1
-1
87571787
-1
657872127
695119202
-1
-1
941974930
152539117
271561734
411063292
300780880
0
-1
235890170
-1
364094201
548903024
-1
-1
-1
917280354
455990349
208792685
0
0
-1
0
-1
-1
433428193
43869727
-1
-1
752541491
69777540
-1
-1
-1
-1
750390369
-1
178134902
-1
-1
-1
-1
0
-1
-1
-1
-1
0
-1
-1
216590561
984597067
860422030
-1
-1
-1
0
-1
-1
-1
407368539
192320964
-1
-1
461758085
0
-1
650020491
-1
-1
546011105
-1
-1
238988646
341882148
-1
861729135
-1
-1
284762725
0
-1
617436506
-1
-1
126067222
0
472095933
-1
389648503
506488069
-1
869660536
671632392
0
-1
0
-1
261127078
0
700550849
499566203
472052119
-1
-1
-1
0
44149320
-1
-1
767633732
0
278570662
633674482
769101846
476928170
111876247
-1
568987703
-1
-1
532795030
-1
988672937
-1
-1
-1
-1
-1
958653438
711694826
-1
631300690
923611950
-1
0
-1
311558384
132651004
928816930
399914019
824641362
441467810
-1
-1
195081510
986376634
-1
-1
-1
0
281141771
928659954
-1
683903749
11764691
-1
448502702
126171469
0
-1
-1
-1
179804801
479185073
383039944
451617371
433533744
445829745
0
872055806
650624880
-1
-1
-1
363949160
-1
-1
-1
223185191
690583088
0
766024371
669730434
-1
-1
-1
-1
-1
0
-1
-1
-1
-1
-1
-1
-1
254946741
312991481
-1
-1
-1
895159513
-1
-1
0
-1
48925550
-1
0
552575737
94017863
281478097
407456283
-1
523168579
578370920
-1
0
-1
718391110
-1
0
-1
725826413
-1
986402081
-1
-1
-1
-1
-1
644693829
-1
-1
750773658
480118984
-1
-1
-1
-1
-1
683597645
899016135
-1
-1
610861166
303107098
28708822
282371997
-1
10225868
-1
-1
-1
659818261
-1
-1
111966550
-1
-1
276064695
868044557
-1
203185447
0
-1
-1
-1
-1
233036304
-1
451053290
925478752
-1
618565964
75184835
-1
0
0
-1
-1
726441679
-1
-1
123351270
-1
242711084
-1
-1
217239486
-1
98363155
-1
-1
707373998
726422576
-1
758753742
-1
848138155
648929173
0
487171323
-1
0
577922828
152096619
79848788
-1
323057768
0
-1
-1
-1
-1
-1
402111551
952619728
441565663
-1
-1
541126599
581094059
912367598
431727208
-1
-1
-1
0
-1
863101047
313525533
985336028
782751384
751546665
-1
807677932
940695868
44760123
-1
493548778
573091034
-1
0
-1
71725849
995801526
-1
857552769
186770229
-1
-1
-1
210284108
542635198
-1
673092162
-1
399159708
-1
741784696
420471161
0
-1
924645848
-1
-1
766520440
-1
962467691
0
0
-1
546133517
0
-1
826563516
-1
898547100
-1
434889589
0
-1
-1
880526368
-1
-1
-1
-1
22361714
-1
185533784
700354162
167245337
307033154
735251726
-1
102139116
0
-1
-1
-1
655223381
-1
757949143
-1
302333691
-1
-1
-1
-1
487252238
556035416
84789130
-1
-1
-1
0
-1
-1
-1
-1
-1
-1
-1
204386489
-1
36592705
751585543
-1
-1
-1
81420447
122521560
0
492494186
0
-1
962730621
642228875
-1
107001424
-1
0
589641505
677314223
-1
-1
-1
21163521
0
849291025
-1
-1
-1
395823230
-1
-1
-1
525611317
97181729
-1
-1
-1
-1
-1
422910779
0
0
0
-1
0
656211470
544106503
-1
440478856
13238507
-1
-1
-1
138787382
452957670
-1
826154444
-1
790220213
-1
-1
266958153
157876377
592536870
472472932
-1
-1
971523178
231037385
-1
-1
527289897
-1
-1
387067344
-1
963288158
-1
-1
0
0
101447123
399274425
-1
804143666
178121678
-1
-1
-1
378818069
990265580
0
-1
-1
0
-1
587392689
-1
6593183
-1
0
269293689
0
380864879
380922948
-1
151136198
-1
224786231
-1
-1
-1
-1
638640236
-1
119491832
-1
-1
-1
-1
874719392
-1
-1
0
672977116
0
-1
253186174
-1
-1
-1
561225534
0
353916870
521143603
-1
0
285910710
-1
163237352
204310948
584323012
465826870
184466063
295328985
-1
838792566
506097357
-1
-1
-1
69161091
-1
175363126
521748896
-1
211959363
-1
-1
451683867
-1
612646516
461353778
-1
-1
-1
-1
665916868
746297365
-1
-1
-1
512796810
-1
0
-1
-1
-1
-1
-1
-1
840747268
-1
317039409
-1
0
144057951
-1
-1
0
-1
870460227
0
-1
-1
0
-1
962617787
0
-1
834849800
81609696
2370668
0
-1
409955759
720383892
499895545
-1
-1
-1
705676222
345458839
880810658
-1
638816433
-1
417782719
-1
390458160
0
563332184
0
177812770
-1
297679366
0
501702253
465784029
-1
-1
0
-1
0
457529367
147553205
-1
897100215
0
246272006
899168234
432840204
-1
-1
696488042
487972966
17516053
312009937
-1
334433351
571302745
94481370
-1
374893043
-1
-1
-1
0
936249441
0
-1
-1
-1
0
-1
331124722
2053984
-1
396392186
0
-1
-1
120989086
923418790
-1
-1
677069178
-1
-1
-1
633066264
218571886
834492613
-1
-1
-1
-1
-1
366102798
665054958
154760483
-1
-1
-1
-1
-1
-1
1067810
871365661
624975181
610467987
-1
-1
-1
-1
-1
0
-1
-1
-1
0
-1
-1
-1
495770364
-1
816876304
588012223
425981444
289231121
-1
372313095
519869266
459030050
-1
301569835
-1
-1
-1
-1
-1
-1
-1
0
-1
404588972
724982432
841304220
0
-1
273045914
266205450
-1
-1
-1
237437929
881972881
-1
0
-1
-1
-1
567293320
0
851322473
635207488
356403117
-1
-1
-1
657328829
0
-1
-1
-1
754126770
-1
992459002
0
705485412
-1
42665756
208178691
-1
0
935942783
251695287
-1
620855796
-1
186677665
-1
381127790
790638748
740286259
-1
223406935
0
-1
-1
-1
-1
-1
929848887
-1
-1
139101275
-1
749619212
-1
-1
-1
862171386
315998453
471587849
151647074
978044603
-1
630130035
-1
-1
621836481
-1
-1
884580796
-1
898413954
918709054
-1
675088768
-1
-1
-1
921976598
-1
-1
940251941
-1
-1
-1
-1
463583638
425505372
551989557
0
-1
-1
0
438894683
11698821
-1
130637258
0
654255350
-1
377235160
-1
70936454
582137343
393575417
-1
969952526
-1
-1
981421499
-1
-1
-1
110957170
409105819
849694270
-1
73900715
-1
0
867110146
-1
-1
-1
0
464939294
665632300
586158229
-1
-1
-1
-1
455028930
-1
0
-1
357563570
-1
360460142
-1
451626717
605516891
736296148
-1
-1
-1
593765375
-1
270287646
857565027
-1
0
-1
-1
3926468
463406028
43983581
-1
874181610
-1
-1
-1
986848076
-1
-1
0
0
-1
-1
-1
629689142
97065693
-1
-1
-1
-1
405956903
474572037
0
-1
0
92687592
291204748
0
-1
-1
-1
-1
82756021
339937396
944047197
88846065
-1
891555572
-1
-1
154696198
973072123
-1
-1
174562418
-1
-1
-1
-1
499627358
107309572
-1
0
-1
428824711
-1
0
0
-1
0
701916433
0
-1
-1
-1
-1
841664705
715845338
-1
-1
-1
-1
-1
0
496207732
610277629
0
0
858421592
102453402
0
-1
-1
-1
785817344
-1
308415130
287492470
-1
96082983
-1
261900008
-1
-1
-1
-1
767344745
332646706
-1
922876407
280989458
765249692
364505187
-1
-1
351369192
-1
-1
958272640
887959901
198678528
223568141
-1
-1
-1
-1
-1
83218237
393009591
423260051
-1
-1
0
-1
-1
659589948
-1
-1
590485395
-1
11933137
0
835391147
50049253
413199949
-1
-1
-1
0
-1
-1
642251740
-1
664261772
603559977
0
-1
-1
0
847010849
-1
-1
-1
-1
-1
-1
-1
-1
286325887
-1
123632707
-1
115610636
-1
0
-1
-1
-1
-1
703539946
2426966
-1
-1
-1
811519767
-1
170264034
-1
-1
750367617
-1
-1
837367522
-1
548361263
928270352
-1
193154453
-1
-1
566818956
-1
-1
-1
0
57444425
205932918
563994763
-1
-1
-1
-1
-1
591537830
790838399
0
-1
-1
475235012
0
-1
-1
-1
-1
-1
145321699
0
-1
-1
596901619
158833340
-1
452892151
-1
-1
271367076
0
638679398
616976101
146294997
-1
923153313
620692209
0
460705518
-1
63696542
951462575
102178034
697144292
-1
-1
0
-1
-1
498404658
-1
0
-1
747331073
-1
-1
645899647
-1
-1
620729635
-1
764899792
-1
-1
-1
-1
220600338
-1
0
-1
589520817
137771769
599151173
0
233937590
885494376
403327099
847511817
647379488
740908542
341620598
-1
330081181
-1
-1
-1
470892247
-1
-1
-1
-1
-1
195468530
573045329
-1
-1
0
552888466
386900550
-1
26923371
853401531
-1
-1
765644113
980141492
-1
0
-1
-1
0
0
-1
923733438
398910549
-1
-1
-1
-1
0
0
442908359
-1
557133790
978191112
178223678
982359269
179389312
0
-1
25688093
324237943
789142255
-1
-1
-1
-1
-1
-1
-1
-1
-1
847551923
-1
-1
-1
563613714
603946617
-1
352851228
0
0
981804312
-1
-1
221888126
-1
920232191
-1
0
905597035
-1
0
-1
-1
789749330
-1
268443984
-1
-1
-1
467174653
529330137
-1
-1
-1
-1
436225430
547683097
-1
-1
15127990
-1
-1
-1
457811301
-1
602996619
-1
-1
217303101
573733606
-1
925763762
-1
-1
-1
12839654
0
0
340256489
-1
190778783
-1
-1
188312831
-1
492817346
-1
0
-1
638202988
417171340
117871854
-1
477067043
-1
305515484
0
98619123
-1
-1
622666139
831592810
-1
-1
216013963
-1
0
223782077
-1
814867630
-1
236510069
241871574
438009526
-1
864007900
212011624
-1
-1
0
-1
-1
0
-1
-1
957526587
374090987
700704755
-1
-1
0
0
-1
0
-1
-1
831143399
-1
241460318
314713796
-1
641688413
0
-1
0
276161224
749335801
579792317
0
-1
207438943
89985846
-1
-1
-1
-1
-1
113909230
117293355
-1
0
-1
-1
744723101
230177255
551765982
-1
-1
-1
-1
0
-1
72879259
55552641
352785704
995414897
0
-1
0
-1
109976047
547257565
-1
229520436
-1
-1
461643301
786768169
-1
-1
566535770
271110252
-1
-1
265426613
-1
-1
-1
-1
-1
101981642
227346638
-1
-1
-1
-1
0
175680161
-1
-1
592133006
676738946
-1
112606169
531361615
0
-1
-1
918580934
-1
-1
-1
-1
407582719
944746875
818164494
688434526
-1
403732054
-1
-1
979835216
-1
-1
372701478
803145172
-1
-1
-1
555337410
7324992
-1
460829355
-1
649824063
-1
23985498
146548212
-1
-1
311951840
-1
-1
852488550
-1
218580879
-1
663319866
452216939
934969820
-1
-1
0
-1
-1
0
676177371
178848256
526168223
801579977
-1
-1
302909140
-1
400245939
537234258
-1
500521420
304462301
-1
0
395139251
-1
885477678
-1
606395117
0
-1
109267211
-1
-1
-1
-1
559898483
-1
677572407
667986715
732185806
-1
0
170163387
-1
0
-1
421889705
-1
759258687
344673697
-1
481582433
298851529
-1
-1
0
-1
-1
439914472
162204051
848272110
-1
-1
0
321228352
-1
697158337
700722621
899053191
-1
-1
675354028
15248900
0
-1
20177893
-1
351149915
669234848
-1
-1
-1
289192976
507402295
-1
-1
-1
-1
-1
-1
-1
-1
-1
-1
388837830
-1
277219336
627080163
973776960
469845561
101761082
79270407
-1
491447453
392885877
300247938
-1
-1
804379450
232262169
180509211
246146290
-1
-1
-1
808152778
-1
122314524
0
-1
-1
-1
-1
542341834
342022111
494833634
-1
0
-1
787328577
-1
-1
-1
0
194950217
-1
68455237
-1
-1
720491262
-1
-1
0
-1
0
143616960
-1
-1
-1
-1
-1
-1
-1
186300147
-1
705188941
-1
0
447540127
0
-1
409286496
-1
-1
-1
-1
867288831
-1
0
327066026
844430580
