100
638535798
0
0
0
0
0
0
232885892
519118291
909485192
230857686
295554481
448738479
907810175
995376967
277370904
383937189
274513060
142376635
181630225
363542497
511934702
55631605
834282550
896084903
738987076
393871216
271746435
836292923
456764057
552606864
267083069
132271842
361199057
485622449
578143600
737984326
18226793
331644586
56169251
990911952
859496596
-1
-1
-1
-1
-1
-1
-1
-1
-1
-1
-1
-1
-1
-1
-1
-1
-1
-1
-1
-1
-1
-1
-1
-1
-1
-1
-1
-1
-1
-1
-1
-1
-1
-1
-1
-1
-1
-1
-1
-1
-1
-1
-1
-1
-1
-1
-1
-1
-1
-1
-1
-1
-1
-1
-1
-1
-1
-1
