1000
784069475
0
0
0
0
0
0
0
0
0
996574915
951845971
410189611
160319333
567309937
291841301
488423359
923702329
797437457
93803824
961310024
687582812
271928073
817059940
230197409
531271423
30200322
155614048
311294324
308412048
845813432
550161497
15662083
360717404
601736091
440353768
281698963
118507735
291474323
878569980
366317689
887873629
35874839
205476368
120488090
204145602
253457656
517573676
212155868
713396187
867357145
343289609
666134775
326567136
17467548
193860587
638439411
664888572
453408444
831183079
633363390
6752986
203211882
554323082
201498936
317424341
170257415
866654501
712204239
77496672
365193368
107697634
874381329
405721777
231797026
938496527
914858236
707827682
126775817
391934103
231831939
505125476
199945640
789411676
25926859
383286986
19219180
567571362
490246824
317919032
253716491
284480968
71911933
773382810
981541062
777873244
201637078
577112885
960403076
915754258
990305702
512980136
725627051
865579242
95147484
679560031
166333204
656513488
989753218
573966546
445926730
267364131
375813375
874169012
640822914
548853688
105433063
483630022
197101495
604401926
339462709
644538146
297063923
106417369
256871625
250293332
602481796
802998982
131712783
130423373
380928046
413637779
509895038
790742867
247688264
311510256
951198021
130251731
651758832
783048752
920228428
363372322
309089563
703209889
222895257
792225110
690052468
2798522
756969577
613099756
488445715
454245868
458289036
607615704
547517745
755992754
162557401
880494746
952632082
48978945
188244419
229773863
315230089
621184415
466591885
33454388
558325308
302264737
147707849
595927603
101805459
67503286
602977324
470295086
195627406
392365325
969139237
125197115
899003744
752934619
445664509
540565000
166380427
773504221
151143864
859966585
114518363
99351723
611717192
760242840
225700504
819003954
373277170
625350787
163504197
272479290
627075804
435387654
470541404
393329536
770826172
274753870
747255879
485780026
776040951
460017955
460706349
890939054
68270168
508884696
977106530
74997339
141351963
439334506
678752011
648308098
72119964
160047331
114974494
402017923
400990804
207316899
328819715
78231685
728864221
691195549
687156171
35475827
215194819
987416439
196788306
875158822
745641568
787456419
573246130
283221715
799310999
444691623
305022062
137286331
50709581
199704949
834862655
522514813
649545026
981786803
394687122
539414020
966653426
218609055
858487513
898553649
379368259
308044653
895596243
709558841
68449187
309345957
352745268
936183140
309229487
766125109
751017615
743093076
167914536
608059496
678589781
708512894
721994910
113215910
717588708
742267921
455136897
643429333
986941361
327823479
45083310
48013654
296495530
610146943
15049336
170974352
575559519
944681513
810145733
227134332
398618708
862208433
399076799
595140442
680530787
543962958
568827131
811476050
302076328
564964837
447166016
525123016
914872415
551913466
838211348
702147955
765915471
567471384
759779747
376752172
367391269
317386704
336052097
83664850
299129867
613532281
614645050
280386930
905668354
220555708
862124298
771816882
63039830
656931750
586378577
332981563
9084633
53255703
584391414
218994773
292471220
108856031
879197804
378392931
102088260
861594513
593080037
992187534
880996538
227807581
253530901
169596014
493980382
892643210
683161692
374610998
898836164
527264721
725232847
670580365
957656747
827163637
43015885
695287343
86245717
326124362
196928864
611668689
84259252
571543859
448764299
38297604
509110389
510607376
358674973
855783355
735796936
363243211
721021393
718665865
821443101
764621425
782701224
302497806
263037282
304629371
921383410
459012759
775762329
637217105
119969705
79116327
567099987
619172606
219646902
739209780
137810435
158257705
104268504
473840422
623908539
557393661
540164625
679240457
845591610
760060117
997604241
353623899
319951623
558283995
815372141
862827812
849639902
105669010
725019682
546421932
277404185
638847317
139375924
982097401
13124742
524249042
388266242
124520314
863315219
595872879
203034850
776065611
749391750
880376961
422480913
487225895
211349374
98536652
110338671
787950248
689276803
480220437
754478662
856277786
362181589
725355406
897967082
186576286
585121434
440255828
545376357
346667046
794515344
294791183
191738136
938777196
538904655
1042351
905042803
923464513
428985022
873779089
113718679
668147660
116296662
462792965
903015297
817802264
581619824
214098317
242578048
213550514
173741397
715152850
985930358
581819048
375597386
826660242
12196144
168366269
177681955
908495389
850416287
263637764
732598251
888904658
869265284
750998479
172447871
572300724
479959263
878432768
69166714
292370418
695141558
26805804
125970715
59476649
986914527
277780973
55120714
56332270
416123242
946821891
230400729
354898512
990863668
10054646
373785815
739180647
133474337
695185550
242010069
515877463
713466907
-1
-1
-1
-1
-1
-1
-1
-1
-1
-1
-1
-1
-1
-1
-1
-1
-1
-1
-1
-1
-1
-1
-1
-1
-1
-1
-1
-1
-1
-1
-1
-1
-1
-1
-1
-1
-1
-1
-1
-1
-1
-1
-1
-1
-1
-1
-1
-1
-1
-1
-1
-1
-1
-1
-1
-1
-1
-1
-1
-1
-1
-1
-1
-1
-1
-1
-1
-1
-1
-1
-1
-1
-1
-1
-1
-1
-1
-1
-1
-1
-1
-1
-1
-1
-1
-1
-1
-1
-1
-1
-1
-1
-1
-1
-1
-1
-1
-1
-1
-1
-1
-1
-1
-1
-1
-1
-1
-1
-1
-1
-1
-1
-1
-1
-1
-1
-1
-1
-1
-1
-1
-1
-1
-1
-1
-1
-1
-1
-1
-1
-1
-1
-1
-1
-1
-1
-1
-1
-1
-1
-1
-1
-1
-1
-1
-1
-1
-1
-1
-1
-1
-1
-1
-1
-1
-1
-1
-1
-1
-1
-1
-1
-1
-1
-1
-1
-1
-1
-1
-1
-1
-1
-1
-1
-1
-1
-1
-1
-1
-1
-1
-1
-1
-1
-1
-1
-1
-1
-1
-1
-1
-1
-1
-1
-1
-1
-1
-1
-1
-1
-1
-1
-1
-1
-1
-1
-1
-1
-1
-1
-1
-1
-1
-1
-1
-1
-1
-1
-1
-1
-1
-1
-1
-1
-1
-1
-1
-1
-1
-1
-1
-1
-1
-1
-1
-1
-1
-1
-1
-1
-1
-1
-1
-1
-1
-1
-1
-1
-1
-1
-1
-1
-1
-1
-1
-1
-1
-1
-1
-1
-1
-1
-1
-1
-1
-1
-1
-1
-1
-1
-1
-1
-1
-1
-1
-1
-1
-1
-1
-1
-1
-1
-1
-1
-1
-1
-1
-1
-1
-1
-1
-1
-1
-1
-1
-1
-1
-1
-1
-1
-1
-1
-1
-1
-1
-1
-1
-1
-1
-1
-1
-1
-1
-1
-1
-1
-1
-1
-1
-1
-1
-1
-1
-1
-1
-1
-1
-1
-1
-1
-1
-1
-1
-1
-1
-1
-1
-1
-1
-1
-1
-1
-1
-1
-1
-1
-1
-1
-1
-1
-1
-1
-1
-1
-1
-1
-1
-1
-1
-1
-1
-1
-1
-1
-1
-1
-1
-1
-1
-1
-1
-1
-1
-1
-1
-1
-1
-1
-1
-1
-1
-1
-1
-1
-1
-1
-1
-1
-1
-1
-1
-1
-1
-1
-1
-1
-1
-1
-1
-1
-1
-1
-1
-1
-1
-1
-1
-1
-1
-1
-1
-1
-1
-1
-1
-1
-1
-1
-1
-1
-1
-1
-1
-1
-1
-1
-1
-1
-1
-1
-1
-1
-1
-1
-1
-1
-1
-1
-1
-1
-1
-1
-1
-1
-1
-1
-1
-1
-1
-1
-1
-1
-1
-1
-1
-1
-1
-1
-1
-1
-1
-1
-1
-1
-1
-1
-1
-1
-1
-1
-1
-1
-1
-1
-1
-1
-1
-1
-1
-1
-1
-1
-1
-1
-1
-1
-1
-1
-1
-1
-1
-1
-1
-1
-1
-1
-1
-1
-1
-1
-1
-1
-1
