50 100
883 100
1 1
2 1
3 2
4 3
5 2
6 1
7 1
8 1
9 2
10 4
11 3
12 1
13 1
14 1
15 1
16 2
17 1
18 1
19 1
20 1
21 1
22 3
23 1
24 1
25 1
26 4
27 1
28 1
29 1
30 1
31 3
32 1
33 4
34 2
35 3
36 1
37 2
38 2
39 2
40 1
41 3
42 2
43 2
44 2
45 2
46 1
47 2
48 2
49 1
50 2
51 1
52 2
53 1
54 4
55 1
56 2
57 2
58 1
59 1
60 2
61 2
62 1
63 2
64 3
65 2
66 2
67 1
68 1
69 2
70 2
71 1
72 1
73 2
74 1
75 2
76 2
77 2
78 2
79 2
80 3
81 1
82 1
83 1
84 1
85 2
86 1
87 2
88 1
89 1
90 4
91 1
92 1
93 1
94 1
95 3
96 2
97 1
98 1
99 1
100 1
633 100
1 4
2 5
3 3
4 2
5 5
6 9
7 2
8 2
9 3
10 6
11 12
12 2
13 2
14 2
15 1
16 4
17 7
18 4
19 1
20 1
21 3
22 3
23 4
24 4
25 4
26 4
27 4
28 6
29 4
30 3
31 1
32 4
33 4
34 5
35 2
36 2
37 6
38 6
39 5
40 4
41 4
42 5
43 5
44 6
45 4
46 3
47 5
48 4
49 5
50 3
51 4
52 3
53 3
54 3
55 4
56 5
57 4
58 4
59 5
60 4
61 2
62 5
63 4
64 2
65 4
66 4
67 2
68 3
69 4
70 4
71 1
72 3
73 3
74 3
75 6
76 3
77 4
78 7
79 9
80 3
81 5
82 10
83 4
84 3
85 6
86 4
87 4
88 2
89 6
90 3
91 3
92 2
93 3
94 4
95 1
96 3
97 3
98 4
99 3
100 5
539 100
1 2
2 1
3 1
4 1
5 1
6 1
7 1
8 2
9 2
10 3
11 3
12 1
13 1
14 3
15 1
16 1
17 2
18 1
19 1
20 1
21 2
22 2
23 1
24 3
25 4
26 5
27 3
28 4
29 2
30 1
31 1
32 3
33 1
34 1
35 3
36 3
37 1
38 3
39 2
40 1
41 2
42 1
43 1
44 2
45 1
46 2
47 3
48 1
49 2
50 1
51 2
52 3
53 3
54 1
55 1
56 3
57 1
58 2
59 1
60 2
61 2
62 2
63 1
64 2
65 3
66 3
67 1
68 3
69 3
70 2
71 2
72 1
73 3
74 1
75 2
76 2
77 1
78 1
79 1
80 2
81 2
82 2
83 2
84 1
85 1
86 1
87 1
88 1
89 1
90 1
91 1
92 1
93 3
94 1
95 2
96 1
97 1
98 1
99 2
100 2
82 100
1 1
2 1
3 1
4 1
5 1
6 1
7 1
8 1
9 1
10 1
11 1
12 1
13 1
14 1
15 1
16 1
17 1
18 1
19 1
20 1
21 1
22 1
23 1
24 1
25 1
26 1
27 1
28 1
29 1
30 1
31 1
32 1
33 1
34 1
35 1
36 1
37 1
38 1
39 1
40 1
41 1
42 1
43 1
44 1
45 1
46 1
47 1
48 1
49 1
50 1
51 1
52 1
53 1
54 1
55 1
56 1
57 1
58 1
59 1
60 1
61 1
62 1
63 1
64 1
65 1
66 1
67 1
68 1
69 1
70 1
71 1
72 1
73 1
74 1
75 1
76 1
77 1
78 1
79 1
80 1
81 1
82 1
83 1
84 1
85 1
86 1
87 1
88 1
89 1
90 1
91 1
92 1
93 1
94 1
95 1
96 1
97 1
98 1
99 1
100 1
677 100
1 4
2 1
3 3
4 4
5 5
6 2
7 3
8 3
9 4
10 2
11 3
12 1
13 3
14 1
15 1
16 3
17 6
18 4
19 3
20 1
21 4
22 2
23 5
24 4
25 2
26 4
27 5
28 3
29 2
30 3
31 5
32 2
33 4
34 2
35 5
36 3
37 2
38 5
39 4
40 3
41 3
42 1
43 5
44 4
45 2
46 3
47 5
48 1
49 5
50 4
51 1
52 3
53 3
54 5
55 3
56 4
57 2
58 2
59 2
60 5
61 4
62 1
63 2
64 4
65 4
66 5
67 5
68 4
69 3
70 2
71 1
72 3
73 2
74 5
75 2
76 2
77 6
78 4
79 6
80 2
81 1
82 4
83 2
84 4
85 4
86 1
87 5
88 3
89 4
90 4
91 3
92 3
93 3
94 3
95 3
96 2
97 3
98 4
99 2
100 5
113 100
1 1
2 1
3 1
4 2
5 1
6 1
7 1
8 2
9 1
10 2
11 1
12 1
13 1
14 2
15 1
16 2
17 1
18 1
19 1
20 1
21 1
22 1
23 1
24 1
25 1
26 1
27 1
28 1
29 1
30 1
31 1
32 1
33 1
34 1
35 2
36 1
37 1
38 1
39 1
40 1
41 1
42 1
43 1
44 1
45 2
46 1
47 1
48 1
49 2
50 1
51 1
52 1
53 1
54 1
55 1
56 1
57 1
58 1
59 1
60 1
61 1
62 1
63 1
64 2
65 1
66 1
67 1
68 1
69 1
70 1
71 2
72 1
73 2
74 1
75 1
76 1
77 1
78 1
79 1
80 1
81 1
82 1
83 1
84 1
85 1
86 1
87 2
88 1
89 1
90 1
91 1
92 1
93 1
94 1
95 1
96 1
97 1
98 1
99 1
100 1
299 100
1 2
2 2
3 4
4 4
5 3
6 1
7 6
8 3
9 3
10 1
11 2
12 4
13 2
14 3
15 2
16 3
17 1
18 2
19 1
20 2
21 3
22 2
23 2
24 4
25 2
26 2
27 2
28 2
29 2
30 2
31 3
32 2
33 2
34 4
35 2
36 7
37 6
38 3
39 1
40 1
41 7
42 3
43 2
44 1
45 4
46 3
47 2
48 5
49 3
50 1
51 3
52 3
53 3
54 3
55 3
56 3
57 2
58 2
59 5
60 1
61 4
62 1
63 4
64 4
65 3
66 5
67 2
68 1
69 1
70 1
71 3
72 4
73 5
74 1
75 1
76 1
77 2
78 3
79 1
80 1
81 4
82 1
83 1
84 1
85 3
86 2
87 1
88 1
89 3
90 1
91 3
92 1
93 2
94 3
95 2
96 3
97 4
98 3
99 1
100 3
741 100
1 4
2 2
3 3
4 3
5 5
6 3
7 4
8 6
9 2
10 1
11 3
12 4
13 4
14 5
15 5
16 4
17 7
18 7
19 4
20 6
21 2
22 4
23 3
24 4
25 8
26 4
27 6
28 3
29 4
30 3
31 2
32 5
33 8
34 5
35 5
36 8
37 4
38 3
39 4
40 3
41 6
42 1
43 2
44 2
45 7
46 3
47 3
48 3
49 2
50 3
51 3
52 4
53 4
54 7
55 2
56 4
57 2
58 2
59 2
60 7
61 2
62 2
63 6
64 4
65 6
66 2
67 3
68 4
69 4
70 2
71 3
72 6
73 3
74 4
75 5
76 3
77 4
78 5
79 5
80 3
81 1
82 5
83 3
84 4
85 2
86 2
87 5
88 5
89 5
90 4
91 3
92 2
93 1
94 4
95 3
96 4
97 6
98 3
99 3
100 4
539 100
1 5
2 3
3 6
4 5
5 5
6 2
7 6
8 4
9 2
10 6
11 2
12 6
13 3
14 3
15 5
16 2
17 7
18 8
19 5
20 5
21 6
22 3
23 4
24 4
25 6
26 6
27 4
28 8
29 3
30 11
31 9
32 2
33 6
34 9
35 9
36 8
37 6
38 2
39 8
40 8
41 5
42 3
43 9
44 5
45 8
46 3
47 4
48 6
49 6
50 4
51 3
52 8
53 3
54 5
55 3
56 5
57 5
58 8
59 4
60 6
61 5
62 2
63 8
64 7
65 4
66 7
67 7
68 3
69 4
70 3
71 5
72 7
73 7
74 4
75 2
76 4
77 5
78 8
79 3
80 4
81 2
82 5
83 2
84 5
85 5
86 6
87 4
88 3
89 9
90 3
91 5
92 9
93 8
94 8
95 7
96 3
97 4
98 7
99 7
100 5
191 100
1 1
2 1
3 1
4 1
5 1
6 1
7 1
8 1
9 1
10 1
11 1
12 1
13 1
14 1
15 2
16 1
17 1
18 1
19 1
20 1
21 1
22 1
23 1
24 2
25 1
26 1
27 1
28 1
29 1
30 1
31 1
32 1
33 1
34 1
35 1
36 1
37 1
38 1
39 1
40 1
41 1
42 1
43 2
44 2
45 1
46 1
47 1
48 2
49 1
50 1
51 3
52 2
53 1
54 2
55 1
56 1
57 1
58 1
59 1
60 2
61 2
62 1
63 2
64 1
65 1
66 1
67 1
68 1
69 1
70 1
71 1
72 1
73 1
74 1
75 1
76 1
77 1
78 1
79 1
80 1
81 1
82 1
83 1
84 1
85 1
86 2
87 1
88 1
89 1
90 1
91 1
92 1
93 1
94 1
95 1
96 2
97 1
98 1
99 1
100 1
187 100
1 1
2 1
3 1
4 1
5 1
6 1
7 1
8 1
9 1
10 2
11 2
12 1
13 1
14 1
15 1
16 1
17 1
18 1
19 1
20 1
21 1
22 1
23 1
24 1
25 1
26 1
27 2
28 1
29 2
30 1
31 1
32 1
33 1
34 1
35 1
36 1
37 1
38 2
39 2
40 1
41 2
42 1
43 1
44 1
45 2
46 1
47 1
48 1
49 1
50 1
51 1
52 1
53 1
54 2
55 1
56 2
57 1
58 1
59 1
60 1
61 1
62 1
63 1
64 1
65 1
66 2
67 2
68 1
69 1
70 1
71 1
72 1
73 1
74 1
75 1
76 1
77 2
78 1
79 1
80 1
81 1
82 1
83 1
84 1
85 2
86 1
87 1
88 1
89 1
90 1
91 1
92 1
93 1
94 1
95 2
96 1
97 1
98 1
99 1
100 1
55 100
1 1
2 1
3 1
4 1
5 1
6 1
7 1
8 1
9 1
10 1
11 1
12 1
13 1
14 1
15 1
16 1
17 1
18 1
19 1
20 1
21 1
22 1
23 1
24 1
25 1
26 1
27 1
28 1
29 1
30 1
31 1
32 1
33 1
34 1
35 1
36 1
37 1
38 1
39 1
40 1
41 1
42 1
43 1
44 1
45 1
46 1
47 1
48 1
49 1
50 1
51 1
52 1
53 1
54 1
55 1
56 1
57 1
58 1
59 1
60 1
61 1
62 1
63 1
64 1
65 1
66 1
67 1
68 1
69 1
70 1
71 1
72 1
73 1
74 1
75 1
76 1
77 1
78 1
79 1
80 1
81 1
82 1
83 1
84 1
85 1
86 1
87 1
88 1
89 1
90 1
91 1
92 1
93 1
94 1
95 1
96 1
97 1
98 1
99 1
100 1
189 100
1 1
2 1
3 1
4 1
5 1
6 1
7 1
8 1
9 1
10 1
11 3
12 1
13 2
14 2
15 1
16 1
17 2
18 3
19 2
20 1
21 1
22 1
23 2
24 1
25 1
26 2
27 1
28 2
29 1
30 2
31 1
32 2
33 1
34 1
35 1
36 1
37 1
38 2
39 1
40 1
41 2
42 2
43 1
44 1
45 1
46 2
47 1
48 2
49 1
50 1
51 1
52 1
53 1
54 1
55 1
56 1
57 1
58 1
59 1
60 1
61 1
62 1
63 1
64 1
65 1
66 1
67 1
68 1
69 1
70 1
71 1
72 1
73 1
74 2
75 2
76 1
77 2
78 2
79 2
80 1
81 2
82 1
83 1
84 1
85 1
86 1
87 1
88 1
89 1
90 2
91 1
92 1
93 1
94 1
95 1
96 1
97 1
98 1
99 1
100 1
695 100
1 1
2 3
3 3
4 2
5 3
6 5
7 1
8 1
9 1
10 3
11 1
12 3
13 2
14 3
15 4
16 2
17 3
18 2
19 5
20 1
21 4
22 4
23 4
24 2
25 2
26 3
27 2
28 2
29 5
30 1
31 1
32 2
33 1
34 2
35 5
36 5
37 2
38 2
39 4
40 3
41 2
42 3
43 1
44 2
45 4
46 3
47 1
48 2
49 3
50 2
51 2
52 6
53 1
54 4
55 1
56 3
57 3
58 3
59 2
60 3
61 3
62 2
63 2
64 3
65 4
66 3
67 2
68 3
69 2
70 4
71 2
72 1
73 2
74 2
75 1
76 2
77 2
78 2
79 4
80 2
81 2
82 1
83 2
84 2
85 3
86 2
87 1
88 3
89 3
90 4
91 5
92 3
93 4
94 1
95 4
96 4
97 4
98 2
99 1
100 2
693 100
1 1
2 1
3 1
4 1
5 1
6 1
7 2
8 1
9 1
10 2
11 1
12 2
13 1
14 3
15 1
16 1
17 1
18 2
19 1
20 1
21 1
22 2
23 1
24 1
25 1
26 1
27 1
28 2
29 1
30 1
31 1
32 2
33 1
34 1
35 1
36 1
37 1
38 2
39 2
40 1
41 1
42 4
43 1
44 1
45 1
46 2
47 1
48 1
49 2
50 2
51 1
52 1
53 1
54 2
55 2
56 1
57 2
58 2
59 3
60 1
61 2
62 2
63 3
64 1
65 1
66 1
67 1
68 1
69 1
70 1
71 2
72 2
73 1
74 1
75 1
76 1
77 2
78 1
79 1
80 1
81 1
82 2
83 1
84 1
85 1
86 3
87 1
88 2
89 3
90 1
91 1
92 1
93 2
94 1
95 1
96 1
97 1
98 2
99 1
100 1
359 100
1 1
2 5
3 4
4 3
5 1
6 2
7 3
8 2
9 2
10 1
11 2
12 2
13 3
14 3
15 2
16 2
17 5
18 2
19 2
20 2
21 1
22 5
23 5
24 3
25 3
26 3
27 3
28 4
29 4
30 3
31 4
32 3
33 4
34 2
35 4
36 1
37 2
38 2
39 3
40 1
41 3
42 1
43 2
44 4
45 3
46 2
47 3
48 1
49 3
50 2
51 2
52 3
53 1
54 2
55 2
56 2
57 2
58 1
59 2
60 4
61 1
62 4
63 3
64 2
65 2
66 1
67 1
68 1
69 3
70 3
71 3
72 2
73 1
74 4
75 2
76 1
77 3
78 3
79 3
80 2
81 2
82 2
83 1
84 2
85 3
86 3
87 2
88 2
89 1
90 2
91 3
92 1
93 1
94 3
95 1
96 3
97 4
98 2
99 4
100 2
256 100
1 2
2 2
3 2
4 1
5 3
6 2
7 1
8 4
9 2
10 1
11 4
12 2
13 3
14 2
15 1
16 2
17 4
18 2
19 3
20 3
21 2
22 2
23 1
24 5
25 3
26 1
27 1
28 1
29 2
30 1
31 3
32 1
33 2
34 2
35 3
36 1
37 4
38 1
39 5
40 2
41 3
42 2
43 2
44 1
45 3
46 3
47 1
48 1
49 3
50 1
51 1
52 2
53 2
54 1
55 1
56 4
57 1
58 2
59 3
60 3
61 3
62 1
63 3
64 1
65 1
66 1
67 1
68 4
69 4
70 1
71 3
72 1
73 3
74 2
75 4
76 3
77 4
78 2
79 2
80 3
81 3
82 3
83 1
84 2
85 4
86 2
87 4
88 2
89 4
90 1
91 1
92 3
93 1
94 4
95 1
96 2
97 4
98 1
99 3
100 2
558 100
1 2
2 1
3 2
4 2
5 2
6 2
7 1
8 2
9 1
10 1
11 1
12 3
13 2
14 1
15 3
16 3
17 2
18 1
19 2
20 2
21 1
22 2
23 3
24 1
25 1
26 2
27 1
28 2
29 1
30 2
31 1
32 1
33 2
34 1
35 1
36 3
37 2
38 1
39 3
40 1
41 1
42 1
43 3
44 1
45 1
46 1
47 2
48 2
49 2
50 1
51 3
52 2
53 3
54 1
55 1
56 2
57 2
58 1
59 1
60 1
61 1
62 2
63 1
64 2
65 1
66 1
67 1
68 2
69 2
70 1
71 1
72 2
73 3
74 1
75 2
76 3
77 3
78 2
79 1
80 1
81 1
82 3
83 2
84 3
85 1
86 3
87 2
88 1
89 1
90 2
91 2
92 1
93 1
94 3
95 1
96 1
97 2
98 1
99 2
100 1
812 100
1 1
2 1
3 2
4 1
5 1
6 1
7 1
8 1
9 1
10 1
11 1
12 2
13 1
14 1
15 1
16 1
17 1
18 1
19 1
20 1
21 2
22 1
23 1
24 1
25 1
26 1
27 1
28 1
29 1
30 1
31 1
32 2
33 2
34 2
35 1
36 1
37 1
38 1
39 1
40 1
41 1
42 1
43 1
44 1
45 1
46 1
47 1
48 1
49 1
50 2
51 1
52 1
53 1
54 1
55 1
56 1
57 1
58 2
59 1
60 1
61 2
62 2
63 1
64 1
65 2
66 1
67 1
68 1
69 1
70 1
71 1
72 1
73 1
74 2
75 1
76 1
77 1
78 1
79 1
80 1
81 1
82 1
83 1
84 1
85 1
86 1
87 1
88 1
89 1
90 1
91 2
92 1
93 1
94 1
95 2
96 1
97 1
98 1
99 1
100 1
488 100
1 2
2 5
3 3
4 2
5 4
6 3
7 1
8 2
9 3
10 1
11 3
12 1
13 4
14 4
15 3
16 2
17 1
18 4
19 4
20 3
21 2
22 1
23 5
24 1
25 3
26 2
27 1
28 6
29 3
30 2
31 3
32 3
33 3
34 4
35 2
36 4
37 5
38 2
39 2
40 1
41 3
42 1
43 1
44 3
45 4
46 4
47 2
48 4
49 1
50 1
51 2
52 2
53 4
54 4
55 4
56 2
57 2
58 2
59 4
60 2
61 2
62 1
63 4
64 2
65 4
66 4
67 4
68 3
69 2
70 2
71 3
72 1
73 4
74 1
75 3
76 4
77 1
78 1
79 3
80 3
81 2
82 2
83 4
84 4
85 2
86 4
87 4
88 5
89 4
90 2
91 3
92 1
93 3
94 3
95 2
96 2
97 2
98 4
99 3
100 1
640 100
1 5
2 3
3 4
4 2
5 2
6 3
7 4
8 7
9 8
10 3
11 4
12 2
13 3
14 2
15 3
16 4
17 3
18 2
19 4
20 3
21 5
22 4
23 4
24 1
25 9
26 3
27 6
28 4
29 4
30 7
31 3
32 3
33 3
34 2
35 5
36 2
37 2
38 2
39 5
40 1
41 2
42 5
43 3
44 5
45 8
46 3
47 3
48 3
49 5
50 5
51 5
52 5
53 5
54 7
55 6
56 6
57 1
58 7
59 3
60 3
61 5
62 2
63 5
64 2
65 5
66 4
67 3
68 5
69 7
70 4
71 4
72 4
73 3
74 3
75 9
76 6
77 4
78 5
79 3
80 2
81 3
82 4
83 2
84 3
85 8
86 3
87 5
88 8
89 2
90 2
91 4
92 5
93 3
94 2
95 2
96 4
97 4
98 2
99 3
100 2
777 100
1 9
2 13
3 8
4 10
5 5
6 6
7 7
8 7
9 4
10 6
11 6
12 6
13 11
14 5
15 9
16 4
17 6
18 3
19 2
20 8
21 8
22 5
23 11
24 8
25 9
26 7
27 6
28 4
29 11
30 5
31 7
32 7
33 4
34 6
35 5
36 7
37 4
38 6
39 6
40 9
41 8
42 6
43 14
44 11
45 6
46 9
47 7
48 6
49 6
50 6
51 6
52 8
53 7
54 13
55 8
56 8
57 8
58 6
59 9
60 6
61 7
62 4
63 5
64 6
65 8
66 5
67 13
68 4
69 6
70 6
71 4
72 7
73 6
74 7
75 7
76 8
77 8
78 9
79 5
80 6
81 16
82 2
83 11
84 3
85 5
86 8
87 10
88 1
89 4
90 10
91 10
92 9
93 8
94 5
95 11
96 9
97 5
98 8
99 11
100 5
541 100
1 1
2 1
3 2
4 2
5 1
6 1
7 1
8 1
9 1
10 1
11 2
12 2
13 1
14 1
15 1
16 2
17 1
18 1
19 3
20 1
21 2
22 1
23 2
24 1
25 2
26 1
27 2
28 2
29 1
30 2
31 4
32 2
33 2
34 1
35 2
36 2
37 2
38 4
39 3
40 1
41 1
42 1
43 1
44 3
45 2
46 2
47 2
48 1
49 2
50 1
51 2
52 2
53 1
54 1
55 1
56 3
57 1
58 2
59 1
60 1
61 2
62 2
63 1
64 1
65 1
66 3
67 2
68 2
69 2
70 1
71 1
72 3
73 1
74 1
75 1
76 3
77 2
78 3
79 1
80 1
81 1
82 1
83 1
84 1
85 2
86 2
87 2
88 1
89 1
90 1
91 1
92 3
93 1
94 1
95 3
96 1
97 3
98 2
99 1
100 2
304 100
1 1
2 1
3 2
4 1
5 3
6 2
7 1
8 1
9 1
10 2
11 2
12 1
13 1
14 4
15 1
16 1
17 1
18 1
19 1
20 1
21 1
22 1
23 1
24 1
25 1
26 1
27 1
28 1
29 1
30 1
31 2
32 1
33 2
34 1
35 2
36 1
37 2
38 1
39 1
40 1
41 1
42 1
43 1
44 1
45 1
46 1
47 1
48 2
49 1
50 1
51 1
52 1
53 2
54 1
55 1
56 1
57 2
58 1
59 1
60 1
61 1
62 1
63 2
64 2
65 2
66 1
67 1
68 1
69 1
70 1
71 1
72 1
73 1
74 1
75 1
76 1
77 1
78 1
79 1
80 1
81 1
82 1
83 1
84 2
85 2
86 4
87 1
88 1
89 2
90 1
91 1
92 1
93 1
94 2
95 1
96 2
97 1
98 1
99 1
100 1
426 100
1 2
2 2
3 3
4 2
5 2
6 2
7 2
8 1
9 1
10 3
11 2
12 2
13 2
14 4
15 3
16 1
17 3
18 1
19 1
20 2
21 4
22 1
23 1
24 3
25 2
26 3
27 1
28 1
29 2
30 5
31 2
32 1
33 1
34 3
35 3
36 2
37 2
38 2
39 1
40 2
41 2
42 4
43 2
44 1
45 2
46 1
47 2
48 2
49 2
50 1
51 2
52 1
53 1
54 1
55 1
56 3
57 3
58 2
59 1
60 1
61 2
62 2
63 1
64 3
65 1
66 2
67 2
68 2
69 1
70 2
71 3
72 2
73 1
74 1
75 2
76 1
77 3
78 2
79 2
80 1
81 6
82 2
83 1
84 1
85 1
86 2
87 2
88 4
89 1
90 1
91 1
92 1
93 1
94 1
95 1
96 1
97 2
98 2
99 1
100 5
879 100
1 12
2 7
3 5
4 6
5 6
6 6
7 8
8 8
9 9
10 6
11 9
12 4
13 5
14 8
15 7
16 8
17 9
18 3
19 4
20 9
21 4
22 11
23 6
24 8
25 7
26 7
27 6
28 11
29 3
30 9
31 5
32 7
33 7
34 8
35 10
36 9
37 6
38 8
39 4
40 10
41 11
42 8
43 7
44 10
45 7
46 6
47 10
48 10
49 9
50 12
51 8
52 9
53 8
54 8
55 11
56 7
57 11
58 8
59 8
60 6
61 8
62 5
63 4
64 10
65 8
66 9
67 13
68 8
69 7
70 7
71 6
72 9
73 11
74 12
75 8
76 4
77 9
78 7
79 6
80 12
81 7
82 9
83 11
84 6
85 14
86 8
87 6
88 8
89 7
90 8
91 10
92 10
93 8
94 8
95 7
96 11
97 12
98 8
99 10
100 8
113 100
1 1
2 1
3 2
4 1
5 1
6 1
7 1
8 1
9 1
10 1
11 1
12 1
13 1
14 1
15 1
16 1
17 1
18 1
19 1
20 1
21 1
22 1
23 1
24 1
25 1
26 1
27 1
28 1
29 1
30 1
31 1
32 1
33 1
34 1
35 1
36 1
37 2
38 1
39 1
40 1
41 1
42 1
43 1
44 1
45 1
46 1
47 1
48 1
49 1
50 2
51 1
52 1
53 1
54 1
55 1
56 1
57 1
58 1
59 1
60 1
61 2
62 1
63 1
64 1
65 1
66 1
67 1
68 2
69 1
70 1
71 1
72 1
73 1
74 2
75 1
76 1
77 1
78 1
79 1
80 1
81 1
82 1
83 1
84 1
85 1
86 1
87 1
88 1
89 1
90 1
91 1
92 1
93 1
94 1
95 1
96 1
97 1
98 1
99 1
100 1
671 100
1 3
2 6
3 9
4 6
5 2
6 4
7 2
8 2
9 3
10 3
11 3
12 2
13 6
14 3
15 2
16 7
17 3
18 4
19 5
20 1
21 2
22 4
23 5
24 6
25 2
26 8
27 2
28 2
29 4
30 5
31 3
32 3
33 2
34 3
35 3
36 7
37 4
38 4
39 5
40 2
41 3
42 3
43 4
44 4
45 3
46 5
47 2
48 3
49 6
50 4
51 5
52 3
53 4
54 4
55 3
56 2
57 4
58 3
59 2
60 2
61 1
62 3
63 2
64 4
65 3
66 4
67 4
68 4
69 4
70 7
71 3
72 2
73 5
74 1
75 1
76 5
77 4
78 5
79 4
80 4
81 4
82 8
83 4
84 2
85 2
86 4
87 4
88 4
89 5
90 4
91 8
92 4
93 4
94 4
95 4
96 3
97 3
98 4
99 4
100 4
668 100
1 1
2 1
3 2
4 2
5 1
6 1
7 1
8 1
9 1
10 1
11 1
12 1
13 2
14 2
15 1
16 2
17 2
18 1
19 1
20 2
21 1
22 3
23 1
24 3
25 1
26 1
27 1
28 1
29 1
30 2
31 2
32 2
33 2
34 1
35 1
36 3
37 1
38 1
39 1
40 1
41 1
42 1
43 1
44 1
45 3
46 1
47 1
48 1
49 1
50 2
51 1
52 1
53 1
54 1
55 1
56 1
57 1
58 3
59 1
60 2
61 1
62 2
63 2
64 1
65 2
66 1
67 1
68 2
69 1
70 1
71 2
72 1
73 2
74 2
75 1
76 1
77 2
78 2
79 1
80 3
81 1
82 1
83 1
84 3
85 2
86 1
87 1
88 1
89 1
90 1
91 1
92 1
93 2
94 2
95 1
96 1
97 2
98 1
99 2
100 1
746 100
1 3
2 5
3 3
4 7
5 1
6 4
7 1
8 4
9 3
10 3
11 3
12 4
13 5
14 5
15 2
16 2
17 2
18 4
19 7
20 3
21 2
22 2
23 4
24 3
25 2
26 2
27 4
28 3
29 2
30 7
31 5
32 3
33 3
34 2
35 5
36 2
37 4
38 3
39 3
40 3
41 3
42 4
43 3
44 4
45 3
46 3
47 4
48 4
49 4
50 1
51 2
52 3
53 2
54 2
55 1
56 3
57 1
58 2
59 7
60 3
61 8
62 5
63 5
64 3
65 5
66 1
67 2
68 1
69 3
70 1
71 6
72 2
73 6
74 5
75 4
76 3
77 2
78 2
79 2
80 4
81 4
82 5
83 3
84 4
85 5
86 5
87 6
88 7
89 5
90 1
91 4
92 5
93 3
94 2
95 6
96 4
97 3
98 7
99 6
100 7
946 100
1 10
2 11
3 15
4 9
5 4
6 3
7 10
8 15
9 8
10 7
11 10
12 7
13 8
14 13
15 12
16 8
17 7
18 9
19 10
20 4
21 4
22 10
23 8
24 8
25 11
26 7
27 8
28 5
29 10
30 9
31 11
32 10
33 6
34 12
35 10
36 10
37 5
38 12
39 7
40 12
41 8
42 7
43 13
44 9
45 7
46 9
47 11
48 6
49 10
50 4
51 15
52 11
53 14
54 11
55 11
56 8
57 4
58 8
59 7
60 5
61 9
62 11
63 9
64 8
65 11
66 11
67 8
68 8
69 8
70 6
71 9
72 6
73 10
74 11
75 12
76 6
77 7
78 3
79 14
80 7
81 10
82 11
83 15
84 4
85 8
86 14
87 11
88 7
89 15
90 10
91 6
92 4
93 12
94 11
95 12
96 6
97 13
98 8
99 7
100 7
974 100
1 3
2 8
3 6
4 5
5 4
6 7
7 8
8 9
9 7
10 7
11 3
12 7
13 7
14 12
15 4
16 6
17 1
18 7
19 9
20 8
21 5
22 7
23 7
24 6
25 4
26 7
27 3
28 9
29 9
30 2
31 7
32 6
33 6
34 4
35 4
36 7
37 5
38 4
39 12
40 3
41 7
42 3
43 4
44 5
45 5
46 3
47 6
48 5
49 11
50 7
51 6
52 8
53 5
54 5
55 6
56 8
57 6
58 6
59 4
60 5
61 6
62 6
63 5
64 6
65 4
66 4
67 6
68 5
69 5
70 7
71 8
72 3
73 7
74 6
75 3
76 3
77 4
78 4
79 7
80 6
81 4
82 6
83 4
84 9
85 7
86 2
87 9
88 6
89 4
90 6
91 3
92 9
93 3
94 9
95 4
96 1
97 7
98 3
99 7
100 7
493 100
1 3
2 2
3 2
4 3
5 3
6 3
7 1
8 1
9 1
10 2
11 2
12 1
13 1
14 1
15 2
16 2
17 4
18 2
19 2
20 3
21 3
22 1
23 2
24 1
25 2
26 2
27 2
28 1
29 1
30 3
31 3
32 2
33 1
34 2
35 2
36 2
37 4
38 2
39 3
40 2
41 2
42 2
43 2
44 3
45 2
46 4
47 1
48 1
49 2
50 3
51 2
52 2
53 3
54 2
55 1
56 2
57 1
58 4
59 2
60 1
61 3
62 2
63 2
64 2
65 2
66 3
67 4
68 5
69 3
70 4
71 1
72 1
73 4
74 4
75 2
76 3
77 1
78 2
79 3
80 1
81 4
82 1
83 3
84 2
85 3
86 3
87 3
88 2
89 2
90 1
91 3
92 5
93 1
94 4
95 2
96 2
97 3
98 2
99 2
100 2
755 100
1 1
2 1
3 3
4 3
5 2
6 1
7 2
8 1
9 2
10 2
11 3
12 1
13 1
14 1
15 1
16 1
17 2
18 1
19 2
20 2
21 3
22 3
23 1
24 1
25 3
26 1
27 1
28 1
29 2
30 3
31 1
32 2
33 1
34 1
35 1
36 1
37 1
38 3
39 3
40 1
41 3
42 2
43 1
44 3
45 2
46 3
47 2
48 3
49 2
50 2
51 3
52 3
53 2
54 3
55 2
56 1
57 1
58 2
59 1
60 2
61 1
62 2
63 1
64 3
65 2
66 1
67 3
68 3
69 1
70 1
71 1
72 1
73 3
74 3
75 2
76 1
77 1
78 2
79 1
80 1
81 2
82 1
83 1
84 2
85 1
86 2
87 1
88 2
89 2
90 3
91 3
92 1
93 3
94 1
95 1
96 1
97 1
98 1
99 2
100 1
309 100
1 1
2 1
3 1
4 1
5 1
6 1
7 1
8 1
9 1
10 1
11 1
12 1
13 1
14 3
15 1
16 1
17 1
18 1
19 1
20 1
21 1
22 1
23 1
24 1
25 1
26 1
27 1
28 1
29 1
30 1
31 1
32 1
33 1
34 1
35 1
36 1
37 1
38 1
39 1
40 1
41 1
42 1
43 1
44 1
45 1
46 1
47 2
48 1
49 1
50 1
51 1
52 1
53 1
54 1
55 1
56 1
57 1
58 1
59 1
60 1
61 1
62 1
63 1
64 1
65 1
66 1
67 1
68 1
69 1
70 1
71 1
72 1
73 1
74 1
75 1
76 1
77 2
78 1
79 1
80 1
81 1
82 1
83 1
84 1
85 1
86 1
87 1
88 1
89 1
90 1
91 1
92 1
93 1
94 1
95 1
96 1
97 1
98 1
99 1
100 2
64 100
1 1
2 1
3 1
4 1
5 1
6 1
7 1
8 1
9 1
10 1
11 1
12 1
13 1
14 1
15 1
16 1
17 1
18 1
19 1
20 1
21 1
22 1
23 1
24 1
25 1
26 1
27 1
28 1
29 1
30 1
31 1
32 1
33 1
34 1
35 1
36 1
37 1
38 1
39 1
40 1
41 1
42 1
43 1
44 1
45 1
46 1
47 1
48 1
49 1
50 1
51 1
52 1
53 1
54 1
55 1
56 1
57 1
58 1
59 1
60 1
61 1
62 1
63 1
64 1
65 1
66 1
67 1
68 1
69 1
70 1
71 1
72 1
73 1
74 1
75 1
76 1
77 1
78 1
79 1
80 1
81 1
82 1
83 1
84 1
85 1
86 1
87 1
88 1
89 1
90 1
91 1
92 1
93 1
94 1
95 1
96 1
97 1
98 1
99 1
100 1
742 100
1 5
2 1
3 1
4 1
5 4
6 3
7 1
8 3
9 6
10 3
11 3
12 4
13 2
14 4
15 4
16 3
17 2
18 2
19 4
20 3
21 5
22 3
23 6
24 3
25 5
26 4
27 5
28 3
29 4
30 2
31 4
32 6
33 4
34 6
35 2
36 1
37 3
38 1
39 2
40 6
41 6
42 7
43 2
44 7
45 7
46 5
47 5
48 4
49 2
50 3
51 4
52 5
53 3
54 3
55 3
56 4
57 9
58 9
59 4
60 3
61 2
62 2
63 3
64 5
65 4
66 6
67 7
68 3
69 8
70 5
71 3
72 2
73 5
74 5
75 3
76 1
77 4
78 3
79 6
80 3
81 3
82 3
83 3
84 3
85 3
86 2
87 1
88 6
89 8
90 2
91 1
92 6
93 1
94 3
95 3
96 1
97 3
98 4
99 3
100 3
912 100
1 3
2 1
3 2
4 6
5 3
6 3
7 7
8 3
9 7
10 5
11 7
12 5
13 3
14 3
15 2
16 7
17 3
18 6
19 3
20 3
21 1
22 2
23 2
24 4
25 1
26 2
27 6
28 2
29 3
30 2
31 1
32 2
33 4
34 1
35 4
36 5
37 1
38 4
39 6
40 1
41 7
42 3
43 3
44 5
45 6
46 4
47 2
48 4
49 5
50 7
51 3
52 2
53 3
54 9
55 3
56 4
57 3
58 2
59 3
60 5
61 5
62 3
63 6
64 3
65 6
66 4
67 4
68 4
69 1
70 6
71 3
72 2
73 5
74 2
75 4
76 1
77 2
78 5
79 3
80 2
81 3
82 4
83 3
84 4
85 3
86 3
87 4
88 3
89 1
90 5
91 3
92 5
93 2
94 3
95 2
96 3
97 4
98 4
99 4
100 3
742 100
1 5
2 3
3 3
4 3
5 3
6 7
7 8
8 7
9 7
10 7
11 4
12 2
13 6
14 7
15 4
16 3
17 7
18 4
19 4
20 4
21 3
22 6
23 6
24 7
25 5
26 7
27 8
28 7
29 5
30 6
31 4
32 3
33 8
34 10
35 7
36 1
37 4
38 4
39 6
40 3
41 7
42 6
43 4
44 2
45 4
46 4
47 5
48 3
49 4
50 11
51 3
52 3
53 5
54 7
55 4
56 4
57 7
58 4
59 2
60 8
61 5
62 8
63 6
64 4
65 6
66 9
67 5
68 8
69 7
70 7
71 2
72 6
73 5
74 8
75 13
76 3
77 9
78 6
79 2
80 6
81 5
82 5
83 6
84 3
85 3
86 5
87 6
88 3
89 3
90 3
91 7
92 4
93 10
94 5
95 3
96 3
97 7
98 4
99 7
100 5
867 100
1 8
2 5
3 8
4 5
5 11
6 7
7 9
8 5
9 8
10 4
11 13
12 5
13 8
14 6
15 6
16 7
17 10
18 8
19 8
20 6
21 9
22 8
23 10
24 9
25 8
26 8
27 4
28 8
29 5
30 10
31 4
32 8
33 6
34 6
35 7
36 8
37 10
38 10
39 11
40 11
41 5
42 7
43 9
44 9
45 8
46 9
47 7
48 6
49 9
50 10
51 7
52 6
53 6
54 10
55 6
56 8
57 5
58 5
59 7
60 7
61 6
62 12
63 5
64 10
65 7
66 2
67 11
68 5
69 8
70 4
71 8
72 9
73 11
74 5
75 5
76 4
77 10
78 8
79 8
80 5
81 8
82 8
83 7
84 5
85 8
86 6
87 7
88 6
89 7
90 4
91 8
92 4
93 8
94 6
95 6
96 10
97 5
98 3
99 6
100 7
662 100
1 5
2 5
3 3
4 7
5 5
6 2
7 12
8 5
9 9
10 6
11 5
12 8
13 9
14 5
15 6
16 5
17 9
18 2
19 5
20 4
21 5
22 7
23 5
24 3
25 5
26 1
27 5
28 8
29 7
30 7
31 7
32 4
33 12
34 6
35 7
36 9
37 4
38 6
39 10
40 8
41 5
42 4
43 6
44 5
45 5
46 5
47 7
48 3
49 9
50 4
51 4
52 7
53 4
54 8
55 6
56 4
57 10
58 4
59 10
60 5
61 4
62 9
63 5
64 5
65 9
66 8
67 5
68 8
69 3
70 1
71 8
72 2
73 3
74 3
75 10
76 6
77 4
78 3
79 6
80 6
81 5
82 7
83 7
84 10
85 2
86 5
87 4
88 5
89 5
90 5
91 2
92 10
93 2
94 4
95 3
96 2
97 3
98 9
99 3
100 5
178 100
1 1
2 1
3 2
4 1
5 3
6 2
7 2
8 2
9 1
10 2
11 1
12 2
13 2
14 1
15 3
16 2
17 1
18 2
19 2
20 2
21 1
22 2
23 3
24 3
25 1
26 1
27 3
28 1
29 1
30 2
31 2
32 1
33 1
34 2
35 2
36 1
37 1
38 1
39 2
40 2
41 1
42 1
43 5
44 1
45 1
46 2
47 1
48 1
49 1
50 2
51 2
52 1
53 2
54 1
55 1
56 1
57 3
58 1
59 1
60 3
61 2
62 1
63 1
64 1
65 1
66 2
67 2
68 1
69 1
70 2
71 2
72 1
73 1
74 2
75 2
76 1
77 2
78 1
79 2
80 2
81 1
82 2
83 2
84 2
85 1
86 1
87 1
88 1
89 1
90 2
91 1
92 1
93 1
94 1
95 2
96 1
97 1
98 2
99 2
100 1
150 100
1 2
2 2
3 3
4 1
5 1
6 1
7 1
8 2
9 2
10 1
11 2
12 2
13 1
14 2
15 1
16 1
17 2
18 2
19 1
20 1
21 2
22 2
23 1
24 1
25 1
26 3
27 3
28 1
29 1
30 1
31 1
32 1
33 1
34 1
35 1
36 1
37 1
38 2
39 1
40 2
41 1
42 1
43 1
44 1
45 1
46 2
47 1
48 1
49 2
50 1
51 1
52 1
53 1
54 2
55 1
56 1
57 1
58 2
59 3
60 2
61 1
62 2
63 2
64 2
65 2
66 2
67 2
68 1
69 1
70 2
71 2
72 1
73 1
74 2
75 2
76 1
77 1
78 1
79 1
80 2
81 1
82 1
83 1
84 1
85 2
86 1
87 1
88 1
89 2
90 1
91 1
92 1
93 1
94 1
95 1
96 2
97 2
98 1
99 3
100 2
288 100
1 1
2 3
3 3
4 1
5 2
6 1
7 2
8 1
9 2
10 1
11 1
12 2
13 2
14 1
15 2
16 1
17 1
18 2
19 2
20 2
21 1
22 2
23 4
24 2
25 1
26 1
27 2
28 1
29 2
30 2
31 1
32 1
33 1
34 2
35 1
36 1
37 1
38 1
39 1
40 1
41 2
42 1
43 2
44 2
45 1
46 2
47 2
48 1
49 1
50 3
51 4
52 1
53 2
54 3
55 2
56 2
57 2
58 2
59 3
60 1
61 2
62 2
63 3
64 3
65 2
66 2
67 1
68 1
69 4
70 1
71 1
72 2
73 1
74 1
75 1
76 1
77 2
78 4
79 2
80 1
81 1
82 1
83 2
84 1
85 1
86 2
87 3
88 1
89 1
90 1
91 1
92 1
93 2
94 2
95 1
96 1
97 1
98 2
99 1
100 1
473 100
1 1
2 3
3 2
4 4
5 2
6 1
7 3
8 4
9 1
10 1
11 2
12 2
13 2
14 2
15 2
16 2
17 3
18 2
19 2
20 2
21 2
22 4
23 3
24 2
25 3
26 3
27 2
28 3
29 1
30 2
31 3
32 2
33 2
34 3
35 2
36 3
37 2
38 5
39 2
40 2
41 2
42 4
43 3
44 4
45 3
46 2
47 5
48 1
49 3
50 3
51 3
52 2
53 2
54 1
55 1
56 1
57 2
58 2
59 2
60 4
61 1
62 2
63 2
64 2
65 2
66 1
67 4
68 2
69 3
70 4
71 2
72 2
73 2
74 3
75 4
76 2
77 1
78 2
79 2
80 1
81 2
82 3
83 2
84 2
85 2
86 2
87 2
88 3
89 2
90 1
91 1
92 1
93 2
94 2
95 2
96 1
97 4
98 3
99 2
100 1
732 100
1 7
2 3
3 5
4 7
5 3
6 4
7 8
8 6
9 8
10 3
11 9
12 7
13 5
14 4
15 3
16 8
17 4
18 6
19 4
20 5
21 6
22 9
23 3
24 9
25 7
26 3
27 6
28 4
29 3
30 8
31 7
32 3
33 4
34 5
35 2
36 5
37 3
38 2
39 6
40 3
41 7
42 4
43 2
44 8
45 6
46 6
47 10
48 3
49 5
50 8
51 2
52 4
53 4
54 3
55 5
56 6
57 5
58 5
59 9
60 7
61 5
62 3
63 8
64 3
65 1
66 3
67 8
68 4
69 4
70 5
71 5
72 5
73 4
74 5
75 4
76 2
77 3
78 8
79 6
80 5
81 8
82 8
83 4
84 6
85 4
86 4
87 3
88 3
89 9
90 4
91 2
92 5
93 6
94 5
95 6
96 6
97 5
98 7
99 2
100 6
995 100
1 5
2 5
3 4
4 11
5 6
6 6
7 4
8 2
9 5
10 4
11 5
12 9
13 6
14 5
15 2
16 7
17 13
18 2
19 7
20 4
21 5
22 5
23 4
24 6
25 8
26 3
27 7
28 6
29 6
30 7
31 6
32 4
33 9
34 6
35 3
36 4
37 6
38 6
39 5
40 6
41 5
42 4
43 5
44 8
45 4
46 3
47 5
48 4
49 8
50 5
51 4
52 7
53 11
54 6
55 7
56 6
57 6
58 7
59 5
60 7
61 3
62 6
63 7
64 6
65 6
66 6
67 5
68 6
69 8
70 9
71 6
72 6
73 4
74 9
75 6
76 7
77 3
78 8
79 9
80 6
81 2
82 5
83 12
84 3
85 9
86 5
87 9
88 6
89 6
90 3
91 5
92 8
93 6
94 8
95 4
96 3
97 6
98 9
99 10
100 5
282 100
1 5
2 2
3 3
4 5
5 3
6 2
7 2
8 1
9 3
10 1
11 1
12 1
13 1
14 2
15 1
16 2
17 1
18 1
19 2
20 2
21 4
22 2
23 2
24 4
25 3
26 3
27 1
28 3
29 1
30 1
31 1
32 1
33 2
34 3
35 2
36 2
37 2
38 4
39 1
40 3
41 2
42 2
43 1
44 1
45 2
46 4
47 2
48 3
49 3
50 1
51 3
52 2
53 1
54 2
55 3
56 2
57 1
58 1
59 1
60 2
61 3
62 3
63 2
64 2
65 1
66 2
67 1
68 2
69 3
70 4
71 1
72 3
73 2
74 1
75 2
76 1
77 3
78 6
79 2
80 2
81 1
82 1
83 2
84 2
85 2
86 1
87 3
88 1
89 2
90 3
91 1
92 3
93 2
94 3
95 2
96 4
97 2
98 3
99 3
100 2
910 100
1 9
2 9
3 5
4 11
5 6
6 9
7 6
8 7
9 6
10 12
11 13
12 6
13 5
14 11
15 7
16 8
17 8
18 9
19 5
20 6
21 7
22 13
23 11
24 8
25 9
26 9
27 9
28 12
29 8
30 11
31 8
32 5
33 11
34 7
35 7
36 9
37 7
38 10
39 10
40 7
41 5
42 7
43 8
44 9
45 8
46 8
47 7
48 8
49 9
50 4
51 5
52 8
53 11
54 10
55 7
56 11
57 7
58 12
59 8
60 5
61 6
62 9
63 7
64 15
65 11
66 6
67 7
68 10
69 12
70 9
71 9
72 11
73 10
74 11
75 12
76 8
77 10
78 8
79 12
80 10
81 13
82 10
83 8
84 12
85 5
86 8
87 11
88 8
89 10
90 6
91 9
92 8
93 12
94 10
95 8
96 11
97 5
98 7
99 9
100 11
677 100
1 2
2 2
3 3
4 5
5 4
6 3
7 3
8 5
9 2
10 4
11 4
12 5
13 4
14 4
15 3
16 2
17 2
18 3
19 2
20 6
21 2
22 5
23 3
24 1
25 3
26 4
27 4
28 2
29 2
30 2
31 4
32 5
33 4
34 2
35 2
36 2
37 2
38 2
39 3
40 2
41 4
42 1
43 2
44 4
45 3
46 3
47 3
48 3
49 2
50 2
51 4
52 3
53 3
54 2
55 4
56 5
57 4
58 2
59 2
60 2
61 3
62 5
63 3
64 4
65 3
66 4
67 5
68 3
69 2
70 2
71 4
72 2
73 3
74 7
75 4
76 3
77 3
78 2
79 2
80 4
81 2
82 1
83 4
84 3
85 3
86 3
87 4
88 4
89 4
90 1
91 4
92 3
93 4
94 3
95 5
96 4
97 3
98 3
99 4
100 2
95
100
93
58
56
2
68
5
123
45
65
44
146
14
56
107
140
1
96
90
143
129
128
105
24
99
133
146
52
30
42
7
110
52
122
144
101
19
128
113
149
82
157
156
150
49
97
31
93
128
49
104
146
101
15
96
36
86
93
153
105
67
77
41
12
50
137
87
5
35
141
5
3
58
20
15
141
40
61
46
114
14
135
13
59
54
119
111
27
63
119
2
63
80
36
150
2
38
52
139
