100 1000 199919374
8 6 -99958973
46 24 -99876813
58 95 -99694832
88 35 -99551103
53 30 -99516718
50 65 -99198355
70 96 -98672175
4 26 -98562328
7 23 -98407348
17 69 -98123198
90 37 -98086553
5 46 -97761826
78 3 -97653246
1 63 -97415203
8 6 -97325079
49 52 -97029741
18 9 -96765101
43 48 -96634612
81 11 -96600407
25 87 -96582616
73 31 -95992613
33 68 -95931133
16 49 -95821026
61 30 -95785719
50 65 -95641520
24 97 -95629397
15 62 -95223417
36 47 -95106066
63 1 -95095005
98 80 -95026177
14 74 -94929559
73 97 -94207215
4 83 -94154433
47 36 -94035708
79 86 -93906119
47 36 -93647997
50 65 -93600100
47 67 -93400598
30 53 -91512874
4 83 -91415604
94 23 -91367486
57 43 -91093579
45 65 -90820097
55 19 -90591372
26 4 -90432758
83 4 -90200708
82 99 -90026654
42 45 -89950668
83 56 -89715020
21 93 -89686105
53 41 -89669495
45 65 -89326410
45 65 -89251524
48 93 -89097380
42 100 -88804192
79 86 -87765257
96 88 -87647488
49 52 -87552880
58 16 -87242922
49 52 -86733228
70 91 -86505032
72 10 -86404197
76 94 -86231546
86 37 -85767717
85 40 -85569092
51 28 -85056295
93 21 -84808955
42 45 -84482933
85 40 -84437488
74 14 -84417326
80 98 -84138055
73 31 -84132292
35 59 -83585570
48 43 -83350789
43 57 -82526117
26 4 -82366870
32 33 -82325419
9 11 -82134309
2 59 -81957466
27 89 -81574690
72 41 -81518413
55 19 -81481447
88 96 -81207533
58 95 -80788881
79 85 -80773544
62 21 -80610054
78 77 -80519950
26 4 -80470073
43 57 -80365580
53 41 -80284476
2 71 -80183592
50 84 -79957292
80 98 -79936377
22 82 -79636117
56 83 -79553241
75 22 -79529809
52 54 -79411932
81 11 -79316456
91 70 -79057729
37 90 -79035581
15 12 -78949302
84 50 -78846156
98 38 -78754140
12 29 -78744904
87 13 -78585217
59 35 -77873583
81 63 -77796429
1 63 -77589130
42 45 -77135343
96 70 -76718930
17 84 -76654979
21 62 -76434195
34 8 -76257829
33 68 -75884518
87 13 -75039930
14 80 -74477288
78 77 -74361459
91 51 -74096269
62 21 -74052986
44 66 -73707646
34 64 -73645187
94 76 -72985786
83 4 -72360091
100 67 -72137124
95 39 -72089828
46 5 -72073812
90 26 -71929542
80 98 -71089016
11 9 -70809235
87 25 -70764603
83 56 -70418527
14 74 -70190798
45 65 -69590577
66 92 -69520222
96 88 -69237133
20 29 -69068632
67 47 -68760126
3 78 -68611849
34 64 -68435750
16 49 -68299262
34 8 -67949382
92 20 -67653876
90 26 -67651891
42 100 -67647393
86 79 -67642369
29 20 -67595285
55 38 -67575606
85 79 -67277513
15 12 -66524763
63 81 -66307373
23 7 -65700692
93 21 -65552712
85 79 -65447276
68 61 -65250667
80 98 -65181509
72 41 -65066500
11 81 -64928349
4 26 -64399665
38 55 -64137723
64 10 -63772417
62 15 -63716741
99 82 -63619022
36 47 -63464964
98 38 -63453225
87 25 -63278544
13 87 -63274726
37 90 -62689148
17 69 -62528168
89 27 -61959101
54 52 -61948966
85 79 -61031249
59 35 -60919865
4 83 -60916329
24 46 -60641200
16 49 -60371216
56 60 -60161066
44 66 -60007613
39 95 -59986700
83 56 -59919779
24 97 -59685561
86 37 -59586213
29 20 -59491878
19 5 -59260773
95 39 -58617131
37 86 -58527055
91 51 -58477313
30 53 -58466216
98 38 -57970795
24 97 -57942259
89 36 -57674384
6 3 -57639233
30 53 -57412957
36 89 -57388139
34 64 -57338947
85 40 -57327281
85 40 -56916473
67 100 -56804986
40 28 -56705159
100 42 -56336638
58 16 -56153219
34 8 -56035657
59 35 -55830170
33 32 -55603043
23 7 -55450111
22 82 -55141950
31 73 -54893976
52 54 -54705104
16 49 -54495325
10 72 -54370819
21 62 -54358029
99 57 -54248809
38 98 -53401640
61 30 -53119757
70 96 -53057751
42 45 -52734542
64 34 -52395105
29 12 -52292906
66 44 -51818500
10 64 -51414898
58 95 -51319838
84 17 -51304937
37 90 -51189141
9 18 -51028926
37 90 -51014798
72 41 -50226384
81 63 -50204754
88 35 -50033078
43 48 -49899829
79 86 -49876356
22 82 -49751319
52 49 -49035790
60 54 -48752295
63 81 -48719227
63 1 -48516775
12 29 -48100567
26 90 -47749435
5 46 -47398641
75 22 -47330830
30 61 -47267769
31 77 -46861504
52 49 -46739111
35 88 -46458817
80 14 -46124687
61 30 -45737967
21 93 -45645475
29 20 -45305343
5 19 -45270946
43 48 -45011315
69 17 -44419104
90 37 -44305551
87 13 -44012978
48 43 -43987844
49 16 -43925293
55 38 -43873504
74 14 -43392167
37 90 -43210213
11 81 -43151593
68 33 -43139355
82 22 -43113037
53 30 -42895669
4 83 -42797258
12 29 -42668540
46 5 -42451160
45 42 -42169346
45 42 -41675874
1 25 -41434219
35 59 -41405632
43 48 -41112886
46 24 -40786533
59 2 -40747311
2 59 -40324518
91 70 -40222858
28 51 -40197978
100 42 -40196386
97 73 -39619128
2 71 -39529639
88 35 -39116754
64 10 -39107174
51 28 -39090280
23 94 -38578025
46 5 -38296274
93 48 -38268901
7 32 -38220002
31 77 -38186730
68 61 -38011033
39 95 -38007803
40 85 -37885442
6 8 -37786606
5 46 -37154421
27 13 -37113724
66 92 -36687090
8 34 -36418729
41 72 -35318215
17 84 -35276237
32 33 -35086387
36 89 -34528943
11 9 -34268545
69 17 -34176940
23 94 -34045702
20 29 -33863339
93 48 -33613044
3 6 -33587868
36 89 -33393167
17 84 -33177265
31 77 -33014536
42 45 -31630254
28 51 -31445167
93 21 -30710483
65 50 -30563543
96 70 -30554590
12 15 -30391395
42 45 -29461903
90 37 -28842910
62 15 -28791450
97 73 -28720065
10 72 -28393309
76 94 -28385669
93 48 -28203604
65 45 -28020423
51 91 -27819857
21 62 -27382175
36 89 -27330785
88 96 -27026120
9 18 -26392278
90 37 -26294166
1 63 -26102431
66 92 -25992728
27 89 -25985144
60 54 -25825156
35 59 -25719786
17 69 -25679936
88 96 -25216570
30 61 -24629457
6 8 -24053640
8 34 -23977192
77 31 -23958157
7 32 -23903799
14 80 -23897433
31 77 -23393771
27 13 -23210393
50 84 -23134692
59 2 -22912240
22 82 -22821814
30 53 -22483983
62 21 -22282066
66 44 -22129067
32 33 -21951979
53 41 -21922956
70 91 -21807085
71 18 -21429503
77 78 -21401631
13 87 -21397157
9 11 -21362659
100 67 -21309226
14 80 -21012473
10 72 -20696845
23 7 -20691756
96 70 -20357245
48 93 -20266322
74 75 -20103359
4 26 -20055742
75 22 -20009097
87 25 -19997848
89 36 -19900761
71 2 -19643064
9 11 -19596181
32 33 -19168967
13 87 -18896636
21 93 -18552661
19 55 -18451231
94 76 -18426398
92 20 -18396301
13 27 -18285389
25 87 -17796556
86 37 -17786391
51 91 -17573528
71 18 -17491807
68 61 -17259714
42 100 -17122568
8 34 -17098767
31 73 -16565076
90 26 -15936353
61 30 -15907509
95 39 -15752440
94 76 -15709387
68 33 -15433853
49 52 -15422470
11 9 -14958595
64 10 -14539266
47 36 -14535036
6 3 -14373575
91 51 -14195304
68 33 -13716883
14 80 -12805212
55 38 -12754335
50 84 -12681260
29 12 -12667346
85 79 -12605799
41 53 -12519644
6 8 -12446658
39 95 -12309236
4 26 -12089547
70 91 -12086244
53 30 -11909209
68 61 -11804160
18 71 -11717050
52 49 -11539379
71 2 -11314557
29 12 -11233811
48 93 -10955539
14 74 -10582457
39 44 -10516438
23 7 -10510640
21 62 -10454699
24 46 -10255949
2 59 -10175169
83 56 -9752007
71 18 -8837652
87 25 -8716274
99 57 -8678244
26 4 -8660984
25 87 -8580363
75 74 -8065695
63 81 -7771257
26 90 -7531822
94 76 -7512854
100 42 -7180059
7 23 -7046976
100 67 -7043980
12 15 -6869084
86 37 -6417987
54 52 -6193054
13 87 -6176134
82 22 -6118062
23 94 -6037114
2 71 -5922502
11 9 -5477445
15 62 -4888864
37 86 -4514356
16 49 -3998872
96 70 -3622525
89 27 -3475697
44 66 -3295345
53 41 -3190841
57 99 -3185658
28 40 -2959586
7 32 -2731195
24 46 -2604058
30 53 -2537261
8 6 -2512329
91 70 -1876390
12 29 -1786610
25 1 -1708416
57 43 -1052172
85 40 -673931
44 66 -386791
95 58 42643
11 9 231864
20 92 348468
8 34 585098
32 7 723591
75 22 1062967
13 87 1301783
28 51 1824626
40 28 2015831
50 84 2081338
74 75 2193170
98 38 2309873
4 83 2416454
91 70 2471372
43 48 2516138
24 46 3143162
72 41 3422907
78 77 3601686
18 9 3857304
22 75 3868067
19 5 3890117
46 5 4224523
70 91 4291019
18 9 4571606
5 19 4626680
74 14 4693511
56 60 5024276
83 56 5312497
10 64 5786314
61 30 5847191
100 42 6074757
52 54 6681510
53 41 6736159
43 48 7026393
77 31 7058740
28 40 7155963
80 14 7596133
29 12 7723848
38 98 7849381
86 37 7879503
74 75 8003010
72 10 8160671
59 35 8561263
38 55 8591366
40 28 8679578
92 66 8789994
82 99 8825139
93 48 8910023
3 6 8924366
24 97 9255269
13 27 9270981
100 67 9503111
71 18 9538555
21 62 9591744
94 76 9608545
50 84 9617197
7 23 9670503
18 71 9732130
68 33 9846348
88 35 9929160
19 5 10044771
36 89 10322884
79 86 10538404
71 18 10745792
72 41 10860837
44 39 10934557
49 16 11278479
64 34 11981061
70 96 12112717
92 20 12219113
13 27 12655074
95 58 12691337
63 1 12856819
71 2 12923144
50 65 13095721
70 96 13138466
30 53 13253900
36 47 13278654
92 20 13287972
28 51 13364859
24 46 13419806
44 66 13532244
74 75 13724660
25 87 13860539
87 13 13903536
78 3 14174258
25 1 14780074
50 84 15186133
62 21 15337446
3 78 15357408
38 55 15357919
7 32 15577752
29 20 16313078
58 16 16478536
26 90 16886959
80 14 17078265
42 45 17175891
2 71 17224565
18 71 17456475
30 53 17463942
18 71 17487409
77 31 17563945
17 84 18552392
70 91 19020245
5 46 19177965
28 40 19356910
72 10 19471858
48 43 19483575
10 64 19816203
81 11 20081142
55 38 20096203
72 41 20205154
57 99 20218938
6 8 20310582
60 56 20456897
47 67 20666175
78 77 20807290
74 75 21265370
90 26 21343298
47 67 21405657
28 40 21757174
29 20 22058505
44 66 22065059
28 51 22278334
41 53 22405472
33 68 22588244
66 44 22830740
44 39 22896031
9 11 22964114
99 82 23111620
56 60 23324741
34 64 23524022
79 86 23685224
1 25 23773367
8 34 23848454
55 19 23905709
19 55 24218372
26 90 24375041
44 39 24417337
38 55 24594374
40 28 24625138
67 47 24763922
55 19 25007668
27 89 25036190
10 72 25327760
31 73 25471004
88 96 25656749
98 80 25831258
56 60 25854605
93 48 26065603
2 59 26111387
89 36 26386954
59 2 26781485
89 27 26890645
51 91 26998021
75 22 27032610
22 82 27350360
54 52 27408684
62 15 27608524
63 1 27696057
82 22 27738150
95 39 27742554
100 67 27762423
61 68 27903024
60 54 27960994
16 49 28197853
93 48 28205027
53 41 28253614
11 81 28570984
50 84 28845020
19 5 29120087
39 44 29402393
96 70 29556426
67 47 29614424
33 32 29918727
5 19 31525221
31 73 31742875
22 75 31963580
67 100 32037704
58 16 32678759
23 94 33128286
74 75 33203167
1 63 33329264
61 68 33740651
47 36 33791955
94 76 33900853
79 85 33901536
98 80 34467869
38 98 34547872
4 83 34553682
58 95 34706699
73 97 34885454
32 7 34929199
75 22 34938553
63 1 35176945
5 19 35187682
91 51 35253357
65 45 35469280
15 12 35560884
91 51 35716216
19 55 35760764
59 2 35944675
60 56 36011589
79 85 36170416
87 25 36714581
17 69 37319379
32 33 37644315
78 3 37926120
57 99 38409228
1 25 38609363
75 74 39175545
9 18 39395313
59 35 39445187
82 99 39650328
47 36 39733420
95 58 39974356
73 97 40169333
80 98 40212423
77 31 40409982
51 28 40434723
6 8 40477022
91 70 40703198
65 50 40778135
15 62 40822445
58 16 40855633
48 93 40875297
31 77 40948592
98 38 41213438
57 99 41218427
55 38 41418420
99 82 41521606
58 16 41963322
41 72 42082786
16 58 42546695
84 17 42658399
63 81 42898793
35 88 43144971
23 94 43298087
69 17 43582353
57 43 43995545
7 23 44038363
9 11 44425994
32 7 44463425
4 83 45213212
29 20 45678083
89 27 45764941
89 27 45913457
74 14 46007786
47 36 46376534
10 64 46548165
84 50 46607017
77 78 46702945
44 39 46879702
48 93 46881324
60 56 46961892
100 67 47152211
12 15 47203212
83 56 47271100
48 43 47312230
93 21 47331766
45 65 47493342
3 78 47520751
15 12 47684874
26 90 47761725
92 66 48461603
73 97 48644494
24 46 49041019
95 39 49142733
34 64 49277627
37 86 49518056
85 40 49584960
12 29 49928682
86 79 49936033
100 67 49937551
49 52 50543133
27 13 50583919
22 82 50737909
49 52 50875177
39 95 50906770
62 21 51023888
24 97 51192753
98 38 51491811
65 45 51618537
39 44 51668771
60 54 51737791
35 88 51995010
97 73 52488489
32 7 52788227
3 6 53048965
55 38 53386926
43 57 53516505
45 65 53641203
52 49 53876006
3 78 53997956
13 27 54108570
8 6 54315028
65 50 54369786
1 25 54414861
42 45 54534252
56 83 55229786
53 41 55761432
20 92 55777015
54 60 56048696
51 28 56361424
84 17 56621385
57 99 57163455
78 77 57192883
35 59 57203388
63 1 57215146
92 20 57240515
25 1 57268776
70 96 57717701
76 94 57780600
54 60 58014783
33 32 58079916
40 85 58206038
21 93 58729018
42 100 58927065
1 25 58952613
41 53 59038960
77 78 59545979
13 27 59822794
11 9 60284543
42 100 60699998
8 6 60733213
20 29 60798042
90 37 60900076
85 79 60977372
89 27 60989007
56 60 61382937
8 34 61923571
2 71 62040659
97 24 62433362
28 40 62453774
24 97 62556558
18 9 62761675
87 13 62854120
73 97 62960720
77 31 62993819
35 59 63262675
96 88 63582324
97 73 63620653
28 51 64188206
7 23 64256505
54 52 64439949
41 53 64460980
81 63 64672465
88 35 64707836
92 20 64846999
47 36 65153234
12 15 65160222
33 68 65247831
88 96 65338150
82 99 65546476
62 15 65629319
29 12 65673261
6 3 65777804
65 50 65842494
26 4 65850162
23 94 65915963
91 51 66311158
84 17 66429507
85 40 66500362
43 57 66523481
50 65 67055994
99 57 67057949
16 49 67495744
66 44 67727901
57 99 67931385
56 83 68738663
4 83 69225217
56 83 69226701
18 71 69383205
16 58 69969262
61 68 70104808
58 95 70257782
46 5 70340677
76 94 70399595
82 22 70540496
92 66 70609465
39 44 70670878
85 40 70709044
40 28 70780721
4 26 70857188
61 30 71109492
23 7 71273516
69 17 71480779
56 60 71490231
36 89 72053290
31 73 72057215
57 99 72220083
79 86 72372240
98 80 72374864
9 18 72402745
17 84 72697331
60 56 73029622
95 58 73182051
66 92 73742324
33 32 74120993
42 100 74311174
88 96 74441385
69 17 74616666
37 86 74890234
22 75 74938101
2 71 75046830
93 21 75136777
71 2 75689312
88 35 76099066
3 6 76159626
11 81 76368270
97 24 76518531
27 89 76673105
33 68 77144291
1 25 77150626
95 58 77168936
79 86 77476364
12 15 77575306
60 54 78046283
68 61 78099563
15 62 78188086
19 5 78287676
18 9 78401662
17 69 78851768
98 80 78852396
49 16 78872064
77 78 79036728
11 81 79420840
89 36 79460931
57 43 79617695
74 14 79653473
57 43 79770432
95 39 79836442
60 54 79868137
75 74 79989378
55 19 80036298
77 78 80215517
8 34 80539248
54 52 80654127
10 72 80811069
6 3 80975352
35 88 81400467
31 73 81832548
84 50 82079984
67 47 82544187
33 32 82569695
14 74 82603285
37 86 82729145
74 75 82799165
92 66 82999758
61 30 83069330
66 92 83450210
73 97 83682646
30 61 83725515
54 52 84275502
61 68 84440274
47 67 84481619
80 98 84640309
20 92 84642967
67 47 84654146
87 25 84790354
3 6 85424494
24 46 85435113
14 80 85997393
78 3 86040186
63 81 86496830
91 51 86540011
64 34 86584182
16 58 86597133
62 15 86756480
41 72 86880724
93 21 86924738
20 92 87002269
10 64 87187818
94 76 87382651
94 23 87433375
31 73 87512928
44 39 87770621
90 26 88001126
2 59 88097558
79 86 88144851
100 67 88165693
39 44 88251671
41 72 88278046
13 27 88394670
44 39 88770033
22 75 89061306
45 65 89436043
31 73 89864147
81 11 89907402
88 96 90104788
33 68 90247864
43 57 90566555
10 64 90871092
81 63 90954490
78 3 90994696
13 27 91131940
50 65 91277096
19 55 91449697
16 58 91752561
10 64 91759522
99 82 91950429
60 54 92070808
3 6 92084134
78 3 92230608
23 94 92328345
99 82 92772217
84 17 93015091
79 85 93270997
29 20 93321321
67 47 93539550
34 64 93559449
5 19 93837369
38 98 93938814
14 74 94434253
31 77 94563898
2 59 94866745
81 63 95009911
4 83 95475168
72 10 95533617
97 24 95845516
64 34 96368267
54 60 96504636
36 47 96520577
80 14 96944655
79 85 97054813
62 15 97290322
24 97 97293603
82 99 97579485
10 72 97728370
15 12 97738015
52 54 98079324
46 5 98169579
32 7 98314459
46 24 98428644
51 91 98540969
19 55 98854842
66 92 99196948
81 11 99370964
25 1 99476943
80 14 99610083
9 18 99644421
7 32 99661035
94 23 99816829
61 68 99898083
10
67 61
47 30
84 32
17 41
69 61
47 7
84 94
65 76
17 53
100 61
