100 1000 1
32 77 0
91 32 0
67 32 0
4 32 0
32 86 0
32 5 0
95 32 0
22 32 0
32 43 0
32 55 0
18 32 1
32 99 2
32 57 3
50 32 4
51 32 5
32 23 6
62 32 7
2 32 8
32 15 9
26 32 10
12 32 11
32 75 12
32 8 13
32 6 14
7 32 15
98 32 16
65 32 17
32 100 18
96 32 19
70 32 20
32 13 21
32 66 22
64 32 23
35 32 24
78 32 25
32 19 26
32 20 27
56 32 28
39 32 29
32 33 30
82 32 31
32 47 32
54 32 33
32 73 34
32 1 35
97 32 36
76 32 37
93 32 38
32 28 39
42 32 40
40 32 41
53 32 42
32 9 43
90 32 44
11 32 45
74 32 46
24 32 47
49 32 48
32 27 49
32 83 50
32 37 51
79 32 52
32 63 53
68 32 54
32 36 55
34 32 56
46 32 57
32 84 58
32 14 59
32 31 60
32 88 61
59 32 62
32 61 63
32 87 64
32 69 65
32 71 66
32 38 67
92 32 68
32 10 69
48 32 70
32 30 71
32 58 72
32 25 73
21 32 74
29 32 75
32 85 76
45 32 77
3 32 78
32 81 79
32 18 80
99 32 81
32 57 82
50 32 83
51 32 84
32 23 85
32 62 86
2 32 87
32 15 88
32 26 89
12 32 90
32 75 91
8 32 92
32 6 93
32 7 94
32 98 95
32 65 96
32 100 97
96 32 98
70 32 99
32 13 100
66 32 101
32 64 102
32 35 103
78 32 104
19 32 105
32 20 106
32 56 107
32 39 108
32 33 109
32 82 110
32 47 111
32 54 112
32 73 113
1 32 114
97 32 115
32 76 116
32 93 117
28 32 118
32 42 119
32 40 120
32 53 121
9 32 122
32 90 123
11 32 124
32 74 125
24 32 126
32 49 127
27 32 128
83 32 129
37 32 130
79 32 131
63 32 132
68 32 133
36 32 134
34 32 135
46 32 136
84 32 137
32 14 138
31 32 139
32 88 140
59 32 141
32 61 142
87 32 143
69 32 144
71 32 145
32 38 146
32 92 147
10 32 148
48 32 149
32 30 150
32 58 151
32 25 152
21 32 153
32 29 154
32 85 155
45 32 156
32 3 157
32 81 158
32 18 159
32 99 160
57 32 161
32 50 162
32 51 163
32 23 164
62 32 165
2 32 166
32 15 167
26 32 168
12 32 169
75 32 170
32 8 171
32 6 172
32 7 173
98 32 174
65 32 175
32 100 176
32 96 177
70 32 178
32 13 179
32 66 180
32 64 181
32 35 182
32 78 183
32 19 184
32 20 185
56 32 186
39 32 187
33 32 188
32 82 189
32 47 190
32 54 191
73 32 192
32 1 193
97 32 194
76 32 195
93 32 196
28 32 197
42 32 198
40 32 199
32 53 200
9 32 201
90 32 202
32 11 203
32 74 204
32 24 205
49 32 206
32 27 207
32 83 208
32 37 209
32 79 210
63 32 211
68 32 212
36 32 213
34 32 214
32 46 215
32 84 216
32 14 217
32 31 218
32 88 219
32 59 220
61 32 221
32 87 222
69 32 223
71 32 224
38 32 225
92 32 226
10 32 227
48 32 228
30 32 229
32 58 230
32 25 231
32 21 232
32 29 233
32 85 234
32 45 235
3 32 236
32 81 237
18 32 238
32 99 239
57 32 240
32 50 241
32 51 242
23 32 243
62 32 244
32 2 245
32 15 246
32 26 247
12 32 248
75 32 249
32 8 250
6 32 251
7 32 252
32 98 253
32 65 254
32 100 255
96 32 256
32 70 257
32 13 258
32 66 259
32 64 260
35 32 261
78 32 262
19 32 263
20 32 264
32 56 265
32 39 266
32 33 267
32 82 268
32 47 269
54 32 270
32 73 271
1 32 272
97 32 273
76 32 274
32 93 275
28 32 276
32 42 277
32 40 278
53 32 279
32 9 280
90 32 281
32 11 282
32 74 283
32 24 284
49 32 285
32 27 286
83 32 287
37 32 288
79 32 289
32 63 290
32 68 291
32 36 292
32 34 293
46 32 294
84 32 295
32 14 296
31 32 297
32 88 298
59 32 299
61 32 300
32 87 301
69 32 302
32 71 303
38 32 304
92 32 305
10 32 306
48 32 307
30 32 308
32 58 309
32 25 310
32 21 311
29 32 312
85 32 313
32 45 314
32 3 315
81 32 316
32 18 317
99 32 318
32 57 319
50 32 320
51 32 321
32 23 322
62 32 323
2 32 324
15 32 325
32 26 326
12 32 327
75 32 328
8 32 329
32 6 330
32 7 331
32 98 332
32 65 333
32 100 334
96 32 335
32 70 336
32 13 337
32 66 338
64 32 339
32 35 340
32 78 341
19 32 342
20 32 343
56 32 344
32 39 345
32 33 346
32 82 347
32 47 348
32 54 349
32 73 350
32 1 351
97 32 352
76 32 353
93 32 354
28 32 355
42 32 356
32 40 357
53 32 358
9 32 359
90 32 360
32 11 361
32 74 362
24 32 363
32 49 364
27 32 365
83 32 366
32 37 367
32 79 368
63 32 369
32 68 370
32 36 371
32 34 372
32 46 373
32 84 374
32 14 375
32 31 376
32 88 377
59 32 378
32 61 379
32 87 380
32 69 381
71 32 382
32 38 383
32 92 384
10 32 385
48 32 386
32 30 387
32 58 388
32 25 389
32 21 390
32 29 391
85 32 392
32 45 393
3 32 394
32 81 395
18 32 396
32 99 397
32 57 398
50 32 399
51 32 400
32 23 401
62 32 402
32 2 403
15 32 404
26 32 405
32 12 406
32 75 407
32 8 408
6 32 409
32 7 410
32 98 411
32 65 412
32 100 413
32 96 414
32 70 415
13 32 416
66 32 417
32 64 418
35 32 419
78 32 420
19 32 421
20 32 422
32 56 423
39 32 424
32 33 425
32 82 426
47 32 427
32 54 428
73 32 429
32 1 430
32 97 431
32 76 432
32 93 433
32 28 434
32 42 435
32 40 436
53 32 437
9 32 438
32 90 439
11 32 440
32 74 441
24 32 442
49 32 443
32 27 444
32 83 445
32 37 446
32 79 447
32 63 448
32 68 449
32 36 450
32 34 451
32 46 452
84 32 453
14 32 454
31 32 455
88 32 456
32 59 457
61 32 458
87 32 459
32 69 460
71 32 461
32 38 462
32 92 463
32 10 464
32 48 465
30 32 466
32 58 467
32 25 468
21 32 469
29 32 470
32 85 471
45 32 472
32 3 473
32 81 474
32 18 475
99 32 476
57 32 477
32 50 478
51 32 479
32 23 480
62 32 481
2 32 482
15 32 483
32 26 484
12 32 485
75 32 486
8 32 487
32 6 488
7 32 489
98 32 490
65 32 491
100 32 492
96 32 493
32 70 494
13 32 495
66 32 496
32 64 497
35 32 498
78 32 499
19 32 500
32 20 501
56 32 502
32 39 503
32 33 504
82 32 505
32 47 506
54 32 507
73 32 508
32 1 509
32 97 510
32 76 511
32 93 512
32 28 513
42 32 514
40 32 515
32 53 516
32 9 517
90 32 518
32 11 519
74 32 520
24 32 521
49 32 522
32 27 523
83 32 524
37 32 525
32 79 526
63 32 527
68 32 528
32 36 529
32 34 530
32 46 531
84 32 532
14 32 533
31 32 534
88 32 535
59 32 536
61 32 537
87 32 538
32 69 539
32 71 540
38 32 541
32 92 542
10 32 543
32 48 544
32 30 545
32 58 546
25 32 547
32 21 548
29 32 549
32 85 550
32 45 551
32 3 552
32 81 553
32 18 554
32 99 555
32 57 556
50 32 557
32 51 558
32 23 559
62 32 560
2 32 561
15 32 562
26 32 563
12 32 564
75 32 565
32 8 566
32 6 567
32 7 568
98 32 569
32 65 570
32 100 571
32 96 572
32 70 573
13 32 574
66 32 575
32 64 576
35 32 577
78 32 578
19 32 579
32 20 580
32 56 581
32 39 582
32 33 583
82 32 584
32 47 585
54 32 586
73 32 587
32 1 588
97 32 589
76 32 590
32 93 591
32 28 592
42 32 593
40 32 594
32 53 595
32 9 596
90 32 597
11 32 598
74 32 599
24 32 600
32 49 601
32 27 602
32 83 603
37 32 604
32 79 605
32 63 606
32 68 607
36 32 608
34 32 609
46 32 610
32 84 611
14 32 612
31 32 613
88 32 614
32 59 615
61 32 616
87 32 617
69 32 618
32 71 619
38 32 620
32 92 621
32 10 622
48 32 623
32 30 624
32 58 625
25 32 626
32 21 627
29 32 628
32 85 629
32 45 630
32 3 631
81 32 632
32 18 633
32 99 634
32 57 635
50 32 636
32 51 637
23 32 638
32 62 639
2 32 640
15 32 641
32 26 642
32 12 643
75 32 644
32 8 645
32 6 646
32 7 647
32 98 648
65 32 649
32 100 650
96 32 651
70 32 652
13 32 653
66 32 654
32 64 655
35 32 656
32 78 657
32 19 658
20 32 659
56 32 660
32 39 661
33 32 662
32 82 663
47 32 664
54 32 665
73 32 666
32 1 667
97 32 668
32 76 669
32 93 670
32 28 671
32 42 672
32 40 673
53 32 674
9 32 675
32 90 676
32 11 677
32 74 678
24 32 679
32 49 680
27 32 681
83 32 682
37 32 683
79 32 684
63 32 685
68 32 686
36 32 687
32 34 688
46 32 689
84 32 690
14 32 691
31 32 692
88 32 693
59 32 694
61 32 695
87 32 696
32 69 697
32 71 698
38 32 699
92 32 700
10 32 701
32 48 702
30 32 703
32 58 704
32 25 705
32 21 706
32 29 707
32 85 708
32 45 709
3 32 710
32 81 711
18 32 712
99 32 713
32 57 714
32 50 715
32 51 716
32 23 717
62 32 718
2 32 719
32 15 720
26 32 721
32 12 722
32 75 723
32 8 724
32 6 725
32 7 726
98 32 727
32 65 728
100 32 729
32 96 730
32 70 731
32 13 732
66 32 733
32 64 734
35 32 735
78 32 736
19 32 737
20 32 738
32 56 739
39 32 740
32 33 741
82 32 742
47 32 743
54 32 744
73 32 745
32 1 746
32 97 747
32 76 748
32 93 749
28 32 750
42 32 751
40 32 752
53 32 753
32 9 754
32 90 755
32 11 756
74 32 757
32 24 758
32 49 759
32 27 760
83 32 761
37 32 762
79 32 763
32 63 764
32 68 765
32 36 766
32 34 767
46 32 768
32 84 769
14 32 770
31 32 771
88 32 772
32 59 773
32 61 774
87 32 775
32 69 776
32 71 777
38 32 778
92 32 779
10 32 780
32 48 781
30 32 782
58 32 783
25 32 784
21 32 785
32 29 786
85 32 787
32 45 788
3 32 789
81 32 790
32 18 791
99 32 792
57 32 793
50 32 794
32 51 795
23 32 796
62 32 797
32 2 798
15 32 799
26 32 800
32 12 801
75 32 802
8 32 803
6 32 804
7 32 805
32 98 806
65 32 807
100 32 808
96 32 809
70 32 810
13 32 811
32 66 812
32 64 813
35 32 814
78 32 815
19 32 816
32 20 817
32 56 818
32 39 819
32 33 820
82 32 821
47 32 822
54 32 823
32 73 824
1 32 825
97 32 826
32 76 827
32 93 828
28 32 829
42 32 830
40 32 831
53 32 832
32 9 833
90 32 834
32 11 835
74 32 836
32 24 837
49 32 838
27 32 839
83 32 840
32 37 841
79 32 842
32 63 843
32 68 844
36 32 845
32 34 846
46 32 847
32 84 848
14 32 849
32 31 850
32 88 851
32 59 852
61 32 853
32 87 854
32 69 855
32 71 856
38 32 857
32 92 858
32 10 859
32 48 860
32 30 861
32 58 862
32 25 863
32 21 864
29 32 865
85 32 866
32 45 867
32 3 868
81 32 869
32 18 870
99 32 871
32 57 872
32 50 873
32 51 874
23 32 875
62 32 876
2 32 877
15 32 878
32 26 879
32 12 880
32 75 881
8 32 882
6 32 883
7 32 884
98 32 885
65 32 886
32 100 887
32 96 888
32 70 889
32 13 890
32 66 891
32 64 892
32 35 893
78 32 894
32 19 895
32 20 896
32 56 897
32 39 898
33 32 899
82 32 900
47 32 901
54 32 902
73 32 903
32 1 904
32 97 905
76 32 906
32 93 907
28 32 908
32 42 909
32 40 910
53 32 911
9 32 912
90 32 913
11 32 914
74 32 915
32 24 916
32 49 917
32 27 918
83 32 919
37 32 920
79 32 921
63 32 922
32 68 923
32 36 924
32 34 925
32 46 926
84 32 927
14 32 928
32 31 929
88 32 930
32 59 931
32 61 932
87 32 933
32 69 934
32 71 935
32 38 936
32 92 937
32 10 938
32 48 939
30 32 940
32 58 941
32 25 942
32 21 943
32 29 944
85 32 945
32 45 946
3 32 947
81 32 948
18 32 949
32 99 950
57 32 951
32 50 952
32 51 953
32 23 954
62 32 955
32 2 956
15 32 957
32 26 958
12 32 959
75 32 960
8 32 961
32 6 962
7 32 963
98 32 964
32 65 965
32 100 966
96 32 967
32 70 968
32 13 969
66 32 970
64 32 971
32 35 972
78 32 973
32 19 974
32 20 975
32 56 976
32 39 977
32 33 978
82 32 979
32 47 980
17 32 981
80 32 981
60 32 981
32 72 981
52 32 981
32 44 981
32 16 981
32 94 981
32 41 981
32 89 981
10
55 17
77 80
91 60
67 72
4 52
86 44
5 16
95 94
22 41
43 89
