100 1000 4478697
89 52 -99990066
34 30 -99929664
21 19 -99537363
85 94 -99479137
12 79 -99219303
92 43 -99027645
95 68 -98460713
15 72 -98203527
2 89 -97772495
97 57 -97352880
3 76 -97317718
65 55 -97204292
66 17 -97005700
21 52 -96579878
84 9 -96539995
50 21 -96468262
83 93 -96332459
51 94 -96309023
70 23 -95894238
32 16 -95875153
18 59 -95804754
62 28 -95751965
46 56 -95347119
89 81 -94848708
20 12 -94804094
31 90 -94775278
26 21 -94636338
23 88 -94441179
18 71 -94438891
60 2 -94281108
95 65 -94275353
78 82 -94150215
31 72 -93827937
71 84 -93537577
73 30 -93439197
9 51 -93431391
37 70 -93399908
34 99 -93377541
42 44 -93220964
52 4 -93196335
17 12 -93116938
80 73 -92834151
72 27 -92679157
24 63 -92362425
25 82 -91762045
83 48 -91604579
60 44 -91589031
59 6 -91346015
65 91 -91319435
76 50 -91224139
62 25 -90678560
19 92 -90467604
66 3 -90310884
60 8 -90209723
78 85 -90034000
67 83 -90012973
6 15 -89867165
79 52 -89516513
79 50 -89100375
34 87 -88860162
30 12 -88721299
88 18 -88712558
23 2 -88528765
78 12 -88511839
67 59 -88496402
66 88 -88475649
9 39 -88246727
90 95 -88238747
57 29 -87738197
5 41 -87708341
33 79 -87493174
69 62 -87419251
33 17 -87397542
13 73 -87022341
83 5 -86944004
30 49 -86701735
26 34 -86353490
43 57 -86097962
2 15 -85909594
42 72 -85847838
1 43 -85435562
35 83 -85221622
40 12 -85197971
61 29 -85163849
16 27 -84995149
35 73 -84989625
62 15 -84882443
41 36 -84835799
55 96 -84450261
91 37 -84402990
60 60 -84384476
91 8 -84355416
53 59 -84302815
47 18 -83919305
35 19 -83863449
67 50 -83652871
24 32 -83627109
87 94 -83016048
66 58 -82849793
23 34 -82614695
73 78 -82544223
87 31 -81286990
32 10 -80970161
94 12 -80884206
80 51 -80584473
10 49 -80462929
100 38 -80223620
71 9 -80156815
66 47 -79985725
90 67 -79376634
34 35 -78859029
85 64 -78762484
43 10 -78335127
89 98 -78302172
18 89 -78283326
61 35 -78201878
95 59 -78159424
86 19 -78105693
44 35 -78073903
16 99 -77778406
5 68 -77735727
79 59 -77406386
12 67 -77343330
67 42 -77331272
47 50 -77305906
79 32 -76971174
30 98 -76888554
9 24 -76768931
27 9 -76523749
30 33 -76389101
17 13 -76315296
22 1 -76263768
7 87 -76244324
69 47 -76055792
71 22 -75785443
92 35 -75663160
27 84 -75414027
100 82 -75181192
85 84 -75040345
67 9 -75005816
49 27 -74651284
64 59 -74353973
64 58 -74281293
30 91 -73719873
72 77 -73705965
26 61 -73554664
86 19 -73525801
5 11 -73158554
51 68 -73107466
53 10 -73005574
85 89 -72748135
28 71 -72675943
40 91 -72578176
76 55 -72437896
10 51 -72267205
58 57 -72198900
95 93 -72155035
20 23 -71996107
10 99 -71551345
28 25 -71316327
41 78 -70979770
51 74 -70896173
20 96 -70838019
11 45 -70762339
16 78 -70658332
3 71 -70509100
42 17 -70327360
19 49 -69838223
68 72 -69329749
47 38 -69315237
40 46 -68768724
53 23 -68678582
29 100 -68034835
16 100 -67998763
80 4 -67873377
61 71 -67364282
7 38 -67009621
69 7 -66993634
25 90 -66819673
71 63 -66708847
53 27 -66453088
60 20 -66008102
12 85 -65995838
63 14 -65652166
34 66 -65514407
18 4 -65309372
86 30 -65185588
81 21 -64917070
35 24 -64905941
93 20 -64438332
70 85 -63850288
64 49 -63724469
66 91 -63425037
69 95 -63392552
100 32 -63286818
55 85 -62997511
73 58 -62813384
90 61 -62603016
50 47 -62105668
1 23 -62092230
91 5 -62001584
82 20 -61991246
36 76 -61988553
58 31 -61846470
82 17 -61730585
60 4 -61724542
61 87 -61139071
69 17 -61125016
57 6 -61044867
84 32 -60939526
62 59 -60380237
88 67 -60180121
67 42 -59855107
38 65 -59699273
59 75 -59227907
42 3 -57928800
34 11 -57820594
88 77 -57063936
73 25 -56856350
89 69 -56759802
95 24 -56579946
89 27 -56294363
72 11 -56254190
79 32 -56239780
73 85 -56184431
84 5 -56061074
100 38 -56052165
25 36 -55516601
60 83 -55307753
80 93 -55084512
59 41 -55051790
37 60 -54994236
93 46 -54777615
36 100 -54749266
3 8 -54730307
43 65 -54656397
64 24 -54511278
51 22 -54440757
25 38 -54352546
27 95 -54257422
7 99 -53988856
50 74 -53870129
96 2 -53697208
57 84 -53627308
24 24 -53595946
96 84 -53043943
4 15 -52900122
72 93 -52819665
14 52 -52469007
87 47 -52280218
100 62 -52156248
76 41 -51987322
75 5 -51973164
95 28 -51882959
83 69 -51633248
28 75 -51249396
11 17 -51219866
26 58 -51177576
98 55 -51146748
41 36 -51032295
95 89 -50716173
74 33 -50455412
28 88 -50230220
36 3 -49833223
76 53 -49688254
71 8 -49662245
53 69 -49353702
27 37 -49233263
42 89 -49218272
37 34 -48938925
45 80 -48827379
96 59 -48715162
24 61 -48644483
72 17 -48559148
73 7 -48555235
38 99 -48365286
64 82 -47407052
100 88 -47235521
31 83 -47005579
13 28 -46586811
45 24 -46473378
75 89 -46461741
64 14 -46393956
96 11 -45900593
27 83 -45894338
49 68 -45796034
41 64 -45600776
75 76 -45551757
4 85 -45494993
10 30 -45195838
25 52 -44835574
60 8 -44698078
38 45 -44663055
6 73 -44614061
88 63 -44597987
14 89 -44479206
42 88 -44246314
57 61 -44165663
65 20 -44063875
47 32 -44009500
72 5 -43726623
21 55 -43631899
49 71 -43278020
23 88 -43228016
17 49 -43198796
90 10 -43143226
20 60 -42987037
98 72 -42972230
75 23 -42972066
69 5 -42917426
29 37 -42902667
91 5 -42661944
14 19 -42619835
43 94 -42447372
13 53 -42353188
50 39 -42147621
28 61 -41953566
20 78 -41951964
95 65 -41787528
82 33 -41615145
12 94 -41577471
90 74 -40990354
73 2 -40860712
20 74 -40474672
8 52 -40250617
27 43 -39852564
73 12 -39567961
77 7 -39478933
25 54 -39265064
38 27 -38911507
48 55 -38874212
47 5 -38504566
36 42 -38494315
40 74 -38449709
1 12 -38423397
26 55 -38345043
55 42 -37093059
65 66 -36998280
92 100 -36857435
65 73 -36849367
24 46 -36520104
80 5 -36461150
32 91 -36100777
62 85 -36009971
23 82 -35665763
62 2 -35587325
83 50 -35239771
34 90 -34823766
88 10 -34525941
52 50 -34525401
88 79 -34240024
38 60 -34128598
96 94 -34050999
67 93 -34041088
49 19 -33951775
13 40 -33287640
41 87 -32937160
93 77 -32819015
73 65 -32732884
33 57 -32303271
100 16 -32214734
55 11 -31976068
47 78 -31501827
27 16 -31453842
76 51 -31363823
41 39 -31047772
43 26 -30970269
4 50 -30927334
20 28 -30717828
63 61 -30624562
62 79 -30244084
62 3 -30178930
82 62 -29863281
57 58 -29785985
39 65 -29315866
50 13 -29232052
26 70 -28905919
7 97 -28566655
33 56 -28515238
57 13 -28055777
18 10 -27945185
43 38 -27778508
99 19 -27635092
91 92 -27430423
57 79 -26728821
50 49 -26654101
49 36 -25695573
85 14 -25612670
9 2 -25441638
43 23 -24788755
49 73 -24763617
1 39 -24372255
46 30 -24323706
33 41 -23927692
99 56 -23685941
79 95 -23680062
8 44 -23229898
12 38 -22919443
99 2 -22738178
66 76 -21959483
57 78 -21499855
22 89 -21496660
37 22 -21308117
53 39 -20960434
48 21 -20811099
6 87 -20455637
62 47 -20311805
7 97 -20279964
75 76 -19459789
54 83 -19269973
68 93 -18842326
92 83 -18770747
18 82 -18758112
39 65 -17979984
51 8 -17973376
84 78 -17293529
100 42 -17271611
26 51 -17266401
99 25 -17238446
99 49 -17013203
64 84 -16622215
83 86 -16609303
64 85 -16550151
87 43 -16473500
65 94 -16422694
70 80 -16124168
60 17 -16085680
38 29 -16003997
96 8 -15722176
25 75 -15557927
82 94 -15479627
15 99 -14842367
3 40 -14477927
36 47 -14301328
75 50 -13918669
92 97 -13843554
25 92 -13678534
76 75 -13534786
14 33 -13343562
46 81 -13319868
16 29 -13307854
99 58 -13281446
26 14 -12755474
87 3 -12658490
98 29 -12613857
96 71 -12546862
88 67 -12514205
38 92 -12392069
95 58 -12154287
100 44 -12015596
68 83 -11870551
11 39 -11829208
80 85 -11726774
93 75 -11577684
90 90 -10965117
40 100 -10920768
50 72 -10684145
38 47 -10536196
7 87 -10376345
81 92 -10334939
27 53 -9742991
35 71 -9592926
45 41 -9376668
45 61 -9063504
27 8 -9050237
5 74 -8840284
63 2 -8646759
16 1 -8546621
55 99 -8398405
94 85 -8253829
49 3 -8230190
26 82 -8085434
42 80 -7851048
60 25 -7572650
40 58 -7226194
18 94 -7194804
44 39 -6946063
88 81 -6420108
29 72 -6249466
76 37 -5617194
34 59 -5375262
17 43 -5250074
56 44 -5188418
4 43 -4598045
16 42 -4340335
59 3 -4313137
5 66 -4242785
70 75 -3743493
95 11 -3333632
27 59 -3318455
11 43 -3278918
93 41 -3207584
57 24 -3154824
26 50 -2629039
30 99 -2591127
31 100 -2406409
28 47 -2116865
2 77 -1996649
73 31 -1901502
58 68 -1802765
87 64 -1799136
8 47 -1785645
74 8 -1670513
87 91 -1626195
67 52 -1625521
86 66 -1396931
71 88 -1230059
2 36 -1227181
16 6 -817724
42 45 -697036
79 13 91906
87 95 184030
87 3 603562
53 22 863070
67 20 1238253
77 84 1741684
31 30 1841879
45 35 2092182
7 97 2147950
47 24 2217357
99 59 2225287
83 48 2277321
98 52 2287944
27 61 2385508
17 29 2556792
12 24 2591682
74 33 2665717
96 37 2762149
99 96 2957785
31 61 3363389
93 55 3919261
60 47 3951141
74 21 3975094
66 81 4099658
24 26 4748344
12 50 4852008
16 98 4869822
26 70 5747431
82 87 5875883
27 50 5881913
3 12 6280450
22 17 6851733
82 74 7000149
8 63 7082479
6 35 7174723
57 5 7430769
62 98 7464150
91 42 8075984
63 54 8133303
91 65 8377229
63 38 8471015
100 5 8477258
43 8 8968971
3 9 9130092
78 84 9366989
60 17 9464401
74 79 9862400
78 12 9884608
95 64 10106190
2 48 10113689
70 59 10192037
8 65 10202975
40 15 10220665
45 100 10329771
53 22 10430571
22 15 10458025
59 27 11563536
100 87 11966658
71 31 12023189
71 42 12050623
79 91 12308944
12 68 12555095
18 80 12566868
14 85 12598174
58 94 12728000
28 4 13010613
53 30 13039533
84 30 13040700
82 85 13128632
32 12 13455998
90 51 13873149
26 36 13878593
49 46 14134222
71 43 14281141
28 88 14298062
77 3 14345871
66 86 14455031
33 29 14612171
82 39 15254288
77 23 15317998
80 36 15632561
24 61 15714018
33 26 16285775
76 13 16308539
25 12 17002824
66 1 17046291
84 80 17153542
100 26 17177831
100 69 17250848
42 32 17314529
1 2 17440123
66 74 17456828
78 26 17748760
55 72 18025376
45 28 18191082
23 93 18225332
41 72 18396448
78 27 19034393
12 89 19420903
17 47 19671862
7 50 19940768
3 38 20168356
82 97 20187019
77 39 20310450
71 90 20373355
41 97 20812382
98 21 20851801
56 23 21368830
24 12 21418840
12 25 21479561
48 38 22105970
33 53 22207795
32 44 22215649
15 40 22405707
63 76 22639026
32 29 22877902
99 99 23034831
52 40 23081978
48 18 23365122
30 44 23544248
75 95 23813194
15 98 24759892
40 50 24816022
34 54 24828776
82 73 24844843
31 33 24974444
86 13 25045292
24 18 25175036
96 96 25694716
89 81 25778463
21 78 25874509
10 59 26103085
32 86 26576302
12 66 26707255
62 63 26732328
77 98 26933856
54 52 27222100
60 97 27515996
99 49 27644244
85 27 27704494
11 97 28270054
1 36 28501456
41 19 28800546
41 82 29248578
87 22 29536961
42 56 29728296
9 11 29758694
71 5 30014863
95 50 30408582
87 64 30627274
6 27 30789474
88 28 31224537
29 19 31981614
33 16 32214859
50 92 32249045
91 89 32479244
97 65 32858705
18 98 33178144
97 93 33241419
61 33 33491912
6 91 33706727
94 83 33770394
37 44 33851372
10 1 34385563
43 23 34406820
88 69 34425014
74 57 35477334
70 7 35523806
57 92 35714817
44 100 36264297
87 22 36503589
81 61 36527807
16 30 36533668
53 93 36673600
86 39 37196498
62 68 37294076
21 22 37316403
64 53 37529599
8 70 37645766
48 34 37971958
84 74 38590496
41 84 38751909
6 3 38833966
63 100 38959457
53 48 39132802
48 61 39135539
54 34 39668348
19 5 39711183
39 51 39712022
68 19 39871463
2 4 39988161
56 63 40023870
43 38 40585414
74 28 40738483
66 16 40797169
23 94 41058679
9 60 41131131
92 63 41751334
25 10 41807726
77 54 42039357
47 23 42261123
5 79 42366242
14 46 43103239
86 90 43340808
34 93 43551656
49 88 43997412
52 48 44394064
44 39 44575613
56 18 45059208
61 7 45226943
9 53 45593625
62 28 45669681
42 90 45715787
47 11 45825585
57 35 45857283
52 55 46139104
5 55 46595825
16 44 47498672
39 26 47648141
59 93 47862737
30 84 47934928
81 98 48057779
91 24 48350825
52 67 48387845
13 41 48463098
89 72 48664873
8 9 48693752
19 8 48827703
63 51 49052803
49 72 49523801
28 35 49749830
76 47 49791865
38 35 49877680
22 62 50253516
76 69 50372041
44 89 50396409
64 30 50581781
8 88 50682343
32 84 50775858
31 17 50911143
63 16 50961550
57 77 50998187
73 3 51125997
72 47 51260701
45 77 51531080
84 11 52279148
43 51 52316074
98 6 52426116
24 91 53099754
13 8 53171035
44 56 53426840
38 55 53807608
44 72 54028306
45 17 54053902
59 88 54125438
1 66 54507080
72 86 54578272
71 51 54664455
77 61 55037191
22 13 55114446
43 57 55230310
1 1 55395683
96 23 55504896
5 68 55704550
66 49 55824791
89 92 55876695
29 63 55913498
62 17 56179743
1 60 56243371
99 66 56339086
64 39 56465758
17 84 56628832
94 81 56936127
92 83 57283522
94 28 57529858
97 55 57568740
83 6 57622397
40 63 57744108
22 70 57957740
3 70 58014027
15 89 58155632
54 19 58338808
55 93 58484230
96 42 58917688
3 91 59178708
24 81 59247434
17 100 59801406
37 11 59995031
83 77 60011681
35 42 60338345
53 33 60477322
29 32 61197915
43 19 61456112
15 78 61621273
9 65 61847657
23 75 61848552
23 100 62204882
8 52 62305581
10 85 62597395
37 8 63051916
95 59 63062002
7 35 63337466
93 4 63339408
19 10 64281285
40 49 64363223
5 48 64451320
50 83 64680489
70 3 64688559
58 72 64772896
75 16 64896366
21 90 65211489
87 31 65477538
70 9 65617217
58 29 65716310
72 71 66091616
30 25 66112752
9 8 66171504
3 93 66268584
26 82 66294438
63 6 66364561
87 2 66430333
63 2 66455955
96 3 66536466
2 4 66550843
29 38 66819334
91 57 66848748
84 11 66993882
5 34 67103260
69 89 67258296
100 73 67301650
26 94 67578856
30 48 67786964
3 86 67809521
49 32 67821445
46 48 68256880
99 5 68557040
69 84 68875778
87 16 68984451
44 76 69022316
32 94 69402556
30 69 69431846
84 93 69502858
7 23 69816882
79 81 70078220
3 69 70277774
94 80 70342049
13 17 70586175
75 93 71064446
2 4 71207972
95 95 71303543
69 72 71437155
69 65 71491583
13 5 71671350
5 43 71968466
83 14 72025530
60 14 72138322
24 22 72506256
91 17 72624902
80 33 72719319
30 85 72815899
57 12 73096335
19 12 73341416
9 47 73465596
46 1 73674929
65 41 73798707
8 20 73885036
53 31 73967384
16 70 74111786
62 41 74154023
60 12 74578043
90 28 74776806
70 10 74911759
90 7 74932443
13 10 75096488
98 19 75163134
57 35 75367192
19 20 75472724
77 66 75576991
69 8 75689749
42 52 75831751
37 36 75941559
37 55 77060897
92 8 77226014
90 23 77302391
25 56 77433014
94 87 77610916
63 14 77704080
56 18 77803668
73 89 78351143
29 62 78434326
45 89 78435467
38 14 78478917
77 51 78514468
21 64 78593829
21 21 78697130
18 100 78860203
50 26 78943850
43 95 79054960
51 41 79163637
98 45 79273744
82 11 79281402
97 41 79382259
59 84 79732224
77 9 79882505
82 98 79919028
97 49 79977942
79 1 80023623
74 30 80424226
75 63 80748692
94 40 80880016
83 76 81243629
50 81 81337825
18 15 81554178
61 58 82016619
57 54 82157577
66 6 82466626
100 19 82604367
32 34 82800882
70 97 83112334
96 20 83558228
95 37 83766211
73 80 83805387
41 64 84314645
90 81 84362203
81 47 84471069
60 15 84879605
74 89 85124606
41 53 85177414
96 37 85826523
27 89 85930461
12 51 86913158
69 63 87270718
46 50 87303817
92 54 87411954
15 94 88221980
99 11 88505317
56 33 88669564
14 92 88676781
49 60 89203438
16 43 89392631
99 68 89477361
91 59 89777491
32 1 89809446
57 4 90295132
79 89 90299109
33 62 90397979
89 73 90446092
67 47 90509515
19 10 90849839
79 13 91119565
6 89 91296504
79 80 91465245
7 5 91675478
2 61 92117375
88 64 92559174
35 96 92582050
76 87 92622156
14 100 93449095
32 13 93610652
29 6 93693582
5 71 93776559
79 52 94175191
45 84 94296256
4 9 94300537
52 73 94393493
48 31 94699370
21 43 94817860
70 83 94856804
48 11 95104184
51 55 95200466
70 100 95313055
100 1 95469808
10 99 95500928
57 11 95540962
28 6 95645100
45 34 95751041
24 68 96043394
57 56 96118024
20 38 96206567
37 6 97018895
55 51 97056449
63 80 97249230
8 43 97570022
6 10 97594690
54 95 97702764
86 35 97749653
11 80 98022125
93 30 98472169
85 76 98768796
56 53 99326748
10
28 60
46 77
39 14
78 58
7 75
99 15
8 70
10 90
29 43
19 96
