92 65
G 87 83 1
G 12 58 5
L 59 36 131688132
G 28 3 1
G 13 69 1
G 67 24 1
L 0 43 86716380
G 54 6 1
G 40 26 1
G 78 44 2
L 38 81 253925560
L 38 26 214276328
G 56 68 1
G 80 76 1
G 33 80 1
G 55 65 1
L 44 66 558875434
G 36 66 1
L 22 67 76828437
L 37 13 167670825
L 11 91 14214768
L 50 26 97708634
L 22 85 199070709
L 74 84 2745488
G 7 80 1
G 6 39 1
L 27 2 6800728
G 70 30 1
G 54 55 1
G 4 56 1
G 89 27 1
G 68 33 2
G 42 20 1
G 31 83 1
L 84 74 2745488
L 53 40 151418942
G 88 31 2
G 13 18 1
G 37 31 1
L 68 83 118926690
G 36 86 4
G 11 74 16
G 16 41 18
L 32 70 5700485
G 70 77 1
G 58 53 1
G 10 28 3
G 55 36 1
G 58 21 2
G 83 41 1
G 28 5 1
L 90 71 453478626
G 74 36 4
L 9 46 71846572
L 5 27 165447986
G 80 84 1
G 61 53 1
G 22 84 1
G 17 53 1
G 84 69 1
L 63 85 459496111
G 75 81 1
L 66 27 230593033
G 62 83 1
G 64 9 28
