124 32
L 11 23 321433815
L 4 119 1827724
L 37 57 11976408
L 5 14 146729550
L 34 112 84428208
L 15 5 240401067
L 47 21 39411125
L 68 86 150368592
L 82 19 174515568
L 47 114 17041570
L 75 100 459074
L 112 65 21953250
L 16 84 5291352
L 73 106 652106
L 113 82 16842864
L 69 25 3617328
L 55 20 77035368
L 63 107 6702045
L 45 98 20108634
L 87 65 31451750
L 73 29 701910205
L 96 109 520681560
L 47 48 7702630
L 20 58 25631544
L 116 83 214886382
L 23 34 276044176
L 59 43 27244572
L 111 78 456606359
G 39 18 2
L 53 91 2585878
L 113 6 39938608
L 65 21 217250
