108 125
G 3 39 1
G 105 48 2
G 47 80 293
G 46 40 1
G 6 34 1
G 82 74 2
L 30 80 11158026
G 37 36 1
G 37 74 1
G 10 75 2
G 103 64 2
G 66 38 1
L 100 1 345414784
G 106 35 1
G 2 86 1
G 66 99 5
L 20 47 59628723
G 70 56 2
G 18 2 1
G 54 10 1
L 5 10 162788790
G 24 54 1
G 61 69 8
L 81 38 45840130
L 16 61 36918200
L 57 15 9237536
G 41 23 1
G 73 66 4
L 78 92 492239222
L 104 53 2080052
G 28 89 9
L 93 37 450625131
L 76 77 356499528
G 0 9 11
G 42 75 2
G 97 64 1
L 43 65 380862798
L 92 78 492239222
L 101 107 26966772
G 17 5 15
G 46 48 2
L 69 79 20377696
G 78 2 1
L 19 53 473200
G 86 1 16
L 43 26 711297678
L 75 15 10783102
L 88 41 133496160
G 62 56 3
G 80 34 2
L 33 5 99286710
G 58 96 1
L 52 34 37162024
L 105 50 334933810
G 55 56 6
G 24 77 1
L 78 106 622286406
G 18 94 2
G 31 72 1
G 57 27 4
L 20 13 129126752
L 24 102 228813390
L 27 45 2291408
G 64 0 2
G 62 91 1
L 14 105 474952522
G 87 15 2
L 71 51 194739272
L 101 87 50544900
L 48 24 151404578
G 2 25 1
G 39 80 6
G 95 94 7
G 26 51 1
G 94 71 14
L 65 106 409359762
L 39 63 338475372
L 68 35 154804975
G 100 12 1
G 91 59 2
L 97 10 207617970
L 36 10 91182854
L 15 60 79899666
G 44 11 1
G 3 37 1
G 86 19 16
L 99 79 49665840
G 84 78 1
L 59 90 543036002
L 44 69 588759840
G 50 35 1
G 42 102 6
G 9 67 1
L 85 98 84703990
G 71 19 56
L 59 16 648149150
G 12 74 8
G 23 103 3
G 18 64 2
G 86 67 1
G 60 50 1
L 0 96 114961418
L 74 15 4059352
L 47 27 45031756
G 94 19 14
G 99 14 1
L 78 35 620536793
L 80 13 7097046
L 6 46 423765996
G 22 4 1
L 4 21 56834070
L 25 18 214580168
G 19 12 8
G 79 3 1
G 46 74 4
G 63 57 4
L 91 16 670716200
L 98 69 10669791
L 101 25 683794188
G 102 4 10
G 21 3 1
G 85 49 1
L 13 95 65702175
G 63 56 4
G 13 26 1
