33 158
L 28 10 6512745
L 9 0 96104205
L 27 21 132597308
L 23 24 8937120
G 18 7 1
L 30 4 293265568
L 18 0 468411675
L 26 6 18769806
L 6 18 56868075
L 7 30 56261408
L 30 2 41616544
L 25 20 9242030
L 10 30 48635680
L 29 26 150390174
L 4 21 287011474
L 26 0 154603374
L 1 18 380375725
L 26 7 54708402
L 13 26 141837378
L 3 6 57811644
L 27 19 25016
L 2 29 41142057
L 24 15 24893170
G 3 11 2
L 32 8 517210110
L 19 27 25016
L 32 15 100573006
L 32 29 374668998
G 5 15 1
L 29 16 184336119
L 7 28 37669485
L 14 11 121441616
L 6 8 975645
L 22 23 26051808
L 27 29 4540404
L 26 14 265768656
L 1 28 259334895
L 27 1 223630532
L 19 22 157875976
L 24 29 92735610
L 14 28 365990160
L 27 28 181428540
L 24 7 11245010
L 31 9 322778655
L 29 1 382914543
L 31 3 533108572
L 25 26 628040658
L 23 27 12908256
L 5 19 303969416
L 21 23 43760928
L 13 18 429733725
L 25 1 533026627
L 11 1 172103254
G 7 13 1
L 12 25 779788828
L 5 25 724515526
G 7 29 1
L 20 18 9233350
L 7 17 58053338
L 24 4 58615210
L 1 0 393641943
L 31 3 533108572
L 13 16 173852793
L 16 19 645938136
L 25 6 79690149
L 31 9 322778655
L 18 21 225536275
L 29 13 144200661
L 19 8 739598040
L 27 24 27079820
L 22 0 555797148
L 14 17 282018064
L 16 27 322969068
L 28 3 313714140
L 23 32 36107616
L 5 7 63112294
L 22 27 78937988
L 27 31 308309692
L 28 14 365990160
G 20 25 7
L 17 16 577202634
L 29 9 93485205
L 16 24 621943568
L 31 9 322778655
L 14 26 265768656
L 11 9 126052470
G 4 28 1
L 23 1 73804512
L 2 6 5134833
L 8 11 284592690
L 19 13 505298184
L 32 2 33605974
G 22 5 2
L 12 15 150370844
L 19 28 362857080
G 10 18 5
L 26 11 101390658
L 32 5 212569594
L 27 30 67743328
L 20 16 56031570
G 30 2 1
L 14 25 752241616
L 17 28 324244770
L 7 12 67927132
L 4 19 338641592
L 23 15 23731872
L 14 17 282018064
G 10 24 5
L 31 27 308309692
L 29 20 46474890
G 1 13 1
L 1 15 102786371
L 28 32 253750470
L 13 30 437591136
L 31 14 111804930
G 6 1 1
L 5 9 318234690
L 23 11 19868064
L 15 20 12475330
G 15 6 1
L 14 10 56645840
L 0 26 154603374
L 2 16 49602141
L 4 17 302606098
L 16 13 173852793
L 26 32 184264302
L 11 6 25730298
L 26 22 265895052
L 16 19 645938136
L 0 18 468411675
G 26 25 1
L 20 8 12831210
L 15 28 83389245
L 10 28 6512745
L 17 5 271623454
L 0 1 393641943
L 8 2 56794365
G 16 19 1
L 20 12 28379260
L 6 7 6941781
L 31 32 431209606
L 1 26 376639014
L 32 27 109407476
L 8 12 773302140
L 12 21 277279756
L 21 11 102045226
L 32 5 212569594
L 22 2 48493724
L 9 25 390401235
G 12 28 1
L 28 22 366164220
L 14 21 267484432
L 16 24 111804930
L 19 9 327584520
L 19 6 66867768
L 10 14 56645840
L 27 9 163792260
L 4 28 392708370
