132 56
L 82 116 642342684
L 6 39 7100730
L 31 115 73632187
L 119 104 123421967
G 50 57 1
L 24 46 958848
L 77 81 33103350
L 81 105 590649192
L 57 80 73053575
L 81 17 4655826
L 24 36 37448576
L 71 24 15419008
L 130 47 211765840
L 34 122 354171700
L 113 39 54469275
L 102 87 89244000
L 75 44 877952488
L 40 29 2209830
L 119 11 90028783
L 0 63 2857980
G 112 53 5
L 37 41 216379752
L 88 83 27723501
L 9 14 25325496
L 36 21 244479624
L 19 46 10964100
L 84 48 60210117
G 98 39 1
G 98 24 4
L 22 45 14480480
L 85 106 13590537
G 53 107 5
G 98 44 4
G 20 103 2
L 47 70 71570160
L 121 50 3774100
G 77 65 10
L 58 27 89989380
L 109 104 33568402
L 87 44 39309984
G 29 71 1
L 80 7 65765950
L 44 16 66136392
L 100 10 51895848
L 113 46 12223950
G 128 120 1
L 3 5 16931865
L 68 40 1373430
L 115 19 161531300
L 104 100 248030446
G 34 60 5
G 90 84 1
L 127 81 7090524
L 50 88 36043020
L 87 22 2610720
L 40 30 1949220
