20 135
G 12 13 1
G 12 15 1
G 14 11 1
L 16 6 521086890
G 13 4 3
L 5 16 24475215
G 10 1 1
L 6 14 577943730
L 18 7 56687046
G 9 19 1
G 1 13 1
L 11 7 1078428
G 13 19 1
G 4 6 2
G 3 4 6
L 19 17 208733
L 15 8 216004010
L 1 19 227906617
L 1 13 81971175
L 10 7 431840838
G 5 13 5
G 7 8 1
G 17 5 1
G 16 3 3
L 16 4 45280440
L 4 1 40171608
G 0 2 1
G 4 13 3
L 2 15 189788360
G 5 15 1
G 4 5 1
G 15 7 2
G 8 5 5
L 0 14 2551185
G 4 7 6
G 6 5 1
G 3 6 2
L 6 5 95467070
G 17 12 1
L 13 1 81971175
G 4 19 1
L 17 0 9345
L 12 19 839434669
L 3 6 43489434
L 0 14 2551185
G 4 0 3
L 9 12 713712303
G 9 6 1
L 5 18 92588190
G 2 16 5
G 2 7 2
G 10 6 1
L 6 16 521086890
L 5 7 82360590
G 4 19 1
G 14 9 9
G 4 3 6
L 4 18 17129304
L 9 19 756001107
G 16 13 15
G 13 3 3
G 10 9 1
G 5 11 1
G 18 12 1
G 14 7 39
G 14 19 1
G 9 5 1
G 10 18 1
G 8 6 1
L 9 19 756001107
L 18 8 326258490
G 15 7 2
G 16 19 1
L 9 16 218416095
G 15 19 1
L 19 10 740316313
L 4 3 3779064
L 4 11 36334728
G 4 10 1
G 16 7 3
G 7 0 3
L 10 4 130490712
L 14 13 1576575
G 1 16 1
G 12 17 1
L 4 16 45280440
G 4 13 3
G 6 2 2
G 8 2 5
L 10 5 117555845
G 6 8 1
G 10 7 1
L 13 18 69905550
L 6 18 197123874
G 15 7 2
G 5 11 1
G 0 1 1
G 8 15 1
L 4 19 156728664
G 16 8 5
G 13 9 3
G 7 16 3
L 10 3 107103678
G 3 7 6
G 17 15 1
L 17 19 208733
G 3 4 6
G 3 17 1
G 11 9 1
G 15 17 1
G 8 17 1
G 10 19 1
G 0 12 1
G 3 0 3
L 1 12 215158093
G 12 2 1
L 8 7 290218890
L 15 6 130508626
L 6 15 130508626
G 16 7 3
L 2 8 97840840
G 1 13 1
L 1 2 224092760
G 11 7 446
G 10 18 1
G 4 13 3
L 17 16 180915
G 18 5 1
G 4 10 1
G 18 5 5
G 9 13 3
G 6 0 1
L 16 14 49389795
G 3 8 1
G 1 19 1
