184 111
L 17 134 210638484
L 133 0 20630540
G 127 18 1
L 128 95 311678677
L 100 3 317972508
G 29 84 2
L 141 23 91349788
L 41 74 19797498
G 29 52 1
L 149 32 577084222
L 44 19 93999160
G 115 27 7
G 96 41 1
L 144 6 64153444
G 121 21 2
L 98 61 114747771
L 68 138 121529730
G 163 91 1
L 100 160 164152884
L 95 96 464763713
G 159 17 1
L 174 155 9922408
G 48 151 1
G 78 158 6
G 130 103 1
L 51 76 484384970
G 147 76 2
G 54 88 5
L 134 45 18070596
L 78 133 28762098
L 175 28 92781740
L 135 60 39843431
L 166 28 32340555
L 6 144 64153444
G 162 29 2
L 31 17 42943236
L 159 103 52679913
L 3 164 123365490
G 66 26 2
G 37 93 85
L 109 168 102094146
G 81 183 1
L 60 110 106342110
L 42 109 29494080
L 151 104 11870914
G 84 123 4
G 78 80 1
L 156 46 202010910
L 93 163 14049310
L 133 112 22739088
L 99 103 571994889
G 62 83 1
L 56 131 1227170
G 84 146 1
G 118 166 3
L 149 47 262366104
G 146 125 1
L 71 147 82391352
G 154 106 2
G 76 102 5
G 87 25 1
L 58 60 205587407
L 168 169 9365470
L 155 126 298266504
L 90 62 440437949
L 79 143 62107415
L 26 21 960440
L 27 10 82349190
G 164 173 3
L 41 64 1869714
L 24 162 11855280
L 110 98 80405010
L 179 141 193415836
G 123 140 2
L 160 108 160722488
L 29 4 60749406
L 135 104 10331387
G 86 65 1
G 50 30 9
L 177 103 177894075
G 57 76 10
G 4 136 1
G 139 55 1
G 102 65 5
L 111 76 57943770
L 38 168 612670106
G 162 101 4
G 133 15 2
L 83 88 18768820
L 61 12 83295012
G 17 150 1
L 146 132 97003812
L 51 122 307183080
L 16 167 136583682
L 109 61 66875886
G 182 149 1
L 61 171 3287961
G 57 118 1
G 129 26 65
L 45 91 22985441
L 123 7 77627664
L 141 22 94353716
G 159 150 11
G 51 65 1
L 181 164 5132490
L 20 175 114269080
L 80 94 7490390
L 155 177 495670200
G 86 40 1
G 173 32 1
G 53 157 3
