59 172
G 42 45 1
L 6 43 4902953
L 40 16 522977968
L 34 15 540211
G 50 25 1
L 33 25 638346810
L 15 48 58368737
L 5 47 22435018
L 36 9 109970844
L 22 43 362984
L 45 1 414200
L 38 57 27513765
L 13 10 159613035
L 6 13 15678795
G 36 16 4
L 39 23 6498178
L 32 13 80647215
G 45 28 4
L 49 0 21696444
L 50 6 32096064
L 39 17 4907590
L 48 16 463584848
G 47 53 1
G 18 6 1
L 19 13 245697045
L 40 4 375066981
G 43 16 1
L 44 43 22053947
L 41 40 268383495
L 11 15 8322552
L 50 58 23709504
L 51 35 1435775
G 36 55 6
G 39 18 2
L 22 32 21846088
L 1 15 12856550
G 45 8 5
G 10 28 1
L 20 34 5453406
G 14 33 2
G 43 32 1
L 53 9 341312548
L 55 9 701543226
G 35 46 1
L 49 44 6246828
L 0 2 236364964
L 54 13 27081555
G 22 50 8
L 54 29 72004889
L 8 31 16968595
L 46 31 103669090
L 25 20 556223598
L 8 23 651399215
G 58 31 1
L 11 17 536273640
L 31 17 16264535
L 5 44 130274458
G 54 13 1
L 52 28 45680140
L 29 55 647975922
L 1 12 77210150
L 41 46 266162430
L 20 35 150623550
L 56 33 118803510
L 26 37 348723309
G 53 49 4
L 48 35 156499475
L 38 54 34411185
L 48 30 158726345
L 31 22 8658440
L 3 56 171606519
L 52 50 203810880
L 6 21 46075634
L 36 47 6369348
G 2 19 1
L 18 49 484596
L 48 1 1237150
G 7 19 1
L 32 39 2135474
L 50 20 9906624
G 0 8 1
L 39 27 2282826
L 54 4 42635601
L 20 51 59463558
L 52 27 235656330
L 50 22 5049408
L 3 1 71716550
L 35 19 16552525
L 39 46 3128066
L 36 40 124938588
G 49 45 4
L 10 27 377797602
L 30 24 174988370
L 15 18 3024238
L 20 41 76323870
L 50 42 432449472
L 53 26 14211516
L 27 31 10808070
L 55 20 113330826
L 37 16 277686256
L 34 24 6246662
L 48 19 712276741
L 34 13 1954515
L 51 40 69698761
L 46 22 32000392
G 31 5 1
G 13 31 5
L 16 38 203191920
L 50 13 49707840
L 6 15 4333483
L 34 7 1755285
G 6 42 1
G 13 11 3
L 37 56 193280661
L 4 37 199149777
L 21 22 28994792
L 7 9 188321385
G 16 22 8
G 43 57 1
L 58 32 102578344
L 15 49 254772
L 9 53 341312548
G 27 6 1
G 35 32 11
L 51 23 71796241
G 14 43 1
G 10 15 1
L 17 24 592341770
L 34 21 5743778
G 11 27 42
G 36 33 6
L 21 5 197721406
L 7 4 34331535
L 24 26 27905394
L 31 29 84985285
G 2 32 1
L 25 17 507197255
L 16 38 203191920
L 39 1 615850
L 56 21 327094362
G 46 48 1
L 19 43 76832503
L 34 28 896764
L 21 10 469058482
L 14 26 201267066
L 32 31 35386505
G 47 48 1
L 4 22 31066344
L 7 10 143343165
L 23 54 91233269
L 48 19 712276741
L 14 10 159968354
L 24 54 86553094
L 6 49 1388772
L 48 50 432309696
G 42 28 1
G 37 11 1
L 58 14 46431112
G 58 32 1
L 17 55 620050110
G 21 58 2
L 27 42 500019702
L 18 35 8108650
G 15 25 1
L 58 24 6437608
G 27 39 2
L 58 42 268696856
L 48 42 612413993
L 13 42 211249785
G 58 55 2
L 30 43 17121635
L 54 39 717098
