166 99
L 17 5 5791212
L 137 15 20059250
L 70 13 346539669
L 54 113 270520461
L 22 0 470245387
L 50 119 1001700
L 66 136 241984822
L 39 117 11457494
L 45 26 17340840
L 40 119 695520
L 41 138 17754360
L 13 123 53490866
L 2 67 597117656
L 81 139 82980734
L 60 4 39451221
L 161 96 1452620
L 107 58 526716966
L 46 33 4043880
L 52 149 67078528
L 132 46 76213320
G 139 20 1
L 62 83 747246775
L 155 27 4627350
L 44 119 11588535
L 6 142 16853646
L 129 101 259434246
L 15 39 175750
L 131 63 191852384
L 63 117 120735584
L 14 165 2546223
L 112 85 213194820
L 23 153 305816269
L 117 16 9232817
L 61 68 2703299
L 138 14 10425480
L 164 73 3822864
L 92 117 232393182
L 5 21 10421046
L 30 23 382976204
L 28 117 48690275
G 94 8 1
L 113 5 3826638
L 160 124 261499322
L 11 127 114143701
L 92 159 110678358
L 91 157 220490259
L 43 41 344366298
L 65 94 190677184
L 4 151 94468695
G 83 114 11
L 38 65 11953328
G 20 14 3
L 42 64 2281320
L 19 11 176348581
L 110 79 337599920
L 10 134 127176840
L 118 146 61158348
L 5 50 3195900
L 128 126 33462078
L 119 51 11227545
L 82 133 32704020
G 48 147 2
L 90 116 15076110
L 131 123 48144382
G 33 133 1
L 100 18 41217672
L 100 90 291520488
L 138 155 3701880
L 119 41 21510090
L 86 75 158467386
L 109 122 51147060
L 66 158 26078068
L 109 113 177624540
L 28 134 174284775
L 7 21 498395598
L 143 119 2709315
L 91 80 252220465
L 105 52 154302951
L 32 21 15640210
L 140 144 61181820
G 83 66 1
L 157 95 138256404
L 119 82 134190
L 67 38 3889712
L 103 116 91878540
L 132 17 129778852
L 116 96 773670
L 138 127 15801240
L 100 108 9537384
L 26 114 24471513
L 100 109 36984120
L 0 63 263917408
L 44 11 138191747
G 116 115 5
L 49 5 5710410
L 15 80 12784625
L 139 132 122454806
G 128 88 3
G 26 106 9
