167 161
G 137 34 1
L 78 37 7222566
G 47 27 1
G 135 144 1
G 106 5 15
L 108 84 46083156
G 122 97 1
L 9 88 64581309
L 97 53 418352175
L 138 151 32651190
G 24 113 13
G 105 38 2
L 79 88 1646455
G 45 166 1
L 107 9 44053776
G 43 47 1
G 56 69 2
L 29 129 86152862
L 108 9 194861628
G 55 78 1
L 165 59 127548280
G 135 106 10
L 103 33 5530020
L 164 104 23956750
L 36 161 26818372
L 52 150 207153816
G 85 102 1
G 17 16 1
G 92 127 1
G 59 57 2
L 90 148 10174806
G 94 8 1
L 47 40 113785590
G 122 36 1
L 161 78 86228716
G 90 100 3
L 162 108 135032868
L 151 49 4390386
G 140 118 1
G 130 127 1
L 93 49 1505350
G 147 27 1
G 31 46 2
G 129 91 1
G 63 74 2
G 30 113 1
L 100 12 192969504
G 94 33 1
L 130 138 42888870
L 1 164 64222285
L 12 145 303514848
L 27 67 151735914
G 133 89 4
G 1 44 1
G 87 164 1
G 67 31 6
G 11 138 1
G 127 102 1
L 144 114 373747171
L 5 156 3883425
G 64 132 1
G 97 58 1
G 58 122 1
L 163 121 15241307
G 59 51 2
L 135 45 397855550
G 139 147 1
L 45 150 531242598
G 134 95 1
G 108 26 6
G 10 57 1
G 146 30 1
G 41 28 1
L 87 159 147240024
G 56 90 1
G 11 111 1
G 77 65 7
L 37 155 7295106
G 153 98 1
G 43 61 3
L 32 132 9647908
G 43 20 3
G 30 61 1
L 107 125 178841104
L 136 157 28240761
G 44 147 4
G 158 29 2
L 72 23 2607388
L 153 161 681082724
L 108 126 22730640
L 14 8 315459326
L 24 148 177248916
G 165 94 1
G 76 28 1
G 138 10 3
G 128 123 1
L 145 123 2455172
G 93 106 5
G 76 25 1
L 133 110 1898908
L 59 41 328119528
G 45 153 1
G 7 80 1
L 55 146 15467988
L 50 124 4553278
L 45 91 486171047
L 107 10 317199792
L 6 63 440361702
L 109 67 121806630
G 102 141 1
G 166 23 14
G 34 135 5
L 127 153 444657271
G 102 29 1
G 39 8 1
G 54 24 1
L 126 160 36213840
G 130 72 1
L 91 42 278177608
L 32 139 179027052
G 145 59 1
L 37 145 28002858
G 100 49 1
G 31 67 6
G 5 77 35
G 87 129 1
G 115 3 1
L 43 25 9250440
L 94 97 285628950
G 26 83 1
L 38 92 91952208
L 12 46 78126048
L 68 118 170155366
G 67 147 2
L 123 144 173893636
L 66 113 7757750
L 135 85 84178350
L 126 90 8865840
G 55 144 1
G 82 130 1
G 61 95 1
G 72 164 1
L 86 138 7402140
L 54 30 35591001
L 18 149 28961670
L 90 155 6308547
L 19 51 171699980
G 151 52 1
G 41 12 3
G 102 21 17
G 56 6 11
G 106 39 10
G 27 5 1
L 121 32 19799092
L 74 149 198993720
G 5 130 1
G 51 138 10
G 90 52 1
L 64 12 7993440
L 27 90 1545249
L 55 5 41693925
