192 62
L 45 94 75262158
G 82 34 1
L 18 172 16228872
L 102 46 475923287
L 134 48 155256230
L 178 64 33574320
L 168 166 77163080
G 21 105 18
L 182 119 47804602
L 53 117 3141662
L 11 8 302818450
G 30 140 1
L 14 45 4898990
L 59 78 1228584
L 36 10 201675000
L 88 128 428112322
L 12 11 17337331
G 47 121 2
L 43 51 23765162
L 166 13 211495524
L 178 121 207910170
L 84 158 76659473
L 164 166 44162180
L 95 97 13105386
G 101 183 5
G 80 59 2
L 93 109 346703866
G 186 2 5
G 10 140 5
L 185 127 205234925
L 101 4 564298995
L 61 79 6342930
L 93 111 4070106
L 158 42 7468197
G 143 104 1
G 167 126 1
G 146 115 1
L 24 36 115624311
L 104 97 538902
L 155 145 35451624
L 48 120 39209980
L 18 155 17117256
L 117 13 6424482
L 79 27 70245230
L 106 15 234604370
L 22 160 326458
L 177 47 175899900
L 117 114 1190226
G 64 109 2
G 90 132 1
G 5 119 2
L 170 118 113143082
L 150 147 8482089
G 10 112 4
L 73 18 11431995
L 29 129 438343674
G 148 188 2
L 87 131 146093794
G 123 117 1
G 1 175 2
G 190 8 2
G 63 48 1
