88 87
G 75 8 1
L 18 15 21294136
L 28 15 9170008
L 84 72 381803210
L 54 62 26777361
G 54 31 1
L 13 4 21081495
G 47 79 1
G 63 39 1
L 77 67 4325664
G 72 82 1
G 82 50 1
G 24 70 1
L 46 86 1148784
L 39 44 12435239
L 10 34 3038670
G 74 86 1
L 72 51 160597405
L 70 80 305135480
L 35 50 76427635
L 58 18 213733190
G 38 42 2
L 85 84 277041858
L 53 11 740073750
L 59 15 10603368
L 43 6 374598874
G 63 58 1
L 40 30 171241506
L 61 23 10982580
L 56 26 188187846
L 18 60 128300824
L 54 19 57179094
G 69 15 1
L 36 60 162087480
L 79 1 21114632
L 57 10 3411840
L 30 20 121953564
G 84 58 1
G 76 33 1
L 26 24 94577208
G 24 49 2
L 59 44 4591962
L 79 61 6597492
L 4 83 31024965
G 16 28 1
L 28 81 4540413
L 62 11 867238125
L 32 56 816807523
L 8 11 41918125
G 30 29 1
L 51 25 10573158
G 27 43 1
L 14 17 168891000
G 87 10 2
G 53 72 1
L 45 16 96667410
L 10 62 524623710
L 60 62 621872472
L 84 51 277864322
L 12 2 28692076
L 60 62 621872472
G 73 37 4
L 4 64 1919145
L 1 34 10868760
G 28 64 1
L 44 72 11245235
L 86 46 1148784
G 73 33 1
L 46 2 20144748
L 39 29 453631605
L 66 72 174754220
G 55 24 4
G 60 75 1
L 85 48 297069240
L 73 81 2125668
G 31 23 2
L 5 9 560366305
L 69 50 7473283
L 65 66 83983196
L 55 28 49847492
L 38 13 378423702
L 86 64 5761392
G 9 24 1
G 42 86 16
L 79 5 173853548
L 81 15 6051576
L 71 1 18229008
