159 115
G 53 135 3
G 124 113 2
L 112 69 22157729
G 139 104 2
G 15 143 1
G 75 21 2
G 108 53 3
G 41 129 3
L 146 58 740052170
G 61 154 62
G 136 133 3
G 16 93 1
G 141 5 1
G 155 149 2
L 82 89 14889945
G 12 84 16
L 60 36 391047132
G 131 140 4
L 95 152 619353
G 158 14 1
G 116 132 1
L 2 112 360425428
L 149 156 108741720
G 70 138 1
L 2 41 245868828
G 86 109 2
L 57 101 410746490
L 134 112 297320947
G 27 19 1
G 51 120 1
G 29 8 2
L 84 26 324896
L 45 155 24729900
G 133 122 1
G 28 9 3
G 107 128 2
L 109 90 47923082
L 146 131 15394220
G 85 152 3
L 60 37 563965815
G 71 132 1
G 56 124 2
G 69 39 1
L 48 112 178436962
G 23 80 1
G 111 89 5
G 41 128 1
G 1 122 1
G 93 123 3
G 0 23 1
G 36 109 2
G 60 82 7
G 34 14 5
G 8 148 1
G 20 106 2
G 72 25 1
L 102 55 280464142
G 83 86 2
G 134 78 1
G 12 102 2
G 113 8 2
G 133 61 2
G 123 40 3
G 102 134 7
L 33 111 417757360
G 138 83 1
L 1 80 261232871
G 110 107 2
G 27 17 1
G 15 42 1
G 110 81 1
G 70 106 2
G 154 122 1
L 133 75 235668738
L 4 31 244719702
G 78 56 1
G 153 42 1
G 49 64 3
G 130 134 1
G 32 60 7
G 154 129 3
G 139 35 2
L 26 132 2221164
L 102 137 312345110
L 68 44 25288891
G 129 19 3
L 126 74 403867254
G 19 138 1
G 51 2 1
L 76 34 180449310
G 131 129 1
G 130 49 3
L 75 128 385710898
L 122 127 646214859
L 117 97 119918292
L 90 2 73730284
L 1 46 358857587
G 144 151 1
G 82 112 1
G 95 126 1
G 42 125 12
G 120 100 1
G 145 131 4
G 98 10 1
L 122 108 240825831
L 15 63 181614780
G 154 26 1
G 6 154 3
L 48 114 39535738
G 129 44 1
G 96 132 1
L 111 31 176436720
G 17 27 1
G 146 150 1
G 144 39 2
