186 128
G 88 103 2
L 58 34 83468583
G 69 104 1
L 98 66 616968
L 113 21 13547920
G 98 48 9
L 92 14 326077107
L 78 83 62648673
G 98 124 1
G 34 64 1
G 100 177 1
G 5 43 8
L 126 166 11777829
G 75 46 1
L 17 170 120403407
G 160 54 1
G 16 41 1
L 177 141 3682158
G 23 26 4
L 76 85 296400
G 99 44 2
L 93 106 22198940
L 177 124 4027226
G 124 118 1
G 107 22 3
L 96 76 1647490
G 165 171 1
L 31 115 273990512
G 56 181 1
L 168 72 736735506
G 50 134 1
L 4 144 198270482
G 109 29 1
L 89 74 274613910
L 184 148 189368886
G 178 153 1
G 39 7 1
L 101 114 347449437
L 52 171 6054336
G 8 35 1
L 110 58 42471
L 37 138 29687065
G 63 60 1
L 124 125 15662892
G 44 134 1
G 25 71 1
G 148 25 1
G 57 160 1
G 15 56 1
G 158 185 1
G 185 33 1
L 163 43 182086640
L 124 1 57751995
L 109 75 10505320
G 163 55 5
L 9 145 36941408
L 82 25 9319788
G 184 171 6
L 22 151 753204333
L 23 78 439895372
G 2 145 1
L 112 167 5045643
G 100 137 1
L 182 70 119878752
G 62 161 19
L 128 45 44549530
L 120 58 95768838
L 145 2 171913056
G 65 71 1
G 99 117 1
G 115 54 2
L 125 40 5461356
G 8 183 1
L 161 130 5817876
G 90 38 12
G 14 106 1
L 119 153 35498386
G 170 53 1
G 9 3 1
L 154 99 277020
G 183 98 1
L 35 119 97672982
G 139 116 1
G 159 154 1
G 128 61 2
L 148 156 20473358
G 57 14 1
L 69 86 29905063
L 41 122 258256849
G 77 91 1
L 101 109 360835672
G 35 102 1
L 10 104 693350
G 38 29 3
G 67 115 2
L 28 171 2715840
L 180 152 130685471
G 17 178 1
G 8 164 3
L 52 103 10064968
L 48 47 144277812
L 83 114 20180187
G 177 143 1
L 161 167 587016324
G 160 144 1
G 182 46 2
G 20 91 2
L 178 151 455703283
G 24 70 1
L 146 184 141671922
L 86 184 78395646
L 106 175 5666540
L 126 37 50411195
L 13 109 39143352
L 165 3 32913765
L 60 11 13669889
G 30 174 4
G 40 16 2
L 41 77 360504385
G 116 55 1
G 169 120 1
L 14 184 94640406
G 144 34 1
G 103 141 2
G 75 42 1
L 73 164 545675790
G 126 86 1
L 163 18 189669180
