78 129
L 36 48 352942704
L 37 47 41398660
L 30 62 64098851
L 67 48 268504960
L 32 34 27949600
L 19 71 15847299
L 6 59 9153793
L 5 40 1395180
L 45 43 17642667
L 46 57 162540833
L 60 54 787981101
G 3 10 18
L 13 73 41034248
L 69 54 624387225
L 56 59 35044548
L 60 53 500388175
L 63 65 297196614
L 33 36 15936048
L 58 63 370629810
L 28 21 152173852
L 75 55 639531783
L 22 73 245988120
L 21 77 134351942
L 4 10 1729224
L 39 36 48735216
L 11 51 144961678
L 14 20 320387496
L 70 9 38421040
L 15 68 294694239
L 70 45 386402905
L 44 30 215510965
L 62 4 974769
L 75 64 618519562
L 76 8 117273566
L 22 60 272173755
L 46 14 16110939
L 4 60 5852337
L 13 27 94851772
L 14 3 126489402
L 77 75 223275254
L 71 18 238177719
L 25 24 40760064
L 51 37 59506015
L 67 14 265100160
L 23 20 19971864
L 6 34 6863200
L 4 20 3218424
L 42 70 30187960
L 23 73 32822568
L 76 38 141393786
L 42 20 1690040
L 27 5 94070180
L 30 60 384837923
L 44 32 45463670
L 67 47 48311680
L 68 40 481068
L 0 12 81178776
L 76 60 470485138
L 75 71 188270433
L 42 43 6891720
L 63 10 303893352
L 4 51 5002617
L 34 42 202400
G 76 64 2
L 5 20 24762760
L 52 38 130961517
L 53 30 269658725
L 18 19 752887057
L 37 72 29621455
L 50 74 332445217
L 77 1 212877890
L 41 10 108467352
L 5 45 174613180
L 40 44 12391020
L 43 1 15142035
L 7 10 562092552
L 52 50 255873137
L 69 0 35065800
L 70 30 214790915
L 53 72 212921975
L 15 59 541202673
L 27 23 151740504
L 32 54 447907530
L 22 7 241679865
L 37 1 11584435
L 26 63 610583426
L 25 34 3974400
L 5 39 61650780
L 57 38 135876489
L 55 24 323426862
L 30 47 228860692
L 62 3 77474106
L 0 16 258652296
L 48 14 481387881
L 21 16 313118329
L 68 41 183567531
L 63 62 114203758
L 16 64 94249925
L 67 26 289371520
L 8 27 185935154
L 38 33 16013814
L 45 32 56218190
L 38 15 59035881
L 50 32 238346290
L 43 4 49713
L 44 3 260480790
L 57 74 358462853
L 65 15 170293266
L 59 69 47241425
L 26 43 16205757
L 23 60 290532456
G 26 34 1
L 69 62 591785386
L 61 22 48521340
L 9 5 4340560
L 31 4 951774
L 16 3 388380078
L 66 59 22209605
L 21 48 309862673
L 18 56 42130284
L 46 4 2103933
L 77 9 61656560
L 26 33 142353654
L 69 60 565859525
L 20 33 43955736
L 40 12 5798484
L 14 6 8131773
L 5 51 153961820
L 29 21 98399396
