146 58
G 83 127 1
G 109 31 6
G 133 98 1
G 134 41 1
G 63 7 2
G 83 106 1
G 84 40 1
G 86 131 1
G 55 39 7
G 22 109 3
G 87 23 10
G 34 143 3
L 60 18 468497970
G 11 12 1
G 31 129 2
G 52 44 1
G 127 21 1
G 110 88 1
G 7 14 1
L 127 4 48111
L 58 61 230698404
L 55 49 404173
G 66 115 1
G 90 35 5
G 27 18 5
G 116 38 1
G 6 88 2
L 27 111 81313375
G 136 26 115
G 123 91 3
G 49 62 1
G 39 1 2
G 132 96 1
L 51 57 355508076
G 51 134 3
G 116 92 1
L 19 85 4761099
G 103 139 1
G 49 39 7
L 126 77 43784515
L 83 88 227321810
L 8 59 2375325
G 119 123 13
G 144 37 1
L 23 36 282446270
G 98 117 5
G 55 70 1
G 3 52 1
G 140 125 3
G 113 83 1
G 122 1 26
G 41 64 1
G 61 138 4
G 120 52 1
G 129 44 2
L 63 121 1726452
G 97 40 1
G 27 88 1
