172 122
L 12 150 327590106
L 78 10 56802801
G 128 59 1
G 79 139 1
G 81 10 3
L 25 124 871396974
L 115 109 313360608
G 62 97 1
G 102 156 1
G 90 72 7
G 5 88 1
G 51 47 33
G 12 67 2
G 72 32 6
L 164 92 210452418
G 45 14 1
L 37 24 595191956
G 152 25 1
L 53 38 153803250
L 163 95 71564776
L 166 73 42543725
G 111 39 1
G 137 162 33
L 148 118 26103
G 137 76 96
G 98 80 8
G 118 87 1
G 166 136 7
L 9 114 52937031
G 50 163 2
G 148 16 1
L 1 19 26776785
G 12 81 6
L 164 19 173605530
L 24 106 122876819
G 53 56 1
L 105 127 1522503
G 61 1 1
L 86 9 37136445
G 114 136 21
G 154 43 1
L 93 146 64473213
L 31 4 33739896
G 117 160 3
L 132 93 204662205
G 158 137 1
L 139 163 516042536
L 126 151 31009566
L 148 70 85611
L 164 60 203283114
G 151 56 2
G 141 136 7
G 40 166 1
L 59 161 92417083
L 94 118 85844066
G 161 24 1
L 47 137 6841824
G 51 139 1
G 32 148 1
L 72 124 49046956
G 166 16 1
L 90 13 160511981
L 155 50 17478840
G 127 27 1
G 60 143 1
L 119 66 559748679
G 90 128 7
G 25 143 1
G 88 2 1
G 111 2 2
L 167 140 26102885
L 150 145 449520445
L 132 53 9887625
G 65 88 1
G 48 101 1
L 100 162 1948716
L 32 124 13282318
L 10 105 616869
L 20 47 514380768
L 62 123 3231675
G 96 52 2
L 145 168 41160570
L 91 125 21546
G 152 128 14
L 30 98 82769760
L 32 10 992739
L 120 113 67722654
L 27 100 11005280
G 135 29 10
L 88 133 559526516
L 21 167 175651660
L 69 157 6927444
G 52 30 1
G 93 72 1
G 77 85 1
G 148 166 1
L 85 90 99778630
L 81 149 19977990
G 13 6 1
G 70 65 1
L 121 16 160470270
L 125 162 118503
G 140 8 1
L 155 142 23915320
G 8 68 1
G 70 120 1
G 36 71 5
G 151 16 1
G 53 152 17
G 98 58 4
L 96 163 65273632
L 70 31 299296056
L 131 141 123625362
L 66 169 258035649
G 124 57 2
G 141 65 1
G 94 132 1
G 50 120 1
G 114 82 1
L 94 162 129905622
L 46 14 212380504
G 57 154 1
