182 139
G 133 157 1
G 166 23 2
L 84 111 13836460
L 34 12 188667696
G 69 175 1
L 35 39 53984951
G 67 86 3
L 91 137 7772121
L 88 114 171627840
G 91 22 1
G 5 115 9
G 180 158 1
G 125 82 1
G 97 67 1
G 166 114 10
L 38 133 166325815
L 149 180 246462736
G 181 64 2
G 95 90 4
G 0 172 1
G 90 100 4
G 74 127 1
G 46 81 1
L 154 91 4326273
L 87 139 119120889
G 141 0 1
G 80 22 1
G 33 129 1
G 28 90 2
L 117 64 1037036
L 38 173 28659340
L 100 18 587541752
L 99 59 41289538
L 58 29 278929178
L 181 78 10753240
G 20 52 1
G 45 32 1
G 19 37 6
G 154 125 1
G 8 102 3
G 159 10 1
L 10 34 156549072
G 166 89 10
G 155 169 1
L 94 165 3917364
L 22 114 76595520
G 102 11 1
G 94 154 3
G 37 43 2
G 39 100 1
G 103 133 1
L 40 167 185265262
G 170 98 1
G 31 49 1
L 74 128 12321780
G 85 119 5
L 144 64 5873140
G 25 27 14
G 122 42 1
G 149 7 1
L 105 168 80428920
G 139 151 1
G 11 24 2
G 112 77 8
G 44 5 1
L 152 163 57084274
G 78 16 2
L 31 61 1101345
G 5 36 3
L 19 166 100236660
G 24 45 2
L 101 70 37141632
G 46 43 1
G 84 59 1
L 38 57 246294940
G 135 134 2
L 20 55 354097847
G 164 144 1
L 62 113 111136788
L 1 29 412170
G 96 59 1
G 152 21 13
G 133 79 1
G 59 0 1
L 24 179 295424610
L 169 38 12416390
G 106 26 1
G 31 3 3
L 80 53 523195277
G 142 99 1
G 138 74 1
G 136 144 7
G 137 133 1
G 170 36 4
G 37 93 2
G 27 86 1
L 181 128 116304780
L 145 47 109907077
L 37 25 4298994
G 65 5 3
G 34 86 3
G 62 147 9
L 21 125 174813106
G 53 115 1
G 73 165 4
G 74 103 1
G 146 94 3
G 139 14 1
L 31 86 1433355
G 157 1 3
L 176 34 23259120
G 63 102 1
G 29 4 2
G 140 32 1
L 71 140 61075336
G 69 131 2
G 9 67 1
G 73 66 5
L 86 177 55578039
G 45 156 1
G 85 73 5
G 174 93 2
G 84 90 4
G 31 100 7
G 133 142 1
G 125 174 2
L 28 98 266389018
G 8 159 1
G 92 33 2
G 127 129 3
L 74 53 27091427
G 152 161 1
L 177 71 354393631
L 8 12 45665718
G 33 123 2
L 94 52 21728091
G 131 164 1
G 122 92 2
L 34 91 21108528
