52 114
L 29 42 158301318
L 10 8 18016912
G 38 40 1
L 36 42 174387549
L 29 17 153482910
L 33 13 92680005
G 41 2 7
G 18 27 1
G 28 21 1
L 26 43 270085550
G 16 32 1
L 12 3 207408110
G 22 16 1
G 31 51 1
L 9 44 722126
G 25 3 1
G 4 19 1
G 15 35 1
G 35 26 5
L 41 4 1933659
G 29 5 1
G 9 30 2
G 46 17 15
L 46 11 195964650
L 16 8 75242544
L 25 51 24206766
L 40 30 1459380
L 28 39 19574713
L 23 19 327129433
G 16 35 41
L 34 46 9081450
L 42 8 31646544
G 14 32 1
G 1 29 2
L 8 49 46936976
G 13 14 11
G 32 0 1
L 50 37 577761977
L 26 16 765881025
L 0 2 733178075
L 34 38 7440062
L 7 16 128031930
L 2 20 304047975
L 12 40 792499470
G 20 2 1
G 0 22 1
L 38 20 41260989
G 25 7 1
L 10 23 128572277
L 29 8 19162864
L 28 20 16510791
L 17 8 30683280
L 11 39 262053469
G 22 3 1
G 17 46 15
G 39 25 1
L 46 12 19060650
L 25 23 198734933
L 22 37 42801967
G 22 30 1
L 19 5 433947883
G 9 32 2
L 15 30 882804
G 15 35 1
L 38 13 12135585
G 30 51 6
L 48 43 234962446
G 48 47 1
G 7 35 5
L 51 36 36698718
G 35 21 1
L 4 34 13613526
G 3 0 1
L 26 4 199563525
L 8 27 16793456
G 11 21 1
L 36 25 153460433
G 9 43 2
G 38 11 1
G 5 15 1
L 16 44 3642522
G 51 17 3
G 5 8 1
L 41 36 5353803
L 38 42 44257143
L 41 22 4071249
L 19 45 15915121
L 16 44 3642522
L 20 4 25165899
G 51 29 2
L 0 49 435845771
L 1 21 3711246
L 26 37 727788425
L 33 46 279370350
L 33 17 327705855
G 44 5 1
L 38 12 15615614
L 49 44 2272238
L 20 6 250049481
G 16 36 1
G 31 36 1
G 21 3 1
L 1 16 165653202
L 13 11 65010495
L 9 32 102391000
L 39 14 242845229
G 34 17 1
L 32 1 173679000
G 43 49 1
L 40 4 66261465
L 9 21 6563802
G 16 39 1
G 21 40 3
L 50 44 2997178
