177 143
G 71 70 1
G 78 1 1
G 29 60 1
G 101 27 2
G 126 72 1
G 60 159 1
G 22 38 1
G 7 5 1
L 15 26 11616870
L 138 113 108586180
G 72 67 1
L 2 118 4994380
G 100 67 1
G 67 34 1
G 148 163 1
G 45 140 1
G 42 89 1
G 45 150 1
L 29 164 101957060
G 21 6 1
G 67 115 2
G 120 45 1
G 86 119 1
G 156 105 20
G 161 17 1
L 27 157 243975490
G 71 63 73
L 6 42 683107029
G 95 64 1
G 122 77 1
G 12 146 1
G 16 176 1
G 27 49 1
G 29 77 1
G 166 98 1
G 69 65 3
G 106 176 177
L 91 174 772086
L 43 98 125730696
G 17 55 3
G 20 122 1
G 109 73 2
G 34 154 1
G 130 171 1
G 165 6 1
G 65 42 3
G 40 12 1
G 111 106 4
L 151 175 20220871
G 70 15 1
G 82 22 8
G 142 69 1
G 126 6 1
L 96 7 58469736
L 28 110 79052946
G 142 72 1
G 25 70 1
G 103 1 1
G 1 83 1
G 81 42 11
G 13 149 1
G 48 169 3
G 160 1 7
L 85 116 598600205
G 175 63 1
G 115 120 3
G 102 137 1
G 115 48 15
G 113 52 86
G 149 175 1
G 148 126 1
L 8 169 157831254
L 139 138 554885155
L 119 47 39876480
G 90 163 1
G 83 116 1
L 173 19 7102407
G 157 56 1
G 3 101 2
G 82 66 1
L 103 158 379350397
G 86 11 1
L 151 170 128069942
G 77 175 1
L 92 174 2540202
L 22 6 417554504
G 140 82 4
L 162 142 464865128
G 2 142 1
G 151 165 1
G 124 10 1
G 10 44 2
L 31 114 475936893
L 144 13 57047573
L 39 40 30490276
G 1 18 3
G 38 168 1
G 25 41 1
L 59 168 12670077
L 47 163 241231032
G 48 105 5
G 33 102 1
L 173 28 8061123
L 43 135 248196312
G 57 127 1
G 5 6 1
G 152 91 2
L 49 69 146447205
G 42 82 1
G 22 58 4
L 14 35 312408304
G 149 172 1
G 30 147 1
L 11 2 258550805
G 136 121 2
G 96 19 13
L 5 49 33477125
G 8 41 2
L 42 149 43685829
G 133 4 2
G 66 122 1
G 139 52 1
G 104 174 3
G 140 16 1
G 150 77 1
L 149 100 25665127
G 172 173 1
L 112 146 157008576
L 157 122 215994955
L 39 13 347377844
L 170 48 60914490
G 64 143 1
G 137 76 1
G 163 117 1
L 122 100 163928815
G 70 55 7
G 83 132 1
L 154 19 127728913
G 62 120 1
L 4 95 327454750
L 14 39 50646544
G 33 123 1
G 143 139 1
