71 112
L 33 61 34584001
L 28 48 422427524
G 47 69 1
G 22 57 1
G 43 13 2
G 14 70 1
G 46 66 1
L 58 37 13424433
G 53 42 2
G 68 3 1
L 44 27 90423828
L 60 44 81394749
L 69 68 17734893
G 62 46 1
G 19 64 7
G 37 40 1
L 33 35 546826186
G 18 47 1
G 70 63 1
L 69 48 347294156
L 70 37 1089211
L 33 53 8966954
G 53 48 2
G 17 40 1
G 20 5 4
G 29 37 1
L 67 62 45313267
L 10 44 22945554
G 15 26 1
L 37 29 3963268
G 14 56 1
G 63 47 1
L 22 0 408589258
G 58 28 1
G 47 0 1
G 20 40 1
G 39 27 1
L 34 10 37200504
G 70 53 1
G 30 39 1
L 30 37 9230521
G 65 63 1
G 67 70 1
G 33 66 1
L 24 62 121676947
L 68 51 441089616
L 34 39 16017672
G 39 38 3
G 3 2 10
G 70 0 1
G 46 34 3
G 52 60 1
L 42 17 614413098
L 27 30 450672772
G 53 54 1
G 45 58 1
L 54 7 20950110
L 44 19 61733133
G 7 10 6
G 29 34 4
G 34 8 2
G 46 36 1
L 26 14 20585302
G 23 9 4
G 22 67 1
G 39 49 1
G 5 70 1
G 25 38 1
G 1 34 2
G 37 67 1
L 59 36 541777590
G 17 15 1
G 43 27 4
G 22 45 1
L 11 46 89062092
L 31 2 27017270
G 55 10 1
L 7 8 16062030
G 32 42 1
G 69 52 1
L 34 59 55000440
L 56 12 17497845
L 31 25 218453926
G 36 24 1
G 68 42 3
L 43 53 3861724
L 52 16 80334490
L 31 70 27403231
L 24 52 326365823
L 32 26 35052010
L 15 17 140461791
L 27 30 450672772
L 18 27 135751968
G 16 22 1
G 40 14 1
L 1 70 34076450
G 54 52 1
G 59 39 51
G 51 3 8
L 49 4 336142378
L 13 35 206952850
G 24 66 1
L 55 50 36547180
G 42 40 9
L 24 3 459476920
G 21 60 1
L 61 38 27919695
G 59 36 1
G 65 69 1
G 38 9 1
G 15 42 3
L 41 32 60278540
