102 115
G 71 33 1
G 52 77 1
G 39 25 1
G 45 14 1
L 57 31 71240535
L 5 3 11117960
G 91 40 2
G 31 69 1
G 1 3 2
L 96 23 5295234
G 63 28 1
G 53 95 1
G 2 28 1
L 85 1 594288042
G 63 52 2
G 83 29 1
L 58 16 1353726
L 20 101 2516703
G 97 64 1
G 87 92 1
G 92 33 1
L 65 88 460944978
G 6 23 1
G 77 92 1
G 82 57 15
L 22 14 384851035
G 91 72 6
L 67 101 8855426
L 48 99 311594496
G 6 67 1
L 53 62 395900505
G 49 14 1
L 15 42 1272960
L 88 29 261102084
L 86 71 212081430
G 41 85 1
G 49 63 2
L 61 33 338103101
G 54 85 3
L 76 70 390799122
L 35 71 107842345
L 79 18 233273560
L 72 46 6544992
G 96 26 1
G 70 67 2
G 60 62 9
L 53 99 510374410
G 44 74 6
G 30 97 1
G 66 101 1
L 94 33 511349237
G 36 17 2
L 42 14 22222720
L 90 43 197364817
G 20 68 3
L 0 11 176219442
L 44 90 457756914
G 42 71 5
G 18 37 1
G 61 37 1
G 32 24 1
L 38 88 20122224
G 9 28 59
G 8 55 1
G 94 39 1
G 77 50 1
G 53 73 1
G 70 27 1
G 34 97 1
G 56 33 1
G 98 38 2
L 1 81 418569502
G 28 71 1
L 98 66 27008366
L 60 9 23342760
G 17 75 1
G 3 89 8
G 75 11 1
L 14 69 339110160
L 76 51 85373107
G 40 81 1
L 18 56 3416140
G 83 6 1
L 33 94 511349237
G 29 23 1
G 3 64 8
G 56 60 4
G 64 71 1
G 2 57 1
G 58 89 1
L 22 79 716275352
G 76 92 1
L 24 69 99917520
L 59 27 241864927
G 33 50 1
G 68 60 3
G 58 75 1
L 18 40 34048780
L 91 7 1208844
G 34 78 1
G 80 71 5
G 57 21 3
L 15 33 34114104
L 44 23 612026562
G 92 95 1
L 36 75 532513008
G 93 79 1
L 18 65 159948555
L 61 18 113849435
G 85 60 3
G 45 97 1
L 49 88 393952036
G 20 14 1
G 50 80 5
G 87 39 1
