162 85
L 152 90 70646933
L 157 0 45486057
L 46 96 88517124
L 123 56 249909414
L 37 161 96938028
L 26 145 20264760
L 156 46 335232006
G 16 34 13
L 27 12 349921917
L 24 119 69481230
L 145 11 194945688
G 46 29 6
L 21 68 194710816
L 52 127 48620186
L 161 30 78144660
L 89 18 127363320
L 133 40 31997485
L 36 103 174494606
L 133 42 370707514
L 158 89 68141160
L 142 69 269062060
L 45 90 282123030
L 103 115 181084948
L 69 41 444536655
L 101 119 44092230
G 122 109 1
L 12 37 238805604
L 138 122 46245276
L 123 17 1783094
L 85 88 17675868
L 103 148 109274418
L 76 135 33976800
L 89 71 27480430
L 130 122 16529616
L 50 93 6409740
L 40 34 2109445
L 52 96 42088572
L 152 99 37845127
L 51 45 84228570
L 117 27 90602892
G 130 84 2
L 67 22 112855671
L 94 143 206503895
L 112 123 75568026
L 58 105 78078
L 54 26 2571970
L 93 132 3532434
G 150 11 1
L 97 9 454762935
L 119 147 408283330
L 30 161 78144660
L 25 89 108301435
L 150 129 1156164
L 112 151 24415026
L 33 146 761542958
G 18 16 8
L 160 65 480108768
L 76 108 106822430
L 7 68 317898784
L 160 47 14241824
L 2 19 353634178
L 159 44 217639157
L 50 117 6105420
L 87 134 113171112
G 152 14 1
L 0 97 94293903
L 146 156 697298426
L 52 119 64290590
L 87 130 3518352
L 95 111 1781274
L 106 19 4595224
G 110 14 5
L 46 70 26716182
L 38 36 118789710
L 161 71 66984588
L 147 105 376674298
L 83 1 87128910
G 64 35 1
L 38 34 240476730
G 117 39 12
L 79 67 12844647
L 123 133 727226098
L 77 157 72049219
L 89 76 15588430
L 120 113 270344880
