125 137
G 75 19 1
G 111 95 1
G 75 28 1
G 22 54 1
G 25 40 2
G 36 76 2
G 87 84 12
G 104 77 1
G 44 61 3
G 92 81 1
G 17 14 1
G 46 66 1
G 96 14 1
G 1 84 2
G 34 101 2
G 1 101 2
L 47 6 6537448
G 88 92 1
G 78 115 1
G 21 72 2
G 81 116 1
G 46 36 1
G 79 0 1
G 37 40 2
G 7 74 1
G 114 69 1
G 47 11 1
G 124 85 1
G 37 100 2
G 41 88 1
G 15 102 3
G 78 45 1
G 78 93 1
G 33 29 1
G 22 104 1
G 15 51 1
G 98 72 15
G 108 19 1
G 114 92 1
G 124 49 2
G 60 50 1
G 111 3 1
G 108 68 1
G 14 99 2
G 35 91 6
G 30 65 1
G 90 74 1
G 85 81 1
G 42 33 1
G 0 105 2
G 51 55 1
G 76 67 1
G 31 44 3
G 44 102 3
G 56 38 6
G 46 50 2
G 17 16 3
G 39 20 3
L 104 12 128532510
G 65 37 2
L 106 63 1607039
G 45 12 3
G 59 107 2
G 81 123 1
G 107 6 2
G 82 4 1
G 46 17 1
G 81 117 1
G 116 15 3
G 96 83 1
G 82 121 45
G 29 82 1
G 87 59 2
G 8 100 1
G 94 84 12
G 71 93 1
G 42 41 1
G 54 22 1
G 118 91 1
G 52 55 1
G 77 41 1
G 58 95 1
G 81 33 1
G 45 106 1
G 106 16 1
G 34 27 2
G 93 72 1
G 64 113 5
G 53 56 1
L 14 67 100788374
G 106 19 1
G 105 82 15
G 4 3 1
G 91 3 1
L 72 97 230782530
G 62 56 2
G 12 0 31
G 123 23 1
G 106 59 1
G 55 111 1
G 98 109 1
G 76 42 1
G 70 31 18
G 50 88 1
G 72 8 3
G 82 75 1
G 62 6 8
G 69 62 2
G 28 29 1
G 15 98 3
G 123 105 1
G 124 9 1
G 107 22 1
G 45 28 1
G 110 116 3
G 107 84 2
G 8 107 1
G 100 124 1
G 11 94 1
G 109 30 1
G 20 121 9
G 9 34 1
G 44 78 1
G 118 108 1
G 64 108 9
G 86 31 1
G 44 46 1
G 39 121 3
G 70 83 1
G 15 122 337
G 19 109 1
G 24 23 1
G 1 120 2
G 109 36 1
G 47 5 4
G 71 106 1
G 35 110 6
