32 38
G 8 11 1
G 26 25 1
G 27 17 3
L 5 24 19684404
G 28 13 1
G 15 2 1
L 30 21 185940216
L 15 29 163563277
L 24 16 24471936
L 16 7 21556608
L 14 4 297219480
L 21 3 8276400
L 23 19 38321423
G 22 8 1
G 6 26 1
G 6 13 1
L 22 15 500407528
G 0 28 1
G 12 24 12
L 18 27 48054039
G 16 3 16
G 27 10 33
L 9 19 65614928
L 23 4 184131185
L 20 15 5968519
L 12 5 15174804
G 11 10 11
L 15 4 408638855
L 2 13 176243138
G 3 7 12
L 10 9 89420496
G 0 7 2
L 13 22 287071864
G 28 12 1
L 30 0 53570930
L 14 17 12145800
L 2 15 307217126
L 10 6 65505462
