121 63
L 32 30 140249626
L 34 7 51595666
L 60 98 131138
L 19 18 213807786
G 33 117 6
G 108 36 3
L 12 70 588935568
L 66 98 6202607
G 104 47 1
L 98 44 268888
L 11 93 53347560
L 79 10 549436466
G 1 2 4
L 0 1 173217828
L 75 12 245856624
L 119 22 5838025
L 49 74 32948880
L 0 46 331488010
G 41 97 2
L 115 80 83015800
L 95 38 7303498
L 118 11 41897352
L 18 120 20503362
L 66 68 78292435
L 78 106 210452990
L 22 23 19566350
L 40 73 13015475
L 8 23 819970
L 105 97 12442780
L 108 76 43594524
G 88 13 2
L 22 26 52781325
L 51 106 23077010
G 28 44 1
G 10 72 1
L 83 76 13498812
L 99 22 231887150
L 56 107 144201145
L 78 69 713736
L 119 7 4855010
L 16 66 207511538
L 100 113 507761094
L 71 18 205715550
L 13 37 184103000
L 105 21 233316460
G 42 120 2
G 76 102 2
L 98 24 8359772
L 4 31 29575616
L 88 39 36942
L 12 78 290728464
L 111 64 36292
L 91 54 430218324
L 77 76 25120740
L 10 71 202113650
L 17 93 10530030
L 46 80 38641400
L 60 35 43171534
L 39 91 104896809
L 79 3 357221040
G 73 117 1
L 96 49 103001064
L 1 39 126858828
