102 158
G 62 89 10
G 78 52 2
G 73 2 3
G 33 43 1
G 88 30 1
G 8 41 1
G 100 94 1
L 18 16 1996275
G 26 40 1
G 44 81 1
G 32 2 9
L 85 42 32442752
L 42 8 9463217
G 22 7 1
G 37 84 1
G 10 83 1
G 47 98 1
L 73 14 731424
G 52 59 1
L 65 72 334630274
L 23 95 94431634
G 70 69 1
L 83 47 44557042
G 49 89 2
G 65 33 1
L 100 22 54317901
L 11 95 15627864
L 10 5 269839983
L 0 24 27348513
G 6 65 2
G 23 73 19
L 24 95 109155846
G 35 2 9
G 88 9 1
G 65 87 1
G 2 87 1
L 64 35 1038960
G 14 30 16
G 62 9 1
L 60 49 397948404
L 4 74 406396568
G 95 44 1
L 29 96 333205360
G 87 42 1
L 41 13 357893085
L 50 43 16308678
L 91 36 270541551
L 61 27 103775022
G 9 87 1
G 56 37 1
G 8 13 1
G 15 63 1
G 9 62 1
L 38 56 249838316
G 23 88 19
G 0 60 1
G 31 55 1
L 41 52 424181406
G 83 76 1
G 16 24 1
L 22 1 113263392
G 33 32 1
L 90 1 132081760
L 0 82 90196155
G 30 34 16
L 16 73 24571275
G 31 88 1
G 31 92 2
L 72 3 117210632
G 68 15 1
L 59 52 266138814
G 47 91 1
G 31 91 1
G 79 56 1
L 17 68 265442744
G 7 49 1
G 18 65 1
G 66 39 1
L 94 77 102974542
G 1 25 1
L 36 58 398134037
G 25 16 25
L 39 62 105918730
G 80 92 1
G 93 45 1
L 51 27 234103064
G 10 92 1
G 2 13 1
G 94 92 2
G 78 85 4
L 36 82 26507565
G 63 27 1
G 78 86 4
L 68 12 340130056
G 34 79 2
G 5 96 41
G 64 49 4
L 17 41 335842584
G 4 54 1
G 17 8 1
G 42 62 1
L 91 96 401615664
G 70 0 1
G 39 6 1
L 50 81 9648533
G 79 11 2
L 10 0 61988631
G 23 62 38
G 29 16 5
G 55 11 7
G 81 74 1
G 2 38 1
G 17 90 2
G 11 85 8
G 6 48 2
G 89 43 2
G 80 24 1
G 94 23 374
G 77 79 1
L 60 28 73348356
L 75 51 239251864
G 14 82 3
G 79 29 29
G 55 75 1
L 55 96 443995888
G 33 53 29
L 14 65 26099616
L 59 55 312364731
L 75 101 21152006
G 45 20 1
G 89 2 1
L 64 31 21681556
G 87 63 1
L 8 19 7079482
L 3 52 93233224
G 99 29 5
G 38 69 2
G 57 1 8
G 51 23 2
G 81 7 1
G 68 79 67
G 46 21 1
G 92 87 1
G 47 4 1
G 53 78 6
L 89 14 3930720
L 32 62 46534230
G 4 26 1
G 34 21 1
L 53 41 99193050
L 72 34 163889088
G 58 20 1
L 79 33 1138598
G 64 73 1
G 51 52 2
G 72 47 2
G 52 60 1
L 98 25 8239475
