97 80
L 23 60 13122906
L 24 45 9730008
L 40 6 146439496
L 81 47 250263310
L 43 54 97399217
L 24 5 1149318
L 81 89 64922990
L 64 69 579929953
L 70 28 3816358
L 92 51 607203515
L 48 46 10726584
L 69 13 272018838
G 42 87 29
L 66 55 1564484
L 24 60 1716138
L 41 24 1881963
L 54 80 587500708
L 38 86 432205485
L 2 74 20619578
L 56 77 374241752
L 88 76 15407388
L 59 49 22967352
G 83 20 1
L 91 83 50008766
L 28 72 2279641
L 81 43 32161690
L 76 11 44425756
L 87 13 37510746
L 61 53 105924
L 73 23 2314722
L 94 60 8728682
L 32 48 10028436
L 48 63 657558
L 76 12 17107252
L 67 93 12469864
L 95 2 191804494
L 31 55 59928
L 89 94 45827114
L 50 48 549318
G 18 34 2
L 87 67 79645368
L 35 86 805561895
L 52 34 47129614
L 3 44 19389370
L 77 12 145352104
L 41 89 46633982
L 95 30 386463994
L 58 18 17808646
L 51 84 650130584
L 76 19 43463764
L 38 94 88973670
G 20 92 1
L 8 13 44367414
L 57 5 74293974
L 81 44 9063670
L 58 54 79529974
L 78 8 6020232
L 51 41 77397679
L 9 64 437390501
L 57 6 92345582
L 32 76 9583716
L 18 26 314768702
L 63 24 2002563
L 57 61 8822247
L 22 18 48428674
G 21 70 2
L 19 42 119172397
L 55 16 9827284
L 82 5 134024202
L 68 49 20144328
L 26 6 569446654
L 44 91 13256530
L 1 37 813450
L 53 57 675636
L 1 63 25405650
L 13 77 91974792
L 3 84 243677720
L 39 62 2079320
L 16 38 156987615
L 17 12 269478911
