74 189
L 60 51 170571060
L 49 31 15322460
L 47 58 310947446
L 57 4 277771885
L 15 48 22552210
L 54 27 522355734
G 14 52 1
L 69 24 40801466
L 42 61 374688336
L 6 42 43571504
L 67 40 588514311
L 25 39 99157324
L 3 16 182843640
L 35 69 186801242
L 36 60 295013356
L 12 50 79097268
L 23 11 560480
G 39 23 2
L 28 5 632083530
L 70 48 376684902
L 60 9 166438492
L 18 19 4584636
G 38 40 9
L 65 14 495183330
L 48 24 57123866
L 36 37 152961105
L 15 4 10058905
G 41 56 1
L 64 16 116289705
L 21 33 255990
G 57 68 1
G 49 24 2
L 62 24 86322826
L 15 18 6051990
L 27 42 401685712
L 15 24 4057930
L 31 28 174792540
L 7 10 76887300
L 20 25 89737996
L 61 35 467864562
L 35 50 133640004
G 63 15 5
L 20 67 500078194
L 36 18 145781958
G 66 19 6
L 15 36 19295305
L 22 39 285575276
L 32 34 130162802
L 48 71 11641476
L 51 26 196909605
L 36 22 451272988
L 3 16 182843640
L 26 15 14138315
L 44 24 56960642
L 38 66 143977158
L 51 72 61876260
L 62 14 327661190
L 64 63 403488750
G 12 3 2
L 67 8 25313750
L 67 16 415854285
L 44 51 313195590
L 37 42 117947280
L 11 48 14236870
L 41 21 9585156
L 32 52 20974701
L 52 18 10825962
L 21 67 6439818
L 26 34 470845382
L 16 5 120150285
L 34 10 105066150
L 24 20 55981298
G 34 19 14
G 40 43 9
L 30 42 67177584
L 37 46 126227145
L 72 35 257606780
G 9 69 1
L 65 29 2618343
L 6 26 41403937
L 73 14 489572870
L 36 27 520930117
L 42 16 341373840
L 11 13 8234310
L 26 66 430025934
L 68 12 121004814
L 68 15 17629710
L 29 32 3576573
L 42 57 410862160
L 23 20 61241120
G 9 7 2
L 0 48 319661828
L 7 12 95707940
L 4 24 50957626
L 69 14 154872790
L 36 52 103547877
L 37 5 41512845
L 55 11 24691630
L 5 64 497013195
L 4 5 328796945
L 1 14 28843960
L 23 70 74147040
G 50 0 4
G 59 63 95
L 51 63 59208750
L 24 41 19523404
L 66 29 571662
L 4 34 334989634
L 65 47 667130778
L 50 17 221196804
L 57 20 610312210
L 59 38 197464815
L 29 8 1023750
L 37 1 23782440
L 16 15 3675765
L 0 72 157433260
L 0 67 513808372
L 5 37 41512845
L 43 15 5670720
L 9 29 19922994
L 13 8 9108750
L 27 51 301191795
L 61 58 604541058
G 39 32 1
L 61 64 127638357
L 42 63 197410000
L 1 68 165069240
L 51 35 258748470
L 36 71 19920516
L 16 43 43369920
L 46 16 365338185
L 6 63 62248750
L 66 40 263699514
L 23 22 25955680
L 57 40 718242615
G 59 44 1
L 22 56 169946908
L 59 55 271935695
L 32 16 89676345
L 1 73 476771720
L 35 40 603248238
L 58 10 661832850
L 49 45 4102404
L 36 8 26948750
L 31 16 66451260
L 5 54 632434590
L 5 29 23959845
L 7 9 189499540
L 11 47 13100090
L 65 70 95583906
G 19 33 7
L 30 54 9706482
L 68 59 245141610
L 57 21 55015590
L 29 36 17656821
L 43 33 5100480
L 1 41 36084280
L 43 66 28746432
L 62 54 411585102
L 39 49 51679684
L 62 6 49901219
G 71 35 2
L 34 23 73918880
L 49 15 3390260
G 54 67 1
L 23 73 141097120
L 32 11 4934710
L 47 40 673808346
G 44 8 2
L 44 35 260782754
L 14 70 257272290
L 69 46 160101209
L 23 5 29020960
G 23 13 2
L 9 50 156610788
G 46 68 1
L 41 45 9326796
L 71 4 10384836
L 15 56 7266505
L 69 11 10168870
L 26 44 396915422
G 45 49 2
L 62 42 316504336
L 12 55 268461386
L 18 51 28096110
L 32 73 124228049
L 17 34 512037274
L 8 29 1023750
G 60 38 1
