197 142
G 154 83 1
G 2 189 1
G 139 33 1
G 32 40 1
G 112 76 1
G 22 158 1
L 0 20 286054314
L 84 17 525770005
L 121 77 125067908
G 53 119 1
G 54 105 1
G 23 36 1
G 94 137 1
L 136 32 109408260
G 70 29 1
G 27 142 1
G 187 189 1
G 46 83 1
L 11 1 396354427
L 39 119 2858415
L 60 161 147491490
L 10 129 29817216
G 114 2 3
G 84 8 1
G 93 18 1
G 188 192 1
G 126 121 2
G 1 57 1
G 135 41 1
G 152 161 1
G 162 161 5
L 44 57 4304350
L 143 95 498989022
G 22 20 2
G 159 155 3
L 157 119 8765806
G 138 110 1
G 126 143 1
G 13 42 1
G 183 151 1
G 14 63 23
G 36 73 11
G 54 15 1
G 42 30 3
L 107 177 1782976
G 11 79 1
G 69 119 1
G 110 73 1
G 191 150 1
G 150 80 1
G 19 3 1
G 172 21 6
G 16 162 1
G 115 30 3
G 192 185 1
G 143 69 1
L 46 183 545098478
G 71 183 1
G 131 78 1
L 7 32 253024720
G 79 112 1
G 122 115 3
G 192 38 1
G 70 154 1
G 100 132 2
L 122 73 40045005
L 4 5 115391565
L 18 19 368777239
G 130 28 1
G 41 33 1
G 184 10 1
G 50 185 1
L 89 91 71207030
G 69 156 2
G 85 59 3
G 93 193 16
G 168 190 3
G 54 96 4
G 71 132 2
G 16 187 3
G 163 146 1
G 68 150 8
G 192 167 1
G 81 194 1
G 115 51 2
G 71 88 2
G 80 49 1
G 29 157 2
G 177 14 1
G 196 166 1
G 6 67 1
L 18 104 139576
G 20 188 2
G 22 141 1
L 169 78 321827922
G 129 113 1
G 26 140 2
L 68 146 67744160
G 146 82 1
L 127 63 43135764
L 191 128 211332240
G 52 38 26
G 146 185 1
G 81 136 1
G 31 138 1
G 61 141 3
G 93 79 1
G 47 17 1
G 4 151 1
G 141 77 1
L 176 107 641927078
G 194 77 1
L 10 7 25276288
G 193 53 4
G 99 91 1
G 126 103 1
G 188 20 2
G 17 28 1
G 168 153 3
G 196 46 1
G 113 126 1
G 143 37 1
G 139 116 1
G 46 124 2
G 37 39 1
G 75 43 30
G 194 192 1
G 39 165 1
G 132 25 4
G 155 156 1
G 107 136 1
G 33 111 1
G 77 172 2
L 155 188 17881626
G 189 109 1
G 0 56 1
G 128 9 1
G 55 42 69
G 191 154 1
G 120 108 3
L 115 158 504040740
G 188 162 7
