169 65
L 93 67 414223887
L 149 76 9971384
L 24 22 2698087
L 158 4 179690115
L 31 120 550672
L 88 13 219503040
L 148 58 178061796
L 130 82 1127406
L 71 53 32310752
L 87 1 29339640
L 145 104 212884785
L 162 25 186691586
L 62 55 11636528
L 10 126 116302514
L 161 82 1117932
L 66 166 18468466
L 154 97 478263093
L 42 81 6387310
L 155 159 299628663
L 79 72 131730586
L 73 69 7511994
L 69 110 23610258
L 62 53 84280096
L 96 53 78097248
L 158 22 112012915
L 122 95 54372164
L 68 76 52165768
L 138 12 22344300
L 128 35 444850855
L 107 98 112598968
L 65 123 165471180
L 68 119 353710716
L 81 129 121317006
L 109 91 127228800
L 35 137 627251387
L 93 114 93411345
G 125 51 1
L 22 35 199667839
L 53 127 317891488
L 83 10 27560850
L 36 83 70924200
L 7 12 38865540
L 149 39 289511768
G 141 42 1
L 123 77 218973252
L 102 63 448661990
L 151 56 1871532
L 31 18 8115908
L 115 156 152347548
L 107 132 11273306
L 74 141 275851982
L 164 150 390433260
L 150 98 344427288
L 35 142 140602180
L 23 105 273331938
G 2 29 1
L 114 62 76753070
L 93 166 23133702
L 112 5 704240936
L 21 155 121726518
L 107 113 10995544
L 35 161 15037212
G 105 164 2
L 168 45 274255762
L 103 54 181605791
