89 63
G 58 38 6
G 25 13 2
G 52 38 74
G 33 26 1
G 73 4 7
G 34 0 1
G 28 57 1
G 32 3 11
G 18 24 1
L 5 4 12630051
G 66 39 11
G 54 66 1
G 12 21 1
G 86 7 1
G 18 88 1
G 24 67 3
G 72 79 1
G 11 87 1
L 69 67 330372
G 29 43 1
G 3 34 1
G 45 7 2
G 40 48 3
G 79 64 1
G 26 15 4
G 62 76 3
G 62 36 1
G 70 10 4
G 21 83 1
G 1 82 1
G 76 56 1
G 55 70 4
G 3 56 1
G 10 87 2
G 57 2 1
G 8 49 1
G 68 50 1
G 20 81 2
G 27 46 1
G 72 7 16
G 24 77 1
G 15 82 1
G 50 41 1
G 87 65 1
G 15 76 3
G 59 74 1
G 44 49 1
G 34 29 1
G 17 84 1
G 3 78 11
G 62 58 3
G 1 86 1
G 46 79 1
G 84 38 74
G 17 75 5
G 86 1 1
G 47 88 1
G 9 8 9
G 12 13 4
G 30 2 1
G 77 21 1
G 74 5 1
G 31 32 1
