79 114
G 2 11 1
G 34 59 1
G 11 26 3
G 22 24 1
L 36 28 31651074
G 65 16 4
G 73 8 1
G 70 73 1
G 14 3 1
L 51 66 23012220
G 12 14 1
G 16 51 1
G 54 0 1
G 71 50 1
G 73 12 1
L 27 25 24438920
G 72 24 1
L 36 3 298606014
G 69 2 1
G 36 61 6
G 55 7 1
G 44 27 1
G 62 24 1
G 53 15 1
L 28 17 558275822
G 1 56 1
G 76 40 1
G 40 24 1
G 19 10 1
G 48 69 3
G 74 23 2
G 2 57 1
G 38 65 1
L 10 37 252830085
L 72 55 443642591
L 12 49 14745614
G 20 41 1
L 45 58 338712696
G 61 2 1
G 22 5 1
G 48 74 2
G 2 21 1
G 38 50 1
G 57 72 1
G 78 2 1
G 17 46 2
G 15 36 1
G 25 78 1
G 3 74 2
G 45 75 1
G 5 65 1
L 36 59 65779938
L 37 27 755542920
L 21 59 43841080
G 54 11 3
G 33 52 2
G 6 32 1
L 13 68 15631153
G 77 55 1
G 34 2 1
L 24 18 87357331
L 9 55 357704327
G 55 43 1
G 1 57 1
L 62 46 62370742
G 33 5 1
G 23 7 2
L 24 26 105006420
G 26 45 1
L 10 39 11423670
G 71 5 1
G 26 22 5
L 11 25 659055
G 12 10 1
G 4 51 1
G 4 42 1
G 27 78 8
L 58 28 327563496
G 22 58 1
L 34 6 134459985
L 69 51 12952065
L 47 1 361897088
G 30 37 1
G 43 18 1
G 57 34 1
G 24 43 1
G 6 0 1
G 44 12 1
G 13 5 1
G 0 37 1
L 73 75 34325223
G 77 9 1
G 72 23 1
L 36 25 89308170
G 51 67 1
G 9 77 1
L 30 71 431600985
L 54 14 813085875
G 69 36 3
G 78 68 1
L 22 15 27907085
G 28 15 1
G 62 26 2
G 18 71 1
G 10 52 1
G 67 17 1
G 64 25 1
G 47 4 1
G 9 33 1
G 35 15 1
G 39 53 1
L 71 26 20755260
L 7 25 80263780
G 37 30 1
