40 40 5 3
1011110011matrix000010110001111000111010
1111010010101001000111010101110101010010
1000001101000010000110001110100010011101
0111111111101101011001011100010101010111
1000101000001011111001101101011111001101
0011100000001110010101010011001000111001
0011000010111001000001000001000001100111
1010011110111001000000000110101000110001
0110111110110110100000010100000011010001
0000111001001110010010111101100100000100
0100000010111000100100011011111001001011
0001000100000111100101101110101101101111
1001111001101000110010011111010110000100
1000000000010010101111000100010110110110
0000010011111011101111101011010010011110
0111110011100001111101111110000110001100
0001000111000111101110000111011011101010
1000101001011001110101000101111110110010
1100001111110110011011101011011001001000
1100010010001100101010010001000010011010
0001111110101111110010000010010111000011
0011100101111100110100011101110101110100
0110010110110110011100101001101001000001
0110000110010101101100101110111100100011
0010111110011100010100000101100101110101
1010111101001000001101101001101110101001
0011111110000101000111001000001010001111
0110111101011110111100011010101110100010
0011101010111100110110010010010011101101
1100110001101011000010100001100101110010
1100111101110000101010111101111000011101
1011011110000111010110110111111010101010
0111100101111001010111101000001010100000
1110101111001110111110010110111000000110
1000110111001011010101011010000100100111
1110010000101110000010111011100001100100
1110100111101010011111011111010111101110
0000000010101100010010101000011011011110
1010011001111010110101111000111000001101
0111001100001100101000000101000101000010
