962 9382
757 547
909 786
539 382
284 909
475 539
693 305
322 562
53 693
298 165
347 322
366 217
878 347
74 546
129 74
700 162
397 366
598 475
198 134
744 598
139 397
187 129
191 12
871 284
590 878
245 161
555 298
149 213
584 405
908 149
168 191
458 281
709 168
401 198
275 401
18 604
742 57
735 623
723 245
335 871
133 830
120 301
838 395
117 584
355 187
515 117
913 660
828 709
921 742
676 678
229 687
112 943
601 120
587 938
212 587
361 664
44 825
589 53
665 79
925 229
69 690
220 908
78 515
862 220
41 40
376 78
560 744
157 275
717 838
169 426
267 828
70 41
136 88
794 913
375 139
222 375
514 314
481 596
495 862
3 21
848 850
537 469
568 267
122 277
726 355
201 133
240 751
296 44
96 297
668 65
800 794
703 175
250 201
692 296
211 848
477 381
81 458
880 81
683 69
727 632
721 428
470 723
762 688
892 780
343 335
332 762
153 392
446 222
173 537
384 726
294 30
228 330
137 757
362 676
517 661
108 644
548 108
58 465
307 328
885 211
242 514
533 699
468 923
480 132
290 75
33 478
473 167
26 566
462 287
404 954
95 326
114 172
778 885
489 409
60 169
897 634
904 727
388 225
552 163
453 920
51 545
791 800
519 114
881 948
961 26
317 231
808 27
612 112
237 627
924 150
790 799
373 782
50 922
441 667
236 450
673 393
472 929
513 544
243 519
645 466
67 472
304 104
839 897
812 880
316 481
399 597
342 417
210 470
859 835
94 130
295 611
61 29
734 98
205 255
949 56
600 317
263 498
731 703
48 302
398 548
893 343
740 591
868 199
594 812
325 432
655 494
360 246
115 295
781 495
745 706
955 18
215 555
451 761
772 237
907 376
957 924
663 332
658 914
626 290
454 361
170 552
686 477
338 796
579 207
953 542
1 84
429 600
258 719
685 668
312 846
912 642
500 721
754 420
135 955
746 325
439 832
870 308
903 51
915 601
147 137
867 869
802 737
595 917
154 462
219 215
573 146
374 101
138 745
327 512
947 43
531 953
400 803
32 691
820 166
209 480
882 655
226 619
805 823
810 843
774 329
711 186
16 226
524 248
486 524
148 67
203 242
743 912
279 658
822 863
768 39
732 921
491 581
464 765
235 711
815 488
85 136
145 931
183 235
164 203
930 629
4 834
741 243
402 261
421 468
377 942
883 205
919 856
176 882
613 408
156 961
872 312
849 7
511 500
66 464
736 621
9 236
152 870
418 720
622 774
126 586
704 683
73 530
184 273
616 151
588 872
159 904
926 418
679 341
461 847
801 244
894 489
90 473
669 421
941 372
83 439
92 404
192 274
826 868
756 680
518 45
479 659
873 891
412 747
671 365
603 595
631 113
724 791
615 147
276 307
379 603
321 815
391 70
111 16
845 731
434 766
313 434
196 135
543 907
715 901
617 442
577 903
82 241
758 792
283 60
905 958
653 228
435 771
602 701
501 947
14 735
54 202
356 705
285 14
651 415
710 388
888 61
841 740
787 892
836 927
103 952
363 77
413 253
194 174
819 138
777 97
180 313
364 128
824 775
911 270
889 739
124 384
540 121
80 957
854 354
783 827
578 772
844 373
549 122
528 316
675 854
140 144
15 461
502 484
776 783
359 233
423 444
318 309
438 48
131 536
204 549
523 356
654 180
291 318
557 594
471 695
520 210
266 541
368 679
729 142
593 636
47 781
264 502
876 756
861 790
788 944
369 819
689 798
352 568
155 578
339 89
406 390
509 386
25 748
331 497
681 532
8 239
448 504
750 826
620 363
353 754
449 577
816 657
585 50
831 585
99 526
864 391
858 155
310 291
383 700
68 327
857 204
507 609
806 716
160 571
712 447
916 59
694 11
20 370
336 438
443 47
933 33
280 456
71 223
10 413
646 613
837 140
459 833
935 451
879 23
785 681
358 52
410 702
221 579
496 268
49 810
592 358
63 824
650 103
483 440
455 406
188 842
254 520
510 777
427 845
649 85
430 707
899 32
306 589
749 886
320 831
896 652
31 402
445 58
5 694
635 849
6 160
534 331
87 454
396 807
324 867
784 718
884 534
910 557
698 839
559 776
666 896
422 492
107 280
256 143
877 930
503 10
467 531
738 656
72 710
759 106
906 467
351 403
898 1
582 617
818 866
575 518
521 561
618 2
249 553
238 164
100 675
76 529
490 926
918 176
936 509
567 141
37 148
315 449
178 935
851 457
371 829
725 876
753 430
299 583
932 362
572 123
614 353
357 950
262 385
416 476
323 446
860 179
902 522
288 618
13 631
769 763
158 669
576 764
247 858
102 34
452 666
110 238
349 653
206 400
563 82
224 725
733 560
433 212
214 671
865 769
348 92
730 219
200 925
795 185
527 178
624 232
960 608
265 962
380 889
643 256
485 588
487 865
182 814
887 125
292 729
789 593
344 214
728 616
195 490
227 738
193 713
55 928
171 294
714 197
216 760
116 960
127 371
257 293
387 463
482 614
804 119
945 289
38 471
431 278
177 894
580 264
505 177
46 377
853 93
821 443
389 802
813 686
535 936
797 898
674 20
499 805
892 869
959 282
584 326
786 661
176 246
232 493
555 396
838 56
777 769
848 293
923 338
665 115
431 28
789 565
29 536
898 123
724 504
909 225
290 750
84 83
47 850
113 843
880 227
180 175
242 746
921 948
168 726
527 628
838 558
473 107
317 676
884 64
897 443
765 357
555 277
672 269
468 444
733 670
362 64
214 334
314 500
697 456
625 739
908 31
567 805
660 136
263 881
104 895
409 218
891 91
758 340
132 107
942 83
90 916
225 532
347 730
284 175
227 509
306 416
517 670
330 386
911 947
296 932
941 437
580 569
317 193
729 291
770 803
857 953
465 107
540 310
904 816
25 610
663 580
878 857
767 337
585 304
60 777
498 934
589 549
285 337
12 610
666 155
156 393
44 181
883 123
90 889
695 820
892 722
29 265
383 822
384 922
560 928
905 5
810 17
757 464
907 254
322 482
120 296
933 20
457 244
133 672
574 526
814 331
784 696
846 859
865 705
627 484
925 710
770 492
369 534
153 817
913 612
368 244
956 816
756 775
298 214
409 209
809 804
790 959
498 450
797 340
80 799
800 678
322 527
862 341
121 713
82 195
300 647
191 227
87 142
928 364
224 185
717 574
465 239
137 13
395 933
735 251
949 239
698 769
496 151
750 847
480 235
332 944
577 890
406 345
558 111
376 195
83 953
288 667
733 577
752 941
454 822
326 559
844 790
876 6
312 681
429 506
296 507
814 642
143 262
483 575
321 230
135 202
201 674
86 76
322 386
814 810
241 736
404 151
615 489
217 668
935 645
810 611
321 463
520 875
81 108
687 738
591 148
214 722
938 226
434 47
528 737
153 863
807 404
815 484
505 573
343 170
374 252
865 252
750 68
478 404
75 176
175 613
836 508
961 333
909 236
664 76
925 6
940 182
370 286
343 139
26 522
389 239
850 745
121 457
398 919
102 90
706 331
869 293
219 737
849 341
676 372
770 118
90 46
259 42
449 334
857 471
758 722
475 449
438 23
24 640
322 270
838 773
955 518
554 151
99 564
172 867
880 892
266 66
878 34
582 805
270 559
263 186
684 146
229 92
330 346
692 64
296 551
117 905
615 524
218 684
441 264
360 939
74 237
514 637
640 507
135 110
734 211
192 351
566 380
316 912
30 874
39 852
933 344
706 351
96 805
358 573
182 268
354 926
624 32
321 534
498 247
700 386
644 166
147 66
395 273
253 410
263 595
494 153
238 288
145 776
733 180
850 958
845 867
514 806
549 835
727 716
397 920
323 628
896 346
213 151
309 252
665 416
126 327
480 350
653 42
79 912
883 824
813 315
802 184
108 13
907 870
650 951
683 188
446 541
218 702
878 947
104 272
909 314
789 11
733 96
267 259
297 917
405 279
896 402
294 132
863 402
856 214
568 122
935 714
413 945
635 895
12 474
769 592
869 268
69 426
478 578
75 116
281 961
81 220
120 864
729 851
72 939
775 538
398 2
918 79
435 798
859 720
521 211
322 127
587 413
421 293
189 463
758 95
124 30
549 132
830 879
412 167
270 430
803 625
75 729
896 516
340 344
391 657
619 795
514 38
443 628
200 790
2 958
525 11
53 219
323 495
435 52
184 339
20 423
910 280
648 931
808 257
399 824
306 206
196 373
356 372
376 339
531 739
798 930
458 307
313 260
21 736
191 889
433 582
862 665
112 887
698 925
956 402
874 606
624 818
146 512
937 38
503 333
870 225
388 776
640 668
485 41
243 665
848 216
669 920
581 946
54 743
908 795
894 421
601 610
297 492
446 610
815 202
747 761
693 389
150 902
217 33
901 890
898 637
553 463
212 618
263 847
223 818
958 282
589 614
352 303
857 626
743 569
903 516
612 807
50 847
577 414
547 41
462 887
21 624
758 622
733 546
204 951
864 279
587 552
395 740
660 2
248 613
699 257
150 199
454 888
917 729
942 140
521 424
539 26
143 205
910 807
578 390
721 639
642 118
688 714
922 502
284 800
439 22
98 110
619 295
256 842
925 835
792 43
139 870
960 532
757 665
431 341
791 407
804 544
930 675
515 927
869 476
494 195
828 265
308 445
880 478
26 309
790 858
78 655
95 593
397 189
56 673
99 720
87 455
489 428
305 115
70 944
449 787
721 473
216 100
397 520
53 64
207 184
604 13
446 272
398 820
891 327
65 188
933 333
541 270
623 235
511 625
100 502
831 169
133 553
777 293
177 627
528 593
717 644
245 507
156 418
421 722
461 531
584 200
155 944
636 29
549 186
113 524
251 418
169 407
814 436
886 425
187 646
929 457
791 583
568 403
541 900
477 436
439 765
233 107
393 173
957 930
133 318
355 675
937 430
79 550
588 377
18 265
87 722
638 951
601 950
754 875
84 72
644 619
721 575
343 387
838 591
693 464
175 728
715 646
587 459
572 941
858 855
281 50
652 860
458 325
904 17
706 241
439 901
164 753
848 820
177 693
885 138
568 260
322 561
918 142
90 912
914 810
878 738
503 247
904 486
768 235
731 289
359 420
652 372
933 776
615 631
513 716
654 559
742 8
399 202
636 474
416 852
688 402
901 403
860 713
738 459
383 662
242 641
685 743
343 687
794 19
579 424
399 404
194 553
536 459
756 552
336 333
400 29
100 286
466 345
108 720
621 504
31 899
774 403
59 346
308 765
765 77
549 643
718 128
316 731
809 833
18 667
927 174
159 486
254 438
528 438
332 348
604 100
692 216
828 571
872 13
792 84
272 100
749 261
113 501
491 935
791 257
557 556
212 687
213 652
217 415
847 273
10 697
428 906
693 28
84 736
177 433
745 91
297 501
180 834
883 901
871 642
265 423
220 524
124 861
362 41
927 338
909 40
313 887
137 239
405 288
81 428
153 875
267 865
43 479
346 492
566 338
868 535
520 251
545 440
892 172
826 209
27 46
894 587
515 148
844 269
468 778
896 851
296 898
10 916
655 190
86 866
79 832
686 829
923 854
236 900
710 93
204 259
614 84
248 300
489 324
686 264
786 907
543 521
114 760
737 959
809 190
594 640
409 910
162 827
369 497
120 658
687 113
381 888
927 183
945 174
781 265
881 17
790 118
384 437
555 736
597 363
477 140
231 783
443 461
443 144
934 141
24 701
591 696
317 398
880 145
325 43
826 621
686 684
780 751
505 224
605 641
845 43
341 859
637 572
907 304
671 912
375 170
281 246
815 542
79 318
514 519
744 503
500 840
948 954
57 825
925 510
752 743
320 239
277 50
317 887
577 840
498 453
661 414
121 939
704 774
303 262
486 437
881 167
172 620
674 22
598 935
401 29
349 33
173 896
626 923
747 835
293 529
320 525
245 498
429 341
690 835
693 196
70 422
449 877
458 807
717 935
353 364
132 72
328 517
550 952
176 631
637 602
136 668
16 833
756 109
305 290
557 36
300 484
361 858
636 490
519 773
910 729
932 338
399 452
770 627
495 309
539 140
276 887
828 416
795 125
819 442
194 602
593 929
440 719
698 213
162 169
533 867
373 497
608 832
554 917
389 934
560 283
298 762
120 728
147 955
476 103
634 162
766 728
893 172
210 826
167 155
666 423
350 127
82 197
47 682
395 763
908 592
660 218
723 151
449 702
752 793
303 784
335 716
388 185
117 928
110 169
170 521
360 101
916 345
685 400
448 64
741 622
453 891
475 62
329 866
740 390
112 677
771 174
786 380
679 46
34 646
109 5
581 530
462 48
591 645
337 415
83 345
284 280
275 183
225 719
314 107
57 233
498 836
655 97
384 14
352 27
342 603
470 372
550 422
233 832
949 805
584 643
706 123
192 833
555 755
947 64
223 595
351 516
725 21
219 30
433 561
927 35
880 70
40 293
322 275
913 674
883 761
296 513
27 570
366 390
793 784
147 140
312 266
313 148
744 463
303 767
317 276
435 255
171 865
404 708
238 580
483 586
688 379
765 569
956 182
466 855
766 425
389 146
699 2
744 368
254 496
793 639
451 570
742 162
660 259
152 810
435 140
49 675
909 875
16 360
398 363
671 76
526 902
43 282
625 151
907 427
485 864
326 367
173 573
4 572
692 392
669 292
388 358
560 92
938 553
10 262
44 625
193 952
737 953
281 327
809 570
549 662
434 956
458 356
593 36
546 11
576 807
299 309
313 699
637 802
98 97
725 901
786 90
722 151
173 480
501 866
169 456
153 703
443 169
584 790
685 185
683 83
72 144
289 499
587 418
861 905
942 479
932 750
689 530
725 785
714 570
440 387
782 703
451 719
110 365
228 133
945 525
622 148
395 656
381 656
742 656
871 397
227 874
313 799
24 783
506 950
923 293
521 586
828 729
57 724
13 61
725 906
622 855
157 366
661 256
708 8
121 197
106 252
871 614
549 767
433 427
210 478
482 385
167 697
122 395
888 513
109 174
792 720
534 716
741 261
224 837
521 113
223 750
433 396
43 617
612 620
92 509
501 952
63 237
378 179
353 640
215 464
161 529
466 476
191 462
302 610
539 583
204 863
539 37
868 146
414 127
397 230
867 9
109 572
246 93
439 785
915 769
734 558
24 675
7 656
24 241
590 35
768 181
956 599
730 614
747 793
338 385
413 19
931 292
794 16
316 592
148 23
481 618
268 708
250 764
175 303
828 423
733 572
668 232
913 292
430 516
3 815
74 605
486 145
431 400
760 535
71 27
352 803
87 718
927 628
871 637
505 492
376 423
922 855
477 415
550 364
786 705
3 185
660 778
129 767
53 116
576 100
277 19
693 344
584 442
193 827
431 444
757 50
4 784
336 823
871 740
838 307
75 527
497 66
341 851
26 728
612 295
45 569
80 448
738 304
42 291
450 960
612 729
343 28
86 419
907 29
693 577
623 523
598 600
246 261
731 11
446 251
878 934
412 315
800 169
160 416
126 888
303 914
168 458
714 659
405 239
588 226
932 521
352 298
217 928
460 379
693 128
471 6
413 214
894 396
813 787
391 179
947 293
754 396
527 613
626 235
872 622
830 739
612 151
359 762
778 345
421 440
495 583
798 422
648 683
786 899
61 484
446 900
245 678
690 176
835 479
349 32
488 833
812 115
500 368
182 570
245 430
935 501
703 779
775 304
370 35
916 606
205 493
599 827
7 426
830 853
924 739
598 274
796 877
458 906
155 358
598 565
528 164
121 209
615 621
918 833
494 570
120 706
777 902
859 569
663 761
521 501
279 530
555 243
179 899
891 890
520 319
676 532
657 273
335 823
170 255
15 295
9 796
6 629
66 691
221 37
398 512
569 711
632 564
198 139
630 523
825 701
880 741
658 5
29 837
201 916
95 671
355 741
598 177
738 89
723 14
743 100
443 259
726 565
588 321
26 668
18 846
843 403
649 767
50 859
222 925
781 178
10 745
786 286
669 221
290 768
132 234
581 143
842 538
267 885
524 827
547 910
405 402
382 868
894 554
57 558
943 192
212 481
303 818
12 276
794 340
248 851
676 9
223 288
717 681
432 358
320 620
147 512
834 645
692 751
212 636
640 42
261 77
417 935
175 291
521 66
812 107
888 720
222 949
861 367
349 214
204 239
250 508
588 69
329 625
835 630
690 671
750 431
450 898
913 307
405 807
150 807
359 182
588 443
51 522
163 167
97 705
615 564
515 580
295 860
406 729
292 936
947 118
527 52
910 860
179 193
322 477
227 647
579 278
909 206
210 13
596 259
615 536
211 94
927 192
585 29
828 316
604 427
640 394
478 408
918 415
842 682
529 951
435 128
937 558
152 694
293 902
618 423
285 866
176 639
291 239
200 448
886 225
696 702
27 684
248 960
458 441
317 482
521 423
666 374
247 345
154 869
110 784
782 84
636 569
323 220
138 705
31 479
399 59
30 205
715 833
284 636
546 14
725 636
228 437
756 51
250 185
308 123
475 294
603 930
323 163
660 29
137 450
288 364
815 645
834 49
487 810
927 569
224 832
329 796
566 27
547 843
40 282
496 493
122 141
391 408
836 93
508 772
511 341
616 906
725 635
112 697
475 831
675 447
698 309
254 82
897 140
211 8
906 103
296 102
397 266
370 811
324 962
126 73
355 155
49 606
378 43
462 509
909 542
12 898
557 696
238 814
317 749
162 789
665 795
539 171
368 345
27 185
70 319
243 597
361 144
460 531
75 141
465 5
893 564
51 889
82 837
252 11
485 694
293 424
147 912
365 544
937 632
751 492
787 125
588 451
568 87
780 295
392 327
69 559
395 184
679 105
434 202
521 35
838 877
563 269
87 789
120 821
655 348
640 750
757 1
846 216
724 126
474 887
78 330
484 62
12 262
652 39
486 776
600 169
748 898
909 897
23 17
79 186
258 765
39 854
868 32
169 618
156 908
800 158
96 295
910 450
601 510
20 49
865 832
433 840
505 534
909 202
669 904
556 620
754 666
551 705
725 855
109 465
317 806
25 819
495 225
660 760
143 776
661 181
175 927
590 16
904 578
935 195
283 684
841 810
664 103
200 858
921 398
231 49
58 553
758 289
763 866
57 752
53 835
759 310
766 827
709 601
923 286
165 658
780 817
911 31
438 705
256 624
254 386
384 592
624 456
310 437
354 422
228 394
782 563
885 575
48 221
346 502
954 484
909 440
932 295
855 444
353 896
139 79
577 534
915 72
894 936
614 338
700 229
543 644
947 620
821 185
675 86
326 151
231 482
205 360
384 25
744 4
770 827
304 93
634 710
34 597
565 827
267 166
512 350
680 803
811 569
558 750
271 86
754 195
221 945
672 436
526 144
407 681
330 87
402 833
846 614
897 855
481 398
242 258
705 269
920 178
826 246
543 872
385 131
637 833
3 15
749 659
649 83
192 912
915 779
494 530
265 269
109 650
215 933
249 311
359 755
19 490
644 629
391 960
511 599
918 542
674 270
724 37
111 195
45 444
434 377
915 621
122 566
236 244
505 222
226 835
834 193
200 416
326 79
809 689
940 508
867 209
947 194
540 112
98 945
651 659
496 419
137 675
870 407
343 9
594 947
500 960
202 627
653 683
762 518
749 105
649 777
913 480
106 445
348 895
806 350
848 410
592 419
794 829
238 835
583 425
445 852
130 837
876 831
544 760
99 239
44 956
505 691
563 647
13 467
835 387
430 115
289 28
549 706
319 144
566 666
579 155
849 264
176 17
862 824
316 50
117 704
469 166
138 795
34 810
434 873
523 459
856 707
633 599
761 667
747 629
956 22
896 553
807 100
656 418
957 415
67 939
603 569
208 553
907 442
40 427
101 357
178 54
474 89
766 817
770 925
281 131
159 542
910 774
182 605
958 372
147 337
281 852
47 404
673 444
854 356
191 73
247 954
210 438
560 181
431 54
325 300
324 394
71 831
843 416
218 652
665 273
390 629
465 773
445 310
485 138
18 872
90 701
261 708
317 175
828 490
524 772
279 372
358 386
417 130
961 853
547 59
41 51
159 103
301 944
38 118
171 72
477 614
808 899
551 816
312 834
223 205
893 705
534 64
317 579
57 105
197 52
381 771
704 171
880 639
775 729
687 93
949 952
24 948
100 144
513 667
267 420
28 407
913 865
468 627
419 252
619 310
683 703
498 214
126 350
581 338
904 43
527 534
323 899
290 899
673 40
569 681
57 820
345 606
689 239
25 406
147 688
792 93
821 864
656 66
301 814
401 756
95 927
623 701
29 251
568 279
16 244
154 947
590 624
565 529
905 711
236 833
178 522
600 626
514 68
398 251
117 423
498 953
471 160
615 361
429 115
256 184
897 625
180 705
931 890
776 252
243 650
536 559
201 808
56 107
673 288
395 892
434 315
167 958
758 942
320 251
203 933
411 372
825 15
660 686
880 495
475 494
849 334
370 451
51 438
402 801
698 474
369 138
389 442
104 28
687 59
271 181
57 372
949 333
182 77
923 517
558 523
683 9
426 889
790 765
172 665
29 116
834 182
54 697
388 642
797 934
266 303
482 900
392 487
700 938
150 68
470 814
242 716
18 143
943 213
489 404
131 345
443 442
140 677
462 868
298 536
238 471
685 632
75 268
224 240
608 436
300 227
604 616
210 225
630 569
149 595
298 561
6 197
514 43
885 639
397 812
53 39
573 333
880 645
225 31
334 607
446 526
316 934
543 456
517 795
938 361
556 421
377 351
550 889
543 144
4 160
187 418
314 592
839 913
491 654
26 379
489 583
330 673
92 455
104 905
515 91
534 19
600 913
417 364
472 610
213 61
770 29
343 534
108 483
907 22
596 243
669 34
203 657
766 519
698 496
150 899
359 398
385 17
565 106
478 682
931 310
781 842
557 333
705 260
898 167
612 200
733 779
366 331
464 906
565 52
905 512
872 333
948 563
165 232
653 892
729 628
945 5
409 391
365 182
153 919
955 434
353 193
717 533
959 609
585 958
848 364
335 168
109 23
124 413
550 106
134 87
486 795
561 337
281 630
791 218
306 763
298 246
352 130
285 422
362 271
543 753
587 268
830 935
615 882
861 616
355 479
673 623
520 420
675 950
174 651
435 183
614 492
813 778
149 926
661 944
222 834
587 321
462 36
918 84
281 418
190 675
188 167
740 341
882 509
730 523
317 809
157 710
241 151
384 582
506 103
839 250
76 8
250 817
44 104
201 641
210 307
669 824
313 681
875 225
549 880
209 582
314 802
483 959
152 378
124 556
231 286
949 729
838 790
325 563
537 850
469 640
294 869
376 844
593 303
807 241
875 527
625 641
120 801
305 727
929 131
670 559
361 535
454 119
217 140
733 637
196 55
546 220
397 113
953 507
382 770
381 171
202 656
204 163
396 111
104 580
340 720
187 651
349 695
888 125
289 697
362 842
178 783
584 8
74 810
841 627
587 525
663 179
592 529
51 207
528 51
897 597
653 780
485 329
221 535
764 688
294 116
80 768
305 462
177 179
129 740
546 807
383 377
538 719
152 685
351 123
485 341
597 816
149 486
733 541
746 244
296 310
774 194
561 174
421 28
151 509
758 454
592 833
576 300
923 197
731 370
560 596
560 212
202 226
461 127
878 55
664 542
150 642
430 926
129 662
797 953
942 406
730 787
703 109
324 574
546 895
219 192
928 357
717 832
296 869
604 916
152 832
552 948
228 150
950 423
836 681
781 59
515 344
660 564
302 93
381 151
822 760
120 272
436 19
907 393
808 900
894 734
490 32
324 183
135 953
877 532
333 567
909 421
187 827
757 846
61 394
435 84
744 507
557 50
391 755
568 811
180 243
109 674
693 639
758 500
435 295
695 59
655 271
602 350
752 888
26 914
177 571
438 125
574 917
224 38
481 832
750 567
167 952
53 184
614 748
881 618
12 406
113 641
110 675
501 768
6 45
398 130
275 20
766 816
243 729
403 569
955 496
127 422
110 142
661 239
828 469
394 310
171 924
44 266
766 413
758 931
161 22
916 509
721 246
254 609
921 385
305 678
810 573
245 497
615 121
738 899
935 466
644 651
326 914
187 258
625 77
640 13
438 209
679 569
409 445
828 81
284 638
918 66
122 400
347 735
133 87
665 759
233 274
575 490
633 235
267 196
789 853
196 558
126 496
562 881
808 898
200 811
70 930
751 611
626 789
301 920
957 131
766 923
557 760
288 542
65 677
633 610
224 252
841 154
940 710
897 180
751 386
803 380
644 879
943 60
854 696
580 249
283 509
872 765
7 374
571 105
928 656
488 399
126 728
645 504
862 436
391 635
812 468
420 167
846 332
819 394
161 171
782 612
88 627
893 788
895 181
180 307
243 712
918 389
403 779
275 762
596 745
309 936
71 473
446 482
361 887
48 241
317 618
60 607
756 689
214 166
187 36
220 699
634 50
761 365
807 755
855 605
28 249
585 696
187 457
417 459
730 819
748 795
163 304
141 418
924 778
435 325
589 128
955 331
511 479
700 942
815 628
561 927
223 840
429 483
242 209
47 259
236 483
124 639
338 659
871 64
342 459
299 829
740 357
500 23
561 630
198 21
430 423
111 784
942 86
241 280
896 484
588 385
929 621
664 497
319 493
709 750
508 404
271 487
69 776
841 328
10 72
139 655
586 490
762 464
491 796
476 884
674 166
264 818
170 517
88 225
325 935
288 509
662 483
838 102
919 345
648 340
510 542
24 159
78 860
330 778
740 805
561 525
499 386
693 810
328 348
893 935
209 592
485 664
454 848
438 473
488 741
157 764
701 827
53 901
590 724
554 496
483 248
597 895
133 309
888 697
656 638
889 952
313 344
215 585
360 811
206 77
283 131
747 883
595 479
355 344
323 517
747 599
351 620
200 493
686 823
55 263
99 179
295 390
924 940
68 499
277 899
301 27
277 192
323 593
925 251
160 890
760 624
70 941
937 643
326 561
547 104
241 802
352 685
312 712
491 860
485 473
240 715
673 627
604 780
793 249
201 274
66 720
642 318
794 221
758 227
146 525
584 736
81 289
724 5
687 741
171 929
604 1
322 845
661 465
405 423
155 144
841 674
213 662
865 621
443 866
580 887
203 263
920 214
541 445
850 695
517 17
156 675
137 599
937 926
379 889
342 567
483 611
715 944
215 700
187 89
926 677
157 856
596 128
697 701
800 310
738 348
575 816
601 472
754 185
148 104
21 768
888 19
893 353
85 321
655 888
59 92
106 282
949 140
433 554
556 639
657 364
367 602
136 788
684 464
158 354
206 912
287 125
294 803
15 194
24 243
653 637
254 39
105 269
631 166
626 722
65 911
147 450
369 86
721 542
504 310
528 874
381 843
94 896
81 37
849 178
369 835
175 61
4 684
858 404
397 519
735 72
919 527
462 387
898 776
886 249
25 67
831 525
44 175
912 962
884 525
206 216
939 837
550 917
674 840
19 387
600 313
120 428
561 607
717 234
527 504
24 9
163 583
272 371
645 350
401 419
727 286
205 944
198 400
475 958
796 506
730 273
124 175
511 527
97 526
652 100
857 806
420 851
224 621
509 900
305 202
154 946
427 530
471 107
295 713
868 186
168 50
162 277
325 116
788 532
365 737
134 957
241 776
786 133
210 135
320 407
623 213
709 58
216 367
909 652
285 417
499 5
670 900
50 948
907 715
871 192
2 92
868 410
488 927
655 186
562 690
50 232
362 115
3 76
268 512
55 292
383 649
611 411
654 103
834 657
321 900
212 407
937 566
879 372
845 338
42 234
562 906
896 403
147 453
674 768
927 459
928 246
113 54
49 377
920 31
676 650
521 750
794 772
366 671
761 214
163 845
213 286
562 790
326 492
586 817
699 550
383 494
842 860
79 695
188 451
817 407
231 15
376 704
832 822
935 59
831 682
213 143
505 118
600 240
121 90
228 321
388 890
764 772
574 534
623 899
933 718
846 783
143 948
543 711
832 269
949 864
281 410
547 344
555 427
440 350
44 592
433 579
560 669
45 801
367 408
258 889
929 842
98 136
727 775
632 702
221 293
520 264
904 504
217 762
673 325
224 425
50 775
290 618
740 912
725 774
540 307
617 286
210 258
537 834
633 697
60 266
884 490
704 863
428 936
555 445
297 592
222 387
931 455
20 341
862 394
606 408
825 308
366 21
549 336
223 266
572 411
929 888
763 455
375 78
104 258
629 532
862 265
755 244
122 259
742 933
234 418
359 618
910 764
632 225
794 473
774 195
211 182
6 225
178 5
381 661
473 534
800 207
612 485
826 707
491 307
699 363
615 926
201 269
488 372
809 962
365 286
699 424
142 605
688 509
562 574
692 588
293 628
458 247
595 833
588 559
744 439
40 571
312 357
99 953
571 346
15 945
53 265
831 126
302 935
847 270
656 817
359 327
604 122
405 392
718 408
735 261
270 141
698 507
335 534
838 525
275 9
491 488
376 962
112 790
213 669
81 529
344 235
20 437
393 529
59 502
135 333
907 542
922 570
515 602
500 592
894 327
727 777
658 603
838 608
807 702
348 244
267 878
913 153
960 559
451 926
766 679
357 779
485 710
319 837
643 329
426 174
222 294
277 788
946 466
871 866
301 544
101 694
247 817
744 777
742 685
139 949
623 900
932 479
855 318
588 926
13 357
33 360
203 645
594 110
555 720
413 239
263 105
428 379
763 239
763 282
734 420
95 570
619 708
462 403
3 29
175 241
133 110
654 332
619 658
482 208
219 36
222 481
502 181
240 400
154 834
756 287
648 109
137 608
875 901
595 166
22 507
888 530
761 714
470 690
171 320
706 379
880 358
726 656
97 773
908 593
894 790
476 916
90 261
63 874
250 500
343 371
211 875
809 790
828 791
904 31
726 70
943 911
161 452
312 551
366 627
850 765
307 850
936 701
362 188
491 728
742 277
668 364
932 918
469 274
907 869
596 550
596 658
796 542
135 249
556 799
732 13
788 936
418 11
147 325
433 29
254 648
98 628
738 410
78 765
487 407
635 608
524 788
931 675
823 93
846 553
589 435
108 91
699 780
108 741
385 962
439 642
470 958
745 613
80 711
886 64
437 951
267 372
398 378
74 49
511 472
335 694
368 853
539 646
854 100
815 899
374 639
504 785
281 92
792 704
449 765
704 6
931 613
112 809
113 202
40 435
894 522
285 932
335 177
263 944
505 342
734 842
882 310
932 319
124 538
855 902
845 364
294 571
122 15
799 851
27 578
768 617
241 318
298 937
548 399
79 865
162 41
390 701
393 362
233 798
482 455
553 387
204 925
672 684
25 542
95 138
481 638
89 650
874 531
268 89
314 936
283 42
897 584
631 739
335 530
731 536
420 179
395 653
566 610
134 332
97 565
892 104
95 291
910 439
348 760
630 249
250 126
731 403
26 578
828 501
376 265
838 739
325 585
212 840
190 858
519 606
92 851
774 300
70 923
12 150
489 845
871 837
920 261
663 66
164 76
446 545
614 574
224 269
521 711
794 426
672 636
362 954
326 806
696 801
142 364
569 311
636 954
332 144
87 271
472 835
547 13
590 923
909 564
74 699
893 337
281 265
751 865
612 339
658 712
45 619
322 673
175 252
202 888
769 958
754 774
683 423
513 186
798 637
699 292
830 447
542 479
632 334
502 327
539 66
353 899
322 868
733 222
735 391
643 20
96 779
688 603
886 182
809 617
126 35
770 666
612 203
139 532
323 564
57 821
820 912
745 526
692 61
616 339
904 448
491 393
230 43
438 251
355 278
396 221
37 564
50 701
460 621
588 415
781 550
719 895
540 959
224 667
520 517
332 745
359 643
439 151
398 911
228 278
378 164
178 280
821 445
184 437
882 863
18 23
168 179
498 199
724 289
636 248
436 681
178 785
242 178
579 916
769 379
896 189
672 97
589 960
270 779
165 78
434 280
468 396
457 422
376 700
399 259
48 182
94 806
96 553
700 381
340 286
907 529
217 440
317 127
450 190
43 681
75 883
84 146
285 633
446 556
30 461
294 788
176 127
6 775
665 931
868 115
281 686
196 286
113 282
932 492
165 439
725 214
748 607
918 101
18 363
890 265
461 858
897 294
429 894
662 126
199 269
325 712
798 230
248 19
761 646
943 410
89 127
398 260
215 569
200 203
714 379
70 394
749 627
383 159
839 76
856 671
622 472
466 318
293 411
178 166
612 805
105 512
699 77
637 714
320 919
378 624
794 422
730 372
417 527
550 554
514 737
126 116
466 890
874 806
638 141
765 91
110 257
271 559
630 42
871 652
428 451
844 340
676 164
44 216
45 151
308 286
627 889
400 265
771 101
98 659
584 594
180 835
139 87
903 167
211 884
285 611
204 896
425 890
589 234
376 425
246 629
395 924
740 252
430 286
2 273
724 623
549 194
375 402
227 441
278 901
927 496
360 295
497 788
628 387
784 788
79 934
923 344
127 269
707 570
384 107
20 563
217 849
215 875
828 300
475 495
731 745
857 190
543 918
864 727
599 606
546 692
539 214
488 811
135 671
949 467
620 823
548 836
539 606
475 533
26 1
929 586
717 69
557 415
592 613
911 625
474 86
33 501
468 940
864 297
170 440
699 448
158 214
303 351
688 9
356 827
110 214
489 709
3 563
504 739
700 884
57 202
907 283
297 30
335 27
721 334
558 326
848 898
480 536
399 66
80 613
792 780
472 749
266 599
133 575
551 531
458 181
313 814
955 406
211 629
746 886
524 333
106 244
718 958
937 611
505 48
398 802
920 235
604 678
389 617
118 32
78 565
82 679
213 632
230 647
800 234
512 817
622 684
800 543
432 291
204 889
331 107
761 696
840 779
696 457
519 295
267 731
549 533
456 829
164 396
120 54
217 149
165 643
1 822
355 594
848 826
88 610
317 55
687 402
695 141
176 595
294 675
540 891
630 17
688 238
152 912
583 538
468 834
175 706
566 469
290 960
533 889
287 664
498 585
764 21
10 681
524 854
770 163
643 866
797 719
301 649
669 51
842 783
130 8
106 493
635 820
460 712
123 889
869 116
579 718
170 881
176 772
458 668
655 935
359 151
485 62
858 447
834 858
549 140
825 172
780 796
97 436
758 714
277 232
60 874
409 932
266 62
281 163
723 138
115 905
247 414
87 674
527 646
558 106
468 945
590 309
559 235
323 543
161 46
362 746
845 900
937 251
71 648
584 229
755 522
758 570
230 380
792 194
828 445
48 33
817 311
297 575
150 490
427 667
384 454
942 155
204 899
560 448
174 86
198 793
771 175
632 861
901 939
615 519
63 258
85 694
92 592
161 906
671 708
588 37
605 536
468 765
230 650
826 773
359 83
747 455
821 619
524 145
148 226
48 759
118 902
75 891
750 729
546 776
346 62
375 618
632 461
840 490
420 682
582 387
274 227
472 93
556 890
172 32
801 711
21 795
665 607
649 831
296 656
92 371
227 578
384 395
495 777
188 86
362 266
177 737
872 868
285 183
475 244
856 264
927 394
638 926
177 743
123 950
47 103
514 76
933 93
332 784
537 504
808 456
812 750
738 186
281 859
325 211
462 956
664 496
4 553
740 504
348 958
196 512
737 19
748 50
725 644
920 269
384 537
489 406
917 592
412 361
470 504
695 753
70 197
796 131
435 564
598 646
794 250
761 123
843 257
153 230
191 820
328 930
173 430
149 449
118 463
219 504
766 92
184 442
909 312
505 22
914 62
787 476
382 693
577 722
676 879
284 357
669 464
493 103
704 538
121 646
320 246
514 263
375 682
673 725
877 286
170 602
743 675
375 61
518 508
176 299
352 936
499 19
958 291
316 159
198 838
130 151
836 451
273 553
919 248
119 279
653 720
170 796
758 610
284 751
322 794
885 851
231 207
693 526
323 239
676 436
75 959
894 320
499 235
137 220
204 417
395 338
688 577
641 372
733 633
21 260
143 453
596 308
365 603
250 930
38 861
9 586
959 35
98 58
3 206
562 141
78 339
149 13
717 451
232 779
308 580
959 926
325 159
696 705
568 9
222 417
258 530
137 214
359 942
393 798
192 49
157 72
655 113
220 650
799 422
515 636
219 159
703 406
383 285
136 731
517 127
494 713
780 256
132 603
461 884
893 808
579 105
306 208
331 333
238 833
294 688
147 107
335 413
54 772
150 519
661 536
278 32
231 302
361 42
72 186
679 411
520 836
943 883
19 607
559 492
308 141
814 854
401 121
909 650
430 455
688 467
220 509
897 951
119 265
600 252
180 22
693 842
71 922
890 559
741 472
393 892
290 136
404 292
132 66
611 530
475 487
923 616
633 738
907 954
796 388
510 674
748 749
98 67
545 911
604 264
210 388
215 932
193 646
831 354
39 879
170 23
876 66
335 246
750 712
172 438
754 339
8 783
629 696
223 486
527 934
122 867
449 497
27 130
658 954
289 327
355 96
660 949
105 647
312 926
920 677
308 861
791 677
109 772
726 612
254 841
957 189
308 108
778 958
219 784
429 423
894 338
797 807
923 602
434 882
234 422
931 947
24 59
370 628
897 783
841 708
139 838
175 635
832 628
821 399
858 811
491 209
401 958
405 760
51 823
883 530
916 570
106 542
161 410
680 582
135 37
438 511
673 889
723 178
812 498
198 950
690 24
196 507
210 517
524 142
593 455
169 192
726 815
825 849
289 22
686 959
180 115
375 659
380 829
392 103
849 20
306 360
154 341
312 790
961 718
848 415
840 371
933 408
78 533
907 816
275 434
424 638
688 97
556 544
112 802
858 185
612 184
648 602
231 789
809 866
315 90
834 512
804 671
568 606
192 564
482 754
3 236
726 246
506 345
6 206
44 554
590 154
608 906
330 490
584 620
442 467
781 11
191 621
409 245
735 902
67 605
117 368
171 8
501 31
693 410
323 751
253 674
571 269
692 230
124 351
421 400
382 479
400 916
60 497
117 912
876 500
205 414
108 651
695 760
290 866
515 380
3 674
797 502
69 533
332 39
335 130
164 820
362 769
428 627
547 252
844 406
698 360
210 205
30 769
377 962
660 160
307 829
910 152
153 848
337 823
487 459
508 261
846 149
4 185
28 681
258 874
700 645
874 249
70 848
233 309
659 183
675 292
433 249
782 855
51 483
685 658
301 365
687 522
571 642
791 180
295 358
653 538
480 39
81 83
236 868
139 350
499 418
735 426
129 771
856 755
648 76
938 823
820 617
754 437
949 313
41 850
668 818
124 428
859 23
403 767
698 283
468 806
733 774
872 118
563 553
551 19
297 172
294 650
698 813
661 86
809 263
845 205
33 46
405 778
846 954
854 244
322 359
7 167
300 559
412 851
557 896
198 734
839 858
421 524
956 479
10 819
315 863
535 609
563 950
305 738
659 613
151 599
886 554
155 691
395 511
695 608
469 754
665 235
413 525
555 881
392 19
29 553
703 874
765 776
167 273
830 588
606 941
271 651
44 273
175 439
63 592
271 790
209 42
881 518
342 371
430 582
216 559
449 370
901 534
416 86
656 293
610 522
187 542
382 962
147 186
640 718
692 111
615 824
130 529
320 863
476 784
477 58
34 466
757 446
556 929
430 837
34 273
305 433
171 4
139 498
869 917
26 41
200 46
199 824
22 599
172 280
488 819
409 70
461 711
382 366
363 234
48 261
174 17
160 318
81 803
92 829
277 327
243 379
196 853
533 17
776 372
604 315
654 456
516 89
295 151
732 473
134 294
616 785
378 671
562 721
555 74
229 370
676 20
686 29
678 578
253 487
521 368
341 765
880 855
533 778
190 859
287 331
560 93
815 28
368 701
425 526
844 81
253 39
168 526
546 818
468 901
173 473
815 367
527 542
204 249
429 778
813 32
738 941
839 534
846 658
120 192
923 127
740 701
550 205
344 572
298 953
949 774
923 205
521 46
755 444
803 403
174 818
10 816
847 459
763 195
195 681
18 142
302 199
335 313
663 65
196 348
430 239
21 238
510 840
313 661
700 304
812 282
383 121
187 869
613 650
920 843
786 194
373 79
162 166
254 620
600 522
847 17
872 398
133 367
460 854
745 829
475 922
106 509
454 940
585 174
435 461
70 947
734 19
78 458
472 911
263 274
136 636
299 442
486 609
60 466
137 559
656 422
198 773
633 251
191 576
548 227
839 845
477 23
306 153
521 59
786 562
75 940
135 801
861 858
119 390
699 936
287 185
163 79
710 350
192 896
850 288
214 504
956 453
316 617
157 683
614 682
416 624
187 277
17 103
890 333
348 827
953 144
545 881
435 473
842 260
656 954
253 934
289 125
352 698
115 415
277 418
664 205
6 575
729 962
433 420
524 404
117 851
187 374
429 142
517 951
88 575
99 358
198 689
56 474
289 425
191 275
683 390
561 519
923 155
384 414
757 235
250 15
139 520
366 723
735 931
761 509
90 59
945 889
478 38
75 95
565 497
808 583
758 369
229 513
943 629
98 158
303 28
324 264
44 460
120 853
684 659
556 80
120 538
850 370
897 932
263 159
465 354
355 851
475 509
840 385
134 358
563 205
389 641
954 32
758 935
885 534
204 9
748 49
653 106
770 787
433 859
267 111
302 523
158 11
898 736
188 350
231 295
943 484
690 837
259 463
415 444
180 273
750 689
173 865
41 64
471 193
18 28
588 822
875 178
771 131
758 760
943 849
588 153
498 304
147 235
859 496
452 68
585 763
37 905
528 123
105 23
391 430
187 86
505 373
7 710
401 570
699 561
46 569
800 356
111 607
865 406
482 480
632 144
824 479
857 885
568 852
285 73
285 755
744 707
588 389
661 415
857 838
905 616
79 266
742 813
275 882
830 234
858 647
326 645
401 772
707 641
47 859
335 348
913 671
531 62
381 798
557 264
560 821
536 779
122 237
637 559
391 454
501 184
598 805
626 512
723 779
913 182
880 142
614 627
135 443
231 4
533 333
528 4
469 256
674 54
907 884
219 586
495 316
780 784
844 182
543 300
949 721
928 105
148 953
867 167
316 808
430 650
851 235
336 190
97 642
561 952
217 787
222 767
526 877
21 765
237 28
747 853
491 507
725 374
827 140
406 185
792 820
766 473
584 754
838 136
65 269
111 651
759 950
654 607
745 574
791 876
487 518
527 718
192 504
487 246
584 924
638 186
401 266
137 421
732 42
719 423
165 260
214 234
658 448
911 820
515 532
398 67
924 891
894 111
949 580
807 801
70 64
253 466
314 419
568 213
332 580
85 685
241 6
846 884
591 278
27 745
323 145
767 617
598 94
737 252
894 418
66 951
366 662
231 334
686 519
137 266
798 385
260 559
586 423
730 595
20 837
522 785
594 956
143 365
850 914
745 52
955 641
547 908
422 711
577 750
433 95
147 199
174 801
236 60
957 452
108 153
489 627
912 415
211 109
391 182
155 492
396 816
912 457
26 42
754 559
165 315
825 279
821 889
124 658
317 683
359 579
10 400
871 439
825 244
614 390
859 364
417 178
174 66
847 526
443 959
769 195
116 184
908 616
290 605
717 869
848 775
697 252
601 781
187 104
339 609
563 327
510 237
581 282
331 784
335 754
777 711
79 185
211 582
670 705
191 33
687 436
362 605
557 459
735 175
413 441
698 1
921 570
820 512
78 588
519 246
649 861
47 279
632 406
329 106
14 114
704 609
116 738
150 143
133 888
601 835
775 617
517 630
777 666
870 617
392 449
429 682
55 884
653 125
655 522
427 948
550 516
202 582
603 52
177 7
173 770
751 835
848 107
698 820
642 616
317 702
135 270
398 23
517 65
376 349
826 945
157 117
924 379
791 511
170 68
462 311
496 639
332 554
744 613
179 125
761 508
688 705
744 843
604 7
742 720
219 61
168 403
712 193
174 837
349 915
172 269
757 217
200 699
382 276
248 318
520 793
623 544
322 924
275 441
676 387
32 144
666 225
513 896
892 567
72 423
353 564
137 576
880 564
98 385
601 415
562 276
284 43
888 273
227 630
646 507
577 251
79 145
41 755
726 420
726 180
92 506
592 677
279 860
404 962
384 935
717 862
672 19
135 357
63 889
839 890
955 410
489 818
699 237
644 131
18 396
357 459
365 72
355 536
329 62
654 421
298 553
427 106
180 91
893 438
393 178
18 636
709 135
557 29
758 103
83 647
433 669
765 525
358 899
72 286
279 371
726 432
45 572
152 739
923 569
543 917
238 625
276 865
615 444
744 156
78 753
273 415
208 859
303 865
175 729
843 578
327 659
321 58
802 650
160 852
438 99
471 411
10 507
530 866
26 678
723 532
223 531
168 183
906 647
543 67
3 318
717 107
923 8
130 49
150 727
949 956
727 11
274 66
223 747
921 848
375 378
25 947
489 561
937 141
630 553
683 610
187 84
668 803
200 263
340 508
54 941
161 458
517 941
885 76
446 227
330 680
855 944
690 797
450 441
243 829
87 888
921 209
760 442
961 396
453 64
250 270
316 338
298 471
626 309
600 197
524 261
253 9
124 674
498 415
223 173
29 17
95 105
727 167
209 436
250 927
124 602
298 858
349 920
157 340
662 118
382 561
555 111
886 463
9 138
224 230
297 918
648 25
198 863
903 603
201 627
391 484
742 174
335 586
710 115
207 437
539 558
528 233
802 423
328 655
826 544
494 514
113 628
747 941
841 308
451 371
115 464
313 282
549 497
744 919
576 677
383 925
134 672
480 899
2 455
347 515
674 638
823 350
421 176
135 877
210 817
692 450
487 309
703 214
585 303
576 118
374 357
104 609
179 463
913 457
766 353
202 610
412 826
582 905
490 372
683 888
458 346
657 125
411 249
792 667
865 410
229 731
40 86
475 928
167 247
317 682
139 205
935 389
592 941
548 307
830 346
678 885
60 451
469 683
661 333
864 856
421 253
253 302
426 471
161 390
919 767
861 524
3 552
325 790
762 888
275 61
433 82
132 141
767 951
464 716
116 712
714 840
284 27
433 605
164 303
281 407
293 934
736 573
374 76
514 585
113 181
754 13
404 641
778 66
503 851
721 115
875 729
132 760
51 831
809 768
590 386
147 167
391 480
333 408
373 130
937 841
748 5
796 273
87 679
584 393
823 613
200 727
238 941
459 681
296 65
409 425
659 286
56 694
224 286
95 605
43 32
88 842
394 142
332 128
570 244
343 348
420 890
171 620
392 329
313 208
585 396
208 942
219 109
326 702
126 239
651 805
191 88
295 603
539 703
116 272
539 257
25 45
676 351
732 522
678 643
196 258
196 870
267 766
135 748
420 221
274 896
167 652
366 3
420 493
158 840
280 773
562 428
165 197
263 563
839 511
81 881
136 473
450 720
449 640
432 532
319 356
633 428
740 659
278 512
301 327
35 516
155 816
937 480
687 258
686 160
413 43
623 462
961 456
137 841
13 474
678 138
375 240
55 739
475 249
472 716
74 17
129 310
395 146
205 338
831 232
324 115
844 108
237 840
544 863
213 8
362 391
44 456
473 629
495 624
643 759
957 84
441 675
3 831
409 902
938 867
518 609
288 877
471 877
255 796
27 36
519 671
28 371
575 592
381 336
563 837
883 597
856 863
412 602
591 248
615 508
671 142
699 510
362 754
658 293
821 482
356 457
112 846
9 337
786 521
583 659
550 476
468 631
875 274
900 64
770 762
196 380
560 737
297 638
561 619
136 628
423 609
112 678
182 719
156 208
220 687
477 713
401 903
84 657
682 379
136 796
326 829
882 332
769 522
247 951
86 902
910 865
778 28
256 886
395 119
168 72
890 603
148 651
862 86
439 244
382 444
75 533
343 554
60 444
303 319
897 198
63 497
480 714
893 239
753 934
355 58
514 538
405 379
397 45
706 777
664 790
409 282
581 846
164 35
393 378
770 398
591 218
43 859
513 441
714 11
314 338
883 544
766 694
215 431
175 657
946 43
807 796
104 496
751 206
344 890
357 613
927 230
858 926
678 849
267 838
273 582
834 63
400 351
321 302
644 4
786 802
173 264
534 559
288 185
34 565
47 827
798 805
839 522
541 535
2 719
947 855
370 736
955 28
597 620
79 17
839 834
739 650
845 490
84 279
678 468
922 327
800 795
319 572
475 737
41 867
74 919
597 389
923 608
305 914
428 759
807 380
903 490
277 865
740 424
749 720
668 613
524 534
61 607
38 93
557 848
862 408
172 595
643 333
182 492
166 282
224 271
629 467
618 765
683 592
51 226
233 761
682 282
218 718
501 334
241 607
475 953
465 337
868 573
909 296
907 690
427 467
614 763
434 13
937 9
207 916
828 281
129 163
744 367
904 141
545 609
937 948
53 621
627 507
936 107
323 602
290 669
161 468
199 407
49 666
943 815
904 471
120 490
228 817
954 642
552 593
482 582
120 850
511 586
312 172
662 486
888 226
156 725
210 194
878 943
883 292
291 559
560 263
434 668
53 962
949 596
678 640
475 64
165 921
130 232
9 216
541 863
743 463
335 684
870 728
352 557
706 739
442 958
264 309
33 419
842 252
477 662
644 344
468 860
30 522
531 492
329 354
201 411
871 71
137 783
551 941
409 94
772 504
873 696
692 36
863 525
75 741
724 843
245 580
297 713
240 753
152 521
396 448
237 765
867 659
349 810
699 499
373 837
548 708
458 371
351 260
914 743
893 794
946 300
255 795
429 775
382 679
397 868
24 620
918 378
955 158
177 74
748 339
517 829
778 881
696 564
294 451
601 683
207 142
840 936
789 905
745 471
707 189
676 310
119 465
473 351
77 696
828 424
561 482
589 656
886 292
881 35
169 184
557 232
317 845
429 111
946 351
661 819
297 480
749 295
660 148
203 66
667 840
44 304
751 679
766 868
168 269
619 536
510 259
438 353
443 391
930 785
761 753
13 146
196 513
13 694
471 194
284 867
741 926
87 418
839 667
428 904
541 529
705 833
251 535
920 106
399 447
231 247
344 564
700 932
108 752
396 657
453 403
894 167
674 266
389 2
452 264
229 451
863 193
156 27
126 408
89 779
810 404
726 436
557 164
78 237
726 892
94 400
301 416
554 877
421 498
177 959
94 823
347 400
494 816
384 883
683 144
749 411
263 631
938 513
133 879
960 667
155 899
429 807
690 796
306 369
703 506
112 946
898 194
71 672
210 299
831 874
503 131
675 729
375 13
120 467
155 784
457 926
362 762
835 765
840 580
928 629
561 476
393 850
699 807
721 141
247 36
4 22
584 645
330 845
305 915
322 947
266 400
692 437
229 225
735 957
556 822
751 346
173 424
225 837
608 624
308 82
162 280
405 330
955 289
230 570
644 387
732 588
129 837
519 861
927 374
482 54
143 34
48 502
112 176
726 788
223 334
797 451
310 318
322 852
284 855
894 193
732 223
365 677
876 496
611 404
549 526
32 609
905 853
502 647
150 775
233 9
680 773
446 731
56 900
664 482
937 229
762 109
763 304
538 951
624 950
276 875
508 659
575 32
369 104
763 833
383 108
878 190
165 178
729 264
7 889
598 630
297 502
427 755
221 257
157 185
236 339
483 837
434 808
942 93
683 354
184 490
800 830
81 467
690 350
41 697
130 666
202 105
149 432
276 850
196 494
336 119
190 32
554 214
808 262
534 11
12 2
153 318
213 413
284 734
146 193
839 364
307 351
527 959
792 767
868 675
786 437
489 298
870 28
791 470
893 56
376 472
662 248
935 620
440 578
113 240
545 479
312 650
471 840
920 701
578 423
240 380
625 319
98 384
433 423
330 90
462 68
763 415
709 548
111 772
117 480
919 783
911 338
881 111
213 309
69 675
54 264
271 541
375 203
322 338
513 817
583 264
158 952
687 595
187 534
932 152
812 350
256 811
112 293
30 94
547 490
297 488
129 719
84 804
88 803
787 299
165 328
812 889
468 441
517 638
147 792
747 713
398 214
539 815
940 843
95 957
124 151
769 810
210 876
871 716
466 544
342 19
143 221
717 925
813 873
60 73
475 138
505 828
122 747
758 829
66 502
160 29
555 452
85 428
108 806
598 700
733 837
925 9
665 711
57 484
758 510
864 832
364 386
797 146
384 905
157 668
539 182
307 934
893 806
862 314
154 527
100 806
315 202
317 182
132 360
430 445
819 493
553 103
836 721
825 559
928 808
584 156
126 891
374 144
473 496
894 65
398 338
668 888
687 832
689 31
816 675
191 680
178 490
187 133
375 706
935 861
885 58
196 492
307 148
649 421
469 645
176 716
468 651
366 375
275 594
223 687
117 404
916 184
290 776
102 214
477 580
14 962
590 331
188 400
266 195
662 128
228 885
583 486
587 635
349 534
475 602
676 276
918 836
430 536
313 220
412 525
603 506
156 153
850 424
366 388
40 912
393 452
718 767
351 523
222 197
213 672
208 43
546 844
604 280
202 227
306 15
744 128
420 625
156 250
664 251
706 6
919 300
766 104
267 136
690 308
263 234
604 748
149 456
539 822
298 13
256 394
282 479
545 97
636 920
201 25
562 468
395 863
306 89
615 345
56 938
133 705
41 528
322 56
85 310
218 613
527 823
786 838
921 585
726 265
180 87
287 107
813 418
754 532
202 292
198 2
352 295
771 410
869 249
397 931
322 605
562 535
373 23
624 646
679 824
584 161
352 943
275 7
189 602
296 77
335 932
111 959
231 250
682 350
348 716
164 20
568 836
135 817
693 633
152 467
9 774
903 73
959 630
676 777
843 559
911 916
686 359
397 818
299 775
589 285
604 908
156 490
328 508
190 866
892 738
943 772
664 478
228 895
52 140
216 805
231 1
481 755
495 768
228 896
887 127
664 278
342 833
384 285
238 517
214 714
558 856
484 407
861 430
495 130
377 536
699 647
224 193
108 36
191 400
803 646
537 683
453 388
483 400
200 618
948 461
71 640
762 240
164 346
352 336
219 84
25 178
322 543
754 933
495 887
671 100
219 813
921 752
606 490
362 83
440 178
405 148
811 739
314 138
402 273
258 818
852 569
929 471
290 607
152 524
196 274
927 72
575 226
391 209
568 903
395 169
92 334
819 368
508 350
648 466
161 478
831 483
744 238
848 123
6 657
782 960
617 408
513 419
796 280
872 885
74 564
891 902
81 358
546 852
519 394
593 286
712 181
435 788
59 406
199 571
126 684
679 607
482 848
94 406
197 237
897 891
551 483
544 385
838 545
908 582
180 32
462 460
232 459
758 506
222 820
337 602
678 294
581 550
696 535
790 534
298 676
450 447
85 824
594 938
930 166
735 780
901 936
52 675
470 303
342 804
163 867
153 749
956 66
430 851
417 257
774 621
608 652
405 610
760 567
855 339
33 801
69 7
138 689
703 522
819 715
338 86
210 142
152 599
378 670
929 564
908 533
56 80
298 209
139 574
653 47
960 605
752 46
211 715
98 278
157 658
654 40
892 506
918 773
298 462
488 103
840 570
72 624
145 835
75 841
732 319
69 269
846 37
615 155
515 811
878 216
134 432
885 702
595 702
675 509
690 54
15 452
758 79
145 526
137 918
49 773
913 518
78 607
30 785
3 620
919 367
100 641
688 811
154 169
290 739
515 955
59 670
254 291
402 252
378 516
148 625
143 197
810 131
460 675
686 283
179 407
537 578
882 365
361 593
120 903
624 559
856 512
319 76
838 94
250 503
301 471
764 174
676 381
10 118
412 394
201 490
816 534
910 452
869 441
322 390
746 834
40 364
238 823
18 605
665 531
56 665
826 835
162 82
742 325
744 115
213 3
30 951
250 695
813 572
115 926
682 264
340 293
903 822
619 437
826 396
129 32
30 942
385 444
584 60
736 442
384 552
800 255
665 247
662 350
312 882
808 502
298 906
395 601
395 649
577 807
2 497
488 293
563 408
945 705
211 525
210 300
478 777
870 128
469 862
114 952
958 479
277 126
322 160
449 639
935 77
735 945
742 495
245 509
847 487
325 457
405 197
596 592
401 559
757 755
68 818
69 772
556 940
355 898
305 155
598 260
910 501
850 599
786 255
588 671
494 39
846 668
111 889
241 436
154 16
810 234
558 498
889 895
110 541
621 364
627 442
194 705
198 685
274 899
288 291
113 716
562 730
587 106
614 444
751 457
236 474
126 8
949 688
466 107
238 607
483 28
794 632
871 914
657 354
487 2
156 212
173 282
74 391
661 574
867 640
508 736
893 940
690 884
349 510
501 760
764 644
723 447
601 160
669 7
187 645
421 614
347 361
518 467
322 891
588 406
828 238
96 471
520 34
543 564
303 442
397 736
593 358
654 701
349 68
228 586
448 650
581 772
242 531
522 280
583 817
240 459
375 586
458 944
215 410
296 48
760 526
539 709
876 773
157 824
518 459
543 339
229 845
594 447
864 535
955 458
552 677
717 904
95 802
589 299
78 414
38 874
177 814
481 770
293 234
53 864
449 28
717 816
121 412
177 518
79 788
531 42
640 801
476 118
610 5
352 770
709 901
172 364
515 488
27 340
816 64
366 127
740 630
583 573
373 638
434 31
913 17
699 759
787 334
764 39
596 476
232 638
577 479
608 422
399 358
1 246
97 125
202 331
900 785
102 829
585 186
598 685
743 509
147 41
528 526
205 303
736 354
746 832
791 308
704 822
591 933
511 736
412 1
766 691
721 636
600 344
217 450
958 244
565 194
491 448
870 625
651 32
224 716
618 358
30 388
366 837
566 864
626 349
733 841
317 312
467 739
961 331
755 407
24 93
580 282
642 900
271 151
819 583
84 541
136 454
576 4
754 456
168 225
302 109
707 58
809 282
343 262
369 251
378 456
868 647
744 142
130 38
187 324
192 525
116 237
421 687
69 336
196 938
108 679
626 170
355 246
469 443
844 294
938 507
732 456
450 6
458 695
732 186
549 775
440 453
359 761
56 435
473 611
287 471
537 926
949 462
359 599
845 767
95 533
458 908
224 946
734 362
830 818
534 677
549 591
67 442
931 788
881 207
26 896
922 582
735 1
395 252
315 25
115 99
219 639
954 628
815 153
35 755
56 596
232 107
164 804
703 538
832 711
733 849
612 554
809 10
500 337
222 532
39 86
503 773
135 68
925 8
870 627
405 388
842 760
205 59
612 442
868 13
316 671
118 408
769 512
786 484
825 276
276 218
712 463
405 153
918 882
310 827
446 647
571 942
578 258
196 433
340 873
518 796
758 662
909 357
696 252
687 614
119 827
469 774
488 672
522 195
166 641
742 771
307 816
864 445
393 180
672 209
221 874
489 849
830 181
313 765
20 567
490 410
938 420
190 90
70 488
162 860
794 20
57 28
168 151
911 319
391 487
724 342
591 737
695 666
365 701
442 372
546 831
239 607
541 431
853 607
707 630
585 823
375 102
333 235
223 959
204 901
793 860
132 607
478 912
161 481
685 804
581 171
767 179
568 214
844 486
574 183
321 898
171 622
938 899
684 249
794 619
266 607
154 302
334 463
207 309
612 821
51 805
614 49
221 536
825 449
721 107
909 699
296 234
715 818
547 158
385 711
822 125
306 48
897 766
385 516
207 493
366 5
176 474
226 237
545 848
73 459
548 570
486 553
693 890
687 369
831 691
557 887
192 28
413 814
847 884
686 58
955 89
139 163
757 926
688 845
18 259
301 174
26 400
517 208
800 723
373 640
442 530
26 457
366 430
433 39
770 455
47 246
238 679
224 213
812 809
98 269
307 418
515 849
384 738
427 525
158 829
399 793
276 439
789 130
664 270
355 68
797 701
607 702
38 602
343 443
774 639
109 214
82 583
782 41
885 338
107 801
594 458
54 140
556 76
195 829
168 204
551 358
884 91
881 553
909 711
889 252
938 9
308 867
660 67
14 661
717 364
600 809
496 944
129 953
757 315
626 926
55 895
308 100
153 544
906 73
626 526
782 311
20 578
692 605
341 269
397 158
97 465
543 701
608 526
284 338
312 17
568 739
870 402
9 457
824 538
809 619
485 552
359 577
373 927
528 216
454 410
10 106
780 194
263 342
152 860
670 610
343 564
117 697
176 575
794 392
477 525
353 407
733 52
24 105
100 499
703 685
153 431
910 34
57 236
236 954
682 711
921 238
136 350
481 651
706 822
136 495
401 534
759 351
223 431
834 422
56 836
521 785
571 905
633 123
780 132
757 139
88 128
129 391
792 59
118 719
687 831
874 252
471 739
757 220
26 106
136 233
241 508
655 54
527 356
862 605
375 883
688 866
178 310
835 388
373 923
20 942
72 371
82 940
534 118
9 58
909 84
133 460
680 646
644 182
698 699
150 368
538 371
813 715
335 801
219 503
154 218
865 890
698 684
815 592
253 192
769 542
24 597
283 299
274 216
957 341
173 597
201 755
766 795
347 226
611 952
285 944
888 827
336 774
893 730
520 389
78 265
219 333
704 262
687 688
134 936
136 319
692 211
335 760
660 895
178 526
376 188
727 66
453 387
382 361
305 319
869 8
271 292
788 62
880 714
650 32
398 460
241 93
392 570
576 480
918 205
409 416
276 327
156 440
378 769
473 773
500 394
703 487
65 659
947 377
217 70
121 869
224 559
925 728
757 959
547 332
547 941
208 424
523 387
440 90
12 664
839 958
586 304
730 822
430 374
302 885
431 650
903 843
475 113
814 784
381 407
756 888
738 906
221 920
510 90
18 535
51 883
334 609
137 641
655 552
699 580
465 104
421 518
460 38
596 951
39 811
551 499
556 278
615 317
958 605
409 135
870 45
571 59
343 911
119 257
481 582
69 194
789 473
841 535
521 420
121 296
488 524
724 631
160 436
194 464
887 418
294 181
399 829
849 931
139 879
489 101
921 162
119 52
341 796
401 381
179 86
276 92
448 144
878 443
462 534
955 554
537 22
572 419
24 775
789 463
124 877
267 38
756 461
743 319
427 868
588 545
698 658
892 914
307 865
142 795
489 751
538 936
624 448
557 295
527 803
924 451
340 291
731 396
669 270
644 486
913 363
667 234
543 184
685 865
202 851
67 779
945 22
378 182
168 576
742 627
488 768
450 237
409 448
649 544
101 232
15 188
653 250
883 451
635 826
863 711
298 667
704 948
908 565
95 189
549 836
680 815
876 888
432 773
531 713
152 292
600 416
700 961
196 680
233 385
176 247
581 102
167 237
314 636
914 801
927 728
780 510
3 860
66 62
98 490
758 831
393 947
38 759
28 962
121 158
88 238
80 29
654 898
133 8
909 688
596 795
661 851
270 790
551 866
395 324
87 94
794 376
224 699
893 555
590 91
425 357
378 854
915 307
653 183
680 372
236 310
604 422
13 509
90 712
313 292
361 186
320 356
692 766
21 887
38 423
655 169
505 925
90 480
928 638
584 692
737 463
723 22
65 837
418 779
417 399
3 905
246 380
393 291
237 950
563 356
210 953
519 707
740 731
703 416
731 807
272 525
355 765
413 473
574 214
575 331
12 146
34 460
921 323
626 459
527 354
26 765
428 279
685 541
201 27
725 304
709 951
135 295
312 853
392 850
321 262
762 760
809 899
585 697
765 806
284 409
253 23
931 843
604 286
749 474
53 612
680 876
12 377
935 246
662 273
937 422
663 579
440 532
336 551
223 460
800 218
517 679
668 4
510 753
511 422
266 490
751 35
147 72
272 866
938 605
70 585
703 482
288 936
735 423
557 521
114 279
218 182
568 845
654 577
470 844
776 607
16 237
572 291
570 659
122 472
277 149
786 751
196 766
626 99
226 629
38 873
182 447
742 931
24 672
12 440
71 340
757 351
652 941
432 441
112 83
221 803
877 252
666 743
894 218
886 179
281 386
935 414
135 336
465 83
304 855
152 817
540 40
343 504
290 63
69 754
908 333
878 821
603 854
172 216
678 772
396 367
314 517
848 179
634 401
161 164
443 110
17 11
828 457
882 805
549 886
160 445
38 487
828 107
649 425
515 726
158 753
709 930
222 161
273 166
876 852
717 951
50 527
836 60
206 181
161 142
287 827
515 175
321 859
857 605
434 572
196 41
554 455
864 329
778 309
660 405
869 947
868 610
585 779
957 718
904 642
165 770
764 499
687 765
401 640
177 825
438 642
940 43
867 350
804 618
333 357
575 722
615 753
945 467
432 832
581 151
421 622
228 227
192 522
921 858
577 226
959 257
528 36
731 776
53 447
47 308
180 314
724 377
349 820
634 68
862 303
794 195
778 816
558 283
867 946
540 253
229 257
9 440
498 861
489 17
611 646
370 798
176 753
87 456
217 651
801 941
864 721
310 507
223 722
14 318
956 886
604 653
321 630
458 370
684 628
409 345
148 358
486 670
878 953
398 417
749 616
222 784
566 37
617 265
489 268
194 422
256 763
879 318
925 345
852 52
909 691
245 163
914 419
489 540
961 60
182 186
507 437
274 711
822 351
504 423
298 358
263 586
944 339
203 394
146 569
323 387
61 414
533 662
790 832
839 504
688 609
761 930
344 68
321 150
441 939
830 183
283 642
771 536
673 559
53 764
898 185
762 114
731 249
948 694
740 354
921 925
760 464
828 577
21 881
488 76
520 68
301 467
162 141
647 639
846 80
426 497
644 27
581 824
757 332
933 67
476 901
830 308
790 273
556 268
163 333
488 954
212 740
259 19
683 771
751 295
503 697
438 706
862 911
878 274
37 480
538 258
199 530
122 537
503 38
821 143
275 108
155 905
728 444
764 622
648 902
568 530
907 68
61 337
678 41
575 247
114 602
846 1
281 892
110 603
946 487
861 656
129 527
63 442
217 531
841 348
623 775
199 186
929 358
3 295
913 330
870 16
631 527
352 467
587 399
527 300
6 63
432 138
814 638
323 788
420 286
130 805
597 610
717 602
415 327
296 654
290 354
14 625
204 770
483 947
791 703
330 289
93 650
931 348
927 291
302 585
215 672
210 514
549 557
373 179
425 858
545 628
176 628
872 10
919 679
110 178
335 956
756 656
30 109
38 952
774 439
623 519
10 327
929 525
558 656
513 436
332 534
686 935
723 7
774 817
98 759
924 939
391 94
427 183
932 738
498 858
568 434
771 276
791 325
598 924
751 666
375 211
362 697
706 737
334 280
392 100
7 911
676 884
25 99
723 391
40 658
585 860
443 843
589 436
343 217
214 675
897 561
180 132
95 197
915 533
432 507
762 948
450 954
654 494
766 166
519 881
771 807
7 255
231 338
574 497
275 164
207 851
706 819
846 169
568 312
654 92
279 670
436 42
487 334
376 43
575 536
508 651
268 906
578 805
218 940
834 670
98 381
475 550
153 444
343 561
429 430
69 67
596 337
759 350
139 635
845 670
147 352
541 888
913 172
724 327
469 760
565 226
267 440
643 931
157 737
592 605
915 579
565 524
472 874
343 14
295 418
419 926
909 143
135 655
477 664
948 728
455 346
690 831
912 691
224 691
935 476
7 635
290 752
426 279
401 187
326 944
878 139
814 627
4 656
322 855
630 795
913 108
262 610
120 649
727 107
640 178
206 334
460 689
141 651
742 707
955 957
478 531
664 445
224 432
918 292
782 918
885 784
82 216
750 465
475 221
833 408
573 448
568 208
114 570
274 437
446 1
30 293
923 898
472 274
654 339
242 891
717 597
586 155
709 705
55 684
596 856
922 817
196 664
597 793
791 107
326 707
185 953
137 602
758 175
575 795
470 664
44 630
493 5
576 326
60 377
668 372
684 404
112 523
112 119
649 291
67 265
910 393
635 260
604 808
250 449
710 333
290 725
409 640
205 931
136 926
608 553
85 760
381 795
505 639
864 538
199 374
733 840
695 508
137 167
755 423
688 621
289 817
724 7
793 912
302 354
347 360
733 121
706 195
18 920
491 606
391 806
498 260
48 896
191 310
430 288
892 17
715 62
737 646
430 337
831 695
880 10
614 91
480 195
872 30
794 268
756 295
880 54
217 32
192 759
222 332
405 578
747 572
228 846
655 753
558 931
384 413
904 524
441 708
276 811
270 865
764 957
940 54
633 806
521 858
810 818
346 327
401 750
271 82
119 106
933 339
734 916
893 257
88 686
491 554
709 89
879 232
39 954
788 371
893 747
222 316
208 672
417 529
145 490
405 747
238 309
6 941
799 712
781 199
342 572
857 755
558 826
71 649
360 179
882 831
489 373
149 103
652 234
312 408
598 178
270 62
425 895
382 432
401 675
845 541
412 107
521 467
891 621
212 946
809 234
817 422
439 526
158 339
924 325
637 497
458 389
634 729
361 206
362 813
766 655
759 227
582 620
478 512
347 483
500 922
589 865
19 647
329 8
145 677
249 647
526 264
839 632
685 929
961 951
462 263
228 208
263 251
156 912
223 574
904 385
838 925
163 610
543 25
190 773
45 319
459 490
470 170
43 72
781 749
568 587
298 215
726 717
433 612
109 530
474 895
340 620
744 345
342 484
581 188
626 119
40 235
325 286
893 215
599 650
476 363
631 793
448 599
426 338
382 349
255 527
675 806
626 494
612 477
446 200
715 142
913 204
843 442
684 901
663 575
393 154
735 398
219 25
223 34
83 128
271 404
928 385
812 225
165 910
627 455
60 194
660 403
313 25
864 506
555 303
201 853
451 35
466 722
742 387
241 239
118 128
845 760
695 953
20 959
635 166
721 728
83 874
248 195
960 251
7 926
86 371
695 858
784 286
153 389
161 112
136 311
689 860
256 575
937 108
888 104
530 372
870 478
484 902
656 77
376 259
528 203
217 312
434 890
686 288
430 123
60 639
673 413
190 414
768 268
72 536
918 930
168 39
335 322
212 272
754 39
560 266
864 471
168 947
676 804
778 944
401 526
871 745
781 28
428 745
547 875
955 149
679 951
219 400
247 457
209 234
228 220
121 477
227 442
106 609
678 350
486 570
520 920
674 524
378 962
722 950
320 575
475 77
85 663
156 104
385 958
353 801
65 36
161 795
177 680
679 570
539 231
552 835
520 85
41 750
219 385
213 904
587 859
74 943
742 49
831 912
791 202
695 958
229 304
132 896
581 850
645 59
427 848
660 323
155 291
84 214
676 640
491 614
238 772
727 639
168 789
886 607
266 188
401 358
894 85
808 174
429 725
584 808
932 511
481 847
226 887
821 778
435 739
208 464
490 311
563 447
364 899
199 148
844 14
332 542
221 2
416 607
735 92
412 364
961 746
929 179
56 22
662 339
935 743
440 368
955 807
761 410
617 193
42 244
51 457
838 304
563 419
611 35
347 953
383 952
138 364
673 962
326 675
426 755
475 458
645 194
393 858
794 620
416 261
316 334
892 403
277 389
909 640
21 419
548 891
907 182
92 19
752 188
770 919
378 875
283 241
769 374
733 483
355 391
836 216
453 810
421 820
13 824
764 30
704 354
491 936
228 349
137 922
929 818
654 182
881 763
446 212
924 748
228 393
841 83
427 182
14 1
727 691
170 579
124 58
236 186
306 64
584 2
781 207
600 525
791 342
381 278
20 671
859 667
165 932
627 318
324 889
19 659
663 454
771 337
552 929
635 853
426 83
33 248
505 524
375 527
177 877
769 853
764 208
349 37
50 578
58 244
69 106
759 184
550 691
581 903
533 241
945 116
540 148
874 195
527 357
662 950
114 356
238 252
693 446
683 835
48 4
494 194
829 11
918 561
384 45
307 657
70 466
550 832
409 670
464 570
219 26
56 273
139 328
320 616
449 265
851 371
38 901
53 928
176 767
606 493
78 235
586 795
114 188
236 268
478 702
852 795
518 694
284 659
284 895
838 851
161 903
343 875
676 561
135 736
955 775
576 599
543 239
480 142
758 83
701 926
430 944
662 266
284 532
481 936
566 574
161 522
922 763
499 895
849 439
478 346
548 249
897 38
943 633
481 856
98 272
354 309
649 38
595 68
97 319
489 403
843 72
612 951
885 739
482 695
813 704
294 697
762 777
396 227
922 62
634 622
895 127
485 76
698 313
804 919
218 605
812 824
746 209
491 432
615 106
475 884
576 941
880 712
77 953
481 507
601 853
451 890
113 15
683 460
40 643
662 160
738 441
313 645
63 416
868 160
346 5
245 847
335 150
48 749
769 569
631 189
409 142
405 955
219 334
104 62
954 739
336 344
478 278
307 526
812 696
834 842
698 194
646 609
222 706
809 35
93 103
233 232
786 203
155 694
228 128
401 861
676 946
106 959
864 561
409 159
347 612
158 705
508 151
579 193
751 282
520 436
723 380
327 694
587 722
305 123
137 637
733 458
781 280
600 781
762 714
378 329
129 437
44 363
922 713
508 776
440 890
704 43
649 386
880 361
655 545
368 103
760 860
540 296
869 256
342 674
928 531
551 377
330 172
828 176
501 492
721 257
47 689
835 19
665 958
326 138
284 848
85 40
670 415
378 868
201 308
547 677
637 363
56 442
63 77
275 375
556 60
615 17
807 931
336 504
489 707
308 424
314 272
648 583
219 517
638 350
540 591
752 303
271 138
756 91
678 864
162 396
130 72
196 729
624 142
795 950
242 607
119 563
706 939
819 951
370 502
163 627
417 248
543 176
217 162
956 410
500 104
709 456
724 900
730 668
182 23
753 441
955 155
198 677
44 722
828 808
34 682
227 516
548 243
38 103
130 2
667 123
907 626
903 622
215 839
664 424
562 298
627 639
294 344
633 407
699 530
834 611
71 410
560 525
15 225
4 493
34 784
79 750
198 543
290 425
294 706
667 166
429 837
266 684
601 274
768 93
928 100
77 346
367 186
328 83
362 835
813 946
597 414
845 145
53 644
302 113
153 564
519 13
572 739
539 244
721 460
588 292
907 931
114 823
55 150
644 419
945 416
695 755
352 99
120 499
458 311
554 144
156 576
927 239
821 289
454 6
828 798
880 849
281 930
897 886
317 363
593 234
285 79
254 608
757 718
315 310
862 751
668 701
446 814
262 484
190 575
937 349
581 158
521 597
621 833
47 494
787 25
329 311
920 107
847 497
86 103
428 262
303 264
225 713
780 264
82 608
665 183
87 166
649 583
439 611
764 478
355 747
908 140
745 286
221 652
577 960
658 595
383 840
876 685
395 388
753 371
458 332
165 829
762 892
421 703
845 694
229 392
683 419
725 28
365 620
81 307
434 237
247 866
547 247
15 19
841 54
134 765
149 60
285 789
781 548
27 299
14 736
250 501
907 32
299 509
515 51
362 651
166 507
430 877
802 531
383 153
481 106
382 171
213 318
867 834
398 346
528 158
102 899
540 712
769 232
74 610
505 297
748 91
237 127
421 619
705 785
685 408
228 631
510 512
236 68
285 813
909 342
692 575
84 174
169 346
840 86
807 463
949 944
640 565
758 681
812 421
352 618
197 39
428 43
211 951
742 639
105 249
335 24
839 145
511 743
569 234
587 345
219 264
99 146
175 538
299 755
435 23
69 484
281 847
586 866
618 364
243 716
797 652
589 236
949 407
137 897
839 673
495 731
403 564
191 309
40 748
207 959
446 613
960 258
203 465
742 85
331 705
191 882
167 931
178 111
636 662
708 606
489 308
897 401
892 586
456 195
392 192
520 202
22 926
134 366
921 535
655 295
362 642
764 508
325 810
545 535
500 402
515 433
85 784
397 456
672 465
106 613
417 944
940 671
173 501
635 675
551 205
948 319
878 799
13 440
56 719
629 628
634 326
797 799
445 411
568 895
781 806
876 574
78 192
648 685
491 750
143 19
256 777
56 931
566 430
471 240
355 501
937 701
275 743
356 720
555 892
110 101
173 691
204 174
295 73
315 60
47 450
401 537
88 332
74 11
50 99
871 160
88 230
475 515
946 899
433 194
358 459
305 227
730 776
405 254
562 537
591 24
808 607
821 456
598 771
50 542
98 403
555 105
27 737
315 415
534 851
841 338
424 567
253 889
546 357
24 920
503 931
484 282
323 500
106 939
559 32
782 566
177 48
795 779
756 674
753 45
343 765
909 718
919 806
93 779
468 38
317 802
919 94
215 225
72 23
84 5
284 337
305 117
923 324
313 55
914 573
596 765
839 597
774 289
220 835
6 930
157 520
517 842
177 625
315 829
373 28
47 848
826 265
433 341
215 796
589 848
303 657
84 944
483 606
316 703
300 99
566 559
209 710
723 813
370 802
304 504
90 613
375 433
632 260
98 679
505 367
539 262
265 716
18 202
369 131
306 584
923 865
102 534
933 622
237 592
201 868
622 49
667 492
299 319
648 531
674 951
321 45
752 632
608 19
307 585
16 350
594 861
221 628
152 432
904 146
96 919
4 61
332 61
214 619
708 442
349 255
525 387
135 632
7 341
344 146
878 823
349 481
205 843
116 447
921 76
838 735
723 93
576 399
43 899
119 625
85 211
913 444
704 914
241 127
327 646
277 845
842 714
946 917
18 59
608 232
154 823
465 318
552 39
749 682
376 850
934 372
763 512
893 293
527 68
469 688
253 234
118 818
260 36
838 527
596 691
489 460
91 235
315 178
876 536
361 944
299 49
215 751
678 46
663 848
515 301
801 235
449 573
429 220
139 952
21 567
906 564
185 553
649 647
367 131
180 602
803 930
256 105
912 418
38 822
521 261
449 444
593 474
148 802
65 559
482 73
207 464
555 96
250 640
71 226
664 845
212 345
219 227
503 822
155 900
430 610
721 832
798 289
640 912
920 425
75 96
524 364
124 595
145 506
267 246
55 718
317 277
556 919
46 818
384 47
84 116
238 246
428 619
133 280
354 142
319 801
815 586
202 351
47 414
714 179
98 683
177 84
40 916
594 753
162 737
298 688
217 391
129 227
160 889
88 111
835 702
413 289
236 29
142 32
228 211
374 573
943 471
94 261
135 876
135 307
518 415
113 820
206 814
589 440
210 118
321 960
448 639
516 677
738 402
47 226
640 516
14 279
129 453
171 959
301 69
94 651
693 150
190 185
284 334
270 652
57 120
945 388
512 387
81 754
438 799
909 611
344 833
245 922
775 464
287 320
108 947
664 109
498 338
659 235
560 489
215 913
470 66
12 902
306 266
750 708
432 603
699 333
776 5
450 94
405 37
943 918
152 866
306 287
460 837
665 729
857 200
913 49
349 613
921 891
180 869
138 82
211 917
612 853
683 82
730 797
671 611
445 859
482 348
515 452
682 386
170 10
302 628
56 956
635 745
537 630
254 956
475 532
180 821
290 364
856 761
214 607
421 905
134 916
485 676
790 628
180 171
786 574
649 319
168 215
926 941
778 516
560 48
223 831
584 179
804 760
700 514
7 854
676 62
417 950
814 216
753 77
868 415
413 884
201 659
626 174
734 807
148 842
734 716
135 20
187 628
138 854
540 563
360 582
4 536
223 32
653 205
320 777
748 727
465 840
819 329
359 759
883 625
780 927
1 406
219 644
222 282
231 431
105 944
703 97
835 624
545 457
845 826
648 713
33 743
699 478
757 241
267 682
758 332
698 205
805 479
871 4
462 209
296 771
133 329
175 478
858 906
233 109
486 251
312 415
554 890
440 701
137 857
155 364
735 94
808 230
18 591
200 461
703 681
928 482
159 953
214 447
425 189
185 525
214 140
873 282
488 431
207 822
605 11
14 208
397 761
161 474
124 342
200 642
717 297
885 188
211 507
538 827
587 942
438 795
944 371
305 824
20 17
601 620
569 239
92 444
366 209
883 92
863 32
95 294
201 784
791 912
859 479
690 365
915 365
314 711
615 433
409 321
40 933
933 76
168 950
253 274
413 553
732 618
254 141
357 372
26 17
891 793
883 49
876 669
435 883
871 521
136 6
591 796
478 310
622 817
25 329
177 569
433 837
921 795
449 92
753 144
319 795
130 146
797 49
804 188
23 851
575 115
648 37
862 188
255 814
845 128
275 312
240 437
299 902
724 437
903 232
552 832
39 755
627 99
799 345
877 607
489 699
154 304
744 634
59 630
212 552
861 536
687 691
552 55
560 643
10 837
943 774
539 873
324 714
250 666
874 310
317 366
560 220
231 807
279 17
161 272
66 479
427 727
191 463
359 490
922 513
550 52
33 710
184 902
400 822
787 617
819 144
940 697
566 795
630 286
297 790
800 399
721 341
778 23
678 216
814 261
14 906
521 42
396 479
164 523
912 711
587 829
382 258
223 175
409 484
342 4
695 607
314 208
482 847
631 720
471 166
233 178
562 849
784 28
841 526
436 386
204 107
503 370
94 364
774 334
166 820
245 76
114 207
503 867
615 693
885 116
620 286
661 575
129 609
738 863
634 90
597 83
301 605
137 937
604 103
671 936
446 14
867 701
117 513
957 169
704 336
839 959
330 764
453 718
126 641
60 125
170 63
12 66
932 474
826 484
845 52
278 456
51 873
207 360
10 617
182 341
925 68
631 292
46 624
361 86
734 748
317 321
526 860
560 778
334 525
277 29
443 113
198 239
405 201
230 801
301 534
34 278
735 831
217 632
323 192
176 611
366 200
511 370
750 571
317 203
631 270
733 239
566 819
516 42
306 867
630 624
231 477
188 43
584 651
742 895
352 540
132 265
925 303
780 573
690 780
449 571
9 303
175 840
790 43
717 673
427 741
208 364
888 116
391 603
110 422
546 258
201 569
438 610
685 309
700 753
302 685
872 608
734 295
361 850
546 521
213 788
382 314
57 363
611 823
256 814
605 739
250 473
461 388
445 262
285 569
844 666
792 830
807 190
389 251
730 939
726 111
287 490
678 45
638 345
728 509
511 327
489 954
172 166
727 569
324 304
769 141
794 785
913 359
588 718
706 532
668 541
740 629
65 855
276 494
777 144
199 636
30 559
222 373
871 384
40 291
813 804
51 571
810 5
537 21
154 729
312 506
807 806
473 708
881 675
9 403
731 184
921 651
598 441
943 941
830 887
263 457
474 455
784 785
133 778
844 912
675 696
26 386
489 874
355 812
655 340
434 104
316 396
565 873
791 240
845 66
117 175
206 917
413 960
738 810
787 174
394 773
897 662
56 321
942 5
332 490
405 852
255 282
668 31
649 632
897 922
514 891
956 116
547 289
564 941
531 783
429 369
693 206
185 327
3 342
520 239
229 712
236 144
849 128
937 18
353 582
495 811
60 246
894 879
421 420
470 93
549 189
718 249
835 436
2 282
446 523
665 286
351 414
415 711
524 642
369 103
736 936
220 945
27 617
138 798
87 947
633 564
173 23
736 507
881 348
162 768
446 818
632 567
724 766
736 833
950 952
45 486
514 257
230 950
727 605
224 39
413 531
809 929
398 729
373 877
168 324
304 638
241 61
749 431
307 641
440 410
612 154
165 721
622 192
305 152
98 270
540 274
359 861
590 11
267 175
565 197
167 356
660 706
520 801
548 554
819 61
872 867
15 178
680 101
880 725
914 701
620 186
242 617
648 396
54 141
932 751
931 629
640 806
98 63
411 479
584 506
314 885
627 912
223 852
160 647
849 953
287 338
152 716
665 459
588 110
94 936
29 448
647 372
385 613
143 640
519 9
78 760
434 414
82 508
494 128
213 402
626 774
267 398
118 73
336 102
863 59
51 641
267 664
343 684
241 890
204 276
44 230
228 486
592 823
851 260
207 67
581 867
878 896
673 114
769 737
168 803
791 68
389 691
503 258
12 743
432 66
485 455
648 51
498 184
923 289
224 293
187 232
104 123
74 929
159 763
682 364
717 659
65 356
383 766
730 388
626 160
864 45
519 819
312 358
392 291
766 2
69 691
281 870
417 681
937 768
475 962
944 493
411 493
744 426
489 728
240 105
901 651
267 275
798 8
730 723
726 329
457 280
98 274
893 274
658 716
757 108
34 416
625 36
299 959
831 205
488 635
298 875
217 647
834 530
22 318
494 246
665 559
566 63
786 462
381 474
940 947
666 509
445 818
579 931
898 504
534 244
182 532
519 956
786 295
857 464
949 175
393 933
278 820
167 486
446 762
455 422
385 641
385 251
698 291
846 116
59 616
939 410
242 236
724 374
482 681
748 674
586 946
731 544
85 359
314 749
747 445
447 309
753 854
80 123
221 107
348 641
475 279
910 496
577 622
549 293
641 716
332 155
404 788
684 142
433 216
762 689
538 573
477 465
827 650
756 933
321 432
891 931
72 419
786 129
555 133
236 775
95 249
753 348
698 155
381 550
600 632
867 593
841 205
317 551
121 97
813 548
747 957
63 8
673 842
465 677
808 843
44 502
157 385
594 150
213 183
619 710
755 713
99 140
768 817
675 19
897 557
945 912
955 799
321 334
495 414
276 86
307 242
591 213
804 387
213 647
434 388
478 875
557 756
850 817
809 269
589 880
605 720
660 27
449 745
943 424
61 123
664 900
434 817
515 48
110 542
381 544
190 684
600 650
471 179
146 617
733 67
893 50
856 205
830 815
40 339
879 292
321 585
443 490
427 379
