950 6106
383 663
84 108
462 415
786 178
245 453
339 108
631 742
790 484
436 206
928 879
333 426
608 18
716 99
435 842
161 424
101 5
576 505
513 308
604 536
79 274
144 349
121 1
300 781
28 752
231 311
534 636
141 190
766 10
180 739
418 71
325 264
136 89
141 685
153 824
111 625
10 127
868 698
931 188
551 90
925 104
576 596
287 808
949 827
792 823
723 528
235 372
59 493
170 547
125 574
839 857
84 457
210 605
168 890
140 428
24 651
865 528
799 362
49 139
636 609
35 526
190 537
470 219
846 357
373 662
283 805
862 660
439 493
203 423
670 553
394 424
530 857
449 806
711 367
574 835
466 128
677 277
583 889
636 620
787 99
756 748
329 233
896 253
269 833
546 625
712 380
473 870
286 89
344 358
12 522
480 746
308 808
728 840
333 427
444 674
161 625
17 361
800 705
17 228
459 810
352 296
561 417
873 512
541 206
632 918
582 943
830 606
650 809
360 866
904 221
618 63
867 219
125 596
332 184
248 313
225 926
844 824
924 39
549 126
838 15
191 859
914 242
231 191
667 286
218 907
742 427
228 243
290 609
576 926
540 841
368 747
277 226
237 701
210 803
867 851
625 145
131 840
837 37
461 102
470 898
90 387
723 453
153 607
454 20
270 909
118 181
858 900
221 133
378 473
831 306
768 1
800 12
593 259
132 492
331 119
17 293
480 795
493 41
930 168
488 15
73 142
5 498
418 275
200 438
337 939
501 364
852 890
466 651
838 145
828 557
336 759
182 543
931 809
586 298
517 234
933 494
639 720
276 308
256 616
272 459
301 892
377 671
98 547
793 544
679 704
496 574
218 710
405 20
95 936
205 886
95 83
631 137
88 784
382 131
19 38
36 609
568 413
79 305
383 343
695 710
474 134
638 664
52 381
578 133
212 489
382 273
487 357
31 215
868 414
434 776
57 767
38 322
829 583
51 406
193 565
610 403
180 750
239 410
863 286
722 354
212 694
562 887
655 791
486 822
819 459
288 590
491 118
55 787
809 636
183 259
617 29
374 29
273 876
101 509
721 765
640 64
87 724
342 293
96 193
310 284
454 122
913 824
406 175
326 83
805 852
383 944
577 701
843 102
584 139
883 577
386 542
456 420
136 614
582 930
669 376
371 337
827 263
845 430
190 517
616 337
494 54
533 556
268 694
514 672
585 794
669 529
132 66
795 387
268 557
800 505
513 288
916 484
872 585
735 225
542 859
864 653
530 922
111 836
447 921
621 259
409 759
117 364
495 931
906 660
228 208
72 539
122 169
478 831
921 761
129 929
765 143
10 827
582 312
38 499
487 781
429 699
893 427
661 160
832 537
565 457
252 816
394 312
170 84
160 798
883 600
863 637
597 619
8 263
569 119
647 522
187 609
928 38
45 889
82 155
321 208
69 461
581 337
496 694
385 546
921 734
355 429
585 380
922 859
176 809
919 429
942 116
762 619
728 60
949 469
943 254
73 431
300 460
546 820
942 386
839 140
270 945
668 551
635 569
241 251
651 681
820 61
176 195
372 537
858 425
759 233
496 604
864 637
73 910
930 907
72 738
718 537
349 684
35 206
127 472
596 440
854 746
672 632
592 685
199 204
492 262
882 145
464 565
641 391
779 495
773 785
112 54
868 296
891 892
800 681
182 100
788 753
898 701
147 809
919 671
826 478
416 849
514 693
726 609
310 189
585 233
783 281
92 725
238 174
404 89
14 154
268 308
218 614
638 808
422 148
555 579
439 738
913 727
341 652
649 258
682 895
370 678
503 213
571 156
860 789
937 642
76 159
906 175
195 888
166 747
48 152
187 439
46 381
562 725
712 172
376 857
8 270
231 605
921 810
883 297
715 240
161 244
442 414
130 65
458 532
252 749
800 795
452 847
46 757
144 931
626 798
348 145
120 284
310 544
122 763
161 296
667 917
304 134
719 152
45 298
150 61
63 801
332 419
519 315
392 774
156 830
534 676
688 305
72 570
863 817
435 511
310 947
347 330
46 787
771 775
410 646
213 579
361 372
721 127
246 749
454 583
565 740
359 294
199 253
257 37
480 170
447 414
795 443
246 316
11 367
559 905
88 552
249 623
826 430
809 759
310 758
611 421
868 571
331 346
791 784
595 897
78 828
939 824
670 583
925 740
530 604
100 433
300 767
778 165
762 256
449 505
886 5
530 217
710 354
511 423
91 433
883 154
722 94
480 492
912 296
148 522
186 557
268 504
893 204
594 478
682 537
576 812
142 180
827 524
336 208
559 654
70 467
110 102
73 225
28 106
377 907
892 787
780 310
276 739
710 1
526 201
471 863
170 395
418 759
510 169
768 10
412 830
150 768
171 1
705 361
389 33
305 583
612 293
858 291
624 204
544 16
274 753
685 739
624 414
745 911
388 535
778 862
260 20
42 145
591 887
420 723
96 613
96 696
149 143
823 605
158 197
572 869
611 527
706 938
78 373
865 294
436 85
735 467
73 356
828 43
493 61
412 332
182 589
91 586
346 658
146 33
620 384
560 201
659 352
383 317
562 169
633 270
131 629
747 232
588 180
705 579
791 259
29 696
174 606
422 70
918 684
855 878
541 415
645 901
655 584
283 831
31 95
206 328
331 604
834 261
375 539
375 847
743 339
852 250
225 712
136 157
349 869
180 909
667 755
519 566
843 339
207 584
774 261
569 579
566 205
375 226
676 15
278 21
666 272
3 948
487 240
203 673
69 578
854 389
721 677
672 821
255 784
718 64
200 504
454 849
756 889
881 619
158 109
599 211
357 857
867 608
941 357
390 498
676 139
272 502
949 450
118 109
31 223
23 879
540 363
904 753
850 410
455 728
353 470
355 831
454 114
438 866
307 403
913 626
196 854
290 784
856 785
838 320
388 811
752 623
680 523
675 878
791 673
658 699
69 613
665 663
42 932
924 785
839 217
306 653
310 811
33 178
28 133
334 389
912 651
893 291
339 157
410 108
10 206
12 194
771 769
119 443
92 732
533 197
773 590
256 851
78 811
63 919
82 432
51 524
203 614
437 943
761 102
550 948
187 10
655 803
481 514
673 354
153 211
633 714
73 55
760 261
190 138
672 172
492 193
92 253
499 516
662 226
611 414
519 405
421 121
839 876
903 723
249 63
91 360
508 523
177 887
756 681
503 359
634 764
942 862
691 514
471 908
726 795
266 109
314 610
386 448
104 822
909 580
676 737
595 423
421 77
513 862
755 716
69 222
635 710
239 645
912 84
420 673
372 219
731 235
835 144
751 824
769 577
709 737
122 335
686 110
235 386
456 877
920 96
304 622
931 232
597 585
344 194
422 692
513 583
584 273
635 492
168 655
337 44
702 181
3 885
839 654
105 808
917 7
615 468
551 870
812 927
813 145
582 491
693 67
880 947
74 145
795 29
454 305
662 163
541 714
305 690
864 588
549 555
460 878
631 313
903 945
738 424
239 306
771 900
40 51
780 412
92 642
658 264
377 369
302 784
389 305
352 193
511 336
773 88
489 918
616 78
563 56
917 425
65 367
667 31
903 755
813 711
722 79
884 627
194 21
332 16
326 237
730 675
508 198
912 897
930 761
834 524
594 135
169 626
390 854
300 881
600 853
16 820
76 342
199 781
815 136
718 251
914 410
36 313
559 934
767 791
902 145
807 563
844 623
448 609
28 533
544 617
842 373
144 745
625 53
325 423
836 908
103 727
645 234
279 684
217 338
171 27
752 33
775 425
559 569
19 387
638 613
353 591
679 658
922 440
670 813
349 77
81 491
42 654
595 230
235 313
115 175
544 870
125 317
718 607
142 699
40 27
93 172
18 820
675 230
422 42
157 542
782 825
893 281
717 725
665 190
381 797
314 833
850 262
622 193
890 814
394 633
572 662
855 286
721 370
723 798
447 545
275 716
641 433
279 911
462 854
899 889
13 48
104 197
786 712
618 713
691 258
26 397
433 489
879 555
443 947
584 479
644 648
496 491
548 262
301 243
380 180
454 200
375 740
691 923
928 884
879 509
29 915
790 410
246 565
185 121
84 260
459 238
112 163
141 441
775 509
505 6
40 868
504 908
664 939
936 827
649 914
225 834
15 431
800 160
661 83
337 763
266 613
872 451
650 269
843 794
62 43
605 133
406 601
413 486
597 380
194 534
713 315
111 215
314 366
270 660
510 528
246 740
613 424
552 727
371 518
464 746
778 830
634 258
182 482
228 916
358 523
381 469
771 929
493 824
937 685
546 292
735 148
388 577
404 851
705 632
125 56
637 308
523 939
190 613
872 58
607 242
722 244
924 746
618 678
642 501
156 165
448 739
92 745
86 429
751 438
177 108
53 499
278 96
931 323
194 806
628 340
255 381
149 572
353 42
631 451
311 733
588 798
332 524
481 110
799 286
218 826
677 250
351 545
791 671
388 579
250 792
227 216
846 592
136 934
302 34
934 524
911 725
764 192
168 393
616 908
663 165
339 163
519 256
12 297
726 665
26 758
113 517
679 789
828 810
276 869
590 386
428 536
47 770
103 522
693 621
519 569
355 565
569 354
643 857
179 123
659 173
753 673
324 727
195 613
280 408
28 401
348 947
176 379
616 761
852 781
495 83
142 174
615 515
319 416
815 139
326 563
371 94
568 258
581 152
784 789
414 257
683 816
877 453
47 619
49 11
196 245
612 352
867 175
131 734
549 170
209 163
719 206
691 725
118 262
721 389
904 6
941 252
435 723
272 907
825 374
755 505
455 446
132 575
52 741
800 551
499 696
304 58
527 910
429 936
546 562
295 240
512 620
591 648
689 260
851 698
533 749
630 213
174 259
708 348
747 36
278 232
584 472
409 219
515 423
250 763
933 743
561 537
333 644
936 223
555 280
496 347
591 292
337 195
300 379
300 583
170 56
755 579
527 173
879 296
615 835
238 109
264 739
406 629
302 508
76 250
677 540
21 453
326 327
273 298
378 588
759 823
463 942
679 364
503 374
525 288
669 233
57 110
321 623
512 441
280 572
183 816
249 278
310 692
941 46
326 351
402 135
250 320
70 199
628 185
719 718
82 616
902 583
471 606
930 439
884 117
307 584
104 466
643 542
330 327
628 439
853 430
414 557
582 690
617 323
63 421
477 48
918 935
833 223
102 685
113 716
245 260
730 97
200 397
220 553
116 587
61 357
687 523
454 236
652 857
566 601
29 484
566 801
417 528
535 776
598 489
716 485
618 711
709 523
680 54
950 789
19 199
296 898
407 250
274 219
454 490
525 236
748 247
717 893
778 442
533 89
928 605
116 269
664 637
616 389
69 403
760 593
790 182
694 73
289 311
128 184
545 869
802 384
125 80
741 143
943 570
735 62
610 330
187 45
933 183
26 473
334 871
526 440
775 421
135 478
343 651
873 373
432 929
612 623
285 583
602 1
590 737
883 101
534 810
582 299
468 215
29 36
29 363
559 595
274 381
389 308
913 97
681 243
452 916
577 823
637 935
930 651
317 774
285 448
773 769
782 225
352 605
665 604
50 234
804 469
21 25
374 547
774 810
560 538
796 650
476 441
182 926
771 862
246 58
478 870
132 362
871 738
304 531
162 15
309 25
631 677
22 517
373 647
478 359
266 642
402 758
768 373
705 223
452 922
654 866
666 691
861 475
807 337
170 677
126 664
617 504
669 558
48 169
694 364
569 805
891 376
564 482
646 169
344 853
658 1
508 464
272 121
576 102
791 190
491 296
361 102
640 871
489 350
287 765
210 405
18 484
850 405
455 158
189 315
146 882
218 190
555 121
236 315
634 242
162 67
588 208
118 716
493 134
885 373
639 540
921 936
944 414
468 626
589 749
340 114
638 811
183 295
634 171
578 284
768 340
136 414
769 945
809 362
13 377
851 820
833 685
833 6
375 737
399 65
669 265
299 441
877 740
196 330
124 816
860 516
105 490
692 292
702 269
648 905
53 240
104 248
230 539
596 229
879 729
612 376
171 295
87 506
136 789
491 70
464 601
274 565
569 586
309 893
930 647
164 391
850 876
631 175
659 217
302 825
513 271
191 217
946 515
550 98
668 34
250 882
844 97
597 386
789 219
502 857
759 857
497 879
307 84
429 647
266 732
326 387
128 231
891 701
718 134
855 253
636 178
716 789
110 121
632 851
76 748
863 931
278 729
63 88
352 115
176 746
950 811
514 174
937 8
218 757
160 537
299 918
667 171
130 506
355 297
825 748
307 395
549 81
365 211
310 762
799 117
438 348
508 774
574 133
148 897
332 784
474 389
446 64
157 313
174 365
574 192
873 185
465 253
920 621
92 527
748 660
721 738
279 237
721 224
795 207
146 809
477 885
48 750
666 870
887 716
836 297
330 362
264 424
50 397
79 80
104 523
23 381
840 940
705 144
326 649
317 431
887 233
447 941
347 614
486 864
120 742
227 408
290 154
661 296
468 396
13 734
721 308
838 876
613 33
93 806
950 838
409 199
518 267
176 411
796 143
904 205
169 257
488 638
705 894
851 41
187 160
818 538
185 915
337 65
630 573
759 451
150 604
743 817
429 716
331 851
502 546
368 713
612 939
438 320
484 197
735 501
459 795
496 74
130 311
222 737
223 684
292 297
130 171
69 104
416 143
842 386
662 653
214 227
635 431
782 135
212 748
752 884
511 20
59 652
914 949
797 384
435 574
141 677
218 903
349 862
462 189
525 553
602 86
192 685
256 929
274 364
126 88
170 927
600 637
286 609
413 531
829 732
701 131
760 705
317 173
822 948
435 262
265 763
500 400
942 51
19 839
458 133
629 698
654 426
40 309
573 836
340 397
545 155
613 67
811 636
568 153
177 266
93 761
177 882
214 477
667 155
718 32
937 684
573 593
594 812
891 53
535 231
656 80
38 357
383 226
238 226
355 704
642 240
429 419
200 593
306 54
461 155
422 724
591 621
218 224
762 98
555 766
303 636
885 138
90 484
815 867
77 798
630 99
946 851
920 423
945 145
705 240
591 569
843 423
413 393
442 472
813 493
931 878
601 849
722 838
90 29
630 845
250 929
390 710
854 538
659 530
508 71
879 201
29 841
408 156
390 377
42 744
280 910
781 45
637 887
310 573
632 184
884 374
395 585
882 469
742 517
299 816
46 811
631 254
691 571
316 425
680 252
473 707
932 841
464 595
886 777
842 487
430 206
567 160
514 228
865 664
526 77
393 653
299 516
683 614
740 313
773 948
554 369
391 133
541 558
121 537
778 524
113 608
655 727
811 335
459 904
891 54
919 824
126 160
279 680
372 814
741 116
879 469
886 482
473 75
829 789
90 361
468 563
283 680
914 327
562 828
272 514
159 134
638 166
511 273
246 763
446 512
632 482
549 331
203 832
134 189
519 258
892 469
883 408
230 547
573 65
193 512
649 912
559 178
319 935
119 892
462 439
597 725
156 878
344 179
691 576
83 99
413 502
800 152
437 500
28 393
932 281
47 195
914 275
528 320
58 614
408 753
752 68
250 107
458 684
324 483
473 714
768 593
865 39
76 325
772 208
210 118
568 25
401 759
78 230
93 457
413 224
497 801
103 215
368 671
853 785
91 357
46 673
449 862
742 197
381 792
352 152
497 559
146 185
925 329
390 935
615 134
35 92
126 3
721 893
454 755
214 768
930 145
310 632
103 293
584 232
218 182
446 803
782 157
2 252
576 527
35 57
766 625
2 461
620 457
946 319
640 553
7 67
544 896
691 184
300 46
532 154
166 798
120 767
168 308
375 629
370 375
225 636
839 509
552 676
4 381
873 311
650 198
301 193
620 223
675 803
289 769
779 762
650 405
783 547
905 583
81 758
40 284
668 781
700 46
642 547
478 595
634 872
480 27
672 698
931 306
307 936
832 625
740 363
811 403
819 185
571 586
760 517
186 823
304 140
452 160
924 882
873 542
35 649
392 562
902 889
267 334
128 833
340 482
790 69
439 429
742 853
793 923
822 911
737 727
800 321
268 811
574 129
883 524
686 163
826 727
57 398
923 164
607 357
379 870
565 428
923 620
434 770
942 420
879 621
944 240
210 449
582 648
917 573
881 889
761 596
577 547
214 24
706 498
528 319
120 682
933 311
943 387
627 430
142 889
452 77
897 457
782 654
260 804
246 133
116 798
659 54
674 536
168 685
40 402
549 828
604 131
599 823
57 369
249 183
31 494
762 217
435 82
183 603
736 114
272 461
218 820
511 787
501 114
864 543
561 13
546 922
35 648
794 520
656 306
535 90
267 482
394 720
829 557
330 678
90 322
8 607
566 579
92 281
518 603
447 558
82 127
856 909
8 734
615 740
544 501
413 840
796 524
100 427
503 891
611 949
913 139
435 279
29 674
640 305
712 27
209 605
705 215
331 529
497 625
802 734
438 913
627 605
728 936
911 522
795 537
371 618
680 161
302 132
79 339
44 327
422 191
314 604
435 545
412 469
597 571
535 461
40 669
435 223
497 184
390 157
782 340
299 25
809 156
925 365
480 730
309 118
761 504
149 692
648 442
351 881
742 489
520 536
256 442
26 706
167 536
937 354
611 355
666 395
525 229
179 172
300 168
839 216
696 174
130 808
462 164
76 148
221 369
210 70
7 553
12 247
23 365
663 543
817 678
316 98
96 323
199 108
371 423
173 849
349 189
120 189
753 690
407 84
86 424
918 295
347 459
677 811
680 547
129 544
712 189
21 520
525 89
19 133
886 75
195 901
9 145
914 472
324 28
128 77
828 836
872 406
183 586
691 469
572 173
197 396
721 205
434 750
547 54
659 878
664 187
496 231
861 144
340 833
566 748
314 596
694 916
152 169
843 106
791 425
513 37
518 502
128 407
933 190
795 830
234 714
712 817
689 160
894 424
732 305
352 575
773 76
186 198
641 749
933 83
599 203
525 423
302 169
541 906
84 710
687 453
4 437
139 253
617 534
293 804
544 806
779 625
513 648
763 697
564 236
385 1
40 206
461 139
631 418
551 66
168 682
595 651
42 259
341 470
370 646
287 524
731 47
187 515
517 451
129 693
929 211
867 808
19 240
406 689
72 807
287 139
78 241
383 928
896 834
906 558
452 702
196 389
775 537
480 330
100 46
778 826
687 792
275 415
802 888
863 820
908 67
535 303
449 869
428 823
853 27
638 810
895 749
650 194
12 622
788 758
884 847
462 886
191 106
270 11
471 515
856 710
635 744
645 419
388 407
706 660
818 38
235 844
148 5
359 230
705 446
399 366
817 504
353 173
265 56
407 647
125 343
766 22
372 75
81 254
244 241
594 383
554 156
851 131
774 911
723 553
842 54
610 428
899 223
826 450
92 522
787 738
802 356
63 390
917 121
769 787
852 720
326 240
272 66
326 796
473 32
843 73
477 621
874 556
43 653
809 262
891 798
618 19
149 783
838 183
593 60
780 657
735 510
816 797
162 21
842 405
333 340
289 336
129 875
161 824
535 468
240 89
92 107
639 902
688 244
818 215
649 871
95 505
689 479
642 834
597 140
382 443
594 443
770 851
35 530
183 804
949 901
943 290
112 108
314 231
902 813
675 905
86 583
289 510
683 918
390 211
904 365
635 550
287 917
159 916
802 740
582 656
767 716
547 6
854 48
521 323
930 889
331 738
885 547
72 834
512 738
685 505
888 840
580 869
325 753
530 636
950 794
122 876
538 823
685 808
794 926
166 358
561 713
677 889
200 490
354 297
648 372
34 866
176 34
796 459
140 192
70 564
425 450
515 154
700 48
487 753
187 131
718 154
105 874
779 135
476 180
742 733
781 367
422 190
63 569
692 175
880 896
247 857
308 482
273 431
291 428
758 357
825 334
602 545
852 340
780 725
340 613
309 936
81 199
29 306
707 878
202 654
114 322
32 757
289 657
416 646
124 337
769 831
745 224
813 290
112 673
765 898
164 322
90 908
893 784
251 857
9 164
940 746
301 258
906 381
511 882
703 340
182 603
303 584
700 355
325 914
830 64
418 945
796 369
170 295
541 477
780 120
732 357
192 257
920 201
168 733
747 674
411 792
541 842
726 259
202 571
906 405
369 870
941 685
786 584
561 71
72 133
938 804
128 446
646 33
535 357
782 217
25 345
456 866
708 510
799 548
283 114
657 117
368 546
895 947
116 111
402 323
925 514
6 363
554 189
522 6
643 228
5 1
630 500
326 728
471 495
149 215
349 539
174 322
574 878
411 337
941 714
825 616
124 813
581 22
397 857
130 421
387 889
903 946
856 421
344 707
918 345
72 752
182 75
600 775
26 712
783 361
248 901
649 313
743 624
177 692
17 314
836 64
715 197
944 544
893 405
221 251
410 748
321 362
213 217
24 131
700 586
787 606
880 834
94 109
774 740
361 866
276 814
629 580
272 136
686 113
950 248
705 906
945 714
413 213
842 895
72 239
238 234
435 804
581 123
29 909
855 824
102 927
359 817
164 685
790 890
607 472
809 242
126 694
227 251
930 442
418 844
83 676
326 191
742 583
140 211
331 711
721 239
843 759
554 774
333 14
137 323
448 701
378 25
583 798
442 479
91 369
758 505
583 216
390 94
640 245
599 92
702 565
87 745
12 811
523 900
811 191
688 824
661 257
464 433
477 632
366 777
161 938
573 890
196 77
342 186
249 809
168 758
52 871
949 143
441 798
454 263
86 215
350 479
768 24
633 778
712 685
821 414
680 49
652 596
514 416
781 671
602 722
346 747
246 293
255 580
837 849
900 419
551 464
205 658
74 117
78 169
187 65
497 315
271 506
79 794
529 376
269 714
544 428
674 427
687 44
63 610
464 231
196 354
19 767
695 750
402 247
63 514
468 889
82 240
355 84
539 520
902 640
616 596
622 727
392 588
449 318
214 753
549 391
410 367
646 108
766 516
32 770
383 799
573 131
858 909
599 678
433 526
26 385
213 869
196 199
633 739
10 696
547 701
608 15
766 501
365 297
880 273
149 302
331 315
706 325
494 701
771 106
168 451
721 350
265 484
675 441
481 118
535 689
589 605
742 602
544 319
886 254
25 284
71 297
341 201
594 842
769 632
532 60
52 100
69 716
146 485
302 745
752 157
246 540
861 882
314 562
48 403
560 95
903 152
663 99
104 369
360 219
715 372
17 607
582 709
571 935
569 814
112 658
695 846
351 274
780 457
492 822
476 145
894 54
130 243
668 868
221 681
113 21
869 757
865 932
819 211
718 73
513 653
347 780
778 452
347 82
628 812
7 531
222 475
333 739
694 655
667 658
665 945
913 505
773 480
289 464
278 715
160 757
362 940
402 567
161 479
533 105
703 818
375 672
650 927
944 696
800 820
779 417
295 322
162 711
931 498
382 416
800 35
611 784
556 400
375 506
339 847
162 78
688 240
256 301
90 79
135 877
342 912
942 129
445 116
631 812
693 759
135 143
706 578
24 2
846 114
840 947
448 414
16 849
267 910
422 590
788 815
705 187
686 115
213 716
948 746
116 508
122 441
812 684
854 565
668 731
723 810
454 818
387 458
687 766
766 812
249 869
113 539
864 181
727 178
758 364
559 885
115 180
120 804
316 882
568 183
928 64
183 341
413 366
518 20
481 713
207 830
455 466
670 784
11 690
884 45
31 765
611 162
292 678
784 441
300 261
11 587
333 240
702 918
705 25
130 737
280 547
617 643
810 794
272 185
777 367
513 814
84 114
780 344
190 181
896 109
116 847
770 888
649 252
119 791
779 287
540 580
36 509
773 352
747 16
416 522
869 537
63 322
635 261
193 747
661 592
535 290
785 328
168 617
332 171
513 772
360 724
792 367
732 677
92 681
836 725
943 580
148 811
863 507
332 502
842 100
597 309
435 89
837 152
719 738
722 940
228 817
659 737
925 204
330 607
289 433
754 530
374 866
447 365
728 720
359 596
55 729
73 613
406 449
460 171
166 443
167 157
291 376
917 532
129 47
73 430
227 220
796 168
128 180
561 693
832 769
903 366
790 501
447 380
217 734
87 629
370 227
868 419
447 77
766 537
883 811
318 25
480 818
780 352
279 165
510 363
328 350
518 359
773 5
499 44
504 749
209 911
438 629
795 546
143 557
314 439
855 848
897 295
845 475
343 395
206 704
845 365
742 131
686 524
703 308
894 660
883 737
771 768
230 431
248 803
462 675
95 698
569 420
59 359
129 529
423 189
380 443
702 739
732 165
303 6
859 263
905 847
256 637
949 869
110 652
157 138
813 428
502 817
556 178
108 606
581 199
630 105
911 724
471 109
617 689
689 896
116 121
473 701
13 701
481 222
378 19
50 579
823 85
244 431
501 938
895 777
310 287
630 917
769 759
693 134
416 308
931 134
52 830
395 683
196 949
456 884
639 926
47 16
72 362
826 175
949 720
311 784
17 564
700 292
634 877
310 688
582 489
864 563
691 654
719 87
146 774
301 366
150 114
301 643
272 882
772 220
236 469
42 164
743 328
545 312
51 227
494 862
362 216
945 295
389 21
625 364
768 184
861 676
172 11
545 678
444 570
842 734
208 789
105 596
736 138
870 522
269 734
379 573
437 640
663 291
500 580
632 122
24 199
535 586
63 146
342 257
276 202
202 154
602 878
379 543
706 637
885 446
102 849
722 49
929 33
222 251
309 102
92 572
668 804
585 698
477 483
147 383
770 34
842 318
94 376
319 367
414 297
130 62
599 439
57 697
170 827
87 918
52 828
73 654
435 788
463 136
409 907
196 89
651 596
709 673
726 708
667 144
811 580
616 458
369 11
943 483
118 22
816 165
906 723
732 526
199 857
326 679
436 565
394 296
534 740
204 198
501 592
147 466
896 489
650 559
718 419
590 192
796 243
865 683
599 332
574 706
255 125
481 200
413 750
721 843
444 915
462 87
316 423
144 10
774 653
311 137
111 871
742 524
124 798
950 330
680 727
511 701
412 703
841 727
787 396
843 554
43 485
310 748
69 476
826 866
432 262
525 259
805 292
332 538
103 502
708 393
218 333
445 644
741 774
467 876
316 223
811 812
370 645
210 370
630 895
304 479
648 818
385 508
255 520
145 298
528 851
58 924
224 80
598 314
521 922
615 913
91 485
839 846
682 216
769 208
382 626
795 905
149 112
812 365
654 926
4 769
536 935
661 381
388 562
413 564
149 531
190 319
343 167
28 550
434 785
869 229
476 844
611 27
2 172
828 169
774 797
670 329
880 690
492 748
256 114
383 387
872 133
286 641
81 943
126 287
260 222
12 867
242 89
13 64
104 737
77 234
718 334
115 903
758 586
150 703
23 293
204 457
730 607
2 138
406 55
473 811
588 781
822 870
257 219
825 394
423 841
256 592
445 923
560 308
534 840
594 34
830 697
413 63
577 157
893 44
730 776
863 606
309 836
830 789
443 520
394 945
313 338
559 901
148 291
124 609
705 943
413 600
285 450
680 229
625 516
688 73
914 831
600 421
125 745
166 224
183 128
825 874
374 499
35 195
879 696
45 367
436 33
238 878
646 426
534 575
90 941
568 721
595 313
842 861
4 577
321 367
266 16
488 810
868 732
941 833
110 426
79 878
332 257
571 357
604 609
854 459
928 939
502 237
250 34
782 466
123 443
487 547
249 36
742 935
211 724
742 738
390 733
771 279
718 466
268 321
212 132
23 438
115 524
453 165
722 900
495 759
144 733
880 738
598 756
310 474
265 934
342 699
617 264
594 670
152 646
700 717
733 482
501 372
902 427
46 789
279 509
279 888
686 941
717 921
254 5
115 715
943 684
271 251
212 2
635 173
123 949
510 121
348 791
166 152
487 84
610 158
937 39
158 273
118 298
194 823
541 252
927 441
538 428
471 469
302 374
750 217
486 744
112 34
895 441
453 284
104 142
73 171
887 606
642 739
28 56
126 325
361 405
751 145
389 89
305 258
94 648
413 498
801 366
76 665
865 761
829 613
487 453
944 98
213 137
626 273
382 876
492 85
118 845
799 105
246 254
570 335
717 679
288 478
42 484
300 675
510 187
325 639
848 350
873 286
254 469
694 284
249 492
176 337
550 365
52 926
559 362
834 866
162 703
171 608
232 948
829 107
390 716
950 123
617 929
72 860
260 848
703 247
29 809
293 732
310 121
794 357
408 915
843 437
710 180
628 409
552 145
96 55
763 457
171 589
72 517
851 108
58 839
126 430
321 532
794 483
290 423
173 251
486 576
370 804
124 871
371 30
731 317
828 575
8 775
409 464
793 757
471 266
917 869
630 484
839 885
612 767
150 207
33 614
843 470
249 3
131 257
930 88
51 759
62 689
548 86
731 58
815 832
905 737
289 398
533 608
241 143
830 926
671 744
28 141
26 538
41 154
825 674
503 834
246 274
778 714
481 76
341 430
392 912
655 493
769 252
589 926
258 724
717 44
744 85
683 295
562 490
626 727
456 319
36 759
406 338
686 68
689 683
796 344
258 367
702 185
510 564
9 682
289 108
718 294
476 137
27 315
278 428
825 36
767 713
491 590
820 646
527 297
103 339
545 469
319 821
432 441
227 238
153 89
42 946
788 184
552 734
571 339
81 372
34 427
62 674
893 936
201 660
31 99
658 364
758 154
576 939
655 626
6 798
393 681
718 902
635 621
829 517
379 237
225 500
868 337
212 483
289 55
626 678
307 849
17 44
117 387
769 641
666 360
212 369
514 811
519 643
778 438
158 482
667 941
81 832
616 592
895 363
916 16
561 40
943 748
853 458
774 328
321 808
210 705
884 552
51 507
752 417
334 613
937 829
316 284
681 587
474 193
755 448
897 240
688 727
835 784
905 809
470 876
728 251
920 818
942 513
149 744
634 502
651 897
351 276
326 271
179 801
722 589
83 60
438 704
203 907
279 385
201 698
492 506
688 720
382 761
310 781
74 815
766 895
708 264
287 627
32 327
344 63
944 142
944 847
245 716
323 701
530 614
899 920
323 201
47 186
420 323
720 315
775 263
719 585
312 716
35 689
125 418
378 261
610 749
100 295
309 749
417 97
408 479
239 905
723 646
649 185
105 155
159 839
84 148
770 367
348 215
476 298
826 451
429 173
62 366
547 223
718 906
307 423
666 321
855 495
544 643
904 334
826 108
462 287
902 571
534 908
188 127
462 409
78 901
377 632
732 154
474 59
41 789
407 797
383 55
126 36
781 748
46 95
142 509
528 323
35 2
130 639
476 493
329 936
329 153
203 277
707 215
151 244
100 298
813 647
144 640
42 197
35 843
875 253
296 387
193 530
267 468
736 610
607 901
162 29
694 715
150 881
454 576
84 746
112 369
523 620
476 403
705 690
688 419
352 731
59 124
680 785
781 469
829 802
173 219
904 156
167 750
492 50
534 609
913 216
478 10
390 493
880 267
459 61
661 338
76 570
751 949
873 472
514 596
210 137
51 882
671 542
78 157
48 797
267 452
42 586
563 274
792 217
687 198
188 180
59 174
425 907
471 672
930 755
666 198
793 142
379 523
102 226
596 441
347 745
906 441
420 102
466 595
454 16
680 24
331 613
670 629
854 181
382 943
843 419
256 785
455 79
95 148
70 259
373 907
166 647
285 475
388 445
873 900
706 778
499 198
931 584
665 817
215 294
882 498
159 190
309 240
402 426
823 97
663 908
351 196
657 784
920 44
920 418
374 810
91 308
549 277
620 315
58 6
764 728
677 506
213 505
81 131
390 735
815 484
900 733
135 666
348 786
733 61
445 705
166 384
880 177
804 41
55 389
581 157
527 6
950 136
265 75
693 20
950 417
540 365
68 34
835 905
106 734
747 647
743 623
286 515
780 212
69 267
861 575
492 604
283 398
442 294
663 641
151 339
336 389
526 713
383 494
872 37
73 922
381 154
565 803
929 400
301 21
92 758
339 211
177 118
383 79
326 412
597 211
101 913
234 219
59 639
653 427
244 652
286 226
702 878
783 415
807 29
275 714
203 484
16 234
39 10
906 845
784 507
680 291
766 216
721 634
159 713
624 24
930 8
917 711
581 15
574 38
392 945
803 154
44 620
126 578
2 494
355 911
205 789
813 777
170 579
120 35
371 670
920 753
916 297
204 262
391 364
399 191
28 562
761 770
856 665
544 20
767 409
858 108
23 679
855 608
132 688
673 211
805 169
950 597
875 758
760 448
619 367
546 405
310 881
788 260
170 641
591 508
665 164
314 647
602 699
722 660
488 486
276 44
399 245
722 707
355 48
839 943
778 143
136 449
818 862
104 446
198 240
83 517
437 737
852 243
116 466
254 572
27 232
514 759
42 843
34 443
332 209
630 558
420 50
8 107
264 777
677 257
930 309
544 164
611 498
751 83
47 683
27 145
560 943
694 185
497 393
276 327
825 881
899 783
540 483
926 198
943 874
575 259
569 753
538 947
613 498
495 92
639 415
743 908
135 759
916 940
26 21
613 54
221 585
379 757
168 108
682 430
467 724
123 729
942 166
732 121
729 589
668 287
413 787
828 153
504 153
273 443
316 339
551 163
316 357
343 2
835 444
715 484
546 361
151 44
892 696
75 257
775 77
2 273
23 671
518 71
316 10
785 222
686 252
594 369
232 922
168 221
190 784
927 509
287 317
613 143
837 397
396 178
923 416
118 406
398 416
53 403
624 69
818 39
752 791
111 651
128 397
700 176
299 154
813 461
32 133
874 380
748 154
508 744
834 364
849 259
96 329
771 54
419 505
34 247
924 828
535 327
903 689
290 707
837 614
618 525
88 206
361 831
880 92
146 56
722 407
625 140
610 608
825 864
171 418
663 507
445 130
511 806
778 322
187 811
406 335
265 259
409 77
568 130
540 60
585 682
445 858
580 138
213 48
235 84
35 472
300 491
841 940
839 515
856 30
432 588
69 798
342 409
402 936
741 563
722 314
205 169
473 80
700 286
555 375
772 917
19 660
149 526
159 70
92 251
166 311
267 917
402 774
903 263
341 587
481 553
687 708
873 25
48 376
153 890
875 441
449 308
742 220
168 553
942 859
465 897
602 384
790 335
544 785
912 755
649 172
709 770
766 595
140 338
802 464
159 684
781 900
432 906
317 504
843 387
572 34
147 112
658 936
841 37
946 506
401 425
851 827
404 22
588 643
563 285
944 749
665 567
368 898
825 878
664 451
743 767
74 515
419 909
237 683
52 6
856 439
476 579
831 757
74 335
449 175
563 578
272 851
876 247
547 714
420 75
23 76
640 189
29 874
879 102
159 218
393 482
546 366
223 711
287 163
938 123
860 712
48 216
159 80
766 108
855 151
120 268
47 895
564 583
487 515
283 938
518 112
764 311
549 178
830 475
355 418
756 493
776 748
875 607
111 429
580 354
265 841
81 86
928 783
690 247
11 357
464 824
501 339
722 313
130 625
928 395
708 427
495 660
328 405
320 64
210 890
161 674
590 678
310 732
343 806
71 427
786 745
280 803
921 749
377 329
396 451
45 441
8 384
700 838
854 828
853 550
221 396
694 157
666 567
130 713
923 838
872 377
194 437
801 740
81 746
141 71
125 10
343 725
762 757
657 828
650 855
76 365
576 472
754 428
130 475
167 350
79 260
497 703
773 210
371 177
691 127
299 337
928 412
577 809
76 443
594 107
331 373
888 173
681 808
525 479
503 86
79 801
487 437
159 479
460 523
835 414
237 929
97 537
433 240
813 898
708 847
573 695
670 734
471 677
478 185
231 637
547 787
779 540
585 847
412 377
718 506
119 27
911 589
421 428
722 685
404 898
224 240
460 707
270 208
839 745
185 913
575 536
503 544
863 355
904 122
583 109
518 544
597 542
815 804
212 732
856 129
776 361
204 674
203 259
399 950
447 705
888 878
870 889
941 774
567 433
340 297
163 240
463 76
898 366
591 187
526 936
422 575
388 734
820 738
33 926
663 341
371 424
283 837
19 332
493 421
820 367
111 947
159 263
83 403
788 265
310 20
359 479
548 354
639 143
486 184
113 636
286 482
176 562
486 783
540 108
715 216
390 893
105 414
397 542
302 839
488 863
849 537
94 136
708 739
904 391
800 703
420 916
93 232
210 593
368 452
301 878
35 127
691 427
230 601
452 137
496 350
444 198
555 223
188 746
202 13
473 724
729 900
879 713
844 108
679 55
290 606
70 627
661 817
628 943
605 482
700 571
471 205
263 175
471 932
309 67
675 898
103 565
779 694
407 712
176 294
778 804
608 895
779 61
670 898
476 269
88 929
661 260
94 269
398 101
358 802
818 553
463 863
356 472
125 620
595 671
293 464
167 870
375 698
886 621
630 170
250 306
176 573
730 745
276 737
931 552
938 269
312 421
856 14
266 697
218 209
3 577
411 242
358 85
353 34
343 547
2 53
705 117
598 529
278 727
439 364
925 855
108 178
776 892
533 500
51 606
855 346
912 191
542 354
324 95
708 411
688 179
825 609
465 44
379 254
594 271
408 740
112 949
820 50
850 939
621 775
361 260
894 746
842 692
52 822
6 163
728 423
760 458
793 336
203 926
669 908
128 494
218 676
332 506
122 211
83 154
600 154
374 307
726 221
30 812
875 552
94 539
166 610
911 443
568 295
715 523
863 811
868 893
541 470
55 207
91 836
363 67
525 906
79 415
721 340
72 291
299 727
190 389
891 728
571 414
48 763
92 412
503 77
670 546
283 254
569 195
846 515
551 453
106 20
706 832
499 750
349 794
825 693
528 589
40 713
497 168
523 794
648 215
743 163
210 650
375 32
166 809
491 945
171 356
128 516
347 419
381 712
477 628
300 846
680 844
214 113
394 363
94 910
503 385
38 578
444 806
661 699
877 303
618 793
276 330
144 543
618 903
149 742
26 759
202 313
73 798
470 787
323 710
462 592
269 448
374 327
304 334
695 777
454 2
732 538
783 428
208 572
23 142
793 361
323 328
667 785
379 446
690 357
717 228
582 119
337 876
274 530
566 157
202 423
754 102
867 789
612 46
568 72
476 156
463 68
212 574
408 470
137 749
454 275
877 901
564 345
394 609
654 80
383 850
937 651
438 85
103 266
800 146
696 897
370 515
249 875
261 841
203 335
893 621
706 810
125 83
368 927
142 36
265 533
484 297
943 117
255 30
566 191
826 585
574 875
218 833
913 711
52 301
407 15
100 621
656 254
767 443
244 376
168 416
139 157
779 866
435 613
343 912
898 180
128 931
388 865
885 869
162 261
452 673
179 275
875 498
197 475
200 297
493 365
300 744
708 426
488 403
271 897
584 926
632 30
650 772
770 198
93 169
596 1
700 163
872 436
352 39
256 262
531 404
769 839
635 929
342 767
16 787
395 187
478 637
576 374
481 720
23 136
447 339
868 573
644 643
31 487
124 768
747 264
815 412
736 414
278 595
540 127
576 786
505 724
501 350
501 674
119 610
533 449
340 870
779 733
310 662
380 725
864 184
838 931
730 5
212 350
249 835
530 114
495 137
938 403
783 921
585 948
51 529
379 287
745 273
740 777
394 491
129 170
265 576
28 900
287 220
549 889
360 889
694 186
565 281
763 345
946 11
630 722
385 221
327 184
151 646
161 758
825 858
78 252
942 857
303 312
497 678
280 580
907 175
276 216
321 739
266 306
544 689
811 711
891 387
304 235
276 785
871 542
79 296
546 425
39 66
231 335
383 844
713 757
828 357
751 282
310 231
904 886
590 738
98 484
72 281
561 625
503 846
92 113
577 629
521 563
202 252
730 49
168 270
545 241
688 314
172 216
42 79
385 526
788 715
726 308
626 725
491 376
375 804
830 847
896 821
925 932
162 24
51 235
435 333
496 452
71 606
773 725
518 305
825 613
533 833
649 907
707 711
656 161
347 724
874 922
802 897
179 652
382 363
288 414
802 557
615 876
591 642
146 484
487 9
105 934
265 937
419 701
288 354
930 417
748 918
904 404
119 227
84 740
455 193
621 106
344 762
395 198
390 872
549 374
764 740
852 729
40 505
523 913
128 489
663 318
591 401
76 643
923 424
838 531
228 701
428 848
171 206
853 746
865 512
449 366
509 189
357 724
616 290
742 319
388 672
128 698
288 250
621 252
689 913
667 389
554 262
278 139
392 96
879 395
144 220
34 653
359 536
633 179
194 786
210 122
837 356
578 97
31 507
341 804
467 441
285 878
468 160
741 358
388 821
304 161
105 277
42 56
18 181
948 498
689 943
505 25
10 498
393 250
63 144
271 376
447 327
18 475
635 24
455 604
230 198
790 593
893 653
136 233
22 882
761 876
401 808
487 586
82 366
325 199
80 537
378 720
140 841
285 845
387 428
62 145
300 197
76 890
676 430
408 499
35 223
554 9
28 548
782 559
764 532
5 61
669 513
7 945
819 596
202 43
942 743
353 896
759 67
541 413
718 741
140 262
691 935
719 783
936 106
559 329
760 99
302 136
715 844
893 217
301 169
780 75
351 195
894 609
807 287
179 934
780 362
655 145
355 441
805 133
152 885
201 61
116 822
815 941
897 396
17 555
899 463
72 6
500 866
799 437
486 426
932 291
34 516
179 774
549 332
692 727
676 172
583 27
879 449
632 271
301 335
649 610
334 156
437 6
296 426
879 685
778 756
854 621
700 793
150 84
19 851
120 586
497 114
130 929
638 895
274 131
119 803
783 815
895 646
455 823
865 62
447 768
169 138
13 894
113 98
207 586
528 206
126 18
692 68
422 219
666 815
788 314
760 638
171 714
530 911
212 763
474 623
855 330
287 672
260 208
128 641
248 10
140 918
877 91
863 802
101 107
206 215
271 415
546 828
287 419
945 230
397 674
646 927
408 311
661 123
752 224
468 448
12 606
950 354
205 30
309 713
148 357
573 10
925 771
5 606
777 520
781 887
124 171
620 482
618 222
794 704
785 354
200 508
279 576
453 15
83 913
186 10
480 439
246 494
368 816
338 734
721 14
344 243
463 341
719 529
270 662
439 929
18 746
912 833
81 41
239 915
360 520
136 234
863 341
202 802
854 323
708 213
691 778
513 30
101 306
145 354
829 141
371 3
231 169
589 60
96 838
579 427
81 919
946 753
382 143
160 579
705 267
687 611
722 658
356 935
177 924
308 211
437 701
929 847
311 851
685 338
799 846
804 313
343 139
875 713
468 765
760 104
289 425
626 469
96 852
401 512
856 822
588 395
156 11
309 451
265 531
612 556
269 367
377 643
378 712
409 798
450 350
329 909
582 324
24 921
752 537
765 340
499 629
616 556
599 137
332 242
854 483
19 890
116 821
477 538
528 174
399 380
508 663
402 321
630 678
774 242
913 360
884 741
782 412
378 722
360 699
9 685
586 181
287 381
168 941
852 629
599 199
718 931
511 314
473 237
930 790
333 122
640 892
311 794
465 426
817 485
481 245
544 912
352 573
659 725
183 25
215 25
238 605
437 336
771 701
635 690
484 869
119 908
718 891
465 381
931 403
594 14
531 921
432 557
246 414
418 530
63 317
549 473
239 776
203 1
422 180
758 341
63 750
514 224
706 527
94 724
488 648
771 426
454 553
899 841
588 369
736 926
790 601
393 107
755 572
539 327
886 6
204 528
884 281
699 606
348 381
640 841
70 25
58 851
677 882
771 717
634 486
556 44
645 936
293 498
674 603
612 29
179 99
679 215
104 85
375 206
454 302
531 840
46 427
849 739
817 54
171 236
342 178
696 14
842 764
278 348
371 570
540 67
879 712
540 579
526 41
43 197
238 936
176 577
268 439
79 896
192 870
59 41
285 398
945 619
815 770
296 613
463 269
709 907
51 115
825 247
183 44
632 820
764 831
783 420
837 781
249 714
270 423
858 153
804 156
390 43
843 158
394 328
145 720
17 426
100 785
411 14
494 121
210 313
351 257
598 789
850 739
586 271
517 777
573 678
497 621
912 794
950 556
566 113
809 236
317 552
449 911
819 453
56 257
547 696
478 461
782 446
420 816
113 768
608 260
220 318
326 459
713 557
821 848
195 391
944 807
884 654
716 849
801 277
488 563
508 372
453 440
590 98
476 416
110 681
937 1
625 421
326 62
785 720
583 898
373 102
448 251
202 692
159 849
51 781
854 681
841 273
556 469
12 828
111 416
835 622
209 797
559 217
442 605
586 185
378 341
929 215
916 313
293 408
778 154
57 749
779 906
323 335
668 837
642 357
799 350
467 446
796 276
417 908
915 240
268 186
162 675
413 38
805 894
399 20
188 206
108 553
164 451
393 532
382 50
304 644
751 91
675 207
645 243
837 916
67 298
561 738
86 834
300 784
304 238
633 285
591 625
375 575
930 655
288 241
23 538
478 46
628 613
585 424
496 644
929 376
635 932
215 653
759 54
862 536
86 629
945 528
481 439
547 482
465 233
101 579
783 585
358 427
92 565
287 587
533 49
105 410
158 781
46 654
743 387
858 595
928 73
176 902
618 513
642 774
210 220
832 156
394 431
399 280
385 271
301 80
301 526
790 396
764 24
141 139
593 97
355 314
906 39
168 66
597 243
602 770
631 775
113 757
496 131
307 711
438 307
708 350
638 78
456 709
828 745
331 504
879 898
736 912
581 88
663 164
422 411
331 680
57 702
496 337
282 815
623 163
799 258
523 381
839 908
938 16
74 220
865 349
117 572
414 198
82 103
529 423
886 683
292 777
123 141
561 852
763 107
382 898
434 96
113 207
375 610
74 370
183 759
571 143
182 171
84 922
691 814
388 550
256 229
754 228
843 136
32 259
326 444
574 621
377 776
57 938
923 354
950 468
58 250
762 5
944 113
730 701
361 363
667 949
207 65
819 114
459 606
544 106
186 479
381 479
446 848
760 663
586 803
646 556
488 626
469 869
22 538
673 229
649 544
481 395
877 633
676 798
410 428
446 915
930 825
881 583
832 748
564 233
445 266
495 46
928 909
331 465
893 589
132 554
732 148
525 545
675 241
388 685
104 449
496 888
151 234
602 234
511 765
499 61
561 103
645 848
413 30
839 53
300 320
404 840
360 68
799 781
882 866
877 808
120 867
342 367
210 536
572 740
834 547
469 727
608 457
401 725
164 414
675 367
296 121
126 289
107 750
453 498
305 849
112 67
585 530
918 54
13 97
551 803
769 627
893 757
598 187
768 613
563 791
100 859
283 290
292 102
149 161
461 448
112 113
159 696
194 629
371 487
152 629
742 626
76 632
647 498
406 224
521 906
353 286
325 439
137 662
182 593
204 216
8 578
100 572
883 749
98 926
195 876
864 285
692 362
323 350
30 547
515 232
924 553
861 142
150 623
398 277
752 266
687 423
896 940
423 516
296 724
435 458
925 746
659 647
26 570
633 275
332 105
834 738
272 578
473 41
873 575
594 189
638 330
677 737
600 905
533 702
868 50
353 242
946 254
807 237
246 442
17 417
668 620
946 363
149 552
177 619
443 384
386 450
812 949
312 662
301 729
399 450
133 606
913 816
803 313
782 606
517 254
855 877
124 626
76 99
876 926
760 584
805 759
125 593
535 502
454 845
632 291
944 525
944 118
24 213
493 682
626 20
286 187
355 573
529 901
162 874
213 264
122 866
850 98
503 914
209 231
519 66
741 188
836 339
370 152
670 777
434 603
721 462
404 524
515 172
925 86
481 338
146 813
619 191
468 143
142 297
929 553
12 462
290 50
930 73
388 921
237 386
941 257
755 185
53 834
687 392
868 417
202 642
293 54
91 915
694 747
91 645
316 188
336 247
412 728
914 428
933 944
195 927
794 604
582 834
454 41
879 143
274 269
100 39
560 714
790 919
166 441
681 340
745 219
658 558
212 688
346 418
119 523
721 855
314 117
618 51
59 809
598 741
720 165
16 215
768 6
441 520
100 98
556 107
321 229
631 52
382 145
649 397
945 946
371 585
361 684
594 771
541 107
368 873
699 589
692 329
513 909
569 571
462 902
277 298
827 498
104 36
655 201
239 829
594 694
880 646
235 845
82 448
118 924
807 194
796 97
392 642
825 360
691 303
84 60
392 797
236 320
855 913
432 798
531 949
788 74
949 727
799 674
42 515
906 675
459 442
786 485
142 828
370 834
832 204
576 626
454 278
877 698
717 509
291 21
855 629
688 442
535 233
743 730
393 345
718 354
625 770
811 360
906 812
142 775
794 714
933 88
361 308
762 263
210 372
695 663
432 728
464 380
680 500
875 907
463 38
102 949
680 647
541 526
136 893
129 831
394 6
314 319
92 748
721 845
406 145
491 756
471 320
637 34
592 64
448 133
667 537
487 626
815 409
255 816
561 402
687 338
920 285
735 195
112 408
81 914
304 838
784 154
602 350
487 387
438 606
63 41
392 2
602 261
334 206
119 87
91 393
531 882
586 847
245 585
612 646
944 2
360 674
768 39
161 753
770 908
637 816
572 603
854 277
519 918
732 219
612 96
602 610
745 138
929 810
933 634
782 150
502 639
324 128
204 785
862 106
904 400
940 251
293 228
300 42
490 37
845 102
436 901
388 785
41 575
523 803
330 365
845 175
884 487
599 277
279 685
293 140
527 911
220 759
193 712
707 384
162 7
352 229
340 366
795 563
207 712
875 350
449 498
518 935
918 163
185 443
923 345
24 506
833 623
604 297
382 270
652 155
731 517
938 449
3 570
299 911
452 932
936 247
173 727
875 404
621 77
248 206
814 575
770 750
585 121
582 731
768 71
454 924
632 21
548 198
140 356
191 315
925 563
510 701
825 440
804 137
624 835
899 844
641 180
400 198
28 121
744 609
334 767
593 606
908 243
166 296
865 534
821 512
459 475
854 224
130 492
390 764
300 272
524 507
445 476
246 22
670 744
51 220
814 849
312 493
480 142
299 327
765 922
579 450
35 831
891 269
141 349
409 102
762 745
477 296
819 194
393 926
145 827
688 448
26 400
793 29
228 137
249 717
783 9
239 799
928 656
283 408
401 208
928 593
885 66
825 510
364 901
116 529
563 890
535 853
31 43
249 840
491 623
289 423
548 562
474 896
210 858
278 641
871 848
288 761
402 239
38 926
150 99
40 724
366 450
225 223
767 234
871 151
781 428
470 654
141 801
413 219
736 91
497 305
661 528
271 761
597 178
880 789
212 138
597 22
119 242
266 737
503 271
751 524
348 34
497 914
204 479
854 370
385 542
554 723
207 232
496 92
123 828
105 927
694 414
316 688
882 674
762 701
194 406
931 570
871 387
249 104
835 840
115 592
563 564
945 403
299 5
79 66
618 110
624 581
599 440
468 380
523 565
349 603
599 233
925 766
31 173
476 376
594 758
900 596
834 626
2 311
672 68
361 572
693 251
669 713
850 692
164 696
609 918
768 662
324 491
908 97
831 405
707 660
854 647
525 233
632 61
562 226
17 93
815 603
470 134
236 482
98 384
136 542
726 835
312 746
196 910
574 419
612 559
279 947
172 601
834 313
601 869
68 97
442 836
950 107
377 847
9 926
157 866
870 543
91 822
503 425
469 698
352 377
898 134
158 689
473 143
455 804
104 174
574 943
266 801
647 427
533 605
221 813
300 615
193 804
705 356
355 774
574 15
796 732
752 219
783 566
686 314
786 729
571 770
891 737
112 429
348 571
411 775
115 286
644 172
873 728
590 550
215 384
641 849
638 278
829 247
305 940
182 741
535 921
422 75
709 378
709 517
445 527
486 533
706 252
194 841
521 698
919 892
730 425
753 713
170 168
196 14
533 926
301 932
799 569
204 117
657 711
585 734
123 197
194 217
513 475
192 25
392 479
166 728
200 151
624 664
353 878
836 247
447 541
396 859
112 491
764 520
12 732
595 21
31 916
256 888
785 847
304 587
790 362
190 929
826 753
776 416
608 765
829 102
468 845
672 448
747 243
207 609
227 274
593 939
466 354
329 847
369 749
531 286
876 806
779 201
368 146
210 193
528 424
176 387
541 741
56 357
656 395
850 172
554 537
792 284
202 775
150 710
885 186
685 524
664 810
800 748
541 264
53 895
790 10
753 522
628 448
394 884
12 613
754 845
57 139
305 851
264 620
573 512
409 849
245 65
274 294
550 373
342 547
114 427
439 65
13 67
456 719
62 822
868 906
686 155
755 101
644 292
385 460
618 794
371 415
68 482
446 211
765 580
680 123
214 769
568 348
663 448
91 95
551 679
379 892
690 520
171 908
203 186
16 448
220 226
323 918
411 677
736 475
610 629
76 779
464 143
488 894
50 327
466 143
659 817
813 547
780 637
102 75
600 30
381 890
63 565
856 863
810 701
613 948
899 570
352 593
399 878
230 927
916 243
351 299
164 428
705 97
334 886
809 580
829 533
304 186
365 536
877 288
551 801
199 1
884 424
693 683
112 483
894 827
802 363
625 20
375 715
631 142
351 664
347 215
399 915
456 228
237 922
265 303
655 243
70 632
880 358
81 813
949 556
705 370
48 363
828 75
793 400
422 862
578 363
477 715
600 885
885 470
681 175
631 629
800 430
150 662
735 912
155 725
278 542
525 216
4 427
883 863
785 458
376 636
747 814
336 812
379 55
517 244
850 560
783 622
63 307
366 384
762 317
358 652
540 888
710 77
933 589
741 720
895 365
561 754
919 809
534 871
144 281
227 520
140 701
260 660
118 911
326 254
834 338
906 365
90 754
331 422
581 285
249 923
883 192
879 356
237 828
656 68
477 827
708 211
173 85
659 862
904 174
578 674
843 242
17 914
278 661
860 663
654 857
641 570
576 754
383 846
130 410
829 451
556 253
51 352
591 219
855 193
464 61
434 135
159 859
445 289
130 286
782 227
894 629
70 362
344 505
471 948
664 306
123 499
859 724
755 651
334 204
304 908
166 938
22 817
719 131
783 889
7 791
212 832
288 820
480 76
923 407
286 907
389 244
29 789
196 207
773 141
79 341
779 264
499 579
791 187
569 240
850 830
390 557
161 939
271 522
772 142
527 67
608 61
214 715
283 391
628 893
227 67
634 554
289 798
147 612
633 810
449 211
903 664
342 459
421 498
473 716
928 705
726 344
130 932
235 583
29 556
169 750
638 932
470 403
368 143
358 46
825 380
500 804
945 122
455 209
56 253
371 918
31 808
285 562
290 888
237 65
454 593
502 14
858 414
877 244
544 328
729 155
567 109
353 586
407 614
794 262
57 546
392 394
334 632
291 652
76 58
519 508
212 42
389 53
805 171
937 291
370 254
588 5
73 16
883 921
252 927
445 236
702 339
717 701
393 504
144 600
191 543
304 52
209 862
74 303
764 912
417 698
719 156
459 409
856 602
640 75
212 227
584 43
688 605
718 825
736 539
139 536
246 863
879 609
202 458
195 678
42 397
125 595
781 18
899 853
878 178
510 158
785 499
863 912
549 313
446 174
437 660
375 475
413 643
447 580
265 292
726 311
380 472
807 141
307 876
59 804
162 206
299 505
768 791
7 575
499 197
245 537
347 208
585 260
670 649
642 852
565 20
410 231
807 616
252 175
382 725
279 875
330 320
5 223
563 804
723 946
17 503
771 122
670 195
685 226
743 514
756 887
941 900
432 30
196 845
62 859
844 820
157 345
106 223
880 507
283 898
