982 9262
486 547
505 31
961 777
232 829
890 135
536 103
629 894
586 748
623 186
542 47
91 832
344 449
113 148
551 803
278 532
151 639
365 485
813 693
252 418
710 472
43 600
735 164
355 592
943 267
126 840
654 646
967 785
419 817
150 768
794 224
656 480
708 397
29 255
965 226
395 446
590 9
950 575
72 476
373 875
21 890
188 341
746 503
632 684
613 539
526 372
783 365
289 375
646 530
713 887
286 743
804 354
492 25
486 63
728 95
729 772
913 97
362 165
397 171
155 666
504 186
323 447
881 196
721 890
334 112
117 718
347 697
931 262
140 396
13 561
660 314
975 155
333 88
70 701
128 916
909 63
489 608
219 296
537 722
366 828
763 801
339 892
461 255
279 355
196 411
211 440
656 81
523 803
409 872
313 857
115 296
971 795
448 231
962 570
822 261
391 653
932 481
401 482
357 390
874 528
853 312
263 582
232 842
238 76
383 570
229 298
688 715
897 899
258 934
819 128
923 392
977 558
462 390
580 40
350 114
713 242
384 203
134 191
24 77
693 215
1 422
437 444
664 799
70 794
397 276
910 246
341 528
835 681
157 321
115 611
723 81
669 982
544 70
651 181
429 956
42 37
10 3
486 747
19 49
183 681
137 572
518 180
318 78
121 530
93 193
656 487
189 502
824 126
936 487
239 559
702 881
181 196
278 134
44 163
339 153
464 735
294 982
9 585
365 397
174 919
426 3
451 28
492 472
961 898
467 936
742 751
436 155
386 71
595 286
49 257
497 467
556 809
449 649
768 361
293 261
728 910
696 560
510 383
25 642
814 942
528 838
806 657
183 70
645 577
641 172
745 855
653 119
600 663
36 71
245 567
104 635
512 78
437 553
504 500
932 875
445 336
570 874
685 463
165 613
611 899
568 873
814 592
735 573
667 852
86 220
562 75
542 44
967 173
40 165
423 160
238 336
562 614
154 629
345 158
437 958
644 96
952 182
252 415
101 649
10 915
443 716
552 37
80 400
383 474
924 620
961 90
231 50
198 565
532 855
896 403
867 372
585 927
756 737
249 630
789 573
754 452
497 230
15 103
573 318
405 954
266 888
47 681
712 446
551 386
155 624
379 837
740 681
605 919
738 689
289 732
106 509
295 262
600 586
208 166
263 657
102 864
633 461
235 193
172 150
581 563
125 908
102 836
154 253
401 203
977 93
161 572
549 973
734 737
452 295
380 135
738 922
353 336
370 392
337 255
781 42
211 452
776 267
656 32
843 951
877 253
226 647
331 487
587 252
441 338
576 137
576 892
62 312
641 755
145 335
563 156
916 248
637 252
901 788
71 530
293 217
693 869
506 305
611 918
731 902
825 953
626 963
557 79
912 635
277 756
331 732
783 601
183 73
177 606
531 955
247 67
362 428
84 338
546 744
521 541
958 917
806 500
162 536
691 358
576 830
866 57
471 53
579 430
111 682
645 418
542 773
225 817
293 528
634 953
347 315
300 189
401 807
612 119
318 356
906 198
816 420
218 520
373 942
576 391
406 264
34 194
848 121
754 917
833 331
670 780
491 768
501 112
640 3
636 842
412 59
216 628
107 899
819 748
21 642
629 914
557 859
72 485
27 328
949 425
199 507
509 440
274 700
877 275
451 215
134 820
776 401
453 564
943 608
62 474
757 185
576 714
43 415
786 838
976 747
316 318
766 494
383 345
13 969
267 189
551 811
626 780
217 560
721 498
654 532
30 74
671 130
679 543
473 582
965 124
904 18
282 545
343 54
767 681
979 869
867 614
39 870
84 676
26 333
148 655
550 677
975 278
508 318
583 65
337 445
14 90
644 230
816 353
5 68
167 152
132 332
942 305
760 932
166 870
710 184
713 582
99 290
965 186
263 607
145 931
424 756
978 839
317 224
832 404
979 947
782 166
917 968
691 522
628 99
405 685
274 124
755 90
479 356
121 725
120 677
526 457
769 967
445 44
599 315
496 494
625 202
409 57
77 736
3 968
343 166
587 495
144 748
238 945
819 246
892 438
743 935
743 678
16 127
61 680
661 963
537 600
393 301
763 395
214 968
708 411
779 806
45 826
885 160
885 327
113 76
61 194
488 553
498 389
426 615
895 842
543 780
794 420
50 773
55 241
557 931
432 445
319 887
490 167
332 262
82 170
306 870
108 605
963 564
335 838
411 699
889 460
416 556
604 355
504 462
30 324
49 555
710 422
621 79
97 911
922 818
317 44
589 575
380 23
471 731
811 927
423 434
802 315
311 980
742 697
512 74
913 131
172 83
343 297
761 305
204 340
772 105
727 943
537 18
509 789
634 734
228 452
496 171
53 677
763 193
594 3
537 845
875 743
785 452
293 831
590 810
384 498
104 146
70 105
890 820
788 659
773 887
901 276
474 819
569 666
229 853
454 216
137 655
172 482
167 737
962 4
901 196
763 976
865 77
361 224
945 425
43 934
177 818
228 789
419 77
898 927
783 966
48 406
195 172
679 665
121 570
769 839
708 662
320 23
327 361
617 104
654 249
274 315
371 532
550 697
299 307
804 945
653 142
616 358
86 50
423 171
239 541
535 756
833 947
40 553
957 733
859 597
734 442
211 795
300 294
162 841
465 827
371 418
95 812
437 93
110 608
643 682
277 78
219 366
604 293
629 685
704 46
690 160
955 215
219 206
385 933
857 860
852 682
642 695
656 842
691 376
489 391
548 41
306 77
846 663
386 640
17 111
816 975
144 448
690 846
707 888
584 872
768 194
489 799
932 831
413 701
219 85
496 161
765 506
980 895
569 482
952 845
122 829
962 180
142 640
373 336
641 348
486 795
387 976
376 577
764 207
724 963
512 379
346 136
351 224
627 707
929 695
653 477
293 699
425 676
271 942
760 665
41 683
273 229
641 503
796 210
971 951
891 740
865 714
339 498
733 187
174 126
601 52
914 207
545 530
39 94
143 528
286 747
59 328
119 593
722 178
419 737
862 170
875 24
26 745
826 12
707 158
157 646
7 705
469 975
718 591
20 603
779 559
533 497
702 658
422 830
804 424
780 181
481 964
188 361
889 434
771 766
75 953
774 341
423 911
486 487
53 761
445 342
258 524
157 10
405 431
618 681
347 355
941 950
56 623
761 280
495 315
735 671
421 939
21 222
733 884
636 921
306 312
153 855
179 15
513 271
647 159
713 661
933 377
357 425
931 498
675 220
106 125
846 777
593 538
520 555
419 588
781 109
627 937
475 934
952 562
464 639
525 203
728 935
694 888
407 692
673 23
556 942
274 612
577 90
492 825
365 820
438 381
871 237
228 681
624 593
466 435
277 439
247 757
192 57
126 409
432 5
324 360
754 24
181 787
835 67
255 927
337 95
231 905
839 411
948 166
978 503
183 852
801 482
56 778
901 44
473 207
595 705
823 660
275 329
651 634
395 177
973 257
29 515
518 554
645 798
439 823
476 787
220 336
189 894
460 872
122 248
851 798
263 692
197 460
702 217
149 545
101 394
228 858
907 7
205 215
785 460
672 814
674 947
324 241
591 372
672 127
427 2
603 503
610 323
400 430
551 518
143 789
29 676
230 596
782 392
45 585
776 303
917 215
252 101
321 927
382 97
72 921
334 482
923 771
27 360
351 563
475 355
906 355
373 785
942 264
150 64
456 884
594 856
413 296
547 711
802 13
321 697
851 392
286 27
634 76
206 819
739 699
834 390
824 105
835 706
367 676
144 859
421 351
833 314
297 939
528 85
804 43
896 472
447 75
901 717
340 487
484 121
693 328
359 470
131 276
284 943
720 970
951 86
925 829
126 542
237 921
643 980
231 456
653 803
871 693
845 892
737 222
878 817
361 308
972 21
375 92
199 883
700 607
178 46
514 214
107 435
82 213
583 25
12 246
407 505
769 19
654 763
806 92
48 849
107 818
749 887
441 850
727 936
238 936
801 180
437 882
192 175
631 528
422 680
512 833
716 673
621 783
796 841
545 356
125 806
49 497
793 564
943 345
378 12
871 733
951 797
69 542
255 836
380 572
776 631
963 163
646 430
358 915
617 888
791 285
532 503
358 936
454 831
320 854
34 460
724 474
696 168
379 605
261 257
247 807
948 240
320 373
65 418
862 423
54 298
292 466
851 276
566 711
422 670
758 878
812 915
656 351
719 492
758 740
331 869
700 611
83 572
128 181
891 314
1 835
604 188
882 661
233 926
157 572
933 227
218 863
832 616
516 819
717 481
590 482
678 755
724 70
444 894
657 4
354 747
454 185
56 399
709 970
781 348
219 696
980 330
424 161
55 310
943 669
19 374
508 1
779 647
294 705
609 134
208 834
443 83
964 220
518 624
311 903
551 73
868 731
781 535
643 511
17 197
949 77
302 544
703 939
932 912
732 268
877 83
576 300
738 429
489 68
722 555
313 287
716 5
9 413
578 780
802 167
393 241
688 276
283 27
649 314
808 189
293 333
763 66
172 520
714 281
288 655
689 614
865 594
972 146
5 211
54 503
362 801
421 499
796 207
728 525
467 935
99 902
111 745
299 339
760 468
10 834
688 514
965 877
913 628
287 892
245 792
782 161
764 808
373 605
347 785
972 410
127 203
413 582
53 492
199 681
208 858
201 36
337 107
326 916
291 132
517 895
797 697
154 280
957 215
522 731
49 902
609 750
474 236
610 783
272 377
109 177
466 498
78 28
250 83
602 40
581 750
700 465
179 669
590 917
709 953
685 788
124 752
889 969
344 327
436 24
682 83
535 445
658 670
526 582
547 3
740 536
633 889
785 515
443 726
775 241
58 669
140 567
501 702
714 554
552 749
906 499
904 159
687 671
469 247
47 519
706 705
50 420
707 228
277 941
567 780
723 900
309 285
965 822
808 968
263 646
752 916
401 917
37 567
551 645
340 722
667 338
433 466
765 189
168 74
112 203
346 799
473 869
312 234
455 955
655 772
909 25
757 922
858 163
610 267
461 929
626 872
792 408
238 458
172 168
353 168
118 857
979 154
480 130
401 175
323 732
595 230
414 12
162 440
757 786
853 187
946 836
121 456
259 158
30 741
198 61
865 674
754 7
279 853
885 352
399 164
965 954
375 295
419 693
579 709
617 181
885 743
635 903
891 619
828 916
647 787
630 840
685 888
172 485
540 447
37 53
133 670
464 116
720 914
958 671
910 935
633 761
152 328
47 483
884 519
567 205
359 775
815 88
190 406
489 32
712 899
816 257
531 815
870 372
610 174
307 466
521 276
231 677
62 309
719 573
886 711
211 519
882 949
207 919
639 613
819 372
906 248
740 155
548 557
716 354
824 250
638 409
244 128
60 77
434 221
456 697
151 162
893 950
34 964
384 964
858 751
717 856
965 222
561 33
895 260
371 207
913 831
422 207
334 952
961 154
951 849
847 946
857 88
604 585
475 262
877 701
385 505
344 375
116 173
769 63
121 272
923 767
29 572
848 24
393 563
861 747
816 342
542 831
513 445
450 239
198 669
928 196
416 333
274 147
831 755
643 223
204 929
234 290
300 505
670 28
885 675
118 500
317 931
323 930
106 448
834 85
150 267
189 194
924 458
510 204
815 29
540 224
544 79
169 554
845 119
368 85
229 761
110 893
687 103
6 424
30 294
132 224
619 458
573 966
365 847
599 485
677 276
478 189
246 614
312 821
677 227
765 160
890 220
763 96
948 347
161 28
821 748
115 77
649 213
691 851
552 564
897 123
547 607
309 13
637 167
409 385
288 931
54 87
649 605
286 881
963 827
783 539
174 4
507 585
334 672
949 88
72 767
172 611
896 572
447 915
481 573
206 342
317 797
611 309
948 780
405 852
916 130
910 275
897 710
159 554
723 878
393 667
404 554
951 852
206 245
638 738
686 614
972 821
113 837
397 181
469 232
22 748
39 887
154 190
167 556
923 147
344 250
55 130
55 492
427 972
601 64
380 224
569 183
43 148
357 90
664 968
301 251
720 15
549 606
154 763
300 417
110 235
835 359
60 981
461 163
202 855
870 181
192 877
198 539
423 592
131 318
29 18
106 890
843 799
111 70
230 591
63 731
266 187
628 205
340 131
402 655
716 953
203 164
641 784
346 881
457 34
816 472
688 295
136 648
447 648
767 567
835 198
350 414
970 648
627 563
337 953
738 400
150 572
783 415
464 262
589 745
321 270
402 895
486 439
865 923
904 155
136 748
208 860
360 420
685 308
226 116
327 261
644 14
284 353
272 456
447 130
832 648
713 624
256 862
946 213
273 169
405 458
901 207
292 248
776 889
15 637
886 853
427 803
732 823
673 101
552 787
860 817
114 597
436 193
908 803
824 355
566 575
435 336
410 285
201 645
949 584
617 870
132 84
843 222
918 953
749 864
672 9
512 525
706 239
720 350
254 968
949 806
666 695
62 390
825 67
882 95
19 423
773 498
269 967
623 626
621 394
332 345
229 528
710 9
904 628
945 399
6 270
406 827
255 75
457 32
407 976
509 589
89 238
778 54
648 915
840 545
492 246
808 784
439 549
794 410
242 963
897 796
397 31
110 448
180 449
715 718
145 893
466 67
650 855
344 904
724 72
767 9
394 338
974 605
157 174
641 366
546 14
869 349
670 976
151 905
891 197
945 185
136 589
217 158
147 64
108 326
931 410
857 464
558 62
933 251
729 665
424 399
846 213
183 441
412 423
272 189
516 167
611 839
833 731
291 958
958 705
368 285
889 837
714 388
387 264
947 598
573 677
584 854
300 240
149 235
219 886
876 880
139 248
780 458
54 374
607 926
218 457
711 342
273 879
41 879
584 519
509 340
102 182
182 697
543 902
216 853
942 788
279 592
959 13
863 831
518 24
207 310
137 97
558 114
373 261
535 332
806 743
581 66
746 75
722 451
679 922
145 441
850 823
933 275
643 574
578 398
618 736
760 818
439 864
22 251
845 177
81 613
562 921
602 917
142 838
815 354
664 530
809 561
604 626
21 817
28 381
815 620
827 175
211 341
617 887
756 536
146 466
255 887
673 870
595 85
92 160
875 161
190 708
486 791
401 248
724 6
273 43
325 76
948 726
667 853
679 912
350 828
889 541
60 682
925 964
601 217
484 713
932 171
610 437
885 560
93 57
610 911
886 307
728 595
132 967
217 646
951 549
724 634
721 49
256 940
552 542
129 606
265 77
100 353
577 624
609 42
144 671
816 461
599 212
543 887
238 559
760 211
366 278
450 761
488 354
217 266
771 153
785 158
367 316
599 224
874 201
209 260
655 978
548 672
617 674
249 296
931 297
250 659
710 42
309 390
415 703
743 3
778 127
238 650
578 680
34 472
391 774
265 327
48 17
216 283
760 918
343 561
337 835
514 939
774 708
627 467
975 777
289 823
779 293
284 776
742 597
764 567
585 818
527 470
332 770
959 334
209 901
17 797
304 445
753 407
948 387
571 200
416 772
380 58
147 328
337 737
61 659
692 956
546 271
413 243
937 831
63 856
80 451
151 202
206 161
499 312
723 76
225 472
34 842
212 786
188 28
269 235
320 90
279 536
444 354
439 70
719 59
832 731
405 257
877 591
949 928
638 300
416 549
300 453
795 562
886 737
696 577
3 701
330 826
254 255
721 342
918 485
724 538
569 420
876 222
977 520
377 130
636 660
862 592
388 304
758 92
42 970
8 830
138 435
690 510
347 22
718 739
121 407
466 854
3 917
568 573
760 844
769 789
801 240
373 313
824 107
810 603
514 283
335 542
682 803
345 935
579 750
571 352
505 657
870 210
952 234
327 823
154 299
513 890
938 892
516 745
696 759
45 888
61 869
381 751
218 428
932 711
672 262
638 555
423 721
103 539
165 538
727 299
111 734
687 530
516 795
204 189
373 420
226 81
115 389
658 619
861 336
650 736
754 726
346 894
521 828
565 379
813 521
207 926
216 112
610 10
937 207
408 775
26 749
677 105
885 565
11 521
529 85
367 156
454 656
764 953
382 686
148 325
437 449
48 649
533 279
6 677
613 189
410 705
863 736
638 359
21 563
587 911
700 330
913 404
729 338
607 740
284 253
5 795
778 213
186 160
37 793
967 818
887 253
636 834
781 507
633 59
101 222
535 975
617 874
877 260
947 470
510 756
286 272
723 903
51 88
80 18
66 596
534 593
209 833
728 554
814 532
70 283
827 76
815 946
422 82
469 673
537 34
889 339
229 564
140 494
102 726
179 488
796 85
578 648
757 911
168 197
291 709
537 550
281 3
971 63
526 950
827 485
118 904
653 445
756 787
233 211
247 903
613 953
341 928
868 342
11 714
111 928
766 553
472 768
980 85
254 957
225 235
961 835
374 818
73 314
183 214
961 45
229 336
876 386
704 888
261 130
245 61
245 92
121 180
831 561
405 411
977 83
694 892
416 103
387 202
373 592
938 450
775 360
386 257
704 272
155 130
362 487
14 74
604 72
581 116
351 103
930 973
917 276
379 708
493 214
144 471
258 734
37 5
521 345
404 23
190 175
589 194
10 328
527 607
723 178
720 289
7 363
971 43
777 699
218 322
486 355
616 905
131 820
656 314
610 414
461 87
84 116
427 942
724 418
228 72
486 290
551 647
30 939
454 882
277 613
861 545
599 248
39 832
472 381
758 911
318 788
464 793
476 105
206 234
971 549
627 120
138 290
943 963
170 561
960 343
876 921
922 369
375 652
340 916
98 280
757 677
710 65
955 747
863 69
691 411
862 354
510 932
600 64
441 661
866 701
118 523
778 227
521 697
121 653
763 915
581 260
238 194
710 862
113 13
523 578
973 964
875 823
269 865
201 47
526 102
6 70
50 342
814 575
111 620
137 613
136 637
600 832
552 9
824 364
177 954
642 956
696 629
757 485
811 918
26 939
67 751
101 139
323 133
513 425
72 189
129 386
728 791
496 73
945 278
307 200
688 647
369 227
700 224
319 689
467 96
288 965
378 382
439 792
798 130
402 666
58 655
768 363
778 447
886 788
648 348
728 71
17 326
581 249
387 459
859 363
834 969
531 890
337 244
570 201
326 918
16 14
426 59
269 432
80 791
73 212
427 900
6 744
932 90
453 866
454 787
491 67
423 839
464 614
665 731
679 253
945 396
330 392
843 777
147 37
707 820
412 921
718 7
507 903
513 841
340 759
132 392
284 760
906 859
178 703
936 4
312 123
548 635
11 770
110 49
218 339
379 840
704 821
179 160
288 496
147 485
877 870
74 554
621 425
177 749
400 584
293 324
865 371
300 392
564 348
103 458
569 521
353 487
373 647
923 242
535 629
869 697
443 968
886 430
733 230
943 427
293 79
786 264
466 534
118 922
764 216
581 53
528 745
846 565
489 805
886 676
1 119
135 596
42 119
734 447
569 659
724 221
74 446
284 373
971 27
56 184
624 303
332 131
612 79
363 614
544 477
806 296
769 689
507 873
56 873
146 942
858 333
121 427
469 142
391 286
229 834
665 322
297 608
746 418
979 415
885 252
738 66
633 15
584 298
147 50
802 872
813 915
876 818
174 781
294 417
45 849
571 415
674 340
952 888
951 803
717 32
797 854
378 104
337 565
53 327
242 119
5 785
440 596
471 981
294 232
388 630
874 242
979 586
204 447
760 17
796 223
785 822
941 478
511 76
959 832
20 148
583 3
826 356
317 528
339 559
550 562
783 316
720 928
667 349
331 359
813 332
720 379
76 246
742 217
344 119
759 78
882 448
13 182
316 711
779 644
579 426
321 103
10 329
948 111
746 639
276 869
816 850
395 318
79 237
683 189
753 383
371 351
600 72
61 770
99 253
228 837
154 655
405 141
665 28
668 251
19 498
400 286
691 864
272 578
279 636
157 913
42 229
60 529
117 485
928 257
823 381
949 880
69 236
388 222
920 675
121 182
211 400
892 747
15 431
862 799
647 844
102 142
651 693
876 968
674 758
808 453
316 83
450 657
860 396
104 834
846 713
8 692
838 541
28 390
900 540
337 117
456 864
366 584
628 163
851 340
497 921
911 770
436 43
792 28
473 28
313 528
249 713
344 860
422 737
816 925
16 595
320 12
437 266
472 268
509 529
807 224
468 630
679 929
236 163
86 223
871 556
977 832
794 842
262 940
706 766
10 125
437 829
679 555
45 481
474 389
733 682
492 934
602 9
584 591
863 909
702 518
769 905
270 22
734 685
934 227
729 974
56 561
568 593
304 69
426 459
857 899
184 236
727 940
730 29
451 88
526 629
484 759
931 567
677 171
805 713
944 181
595 497
165 342
496 88
170 559
595 536
36 182
674 884
793 788
274 798
495 575
905 888
849 921
657 614
66 187
256 283
120 881
334 319
413 712
414 464
734 18
970 354
94 480
493 390
473 829
504 974
551 348
46 33
667 325
710 14
555 615
568 556
247 585
433 208
475 430
284 917
717 622
421 793
691 87
313 260
734 428
882 3
627 955
193 652
556 116
388 449
30 806
386 666
773 389
206 667
915 591
488 359
769 883
119 158
688 145
335 155
228 404
378 220
527 736
179 980
241 855
477 898
568 310
952 726
132 635
625 130
518 618
367 686
362 774
665 51
688 627
957 731
170 205
134 33
949 543
590 647
656 483
370 467
521 946
865 129
240 57
577 338
931 51
850 200
1 420
118 130
146 285
893 399
78 541
403 264
517 787
451 135
706 31
138 832
886 402
816 275
452 83
959 93
874 967
401 112
802 785
252 511
409 613
626 830
211 398
65 178
495 159
810 803
211 352
147 814
584 626
907 862
10 879
951 33
688 800
576 757
576 733
285 596
49 864
843 589
682 575
963 725
679 14
104 8
337 361
533 824
351 493
104 112
193 559
167 286
474 467
507 957
436 915
143 194
2 741
801 741
324 430
122 686
535 465
702 561
83 467
810 921
247 798
107 675
465 46
56 806
484 969
504 295
667 345
650 396
125 931
532 446
824 354
252 460
649 348
27 191
901 649
690 746
145 355
406 438
380 297
238 234
522 143
700 515
107 703
581 356
738 963
289 250
168 377
851 398
548 308
948 774
724 758
478 578
665 314
857 973
781 65
641 356
436 313
53 352
846 26
64 76
304 661
424 441
669 309
304 789
493 859
186 799
577 922
120 281
247 316
727 715
691 190
383 319
630 261
675 264
516 909
284 382
635 751
632 410
544 444
512 364
773 666
951 775
451 438
306 852
469 761
143 372
394 613
215 880
714 776
312 534
242 502
863 747
343 78
393 403
69 210
707 28
423 594
366 327
805 655
226 114
728 742
647 577
365 22
179 901
298 926
19 912
673 616
813 497
357 939
518 836
401 242
188 725
428 364
454 857
963 678
394 251
836 699
714 37
848 371
357 741
659 921
457 23
175 194
747 503
718 428
188 646
508 363
27 261
304 784
856 83
578 12
957 415
566 603
473 786
622 575
504 661
316 361
728 143
151 823
928 592
6 830
611 142
107 404
271 869
402 670
765 541
62 65
244 530
602 632
874 771
759 4
399 745
832 243
371 500
785 51
654 65
340 613
320 575
159 659
479 96
643 917
317 196
672 593
87 939
860 597
980 749
582 236
187 7
816 71
496 734
279 391
409 20
945 156
62 828
410 234
907 323
707 358
373 659
593 352
599 861
273 335
422 88
463 230
600 336
966 591
1 254
86 395
727 117
626 75
654 624
471 929
409 787
924 224
118 981
416 37
286 298
871 550
782 895
823 892
206 49
827 326
821 160
802 867
846 559
670 487
421 305
585 911
667 47
971 887
118 686
140 388
959 606
378 602
209 756
875 738
496 306
691 711
169 421
357 577
619 939
142 922
170 861
975 404
718 453
636 956
37 134
335 173
351 96
91 649
54 711
183 434
579 369
279 524
805 756
675 554
42 756
947 313
543 251
479 448
962 615
763 578
376 62
851 186
300 109
544 523
566 230
771 316
631 787
932 763
973 663
427 686
631 305
779 268
118 365
165 83
720 590
195 473
797 22
195 807
568 652
646 202
469 663
495 23
69 911
408 772
49 78
745 390
20 403
441 514
43 156
454 725
272 194
220 92
433 702
265 553
980 196
478 689
340 176
17 27
423 263
946 171
900 131
282 914
85 329
511 181
162 207
325 827
89 207
45 676
30 268
422 430
426 69
864 593
833 553
40 415
198 629
733 253
121 173
845 692
890 359
779 32
24 750
516 807
447 750
179 595
476 880
800 750
106 619
151 845
238 935
371 806
941 73
923 18
948 972
961 811
19 208
335 958
664 463
43 487
48 562
266 417
506 477
897 108
949 260
944 298
112 880
515 902
50 681
700 297
172 128
306 294
839 575
427 670
687 90
177 659
235 892
183 160
284 297
277 125
658 303
144 300
506 880
95 487
368 758
887 123
563 864
219 624
948 864
542 36
555 472
15 340
650 771
421 921
563 575
337 776
803 75
323 326
258 696
814 213
527 49
544 291
441 298
6 152
34 112
473 645
754 541
574 968
378 367
400 834
912 822
672 267
505 749
951 322
378 299
791 207
873 553
601 442
943 554
906 792
576 652
806 692
674 883
733 918
683 911
188 85
21 660
904 786
436 262
512 71
796 135
293 592
517 170
49 278
154 21
910 929
353 213
639 666
48 79
80 869
272 884
284 930
30 858
306 249
238 666
593 818
49 309
475 868
311 36
406 890
805 365
36 33
300 834
765 582
410 184
79 825
715 466
876 873
39 620
310 75
265 304
962 582
675 51
525 307
882 177
292 676
339 888
181 559
434 307
287 593
742 613
456 660
727 982
295 899
909 271
901 52
60 896
620 888
572 23
940 487
704 143
335 168
122 312
812 572
118 434
199 298
565 467
151 443
632 349
570 217
415 940
304 217
427 673
22 215
106 237
709 811
678 342
645 597
72 54
48 286
383 854
168 99
470 705
890 246
3 652
491 586
159 927
155 953
546 474
433 458
391 33
897 453
616 330
138 864
960 26
350 458
56 475
91 938
91 29
148 736
217 173
318 812
355 750
99 803
395 492
170 20
409 296
585 25
340 905
157 569
971 767
812 458
946 156
518 359
30 272
531 36
631 25
841 926
115 550
235 389
38 326
439 34
244 680
708 92
853 722
581 880
679 606
947 564
943 495
838 935
287 327
754 975
702 265
47 250
384 159
172 758
598 626
170 577
394 915
724 485
568 660
862 860
239 329
617 657
714 287
609 103
967 649
525 224
438 246
318 562
784 139
601 684
34 631
406 830
942 241
457 358
117 109
948 449
671 308
294 675
663 614
60 301
271 740
707 606
871 841
175 210
113 500
932 647
809 929
333 927
413 128
965 497
602 109
281 237
542 461
516 215
649 928
90 916
757 481
113 478
306 569
900 629
167 326
195 761
187 84
478 892
192 611
361 592
112 336
628 827
848 247
943 397
113 584
501 625
812 398
734 170
471 98
504 285
612 888
697 502
333 662
149 325
907 721
929 438
706 839
387 316
380 363
942 458
219 396
472 921
901 777
729 514
620 545
451 182
685 385
706 647
172 450
208 165
552 722
753 685
282 165
395 449
396 692
893 232
961 24
581 891
598 261
949 620
762 680
906 538
106 283
833 418
673 241
320 220
118 228
476 134
252 246
604 584
954 467
734 845
233 445
610 105
786 918
713 619
557 682
67 459
66 14
667 13
645 705
862 247
551 278
343 186
811 76
619 25
676 940
245 330
727 189
312 135
154 141
286 532
774 818
763 441
762 459
965 766
700 467
104 164
115 966
632 614
678 363
937 594
62 109
548 146
796 687
782 569
925 926
930 95
137 637
568 941
652 221
30 33
188 44
468 2
933 747
528 181
279 4
950 134
735 867
236 44
192 676
312 775
856 844
650 839
74 869
889 73
833 56
116 310
619 747
100 124
917 182
73 772
286 134
219 54
876 723
951 885
959 476
256 520
249 969
813 841
277 176
720 853
121 772
745 268
498 564
959 308
951 368
776 251
581 793
860 528
218 271
14 28
84 171
717 869
357 155
850 836
316 119
837 838
88 262
57 103
49 884
874 655
906 76
276 593
225 732
166 593
149 114
905 786
556 485
816 658
706 577
513 562
589 152
724 757
608 777
457 36
429 29
790 135
491 184
30 227
454 490
924 936
688 757
595 451
422 453
81 327
332 900
672 545
682 325
513 573
299 873
137 494
848 166
620 467
770 336
30 873
556 681
232 242
112 648
466 46
774 51
757 224
155 592
144 470
107 317
962 250
249 319
679 981
432 72
317 801
104 139
961 192
133 253
863 281
299 680
288 812
16 364
982 919
39 800
303 561
317 292
732 26
923 220
443 457
144 40
339 481
785 68
338 684
923 343
933 230
801 285
962 237
49 400
513 391
518 726
728 345
857 981
886 806
299 442
465 659
347 356
202 554
421 411
518 899
231 890
331 704
700 397
616 152
414 329
468 738
719 515
643 128
30 436
944 182
154 623
355 202
729 275
727 159
489 761
291 421
311 27
201 456
353 242
638 631
617 959
965 553
68 139
531 562
427 173
783 889
510 738
36 697
462 76
669 204
763 768
231 534
498 671
707 890
338 139
707 908
146 411
568 109
956 820
673 739
179 444
612 784
115 965
2 364
547 722
573 356
876 722
292 649
118 441
937 227
278 330
629 222
217 276
757 252
122 290
979 491
709 372
277 216
346 367
303 417
97 737
30 555
462 384
362 73
75 420
108 534
604 748
337 72
943 532
540 515
449 92
808 386
904 662
598 930
595 348
335 722
497 360
322 699
55 398
345 227
448 794
147 784
609 538
547 866
728 366
565 946
190 261
125 293
387 240
211 646
205 748
209 669
512 5
217 96
638 825
579 183
111 272
51 262
558 792
837 234
236 31
85 836
791 318
60 593
875 294
171 940
570 353
144 963
955 761
925 936
682 831
557 198
754 812
255 921
694 783
337 778
843 642
576 417
665 173
902 487
709 99
138 578
141 739
47 425
848 561
888 739
300 770
72 912
555 452
844 242
828 369
694 256
433 653
497 171
468 135
777 799
546 77
68 736
242 519
299 261
509 528
217 359
199 924
339 409
982 322
523 185
744 820
670 76
484 408
522 703
65 3
582 687
579 921
321 493
302 832
678 487
757 73
562 74
742 112
742 461
279 167
362 114
620 982
344 207
439 561
448 414
304 22
62 914
889 540
913 204
195 227
10 810
334 201
323 29
769 14
249 67
874 493
693 105
853 276
782 168
397 369
578 559
127 470
906 636
731 255
40 926
480 536
864 51
357 374
819 682
717 661
318 662
778 910
415 430
324 411
118 316
377 768
828 773
846 314
954 879
714 881
39 42
796 763
762 242
185 927
428 699
402 541
333 200
672 561
904 260
714 573
206 84
256 707
183 869
139 614
544 712
943 525
367 67
594 956
451 502
14 356
922 466
955 678
270 635
945 601
516 678
717 817
114 176
20 894
148 861
531 245
857 213
481 310
214 892
41 922
582 79
521 893
218 182
35 935
34 438
273 352
166 51
118 395
491 706
141 934
504 608
130 264
284 53
6 530
579 790
168 666
426 541
907 124
981 328
903 222
464 697
128 159
730 819
808 628
841 916
806 969
666 390
843 894
472 203
109 398
45 316
284 127
693 482
306 260
54 820
533 494
256 561
201 23
67 264
871 159
73 47
762 345
943 244
749 534
537 250
43 71
454 975
624 936
445 163
724 172
638 553
550 872
714 457
634 255
568 244
947 191
198 732
400 33
780 259
880 539
661 396
755 873
169 738
871 262
945 767
617 505
966 703
436 324
621 850
436 657
62 831
949 86
387 750
656 215
423 771
921 487
535 421
14 71
496 285
423 944
616 681
789 65
858 127
534 663
447 268
598 701
862 649
433 518
55 852
531 335
501 699
465 772
191 839
30 804
754 901
688 122
186 12
547 931
331 170
374 789
207 838
124 114
891 744
152 329
779 977
540 460
574 668
432 110
901 335
429 44
679 351
306 826
413 338
573 251
631 197
365 856
542 836
863 653
897 657
567 8
528 410
357 394
571 127
643 777
723 842
817 837
508 207
488 622
631 820
293 608
38 485
691 626
577 285
20 573
475 697
471 697
408 956
816 873
749 575
68 649
813 315
362 467
830 276
558 408
218 227
896 591
533 665
238 85
865 957
231 18
133 163
468 936
277 33
794 768
369 652
254 495
664 403
481 866
784 613
42 836
602 734
61 377
717 361
900 490
506 308
362 655
669 920
265 977
551 666
391 671
355 626
281 834
48 177
591 927
311 95
518 363
324 322
979 373
696 227
729 581
304 350
786 210
920 785
201 227
415 911
634 606
702 514
61 184
566 423
206 603
922 511
209 635
700 541
887 67
597 939
778 131
762 141
437 298
598 408
841 312
928 290
121 647
198 435
551 563
481 968
769 387
544 251
971 456
491 538
179 788
463 253
366 3
624 105
898 3
26 681
447 964
266 414
678 470
245 128
694 739
423 603
634 525
590 364
406 292
664 907
323 898
634 628
407 142
19 234
828 268
603 888
484 852
744 52
233 541
94 88
769 742
691 41
284 481
125 957
115 857
941 584
861 237
527 500
121 264
702 183
480 12
386 680
154 653
287 553
230 726
901 893
306 885
578 751
457 165
972 806
930 92
869 438
49 171
513 27
281 845
964 956
793 319
551 287
949 703
595 665
583 178
126 473
625 572
761 203
241 348
17 723
967 32
783 630
464 584
140 604
245 69
694 401
742 330
217 912
877 440
758 95
385 761
955 338
783 26
158 135
454 577
760 375
371 647
413 95
864 438
61 342
673 420
387 46
499 333
111 396
717 538
540 417
695 614
405 877
161 202
490 120
760 315
181 553
492 413
951 257
217 410
783 649
736 956
832 160
134 261
126 698
198 794
381 314
150 182
161 500
279 238
59 899
382 777
608 237
533 293
254 21
557 529
590 931
488 625
193 745
265 247
271 180
217 182
416 529
941 591
945 186
980 467
357 788
236 363
496 938
384 163
484 400
871 382
258 327
488 78
170 31
618 366
404 836
901 924
317 878
340 20
848 774
376 448
781 40
583 939
939 372
63 529
656 417
56 942
395 123
512 653
581 739
761 883
533 146
601 240
279 770
334 620
791 887
822 899
961 629
155 171
825 348
474 135
197 744
796 168
55 211
184 212
15 328
129 375
428 554
813 447
763 152
107 4
110 759
535 599
15 896
382 238
804 116
639 577
258 58
981 966
391 680
206 282
269 106
707 97
282 450
53 202
811 725
401 597
630 703
66 603
695 420
127 22
465 735
556 953
380 505
621 253
271 451
317 18
579 310
121 815
694 257
612 605
667 283
754 922
61 631
512 276
357 596
424 502
908 92
937 574
942 525
682 888
79 224
805 653
229 970
357 31
617 931
677 559
450 270
540 577
967 661
517 795
192 336
694 239
690 410
395 613
11 89
1 125
704 980
707 693
184 892
302 262
37 701
347 730
282 230
20 811
719 324
108 917
732 160
251 248
463 525
891 570
906 97
508 714
203 130
531 857
963 498
731 112
858 59
488 36
245 340
833 427
465 847
647 189
578 404
21 818
683 452
249 840
344 736
710 177
92 872
580 83
347 508
598 146
634 546
113 195
136 391
587 482
670 173
871 702
277 547
860 684
39 256
102 506
351 418
653 27
610 738
430 354
933 894
796 141
630 65
905 539
526 15
644 834
296 163
145 737
617 734
838 360
368 156
179 856
272 163
933 564
6 799
24 477
920 655
88 770
479 428
603 680
715 53
688 31
437 236
507 922
659 725
274 344
2 255
654 715
192 461
586 389
11 817
154 460
690 111
959 107
478 234
34 662
771 935
862 466
714 870
734 78
762 584
948 509
313 507
890 418
161 101
632 189
371 868
951 563
66 205
594 821
896 799
929 264
701 953
552 614
272 785
6 442
431 967
486 97
107 793
341 798
11 119
601 197
706 685
456 78
86 976
284 687
228 312
334 217
7 725
558 160
115 725
813 870
118 551
694 197
586 559
843 937
788 838
480 207
11 608
262 164
906 440
228 381
762 145
696 620
781 838
382 752
959 822
516 194
117 438
331 63
409 873
129 554
764 245
218 244
2 372
943 23
143 849
119 417
685 801
344 31
479 658
440 869
707 260
647 855
60 300
415 812
371 221
441 853
721 828
367 678
368 778
907 385
863 322
501 589
402 497
841 303
438 389
814 187
595 235
24 840
909 167
863 713
961 162
299 49
833 898
56 761
638 951
107 70
249 499
368 153
384 156
186 360
24 482
32 369
291 435
102 52
702 794
810 225
814 251
756 595
890 75
848 552
469 816
881 153
811 539
717 774
162 342
922 755
544 676
87 349
624 539
449 14
481 342
409 917
506 361
412 267
480 88
352 902
204 794
616 925
517 217
713 487
939 553
293 890
792 554
846 827
835 395
297 361
573 532
265 745
256 982
178 417
410 800
949 255
696 310
45 120
696 792
651 949
629 556
682 259
758 64
162 874
971 557
633 178
768 322
79 85
316 887
769 404
195 345
97 632
215 360
388 180
434 844
800 205
673 205
565 67
209 16
102 888
153 309
72 681
195 375
382 947
350 438
507 423
230 210
686 733
779 242
141 112
899 175
529 955
552 187
774 312
943 363
102 872
707 673
629 631
648 200
906 33
379 420
810 520
930 879
943 392
805 726
23 221
582 794
319 534
753 958
383 883
376 940
129 942
801 325
727 591
974 411
45 343
428 506
398 787
566 565
518 408
454 294
910 915
486 181
548 524
544 747
728 931
334 450
964 52
429 403
187 870
249 618
621 255
157 362
358 836
169 309
480 164
558 351
744 308
715 741
120 823
668 794
131 68
209 108
161 398
901 449
436 249
609 662
1 820
407 193
764 763
499 97
144 537
977 830
823 181
637 119
42 917
109 939
675 224
311 807
479 855
724 819
552 869
816 699
513 353
693 935
16 731
370 493
225 869
747 264
294 505
505 322
374 389
449 676
261 680
778 845
816 215
485 389
269 706
740 689
491 787
790 338
788 879
674 221
398 836
59 494
715 213
958 176
161 873
278 250
898 348
265 564
307 276
967 636
624 605
247 770
933 559
815 396
707 903
125 461
349 191
187 974
253 205
590 908
600 167
376 905
959 214
971 23
91 925
48 591
341 310
633 551
129 515
68 899
808 216
690 954
429 525
738 924
37 708
540 780
30 480
740 403
355 26
962 536
612 599
591 739
217 239
474 852
42 713
790 967
506 326
121 59
243 939
707 406
673 559
566 380
424 648
730 239
433 239
90 936
943 612
40 263
141 620
655 799
242 325
692 88
556 793
574 541
556 307
783 479
104 884
789 615
124 620
973 564
230 308
547 956
523 494
140 903
321 939
801 237
305 164
454 39
672 104
908 954
584 67
266 467
142 28
673 278
475 767
760 86
813 968
396 562
742 92
544 410
403 68
80 672
669 408
804 68
460 326
65 969
262 541
293 311
587 94
729 490
961 733
481 46
436 147
339 803
581 834
566 861
959 383
313 894
513 571
169 574
399 748
374 878
195 250
734 955
253 194
769 15
228 238
729 560
550 372
448 904
587 855
288 135
161 333
11 302
215 264
122 544
977 399
273 906
746 530
817 96
12 305
727 146
846 741
960 188
961 212
536 445
13 928
174 92
547 253
377 773
753 66
870 445
437 798
924 905
401 165
277 634
679 33
317 326
223 38
346 79
496 642
548 221
913 741
643 332
692 134
535 163
149 942
728 184
117 744
423 254
269 536
412 397
206 887
218 451
573 212
323 73
165 788
512 741
461 349
385 116
943 659
875 631
694 180
187 392
456 7
964 899
332 153
218 487
522 874
692 336
43 54
489 431
857 497
10 200
11 670
974 903
568 860
696 785
890 695
810 978
10 214
908 593
282 175
290 18
611 301
195 82
422 79
937 146
226 355
887 892
77 268
958 418
433 252
121 784
472 181
166 563
611 155
48 212
744 268
842 356
778 70
161 29
362 223
298 748
373 92
284 594
714 263
913 260
429 71
310 966
718 685
380 287
946 212
893 624
721 67
391 365
880 296
446 372
271 879
302 404
288 743
813 976
650 595
886 482
723 119
419 171
373 576
245 549
16 240
876 71
896 12
491 697
569 217
526 543
118 463
110 657
941 665
271 394
153 593
496 166
881 181
192 346
151 860
679 821
982 411
813 268
531 975
969 902
67 697
358 253
280 861
765 196
375 182
521 165
392 659
337 382
137 394
71 859
407 377
63 919
828 324
145 787
535 365
713 854
456 855
711 420
618 733
332 64
340 33
448 3
324 657
41 461
42 681
217 731
131 645
971 482
299 16
509 619
899 296
115 732
843 183
82 681
192 656
565 248
101 336
367 823
142 613
650 428
50 553
198 455
117 887
13 842
475 239
667 940
161 463
439 232
794 869
77 411
829 564
397 854
587 80
56 775
478 23
37 326
17 978
701 836
167 309
851 658
9 128
436 475
256 380
132 229
38 76
650 399
6 99
6 847
82 354
512 82
413 493
293 355
145 283
479 371
468 811
415 215
49 639
646 785
379 423
688 774
493 381
362 134
53 189
901 963
510 682
378 603
917 241
2 588
176 787
670 207
490 99
267 774
364 825
107 453
677 953
758 355
520 645
544 146
578 503
391 426
427 312
706 276
516 692
912 384
337 584
822 435
767 498
89 482
125 655
265 676
579 558
85 237
286 798
239 626
792 85
822 593
258 946
61 341
548 304
76 553
463 626
669 814
871 137
396 559
727 599
405 553
400 515
271 573
852 52
602 453
263 27
801 683
166 705
972 403
958 152
952 253
639 392
373 578
547 698
906 180
219 902
674 885
943 234
653 826
933 212
868 721
571 329
732 698
249 650
69 608
840 823
558 143
343 130
607 403
294 481
233 902
832 342
948 656
274 70
454 261
908 369
216 929
16 922
319 194
414 243
186 221
632 220
576 264
299 227
142 793
956 839
779 614
45 588
454 371
115 453
350 135
760 390
305 411
832 855
877 197
41 825
465 165
458 18
522 178
133 246
27 348
496 866
907 969
165 193
406 326
914 942
856 929
572 487
514 519
294 838
140 160
508 555
56 230
346 862
955 22
744 298
274 131
885 399
277 623
267 200
580 565
448 406
245 203
322 662
5 402
235 35
735 837
753 684
166 175
121 342
274 792
784 817
151 367
201 918
598 16
460 966
512 753
535 93
944 481
422 814
938 188
501 177
907 608
334 240
546 620
780 561
121 619
938 132
895 90
637 414
252 28
145 392
612 967
346 660
683 243
421 119
917 264
496 327
934 458
85 298
978 227
518 16
374 733
211 67
440 903
913 718
656 394
146 861
643 467
720 254
934 614
789 155
508 316
256 482
764 503
239 227
612 840
413 497
460 74
231 460
520 847
708 33
198 941
863 923
32 44
937 922
59 825
891 189
967 614
184 838
100 480
810 407
965 878
895 237
937 399
564 705
428 772
571 164
315 466
401 280
313 364
731 329
281 597
27 528
158 879
537 331
612 7
289 29
856 444
38 134
467 918
17 28
714 105
14 940
254 280
325 467
100 506
42 308
136 909
842 798
188 608
102 193
700 799
45 118
709 773
761 23
400 84
527 405
912 837
581 221
425 978
393 311
144 118
746 398
581 158
387 841
829 389
690 802
198 409
282 936
819 902
256 244
870 363
636 689
137 260
536 164
886 736
574 642
808 482
602 62
455 316
291 854
344 623
612 552
161 815
454 589
331 223
154 290
653 942
367 361
945 910
134 676
74 96
658 686
204 775
677 699
806 159
956 342
533 495
712 935
583 298
66 336
406 686
550 418
377 493
472 515
610 592
405 717
896 178
413 908
760 525
100 518
490 466
691 824
17 505
640 695
693 944
643 939
640 554
834 13
48 628
625 75
323 755
598 909
138 228
311 470
930 159
510 429
923 261
685 578
500 883
548 822
878 560
462 679
609 531
396 842
618 297
965 789
824 253
63 748
630 185
35 545
247 922
865 302
623 820
972 490
767 637
137 352
866 606
223 407
424 461
525 236
831 966
817 264
3 354
904 973
769 117
717 430
380 13
339 232
471 354
718 199
930 630
265 686
589 628
961 105
169 433
843 378
240 705
384 880
846 657
806 236
497 446
89 911
738 67
814 255
457 945
814 211
431 958
841 910
79 328
61 417
816 586
172 511
5 929
426 293
567 608
469 611
552 68
229 752
431 26
753 785
879 927
601 394
337 804
892 927
228 473
426 460
58 459
190 57
94 426
496 318
151 474
914 103
783 134
334 500
132 681
444 381
863 248
767 472
720 902
719 569
565 81
422 40
855 222
544 219
588 743
918 57
157 300
824 164
920 308
560 248
25 830
806 614
833 306
486 201
89 448
764 780
386 261
154 615
257 4
305 494
201 968
27 659
717 204
779 792
627 471
771 774
407 355
706 711
846 50
152 834
791 749
938 726
510 325
762 839
746 952
432 904
197 922
555 295
199 57
931 840
512 553
14 260
2 503
768 92
971 825
333 880
653 26
846 759
975 398
412 377
661 936
658 8
256 585
792 772
779 304
924 878
247 745
967 586
835 241
25 838
54 51
810 552
650 187
480 708
104 740
957 173
124 849
563 682
638 812
109 844
145 358
866 447
912 560
56 862
406 372
527 669
777 264
364 408
767 626
906 888
162 791
65 834
715 912
302 973
855 352
134 301
782 671
254 170
581 666
781 594
913 202
612 287
384 976
448 418
648 545
132 63
537 800
174 659
424 352
875 816
433 571
427 502
876 460
651 499
184 221
343 239
565 329
141 128
848 782
673 539
608 966
480 519
959 925
726 530
638 243
608 493
489 515
70 171
949 970
108 359
875 214
850 708
288 185
650 870
258 843
386 731
170 177
72 184
544 283
702 632
716 629
504 870
552 439
908 336
523 498
66 308
101 872
683 453
397 460
370 942
960 229
206 775
165 392
631 159
542 23
437 72
783 553
931 34
108 220
444 175
159 892
893 458
805 395
628 831
760 132
138 56
128 936
704 139
118 470
129 648
132 775
635 23
386 758
66 339
763 400
634 186
920 743
266 77
730 928
853 773
923 894
758 671
307 349
876 606
860 917
437 359
714 69
783 752
627 404
823 916
79 314
48 651
517 859
972 221
791 572
514 68
723 660
443 656
710 964
315 982
223 748
337 330
946 200
288 431
639 741
202 466
908 503
619 261
345 826
167 530
981 257
357 624
118 699
235 74
392 902
141 799
514 582
767 321
287 13
659 44
775 939
833 51
630 849
645 675
208 205
306 827
321 665
6 203
513 631
462 921
132 365
380 270
567 440
374 488
831 741
376 786
273 873
569 424
643 855
693 440
416 396
524 872
972 563
493 51
436 68
213 494
198 259
473 898
944 283
218 409
154 801
80 829
398 800
710 807
291 301
971 595
6 247
866 798
108 495
39 592
310 467
79 596
870 493
549 711
975 27
540 635
501 713
793 942
467 564
526 422
273 915
759 578
848 271
536 483
428 246
651 292
709 358
628 210
762 465
821 483
835 503
636 360
951 536
216 571
658 69
945 564
608 328
545 4
39 354
21 205
504 889
937 428
668 212
287 940
599 252
556 248
881 682
204 980
577 389
66 625
373 242
643 900
846 66
691 344
322 458
260 502
688 803
114 84
869 222
212 559
331 777
414 925
108 250
851 608
140 236
544 244
512 757
729 520
631 606
225 687
150 98
463 22
718 675
133 23
353 338
607 982
439 438
627 513
134 241
271 3
611 176
457 900
653 725
937 750
843 598
514 444
144 731
3 74
346 70
832 333
343 915
433 272
95 773
144 211
627 692
971 967
656 811
19 388
53 356
568 824
312 458
170 21
625 336
574 168
211 652
421 889
152 134
769 895
30 89
690 757
269 325
113 207
586 420
609 817
526 366
533 265
60 254
162 840
688 416
263 927
724 148
461 903
156 222
822 420
407 766
416 402
843 263
523 879
166 887
168 485
355 936
515 530
57 726
667 748
378 669
810 79
439 477
115 576
558 427
665 186
876 835
107 38
504 220
107 905
29 834
428 939
593 939
590 329
331 319
297 146
569 51
455 761
113 891
875 364
690 502
432 798
910 648
507 406
540 171
190 263
627 357
90 786
932 268
12 502
874 295
970 493
469 482
965 374
190 217
759 525
550 50
982 76
225 819
959 836
629 684
149 82
281 770
865 743
677 207
24 532
648 503
417 662
206 601
118 647
961 409
771 177
523 595
686 662
273 872
10 317
863 513
825 530
509 945
334 254
924 281
302 559
661 831
962 644
38 65
757 636
492 76
809 255
601 399
763 942
601 463
729 55
933 440
405 915
40 459
739 748
779 787
654 216
892 803
249 570
143 958
208 468
860 978
509 271
422 732
19 324
693 817
77 442
66 768
882 599
546 442
282 814
653 248
611 970
422 597
963 873
590 421
629 168
36 745
199 375
242 301
409 982
318 259
110 63
679 425
228 881
524 255
914 572
497 883
137 27
373 919
581 186
240 919
158 751
952 257
226 898
681 303
618 355
93 446
266 3
742 447
391 493
421 41
856 968
161 680
552 255
306 943
311 666
282 681
707 756
302 476
667 423
38 301
653 648
457 891
357 823
832 408
64 649
906 937
548 319
17 573
492 473
813 546
517 499
249 264
940 348
627 162
495 95
803 360
38 751
144 191
905 586
852 35
942 482
374 201
321 181
401 916
804 449
423 823
443 193
291 950
322 222
506 46
283 134
547 230
211 614
579 303
198 834
349 591
514 963
909 820
22 354
535 895
152 890
833 860
584 560
170 84
609 836
370 525
980 722
182 726
960 81
598 82
493 739
595 845
136 297
299 739
813 766
504 704
350 776
580 235
557 451
832 247
875 976
373 277
138 589
612 721
864 894
347 849
531 647
449 737
334 779
760 970
653 210
558 821
925 264
813 470
144 49
643 206
80 536
687 677
651 286
208 361
42 318
965 308
760 930
144 31
669 828
618 224
430 493
480 231
13 530
13 349
9 910
905 615
907 171
627 375
805 366
947 716
904 348
617 252
415 259
469 404
746 239
955 766
874 666
951 493
654 642
631 59
817 926
781 317
752 825
274 870
808 72
121 487
578 798
696 359
380 236
779 247
796 653
868 204
634 928
763 982
781 528
775 798
907 8
346 571
568 204
584 588
851 564
161 104
832 553
952 430
807 71
594 881
632 597
506 744
835 765
131 970
110 390
427 413
11 429
147 862
762 349
50 200
643 595
501 756
366 171
806 936
664 703
582 766
225 204
373 891
824 615
525 159
127 262
547 161
343 444
132 283
970 921
943 222
796 202
30 543
930 532
462 80
660 194
196 894
511 220
190 305
874 212
110 46
340 955
30 379
118 396
612 586
722 119
579 747
551 775
317 345
299 79
613 372
909 473
901 671
683 398
756 515
679 4
436 322
37 490
392 697
932 385
479 739
401 470
946 736
136 303
15 698
882 452
228 214
805 827
797 926
141 780
862 793
718 766
650 410
608 246
791 884
663 348
131 703
718 292
723 761
244 608
65 867
574 426
610 5
629 899
408 298
400 845
414 3
225 828
907 835
128 210
122 622
787 390
269 643
755 825
374 968
606 487
613 676
333 768
98 196
97 511
706 270
570 360
40 372
93 349
907 595
14 173
665 866
874 267
819 68
108 145
537 223
211 123
261 737
884 251
517 235
574 765
68 221
835 877
269 845
113 607
833 87
850 899
579 4
288 4
209 176
644 355
408 831
162 617
598 904
300 348
472 87
225 608
808 613
258 298
132 823
259 139
422 774
876 228
970 498
947 604
378 255
244 359
1 792
232 26
647 663
791 430
863 309
627 89
272 639
486 844
483 356
674 260
419 714
599 658
298 248
157 505
102 657
775 194
340 46
526 668
24 899
912 534
835 79
674 750
129 636
100 495
405 295
526 704
41 301
218 615
147 342
871 853
754 567
882 450
375 352
377 403
713 659
907 396
846 845
331 807
68 787
6 815
901 588
624 189
464 618
667 563
391 922
890 929
117 25
288 202
783 305
73 71
509 250
30 757
405 495
896 399
99 363
59 261
9 63
177 399
211 818
658 597
667 250
899 411
604 155
508 96
727 659
795 397
303 243
646 973
599 23
471 534
320 791
734 224
781 270
887 164
193 18
565 88
881 660
868 87
728 519
942 404
628 76
496 517
401 539
629 141
632 360
428 770
428 800
765 743
752 519
311 646
391 18
94 752
82 235
457 520
700 142
334 669
431 828
22 592
548 796
229 806
717 271
752 438
73 285
402 158
616 827
410 703
180 615
713 528
71 539
535 775
353 375
509 597
616 747
599 348
710 417
527 752
948 608
852 12
379 529
375 831
913 52
168 867
10 731
11 503
154 894
603 487
651 124
634 950
5 381
897 270
479 970
887 13
82 314
601 826
610 297
693 171
347 802
648 222
169 763
521 682
249 453
150 408
387 921
769 141
659 915
853 142
963 420
87 916
699 356
478 785
471 398
486 928
58 187
634 926
896 821
273 415
558 248
148 751
580 835
728 455
812 655
462 902
526 213
371 911
609 310
638 341
809 13
159 928
926 953
355 239
423 827
53 351
138 9
231 614
400 184
473 890
216 856
9 401
54 168
247 36
717 237
219 953
544 694
79 135
306 767
360 356
400 877
852 519
943 893
637 148
145 423
691 16
568 321
408 859
127 626
753 970
266 957
334 681
903 553
312 649
781 265
34 677
580 788
920 733
602 503
98 648
679 819
627 777
19 197
885 181
691 456
501 358
100 62
431 459
376 514
328 264
369 234
201 287
207 817
715 372
769 561
284 842
2 27
887 112
796 698
927 18
11 741
647 476
371 205
535 152
378 850
865 781
702 277
617 160
439 933
937 38
625 559
400 445
476 503
507 187
825 18
835 955
455 372
61 968
961 134
534 215
206 346
113 127
677 606
909 774
107 430
138 235
284 187
542 292
851 36
488 278
423 445
729 883
246 248
17 852
241 872
612 952
286 628
179 402
146 171
373 152
54 629
41 554
216 40
945 825
373 951
586 261
144 417
565 483
432 328
625 275
388 383
882 170
518 774
294 698
81 817
581 58
499 852
683 736
542 793
605 7
510 229
973 747
359 71
382 254
754 949
258 406
219 828
612 360
790 466
346 249
59 381
780 338
418 684
531 738
721 221
884 248
546 976
55 364
958 363
24 660
571 461
790 704
528 770
149 820
851 847
551 689
977 658
812 788
364 103
288 344
286 918
376 796
315 73
345 564
371 528
170 447
669 602
629 446
230 842
810 814
10 371
138 421
792 895
157 460
36 505
543 536
517 141
263 413
433 525
97 936
346 480
694 61
228 68
849 260
387 363
775 467
37 321
169 207
696 884
29 123
242 681
667 130
242 750
432 684
563 561
900 239
211 645
198 188
501 912
16 341
948 300
247 167
800 90
6 252
504 634
365 785
544 373
804 676
804 345
896 735
563 123
42 297
609 848
729 380
117 635
273 460
717 911
521 774
923 964
696 494
463 207
277 911
853 668
341 842
558 586
749 747
85 854
805 254
529 797
337 687
3 87
247 97
713 584
687 52
228 928
944 385
598 143
20 182
282 981
951 191
304 892
137 788
193 921
126 584
362 578
101 298
886 636
732 663
893 511
58 788
879 591
825 248
208 139
569 191
184 116
942 7
278 699
590 422
266 207
397 687
813 531
2 445
283 213
923 271
943 375
789 859
977 758
421 670
846 224
496 56
2 38
664 789
654 445
247 76
581 461
760 239
69 733
429 4
791 467
486 966
882 982
262 635
139 978
526 445
782 67
118 131
653 655
522 364
813 351
873 163
764 617
585 485
764 328
331 20
10 352
815 139
952 740
347 772
50 834
350 818
501 483
204 435
471 639
218 241
851 444
850 278
251 818
591 221
121 336
56 840
536 215
113 132
174 804
566 80
704 976
54 327
454 571
570 372
565 123
754 576
180 8
864 467
946 330
808 197
489 153
611 365
166 319
78 745
122 651
357 133
266 925
21 736
126 295
124 405
5 461
379 788
125 356
143 222
195 842
419 109
140 294
929 325
763 705
476 822
209 429
198 639
509 375
449 191
533 569
861 888
633 823
391 852
718 104
809 472
14 207
531 223
756 750
350 287
162 364
613 892
370 784
774 260
12 487
727 376
374 814
929 894
497 326
904 845
462 410
309 477
309 230
517 234
764 889
738 817
192 584
378 782
524 645
525 417
576 535
931 695
82 328
206 462
291 3
657 23
672 744
914 444
815 411
62 85
824 212
544 447
468 940
364 250
140 217
783 17
176 575
332 811
600 630
386 703
429 665
793 131
160 33
324 196
331 235
563 892
406 847
889 447
497 203
531 184
407 839
375 827
504 902
913 261
138 714
857 76
500 736
58 550
486 940
651 446
557 953
7 446
236 502
883 921
291 924
569 634
475 101
396 146
416 563
665 969
763 212
673 671
216 513
588 603
35 23
412 461
149 514
595 785
754 398
115 538
302 591
546 186
190 620
714 360
281 242
356 553
37 815
535 912
177 942
426 451
243 827
303 260
343 332
208 422
81 194
54 921
853 272
451 445
489 580
54 311
843 842
903 894
824 552
806 613
640 741
576 808
347 982
950 812
430 775
3 230
529 446
820 356
723 280
802 840
150 529
91 883
543 896
56 861
783 559
313 825
548 541
638 691
377 532
552 281
731 708
587 802
117 480
912 847
676 221
197 399
598 23
600 159
371 385
857 155
439 711
501 64
256 251
533 980
712 325
510 957
342 4
297 487
644 251
523 596
284 501
463 295
452 205
179 971
289 927
452 840
537 103
862 163
402 260
896 411
526 243
551 743
90 978
960 547
959 102
934 460
702 513
900 456
345 809
15 630
142 615
395 134
407 955
304 538
15 369
977 818
321 160
353 312
324 14
517 511
302 729
843 692
629 476
299 105
115 583
399 855
669 221
433 225
851 975
145 146
623 946
507 921
23 389
113 93
975 257
184 200
906 446
489 368
599 449
439 952
43 222
512 165
725 372
137 924
457 311
50 855
46 978
368 459
376 396
386 180
54 519
913 859
45 289
508 68
266 534
190 759
810 832
263 831
311 200
720 171
10 658
143 967
351 214
634 832
414 655
325 329
809 364
476 410
418 603
706 345
37 278
419 603
125 483
315 887
423 542
638 16
729 472
945 435
885 972
851 577
122 768
947 875
599 275
951 596
24 453
943 229
657 18
862 65
466 354
306 37
634 202
830 83
500 186
979 59
426 447
455 663
429 773
801 418
206 758
734 396
229 577
78 130
293 257
32 528
353 453
696 831
668 870
396 12
368 565
324 844
729 438
912 236
554 839
506 935
41 905
791 620
385 330
71 372
306 458
144 38
517 532
76 968
566 94
861 308
366 296
404 369
959 264
463 831
87 246
102 711
631 246
312 88
731 148
702 777
367 584
672 837
382 468
324 259
481 185
297 459
586 203
776 904
441 146
788 936
522 401
382 849
732 156
204 911
249 170
100 483
673 892
653 765
650 575
589 36
81 744
219 401
67 361
813 182
36 177
73 578
771 502
594 358
404 663
683 352
523 281
938 167
571 109
871 416
267 771
217 957
833 851
245 158
119 163
101 968
151 778
394 725
55 27
6 83
179 133
378 18
42 930
936 976
488 164
2 442
259 51
512 591
720 412
109 253
144 636
666 663
109 619
760 827
777 363
34 141
956 308
247 46
265 131
769 778
231 400
646 112
626 171
619 303
218 94
906 453
56 549
931 494
643 772
958 478
753 936
288 466
378 409
760 237
901 943
362 497
142 597
128 528
667 32
77 968
97 755
904 837
58 563
941 25
622 127
55 928
350 3
291 368
754 788
400 83
350 597
886 370
947 44
475 946
760 278
726 487
495 73
282 716
110 615
804 275
548 315
279 25
347 619
822 711
208 199
816 301
136 531
778 201
414 975
546 283
374 582
443 632
949 406
113 366
772 842
116 554
898 939
790 447
292 856
806 189
319 866
196 459
238 698
188 392
865 562
876 383
584 613
137 333
864 363
790 221
627 201
225 944
346 57
170 438
581 240
474 197
134 666
700 493
402 29
108 60
665 849
522 900
66 13
973 530
433 501
637 187
144 104
202 246
91 897
142 178
245 112
376 867
583 22
48 587
517 129
357 786
66 934
572 956
618 963
259 487
145 597
843 687
63 29
320 326
612 748
934 859
913 812
785 139
71 87
602 364
580 194
42 417
723 96
386 657
421 801
15 35
147 396
643 385
615 787
979 643
400 161
169 557
406 385
951 370
160 248
384 818
24 926
974 864
784 156
900 41
124 153
422 119
147 645
667 348
47 264
713 372
293 85
89 553
948 805
889 849
643 227
440 799
526 21
557 642
108 260
393 172
718 723
286 28
523 182
496 27
375 811
226 697
490 739
535 298
155 596
546 881
9 312
654 809
274 555
317 952
143 878
396 176
639 187
551 261
6 554
691 810
260 660
683 175
364 500
949 687
672 143
589 618
878 186
422 797
835 127
350 577
469 227
41 586
681 487
373 219
300 982
154 100
753 118
259 888
793 578
351 483
573 22
484 62
341 902
867 446
27 560
475 329
265 66
357 159
362 330
334 784
550 220
320 819
907 352
694 17
138 184
501 60
396 780
557 156
117 780
979 781
937 685
266 456
633 460
516 900
468 809
667 845
720 288
649 917
674 481
594 838
700 246
600 563
393 525
2 268
602 541
487 684
138 57
355 534
957 404
669 748
437 586
495 506
951 260
250 87
733 76
94 212
159 399
432 750
233 658
860 463
409 177
511 775
462 739
149 849
979 461
569 119
871 225
147 624
924 732
299 670
880 927
709 768
815 747
345 635
17 409
513 86
247 823
469 205
124 725
367 104
195 918
118 177
180 257
943 654
56 877
604 213
496 826
795 603
291 21
863 661
434 340
352 264
779 23
182 532
882 463
901 614
611 478
69 788
720 607
146 614
629 185
753 799
192 549
258 967
728 754
216 578
501 587
143 637
871 864
738 241
124 280
492 536
851 900
557 360
744 839
62 105
379 460
566 853
424 626
98 652
713 811
303 135
149 633
757 243
622 676
612 858
477 352
436 215
957 799
188 839
930 295
562 214
807 123
375 545
417 221
128 467
508 425
504 246
42 668
5 261
653 649
34 212
332 880
168 396
656 932
344 444
796 602
589 243
406 225
652 105
550 354
644 268
716 942
147 67
878 834
63 312
139 234
106 827
513 668
409 502
183 352
868 444
347 641
350 217
632 624
500 178
273 712
585 768
612 156
274 146
429 452
761 749
570 244
806 792
424 7
508 591
184 31
238 442
206 571
433 275
664 243
32 588
388 128
402 182
558 68
627 7
122 54
762 167
316 682
260 676
941 772
122 159
477 921
793 515
114 631
962 777
537 883
20 752
272 359
42 477
488 41
172 311
246 902
82 77
376 564
244 312
69 850
144 90
138 427
141 648
618 319
43 67
598 319
208 624
70 815
94 23
669 31
285 559
240 861
136 597
816 481
521 866
579 238
575 363
963 619
862 51
525 112
966 227
606 310
764 599
414 25
124 312
233 742
847 777
320 936
473 408
719 506
933 314
120 916
932 363
789 253
327 750
245 178
395 57
866 538
860 797
199 247
506 327
974 96
123 603
238 329
858 452
729 450
636 768
526 181
574 186
309 158
865 675
555 275
981 248
713 116
546 912
204 47
759 902
802 740
17 830
709 330
187 173
912 511
962 440
746 438
124 476
55 186
886 406
311 472
188 726
125 163
43 659
812 823
404 697
696 242
962 126
170 280
491 75
242 917
330 390
383 190
972 836
351 264
633 23
136 911
428 330
551 441
283 57
476 591
501 775
719 883
542 751
783 290
306 669
59 861
376 780
669 812
723 498
537 924
861 699
146 859
808 894
19 9
5 893
738 936
686 829
136 709
137 185
809 466
598 33
574 71
141 680
913 663
764 385
8 855
709 774
667 237
217 234
767 150
429 934
862 83
546 867
115 63
350 739
249 449
258 69
206 156
886 475
406 645
146 919
491 513
151 83
930 222
89 44
115 472
86 303
807 591
636 503
508 604
5 946
287 787
915 671
759 272
180 130
865 657
376 244
529 257
225 836
507 687
917 207
560 296
472 666
901 93
99 308
484 554
677 657
665 290
938 230
952 440
419 316
408 181
456 869
258 623
335 963
235 447
370 861
42 28
317 200
585 774
724 164
304 308
249 252
724 614
143 395
582 305
618 191
625 739
762 381
383 240
269 776
923 558
757 655
65 44
888 854
544 330
756 785
442 592
548 265
465 303
754 919
910 676
504 524
405 556
600 900
278 626
179 670
920 399
753 279
501 241
630 903
3 830
776 829
339 878
50 322
512 437
863 599
382 27
544 238
5 528
343 922
841 931
832 355
431 840
155 372
855 224
288 355
804 537
355 292
48 71
433 523
288 809
958 818
621 44
283 894
17 635
279 247
479 858
21 740
229 831
810 234
555 775
523 380
607 823
641 912
453 751
848 29
547 635
149 683
369 936
377 139
935 487
168 725
216 726
183 182
86 341
633 836
122 415
125 659
30 560
319 418
155 586
648 502
118 756
755 899
618 725
547 359
56 368
304 13
331 270
764 305
724 894
801 655
147 511
357 717
812 766
145 966
688 609
543 578
391 585
623 559
433 696
376 519
421 892
526 514
443 734
170 260
528 74
355 725
63 800
258 554
281 561
144 780
60 53
392 940
780 301
965 966
465 301
322 210
704 785
557 851
237 210
612 665
822 867
212 214
474 639
602 826
213 545
686 399
98 538
544 737
334 891
827 748
718 620
291 154
188 636
423 243
952 451
601 750
428 956
70 38
436 695
94 777
63 234
410 681
8 459
865 967
617 514
547 741
543 642
948 309
981 105
241 652
311 127
274 945
19 552
190 924
509 286
63 248
157 208
387 149
888 173
756 355
34 870
432 194
223 369
80 766
423 32
966 298
590 591
353 241
373 510
526 474
609 575
398 839
150 556
533 586
225 155
371 800
555 160
566 134
63 823
429 35
664 980
489 119
675 575
368 603
236 879
240 458
508 104
590 866
826 766
654 409
950 895
806 292
306 958
138 848
570 748
368 822
765 837
475 270
91 712
520 430
41 640
423 933
258 964
273 937
132 850
731 726
627 605
486 460
219 365
604 315
282 623
81 112
518 773
771 755
581 315
114 424
773 135
809 377
735 765
233 951
831 116
441 697
478 849
379 116
629 593
398 333
700 245
871 925
388 147
402 786
448 425
520 330
516 621
126 803
579 792
334 171
368 248
219 710
626 398
754 69
809 361
841 212
174 187
132 24
353 777
588 322
980 701
558 171
600 925
516 968
819 123
415 974
223 505
344 466
551 155
311 270
780 956
754 598
657 591
874 515
898 539
5 189
421 2
266 252
857 564
724 338
546 725
252 711
595 290
330 214
465 438
365 534
309 974
455 215
783 531
846 527
437 745
651 341
185 92
913 679
486 300
427 435
169 276
382 562
167 564
221 787
785 189
805 97
461 33
223 446
501 747
423 645
547 325
955 276
40 355
232 536
508 838
832 628
73 78
904 573
192 968
172 606
318 743
448 597
498 803
756 774
633 656
771 456
114 243
30 208
769 234
276 766
655 360
53 404
944 660
427 247
774 956
140 915
796 791
91 499
783 98
526 164
223 837
654 287
169 826
252 461
604 955
522 69
638 306
325 87
962 233
683 131
589 703
623 166
255 538
437 257
721 177
454 695
746 318
735 75
709 456
791 23
383 278
980 275
122 152
625 927
216 975
634 90
177 666
890 684
444 485
407 267
565 908
779 685
511 186
732 539
30 633
914 577
891 399
155 780
99 725
101 830
778 732
841 608
598 326
504 256
500 52
951 966
675 898
600 83
979 500
774 887
654 504
943 970
886 82
758 2
657 592
809 927
70 912
876 607
441 281
531 889
633 497
492 21
352 545
776 681
253 698
211 212
656 458
373 133
293 309
102 869
362 71
216 892
157 677
687 921
43 420
641 592
653 46
291 237
172 519
460 90
284 7
535 472
924 706
206 165
91 936
362 520
647 890
392 926
783 642
8 615
529 603
240 329
794 470
118 211
441 749
613 725
171 768
746 636
657 613
303 196
687 148
779 336
707 458
761 308
920 682
958 239
190 891
161 663
922 303
516 91
426 176
760 679
278 935
488 869
740 466
302 368
754 25
516 85
620 372
609 726
819 917
42 299
419 224
974 381
93 655
523 642
282 724
124 717
853 935
436 343
190 836
891 755
228 352
215 301
115 696
949 271
496 914
574 978
504 806
30 42
474 659
759 95
154 616
288 589
649 261
720 620
732 798
544 955
457 46
754 219
217 252
80 112
477 541
568 531
424 148
956 361
565 210
888 342
544 87
304 622
965 588
387 977
475 93
692 268
337 797
885 854
727 6
217 812
470 31
718 97
912 289
758 708
48 20
104 227
306 561
436 568
704 919
967 956
171 699
792 630
813 234
728 839
809 23
644 921
204 670
500 278
621 417
357 671
198 155
768 939
600 750
664 947
865 876
608 770
175 264
604 834
78 671
207 467
45 111
117 97
981 185
226 889
549 483
729 752
132 69
824 699
518 487
638 287
506 842
715 561
327 67
388 701
549 506
413 919
219 585
378 263
920 92
620 861
508 941
942 872
304 607
172 823
656 973
47 394
179 41
209 719
815 84
975 327
638 1
289 780
361 953
812 442
548 349
465 675
790 855
367 222
45 669
868 685
706 869
192 425
488 452
840 185
339 474
605 541
368 66
906 747
247 68
54 217
848 531
805 771
702 682
212 748
885 626
569 166
195 599
569 81
335 455
950 837
402 521
402 838
484 199
817 389
289 101
605 158
153 859
527 9
505 894
600 675
244 660
269 284
244 477
277 253
34 772
760 452
727 239
734 980
578 46
948 683
366 539
288 80
609 279
327 787
955 71
830 711
388 237
566 372
224 820
724 774
728 41
441 339
644 819
306 335
513 278
11 539
628 342
707 827
117 873
752 191
981 285
43 916
346 699
421 96
544 750
948 890
432 345
778 449
509 812
807 32
633 69
323 701
858 374
547 725
598 171
554 676
828 963
962 898
718 125
344 202
811 978
177 586
167 79
17 367
717 252
822 695
540 119
746 36
916 301
710 740
656 447
653 772
2 849
54 317
509 31
764 110
897 933
211 170
136 215
979 262
941 853
514 193
754 534
808 565
145 704
897 917
444 372
57 519
284 589
233 525
578 205
223 131
144 109
908 485
454 460
536 236
231 224
102 828
413 74
763 956
484 29
727 200
607 171
274 779
971 70
416 13
324 494
764 439
231 624
157 740
525 361
690 375
306 540
304 440
505 649
512 197
56 63
324 964
367 622
402 807
893 456
299 210
548 438
604 181
577 890
533 504
914 264
857 903
118 7
122 795
912 743
549 636
844 4
823 326
644 57
789 361
207 803
710 7
604 176
513 457
382 786
437 623
228 842
789 758
938 78
677 348
533 266
355 119
108 479
82 205
391 466
702 198
707 359
404 515
581 80
897 328
622 506
938 1
543 185
479 73
806 67
145 958
450 381
779 766
273 127
631 318
516 910
132 709
361 902
430 701
909 739
332 375
723 163
274 320
937 22
610 589
387 767
162 756
790 402
68 3
62 205
771 324
374 751
573 418
796 232
529 657
370 653
765 21
496 644
758 525
583 705
98 768
797 880
825 659
753 119
669 488
906 242
905 963
122 588
565 20
790 528
666 325
675 71
174 130
647 554
793 497
209 405
775 515
646 478
236 821
106 439
454 706
453 59
434 360
12 411
638 742
114 25
142 264
724 920
141 160
233 381
904 361
966 817
805 899
749 4
722 399
30 341
256 896
479 142
682 241
185 196
870 74
256 199
835 885
637 251
622 834
625 970
533 104
760 956
802 759
157 816
566 270
362 181
841 159
434 52
628 305
377 749
901 593
92 684
394 642
379 83
635 698
395 311
450 261
708 290
876 466
254 766
203 662
409 494
822 28
159 803
782 35
49 545
535 577
617 967
28 538
39 956
734 458
833 905
195 770
53 635
424 270
598 184
465 519
15 120
625 268
121 58
228 281
369 613
149 197
10 70
852 381
499 765
411 539
896 175
460 666
760 718
21 88
45 90
801 253
811 659
299 659
914 377
8 404
868 420
670 159
896 668
325 298
694 570
814 404
19 774
293 774
709 93
765 826
851 193
196 156
282 520
14 511
609 89
55 283
468 84
464 665
845 417
162 265
218 573
94 119
570 584
955 974
148 215
578 745
34 377
716 16
321 463
24 90
516 402
565 954
115 197
100 381
332 105
490 918
728 793
517 453
282 562
331 856
568 158
449 482
669 247
785 926
972 681
513 188
569 407
965 410
60 420
556 359
551 168
891 374
807 524
888 389
639 620
86 618
580 271
673 261
27 630
167 699
862 689
169 686
376 303
162 731
132 916
472 780
293 285
54 603
719 859
228 560
841 653
438 213
398 354
166 787
973 276
792 631
922 310
809 812
962 897
263 856
492 318
928 593
653 3
96 894
255 234
73 307
791 939
312 780
686 819
513 827
746 92
561 349
471 352
752 285
373 359
320 910
291 481
151 148
134 25
78 285
513 692
720 302
409 466
952 418
382 462
424 538
188 556
167 340
490 789
43 663
499 737
743 711
1 933
588 823
34 914
479 786
464 7
335 649
173 485
537 375
198 268
795 740
162 129
647 173
702 220
754 450
930 298
441 649
30 124
505 703
790 5
197 361
951 687
784 186
225 92
2 666
488 236
708 635
24 836
143 750
324 743
125 958
627 185
309 870
433 582
460 295
409 33
756 71
588 879
324 8
909 946
646 239
728 732
616 735
499 236
138 513
136 249
895 493
272 21
308 739
107 855
674 892
6 820
11 659
145 155
952 829
584 78
412 721
792 139
284 42
604 854
229 23
497 593
403 418
557 376
208 352
109 119
656 54
406 130
937 709
742 884
787 372
469 184
319 884
150 411
58 717
789 902
66 560
371 76
15 365
47 148
454 391
371 662
717 126
187 264
844 849
565 247
822 67
496 7
279 292
546 895
110 682
916 927
691 453
950 655
704 68
637 207
169 226
42 111
393 554
88 348
647 636
125 246
138 758
263 881
617 410
43 708
94 940
205 257
89 80
804 104
959 280
775 214
139 968
891 466
673 620
93 615
55 71
516 453
282 628
339 555
230 411
406 939
631 788
189 173
408 883
254 445
602 820
357 805
577 186
929 349
853 559
107 869
866 976
590 424
552 293
243 741
738 316
108 190
309 215
371 367
365 829
809 953
312 220
537 922
548 836
302 899
232 88
471 410
439 399
510 494
811 541
957 607
951 750
890 834
585 540
32 855
834 25
625 934
750 596
602 460
276 976
673 934
269 292
824 63
335 628
510 60
719 868
578 973
570 524
707 343
414 463
256 547
890 112
47 898
704 801
750 725
308 390
789 562
688 575
347 466
374 856
728 820
540 712
707 165
335 212
630 978
548 54
886 372
152 96
201 203
142 536
165 28
552 916
403 92
216 426
865 452
101 318
522 787
682 834
5 826
468 713
136 547
622 722
117 652
714 35
781 836
140 304
83 538
753 428
270 68
42 662
512 669
117 254
779 791
724 823
492 83
423 440
526 742
799 44
46 748
209 118
70 883
207 572
905 799
690 441
901 188
376 264
149 811
479 845
263 564
510 67
965 622
321 946
122 372
632 818
111 86
448 978
45 545
461 51
265 974
604 177
951 737
504 147
715 724
901 830
881 750
274 19
610 693
37 73
694 85
841 349
971 798
617 798
937 721
80 200
355 928
742 191
116 725
226 927
384 840
646 662
838 503
137 835
557 393
117 846
129 853
917 51
790 503
423 307
91 18
702 730
764 2
102 758
216 70
942 884
674 657
805 571
809 467
491 401
462 369
433 321
828 13
573 336
508 574
952 668
436 561
501 365
355 52
633 801
906 365
557 112
757 592
121 906
916 956
651 321
557 820
981 902
150 35
771 969
492 139
761 787
127 652
79 352
289 389
271 430
846 636
724 817
345 747
371 921
118 411
598 668
943 197
135 503
627 102
862 425
318 285
300 528
573 31
773 452
374 521
515 103
886 420
527 864
144 200
696 490
496 76
206 204
17 310
128 695
754 95
104 418
449 196
478 404
913 146
68 325
692 338
143 585
334 689
765 838
668 85
625 499
774 619
778 234
45 767
658 232
87 927
516 154
835 145
306 352
576 47
758 652
969 676
805 342
91 172
488 915
823 503
202 553
897 98
258 197
717 928
631 12
835 221
531 427
886 514
94 930
263 364
431 905
231 573
231 774
533 748
807 817
391 953
165 614
604 655
518 550
204 692
874 351
923 299
400 741
138 164
73 540
461 919
651 215
53 560
945 356
578 844
20 33
943 341
260 163
476 708
284 130
508 167
161 260
706 698
218 235
169 657
938 425
835 42
481 435
688 741
127 956
64 745
474 916
690 648
422 834
23 342
616 82
855 748
527 205
476 240
126 660
556 844
711 363
344 252
576 380
904 316
807 922
423 14
573 528
644 739
387 300
379 278
471 418
113 568
238 663
931 312
149 317
19 338
567 28
827 663
199 142
384 146
1 6
907 600
416 292
28 329
402 899
779 780
636 498
822 259
594 21
59 615
962 412
947 408
319 33
947 442
774 777
249 916
54 549
396 364
658 922
386 46
912 884
13 787
972 499
486 600
89 827
552 912
655 572
291 883
907 216
216 12
151 554
956 545
643 526
661 221
467 899
576 742
229 839
848 38
180 902
293 905
158 112
382 829
937 439
122 301
804 521
895 438
588 845
863 602
960 36
238 684
441 213
192 341
583 187
337 876
259 295
948 576
814 268
509 866
698 854
638 493
447 246
447 173
738 411
429 541
918 305
465 645
860 788
915 314
377 328
192 82
448 644
491 235
804 737
854 4
91 798
393 678
691 335
602 578
302 119
568 875
904 905
700 924
634 340
589 866
366 731
110 530
3 44
204 499
379 131
717 867
256 574
541 44
535 202
769 380
633 922
61 711
466 502
61 555
698 411
557 701
40 726
345 974
831 926
522 842
547 681
769 422
673 254
601 950
143 464
488 545
860 447
208 531
138 259
106 249
499 975
89 844
713 336
802 737
154 857
50 333
601 358
810 361
188 276
109 329
576 277
687 224
860 736
480 392
930 505
782 916
957 914
831 916
10 471
668 861
81 85
529 626
890 242
169 772
49 75
833 902
932 456
792 97
629 34
239 640
334 958
284 322
694 317
195 931
501 249
397 657
458 872
664 65
149 75
475 652
259 915
259 968
819 842
258 719
298 553
924 578
216 497
48 394
729 290
514 160
477 301
788 482
584 358
384 755
17 18
982 867
878 442
469 573
535 626
711 872
174 475
652 842
301 699
893 497
302 438
714 952
904 417
92 615
672 68
695 411
235 830
794 750
760 868
10 515
945 374
961 445
930 139
940 751
350 877
108 314
454 389
851 619
190 904
448 936
155 532
383 821
667 329
409 708
60 653
375 772
729 953
702 170
258 809
320 482
735 473
391 92
581 757
768 35
702 892
147 778
516 727
216 110
735 213
311 478
319 173
796 803
702 86
526 497
574 671
117 921
384 887
833 263
315 456
316 435
672 341
783 139
21 562
412 70
10 360
691 877
331 973
119 811
380 308
371 747
312 22
21 270
453 788
122 400
776 828
122 945
769 668
841 605
402 213
215 163
943 908
384 534
454 148
664 911
299 842
334 329
949 353
152 817
122 148
716 150
318 799
167 662
616 467
321 49
510 256
590 624
754 649
223 819
146 502
342 872
670 328
804 71
282 649
696 321
141 330
537 142
177 811
621 791
959 866
387 216
335 573
805 107
587 103
13 23
599 120
332 220
639 221
206 200
710 301
870 839
952 408
606 200
599 705
716 384
433 617
886 300
590 112
965 726
834 701
595 942
845 562
618 287
136 630
550 838
206 25
573 670
571 230
418 220
622 205
721 292
436 104
395 787
799 903
754 849
600 838
858 35
63 187
706 493
11 555
945 250
585 950
450 442
634 322
765 970
644 595
897 757
378 26
353 958
833 470
109 840
779 749
557 884
138 735
860 300
5 642
136 700
273 494
733 731
269 196
174 429
488 456
16 591
962 849
776 931
218 92
876 778
518 539
346 361
804 307
374 294
952 255
169 357
562 389
557 595
600 892
877 879
19 403
587 449
690 784
453 203
495 792
47 59
622 130
30 375
658 939
904 430
729 74
864 261
874 215
647 295
337 362
489 595
198 731
701 164
302 586
789 563
912 745
40 980
636 447
719 457
344 309
616 895
729 148
955 649
980 559
258 667
874 750
118 204
638 264
159 326
516 221
273 207
151 415
121 314
333 964
475 575
366 381
525 116
70 447
667 434
366 859
201 807
488 626
779 520
874 963
345 33
367 268
627 137
807 415
191 342
400 505
19 61
551 126
506 818
611 626
439 946
531 836
909 119
759 342
734 564
528 275
39 727
542 163
637 741
528 71
15 79
13 978
587 562
828 255
25 964
362 81
913 915
465 909
582 275
364 322
512 652
694 952
544 259
321 173
433 218
453 184
909 649
376 423
760 40
126 77
288 590
813 881
903 246
568 33
24 563
672 722
858 956
101 275
433 520
776 236
619 85
249 849
285 829
344 545
938 31
853 222
491 673
706 41
106 13
508 782
610 454
240 392
716 289
727 697
436 648
590 321
856 255
557 268
273 144
187 892
663 539
778 461
447 112
690 785
856 578
795 775
632 327
321 251
406 126
561 257
115 95
106 54
789 973
108 344
765 494
612 562
587 831
649 248
337 701
22 275
917 123
100 884
583 862
806 173
612 634
513 745
49 27
465 280
754 107
149 611
475 188
402 285
218 172
500 77
71 919
792 153
276 329
138 492
282 460
556 444
275 502
49 409
706 182
345 731
759 542
241 918
104 270
331 80
283 88
288 66
49 398
67 248
206 422
942 539
647 126
577 825
869 44
669 18
672 411
784 956
540 798
39 860
632 586
143 57
712 487
202 671
20 744
65 818
769 890
120 186
810 61
738 462
924 260
51 872
651 549
587 457
128 31
206 768
850 446
80 127
762 831
876 731
235 83
570 214
351 794
434 916
934 839
204 251
460 130
832 478
424 65
98 749
669 969
599 775
509 268
319 936
15 287
537 661
317 929
540 397
900 333
863 156
640 887
167 141
857 630
209 48
223 247
506 260
762 63
83 747
244 390
5 128
730 134
144 375
806 246
334 646
809 963
656 148
284 134
244 69
463 712
716 114
383 841
404 919
333 676
479 15
856 13
726 390
234 360
673 849
107 152
117 898
682 171
664 17
140 650
510 735
100 69
816 482
604 415
272 836
685 733
801 296
542 976
491 195
419 263
718 528
767 276
979 4
273 901
94 786
279 363
444 525
253 417
345 741
816 759
783 444
768 699
209 42
111 78
611 730
675 227
724 801
618 892
457 361
333 207
606 329
387 828
488 98
708 230
732 775
947 367
398 458
759 392
480 379
272 358
359 215
371 704
368 952
341 642
590 689
373 946
414 836
388 96
717 502
804 188
968 739
516 393
981 787
790 494
443 950
715 681
507 877
125 608
106 835
791 148
297 817
320 357
395 973
209 563
189 196
180 191
304 351
199 301
461 708
462 236
579 343
723 687
491 882
468 430
928 591
978 76
15 829
790 693
536 487
50 430
583 478
589 421
124 705
882 561
779 1
405 893
186 438
762 164
508 761
475 402
369 360
374 618
216 261
45 86
174 942
501 408
810 397
260 67
507 51
961 418
70 806
388 649
476 289
443 934
294 687
124 929
42 59
757 545
523 338
45 469
508 486
645 822
797 684
475 463
