954 7035
304 195
273 148
908 365
538 709
914 126
305 453
779 520
98 281
656 759
920 373
782 411
259 806
343 758
600 485
125 359
121 280
296 578
431 304
372 832
154 729
351 752
360 71
78 652
273 7
555 103
861 918
873 262
183 369
437 179
129 365
352 290
442 903
55 734
809 661
515 326
688 36
110 885
256 171
824 323
378 924
496 426
574 196
403 875
648 583
835 487
459 575
856 719
645 667
103 799
742 394
912 656
850 715
648 420
757 376
194 64
731 84
88 495
719 236
316 180
836 594
47 774
703 54
233 27
640 726
784 566
495 315
887 694
897 926
352 920
776 499
567 515
407 356
261 498
413 203
12 426
237 871
154 202
646 348
796 880
529 338
953 440
216 284
657 180
27 532
715 190
865 443
40 14
716 459
547 105
601 408
355 198
600 808
723 76
389 758
542 859
28 247
187 472
225 554
473 160
915 583
882 648
879 149
21 546
666 594
278 202
467 875
589 598
145 154
42 571
583 849
666 71
433 733
889 515
185 95
434 614
870 129
370 164
780 917
248 338
686 846
538 534
201 182
672 2
460 323
803 154
764 117
206 319
596 323
636 175
248 341
209 597
459 771
920 254
663 395
932 451
684 771
893 275
375 535
690 281
947 335
764 221
75 619
749 869
52 317
190 708
147 265
723 665
110 183
589 887
647 490
313 161
816 952
605 316
363 266
763 141
802 132
418 80
862 429
371 96
23 356
888 201
575 926
699 727
788 838
422 302
888 162
356 883
624 905
294 133
347 344
822 137
200 276
239 474
646 47
524 798
139 55
841 906
878 107
108 418
593 700
448 26
615 754
506 201
814 488
908 697
142 240
731 148
553 572
426 304
72 374
658 780
487 698
146 68
201 728
825 446
605 35
643 725
292 933
720 777
365 172
474 399
108 137
32 104
359 791
793 127
815 337
316 495
769 775
648 70
803 841
43 426
389 433
948 29
327 422
815 746
752 270
271 776
657 620
876 69
569 239
136 613
431 473
686 951
398 266
385 6
495 147
507 723
376 9
881 471
594 833
525 426
510 332
399 800
592 74
892 312
408 64
786 838
576 468
130 837
2 153
767 835
662 304
765 47
345 375
383 16
940 804
215 617
191 385
436 798
521 110
782 744
462 304
784 921
827 182
645 120
667 71
655 81
299 260
945 425
893 418
932 400
306 684
851 348
31 839
890 293
771 553
158 170
355 410
63 691
943 112
530 481
556 637
829 820
628 429
702 749
171 772
543 621
759 401
154 728
319 463
373 145
800 452
121 190
784 688
603 174
519 467
683 739
103 28
104 836
76 574
508 279
543 111
131 109
277 596
546 506
835 832
190 183
256 816
6 322
90 688
937 149
611 947
552 813
61 298
11 742
713 166
377 738
611 170
681 539
823 317
50 199
804 64
212 434
16 676
359 583
541 950
853 29
459 117
602 725
541 68
609 299
191 123
262 526
865 12
574 475
611 857
299 406
614 918
140 510
171 577
694 679
243 477
200 358
834 69
292 122
784 945
94 374
447 669
703 804
50 798
668 325
602 814
725 198
345 119
527 168
589 222
66 540
293 915
916 517
76 782
81 867
190 93
869 829
67 708
210 606
734 145
304 679
563 819
611 240
591 511
214 446
755 269
879 20
28 237
213 681
208 822
129 821
622 212
534 138
522 665
135 660
756 19
687 920
905 217
269 730
93 21
930 180
780 772
693 227
45 172
346 79
364 100
44 935
637 21
90 31
334 208
592 745
643 338
145 186
175 595
508 361
49 189
326 168
360 341
699 312
434 378
21 647
455 21
654 430
163 682
417 851
633 408
750 824
479 206
442 203
433 654
735 66
356 413
317 236
16 190
72 198
263 484
61 881
527 325
732 245
245 594
865 325
744 227
451 603
247 306
741 550
720 169
332 696
821 823
224 595
307 418
262 643
165 886
186 927
95 286
208 947
681 310
849 510
317 664
167 563
406 238
409 413
331 102
886 123
669 569
384 368
415 649
799 905
814 100
571 771
591 578
12 695
278 806
905 16
497 847
373 277
823 564
886 657
832 236
295 553
925 885
755 258
705 824
937 290
231 318
644 375
798 481
821 891
181 416
3 406
832 139
845 315
836 316
56 614
391 230
62 345
952 688
451 722
908 100
458 662
309 246
612 887
312 92
324 940
601 749
51 162
827 678
384 362
882 71
674 896
589 135
270 944
716 442
491 318
298 636
79 291
756 150
185 661
212 630
680 383
164 942
207 59
667 9
304 695
594 611
593 339
179 125
906 898
716 1
152 379
633 791
177 128
141 285
259 763
153 494
900 847
523 587
864 219
846 243
82 36
388 256
83 616
586 683
124 828
226 840
840 614
537 890
756 403
150 139
426 432
493 606
374 672
566 771
193 633
520 810
952 152
552 628
810 642
495 194
165 319
89 486
48 412
907 143
883 320
523 558
47 203
230 453
118 675
299 424
301 630
354 693
472 281
145 210
541 720
216 330
761 96
512 648
703 317
617 479
445 589
578 739
820 895
935 511
66 853
483 636
62 605
288 516
780 581
400 276
238 194
123 147
903 21
539 546
54 687
457 382
499 806
103 311
499 112
37 259
102 319
721 725
322 108
164 930
298 509
7 187
424 856
22 717
320 543
597 664
660 530
499 763
242 859
818 154
943 269
93 833
732 840
614 825
466 572
403 62
317 87
824 148
840 866
610 420
337 323
947 214
42 66
638 164
914 575
893 213
253 740
375 327
248 648
867 482
235 11
805 298
462 19
575 738
520 581
933 752
767 873
566 204
753 748
330 644
711 45
813 313
611 421
162 836
594 468
376 573
295 691
866 379
34 844
473 892
461 610
28 906
812 269
286 813
166 205
149 525
443 17
200 428
805 114
498 205
586 57
345 73
873 545
626 478
236 937
515 847
106 283
244 270
628 224
691 674
565 950
116 75
724 577
912 835
206 517
121 742
336 283
294 594
79 822
421 192
693 310
798 730
813 665
750 911
640 60
412 232
718 151
278 897
387 233
53 684
61 62
794 708
333 522
621 380
546 942
330 472
254 438
141 623
297 5
918 407
351 436
236 504
452 5
808 49
541 434
621 565
574 282
252 731
859 15
322 753
605 912
729 513
935 651
540 876
258 832
617 688
57 357
627 390
239 405
693 604
560 937
949 98
639 194
943 722
274 79
208 264
80 822
610 923
800 7
437 587
800 30
891 276
881 758
691 136
945 852
831 589
34 29
680 944
263 464
537 92
317 824
159 621
930 257
615 260
84 125
376 535
885 186
192 407
5 44
218 240
752 101
920 893
631 922
287 17
381 396
318 395
948 701
308 716
565 112
639 38
228 705
926 573
778 425
884 492
566 394
530 901
11 198
866 684
602 458
350 503
490 547
946 105
727 656
605 705
647 326
675 271
943 364
596 485
318 872
686 103
152 793
597 863
367 576
710 685
794 513
874 822
115 196
59 304
551 901
378 174
750 875
400 908
119 131
149 302
764 352
354 430
497 708
511 249
347 660
486 950
497 865
644 50
109 889
863 854
558 712
677 888
748 530
58 792
532 711
866 734
690 909
753 807
248 578
400 844
113 847
160 588
427 33
764 493
462 80
39 241
939 209
330 196
486 568
586 940
115 601
266 819
665 19
782 210
44 882
400 243
90 700
778 802
895 912
515 371
511 336
711 63
356 347
766 424
694 462
495 720
192 786
293 35
317 944
372 416
14 571
515 666
545 23
690 802
782 635
55 786
613 276
174 593
613 637
550 631
646 490
403 123
633 272
875 510
46 96
840 570
493 953
771 353
366 284
511 640
90 899
520 418
184 903
326 839
133 812
921 289
73 795
453 212
148 803
639 932
123 732
739 741
252 487
66 331
949 676
112 195
243 572
4 553
728 128
922 524
78 487
717 862
744 582
434 909
770 735
402 520
2 107
935 558
812 744
328 780
506 280
466 103
602 946
388 81
114 202
54 868
493 497
513 226
524 86
298 627
276 612
324 769
575 519
626 220
111 838
702 780
937 435
691 3
647 530
45 697
709 111
265 206
596 9
939 191
83 356
277 745
850 301
822 591
115 704
776 598
577 588
351 58
133 610
133 329
769 146
689 296
204 493
246 932
814 475
554 785
153 484
184 682
840 314
319 814
563 712
938 198
76 321
712 754
481 951
815 569
17 389
437 213
323 618
681 243
848 43
564 228
791 261
854 24
651 786
20 86
157 99
782 576
57 177
486 359
929 757
512 28
93 289
600 872
690 679
432 332
124 451
63 769
836 320
372 710
717 416
559 204
413 20
420 441
342 619
453 185
93 210
383 387
445 332
926 132
403 458
951 279
286 122
696 431
40 190
942 423
349 61
474 719
108 458
330 857
114 298
119 15
541 10
900 403
83 893
904 274
173 258
655 33
769 169
67 316
105 199
569 328
2 337
65 214
608 414
557 313
387 918
828 752
946 546
271 644
945 418
838 856
177 277
184 748
748 879
612 192
366 73
54 597
744 537
749 276
547 484
333 186
224 796
54 647
23 154
4 739
17 10
431 527
682 522
364 737
220 664
474 146
342 577
808 259
306 391
705 525
771 603
362 138
358 367
340 866
939 335
276 440
299 125
256 515
722 48
787 699
614 522
591 342
949 263
822 98
586 849
398 868
727 651
669 873
253 935
312 656
918 736
371 674
863 222
945 381
751 545
109 55
63 324
368 767
829 370
560 818
522 505
209 29
546 264
807 419
698 28
542 759
799 271
742 84
172 157
617 277
531 392
276 802
45 517
818 752
146 487
632 567
617 740
902 667
664 657
921 833
499 234
242 554
569 182
772 578
647 322
794 139
616 576
646 633
728 132
778 487
443 304
887 592
557 230
700 411
382 951
256 37
647 939
84 792
737 447
472 544
785 639
566 787
154 530
935 295
185 499
518 865
654 897
909 892
260 191
431 49
385 297
491 274
883 669
325 890
114 536
937 461
855 913
16 80
954 382
289 863
414 684
856 640
384 467
746 884
397 875
1 524
703 495
383 185
664 804
276 904
885 330
911 782
814 381
346 761
260 382
800 531
907 904
41 218
190 716
398 14
42 352
313 867
86 703
583 868
507 386
520 112
540 932
267 933
301 483
1 289
417 30
853 343
512 518
80 913
666 793
567 219
284 477
374 622
178 209
430 2
726 450
126 152
170 929
635 682
944 951
677 375
831 876
184 181
580 478
496 630
779 364
496 372
489 907
236 538
843 194
943 779
196 834
661 139
16 477
82 594
890 236
354 138
239 863
47 38
357 185
98 360
884 840
895 184
558 228
562 188
652 475
489 554
162 435
452 877
821 840
783 137
913 532
731 127
725 593
404 332
837 305
643 485
167 144
364 347
525 448
623 263
932 87
454 801
456 850
389 892
398 730
1 461
605 695
618 746
170 552
408 660
748 448
590 862
796 53
645 685
265 235
321 109
427 552
925 72
938 20
79 423
706 99
732 572
537 727
88 463
385 298
570 136
739 737
936 411
871 55
248 95
449 113
811 509
610 612
629 798
778 766
787 234
878 218
707 540
876 724
621 798
643 786
622 299
730 403
143 327
335 293
211 508
460 400
934 166
474 282
927 89
856 190
594 819
307 569
277 552
315 514
432 577
805 851
587 349
708 441
533 500
812 37
820 207
89 685
673 164
793 170
577 409
370 49
724 156
867 285
459 486
513 672
920 938
100 14
377 513
832 554
7 523
265 130
16 424
461 562
856 637
264 649
646 39
947 4
480 72
558 893
577 681
227 830
4 887
657 339
854 680
441 807
613 676
901 79
536 69
299 354
168 569
438 202
150 356
660 709
700 449
924 520
672 632
464 407
117 701
810 98
812 335
760 266
799 171
172 684
806 116
811 35
717 639
654 77
630 384
364 600
638 587
653 890
230 442
280 135
300 569
187 307
483 902
345 388
933 213
274 276
506 467
171 842
950 933
590 162
126 260
234 306
115 630
127 323
844 560
9 828
539 589
928 428
783 210
840 530
4 824
952 886
393 664
217 200
853 631
39 555
847 929
173 443
61 635
671 426
614 575
496 110
49 683
700 795
673 943
550 407
788 175
475 197
729 785
949 216
402 223
76 36
414 544
595 739
547 297
505 910
253 218
206 179
255 602
540 633
255 83
894 825
355 304
390 857
514 886
779 253
383 40
812 299
90 695
820 288
669 718
17 82
861 663
198 54
866 364
50 849
630 398
765 542
272 336
752 827
549 501
561 910
439 795
54 499
830 610
278 853
647 870
570 822
427 636
257 462
12 384
405 453
462 695
369 122
10 740
464 902
469 110
905 946
605 40
810 798
214 412
254 55
344 239
583 108
138 645
902 513
741 802
895 866
113 534
785 34
321 532
223 80
336 744
646 196
800 116
858 935
691 629
42 740
82 166
124 22
78 939
604 861
301 302
781 627
109 823
917 637
29 79
780 813
438 868
322 61
265 910
200 245
579 78
809 154
448 264
898 40
26 417
922 746
529 255
575 299
322 671
792 450
858 870
328 677
78 859
227 345
75 866
87 790
608 618
546 863
802 550
479 361
468 912
136 177
216 598
106 9
765 101
755 84
148 337
926 803
579 535
144 51
751 525
808 278
619 46
718 784
10 277
472 612
919 649
582 190
106 336
78 428
251 798
862 159
306 876
149 296
266 17
36 700
597 165
157 480
837 216
564 539
393 66
472 367
540 273
291 257
523 120
881 19
179 728
145 109
265 697
274 253
660 47
391 506
260 581
307 224
515 818
135 39
375 460
850 181
547 34
45 356
395 276
286 374
466 373
425 289
161 891
590 24
704 859
529 250
831 104
123 569
284 187
622 507
52 731
622 204
464 507
629 778
700 643
369 375
647 160
692 194
825 426
153 633
262 125
921 850
66 433
475 498
211 657
132 508
120 150
799 756
823 98
702 83
98 795
40 582
422 711
253 38
828 921
3 701
65 292
578 782
391 278
410 533
699 867
813 111
538 479
767 316
86 100
487 788
355 632
848 907
244 397
562 780
388 274
129 584
836 776
827 950
622 351
373 247
693 909
509 743
21 66
874 703
872 511
700 568
238 782
620 205
597 931
111 310
788 935
541 925
534 645
893 610
50 160
914 218
729 485
236 69
424 277
789 639
576 135
158 655
88 52
249 99
564 31
529 3
189 374
76 763
445 28
756 729
403 305
601 872
281 743
437 563
423 173
691 186
422 289
411 646
457 896
791 489
613 908
365 772
725 181
132 645
393 871
879 525
784 9
789 930
271 917
886 516
906 822
256 597
106 202
819 784
7 539
186 178
900 571
791 635
200 848
69 679
598 302
823 396
533 21
794 49
312 490
418 795
480 601
866 693
370 289
699 850
686 673
936 870
105 307
905 312
462 630
784 717
334 883
272 180
453 149
921 477
937 616
323 938
885 408
350 936
703 141
579 259
403 749
428 794
539 458
766 737
347 762
76 308
877 422
665 104
793 633
629 559
184 774
539 598
458 499
768 513
929 494
280 563
462 582
875 878
338 366
562 613
277 463
95 772
167 620
626 338
57 696
236 568
309 611
908 383
852 806
772 543
844 116
912 284
606 664
237 157
72 96
98 594
286 404
685 183
618 41
233 710
150 830
185 32
537 941
62 149
452 670
218 368
67 117
889 805
295 658
418 130
525 208
264 439
485 474
886 867
472 825
579 650
558 234
870 715
569 771
212 369
348 499
382 349
461 269
691 684
369 504
204 350
739 434
356 139
333 371
456 830
839 205
172 514
163 241
256 485
113 397
271 299
509 236
826 639
597 484
398 539
164 804
798 253
577 780
402 363
887 52
268 923
320 52
535 485
286 488
643 507
820 355
641 110
259 570
854 253
260 542
31 930
131 609
110 813
808 179
431 388
624 261
232 307
407 799
334 935
244 315
488 781
612 699
85 562
678 625
512 548
737 287
745 371
281 174
795 764
766 576
336 743
783 291
310 895
792 228
700 100
155 193
446 72
790 363
163 734
810 34
136 524
96 593
144 200
119 828
263 662
29 424
396 664
373 858
833 31
655 805
93 546
666 794
113 872
301 767
201 402
574 1
135 755
953 659
931 242
833 431
907 768
483 674
63 273
65 878
695 34
765 234
583 246
70 602
199 734
303 825
50 229
699 387
110 923
567 204
617 773
952 376
647 825
934 303
524 411
878 701
592 102
387 743
846 403
569 729
479 344
873 913
904 578
566 802
225 107
536 550
458 111
106 56
794 47
517 127
532 429
55 676
688 162
878 925
797 154
450 470
946 32
434 364
851 876
845 648
333 849
525 651
67 781
668 593
3 76
317 914
851 200
793 103
672 447
486 769
286 954
841 847
810 499
842 267
673 131
596 789
327 857
269 196
769 447
182 702
613 922
659 168
538 953
370 302
826 92
258 416
376 893
480 469
385 651
82 320
739 292
33 97
624 567
736 618
29 530
391 591
368 469
912 817
845 353
592 542
97 870
16 55
835 432
890 135
444 832
777 86
179 149
606 290
949 821
192 686
950 601
877 614
446 635
491 706
655 194
198 405
512 241
171 518
664 154
72 503
849 614
69 954
429 792
746 703
308 337
230 895
121 584
674 550
77 127
97 760
855 343
175 852
922 74
357 274
631 268
828 424
143 33
887 288
941 524
906 632
773 870
150 461
155 376
277 2
462 687
522 62
459 943
319 531
686 149
127 765
85 491
322 185
137 647
711 367
126 191
225 565
456 819
667 792
888 825
33 145
679 119
527 705
458 791
370 122
625 186
570 935
953 528
876 98
788 649
129 755
142 431
263 784
598 133
754 129
676 99
327 623
134 786
910 702
250 620
179 581
1 359
759 588
549 747
708 193
811 953
208 404
164 556
811 817
541 758
238 62
208 938
695 614
103 552
73 110
270 355
716 209
640 504
80 779
527 63
452 901
43 920
516 722
808 100
340 940
404 319
135 600
166 41
217 325
484 686
398 366
560 531
4 145
789 623
274 286
832 98
912 309
515 91
503 825
333 846
857 462
275 850
749 731
730 188
661 12
782 175
182 296
909 863
678 8
741 316
607 266
857 83
80 73
690 804
194 826
730 577
126 135
198 641
835 917
511 13
553 535
684 833
885 634
922 11
841 516
650 287
96 472
366 948
395 836
469 483
381 218
597 91
459 732
607 325
343 337
14 912
56 521
763 456
9 103
167 817
393 449
665 703
221 541
620 473
623 594
206 108
419 489
797 788
118 758
663 830
434 788
245 538
727 428
121 160
915 856
622 327
717 615
102 206
637 900
616 465
870 88
603 505
92 752
797 932
78 444
553 843
603 28
164 229
752 307
381 832
360 481
662 949
343 554
483 170
786 943
328 654
886 5
123 377
533 263
29 597
265 695
539 532
872 607
941 459
233 839
110 422
138 270
624 296
407 624
468 126
233 736
110 743
337 228
765 718
732 255
134 540
750 723
386 485
797 621
345 464
876 71
60 452
223 10
922 264
32 881
616 613
194 170
551 530
708 913
844 489
666 596
268 509
456 321
631 247
763 699
405 149
596 89
706 583
258 928
138 691
196 790
17 931
879 815
134 206
111 480
583 676
188 115
427 887
748 792
470 684
603 184
933 187
331 294
783 37
357 827
507 778
775 546
186 294
647 674
786 619
758 324
834 610
773 394
926 579
727 321
460 616
165 64
83 448
112 843
245 235
137 870
277 167
6 523
96 579
368 443
687 745
100 132
931 447
867 842
918 699
263 405
220 291
381 662
695 582
529 76
580 164
765 321
840 603
151 204
337 826
570 633
431 372
81 519
369 257
155 784
619 552
658 225
330 527
623 507
720 779
268 708
501 328
737 674
723 173
135 216
194 287
528 420
112 286
929 238
895 109
524 185
285 150
268 361
236 402
713 481
303 152
382 134
425 921
744 553
913 644
118 272
884 71
166 949
686 23
55 694
612 719
324 161
584 647
16 428
724 234
784 363
767 654
549 343
61 374
386 49
493 726
131 750
387 703
581 779
470 474
198 324
264 294
137 768
448 775
3 189
346 514
796 1
435 653
596 526
432 929
529 313
444 246
197 347
631 551
952 109
614 5
296 318
608 49
933 406
757 848
659 540
914 17
390 265
192 671
614 566
570 227
599 682
784 51
767 344
800 651
18 214
238 902
230 721
846 537
422 681
284 851
158 735
216 199
78 529
939 562
109 217
67 89
461 251
620 165
194 211
528 917
484 560
364 622
549 663
125 145
262 122
625 732
81 589
771 194
804 796
770 230
749 384
96 420
781 766
361 413
340 148
587 774
713 47
293 102
23 864
852 882
602 611
543 219
296 508
723 666
600 796
290 77
745 258
211 880
445 917
921 408
148 744
684 643
476 853
514 244
128 175
179 894
363 280
615 438
348 823
148 157
596 354
480 251
784 672
305 916
821 920
633 753
523 889
853 251
604 905
821 113
424 746
273 599
604 271
908 118
61 172
526 735
220 364
227 718
572 638
787 3
104 773
905 615
804 903
468 422
419 385
29 596
271 702
949 335
551 628
66 8
342 240
308 823
900 610
374 497
630 417
58 62
619 56
348 360
699 444
596 558
218 63
39 646
684 396
842 439
821 104
701 565
390 287
46 863
872 749
747 853
596 553
617 309
458 697
246 309
223 606
102 789
465 456
257 136
520 70
507 244
645 35
794 192
555 708
937 949
749 50
505 708
670 774
259 251
526 662
720 239
664 216
477 16
589 413
842 865
263 907
938 253
480 782
412 867
445 950
831 367
467 725
611 761
904 543
188 295
357 717
694 696
680 687
335 42
820 200
16 294
939 847
293 244
656 74
692 307
540 405
147 600
826 829
249 791
827 472
601 485
379 885
904 424
833 166
408 811
785 334
380 590
715 271
878 471
537 802
301 200
902 782
527 169
284 846
99 828
254 302
486 278
144 698
321 114
383 735
547 736
729 564
638 57
897 124
735 525
845 289
239 813
170 73
624 904
215 25
420 943
446 807
841 673
648 696
8 727
86 609
848 384
743 383
31 883
376 152
254 878
789 845
922 877
664 736
226 632
227 242
873 684
2 624
523 733
848 370
279 143
319 197
838 11
841 337
205 330
255 353
426 819
440 817
88 861
571 674
884 21
522 438
656 537
501 368
804 733
27 218
550 232
550 311
331 356
3 358
347 83
247 373
227 665
603 551
854 315
636 734
315 604
96 677
905 900
266 251
52 21
69 6
250 906
379 130
223 256
29 532
736 777
868 441
486 388
618 631
160 307
411 342
214 378
713 849
723 529
755 9
657 26
52 692
262 66
5 722
289 630
614 852
862 753
640 121
862 527
946 294
143 289
320 524
866 201
720 240
871 201
650 316
286 543
520 372
548 637
823 508
28 317
313 565
212 514
628 332
865 918
513 79
224 754
701 124
382 768
904 718
93 236
914 182
496 37
336 98
418 175
568 109
84 333
21 135
220 482
142 546
79 364
940 703
388 161
928 294
758 589
211 597
238 361
47 795
58 241
908 924
295 737
740 495
105 207
138 332
948 505
198 400
71 345
877 870
848 5
593 430
269 251
348 88
635 81
489 220
587 608
80 540
254 395
119 343
874 616
725 196
115 19
866 424
400 892
666 260
336 73
737 144
44 249
685 306
400 21
664 498
899 736
471 450
161 233
409 242
930 896
434 555
187 205
483 905
393 949
771 219
602 27
771 65
708 81
396 901
653 735
248 881
16 516
642 555
416 211
601 221
797 710
475 550
814 477
550 869
106 363
763 611
19 43
633 838
426 374
227 47
34 393
478 418
552 10
705 15
946 1
204 306
391 16
57 489
154 880
232 586
72 776
203 775
162 309
407 598
85 311
625 295
482 572
779 14
766 176
91 130
874 819
95 846
285 757
620 823
524 745
645 687
934 16
734 196
16 84
946 759
73 870
201 566
719 459
153 229
766 743
103 798
819 250
84 609
587 607
285 116
775 310
568 894
686 18
418 153
149 600
814 571
563 136
194 206
684 884
200 752
64 590
124 907
24 537
680 621
760 699
205 97
391 760
809 233
943 41
33 44
159 645
24 292
364 748
62 290
541 243
299 940
377 123
97 12
330 859
517 39
523 611
393 779
365 405
285 873
708 795
323 164
667 25
214 930
110 822
163 267
782 244
323 427
200 128
894 468
582 135
20 665
450 102
123 142
672 328
688 98
388 355
779 931
952 618
84 5
379 26
694 514
143 708
208 891
631 638
808 452
570 815
600 435
330 562
170 490
106 343
896 497
633 414
51 19
914 416
261 572
607 294
272 588
267 444
526 545
469 92
895 517
602 238
622 221
690 258
66 597
477 775
247 489
364 537
835 953
487 799
952 213
149 692
683 549
536 852
108 664
806 253
38 828
200 56
865 328
452 631
683 603
425 646
658 141
62 826
627 580
538 659
679 907
443 944
732 462
810 604
227 691
563 294
767 653
593 32
203 789
173 902
748 16
252 898
646 695
134 839
678 838
526 343
292 150
21 230
812 44
438 642
524 445
366 918
277 870
514 750
489 713
29 390
827 62
344 262
30 64
712 60
807 833
669 308
731 228
152 121
260 634
180 153
787 533
841 544
239 823
8 412
180 857
251 672
579 301
193 736
492 612
421 110
601 194
522 627
730 805
804 560
429 903
631 269
704 550
396 841
46 831
267 448
160 950
594 81
228 492
652 88
638 808
814 59
420 186
668 672
444 501
224 728
477 422
356 952
349 119
905 581
560 380
390 170
144 700
476 236
447 752
829 428
247 744
512 928
466 202
555 815
855 761
548 741
872 866
924 505
849 922
808 231
92 66
821 896
537 6
932 45
674 826
561 13
822 308
6 883
22 271
731 155
790 848
739 651
119 20
47 547
120 416
512 595
488 174
408 90
697 122
853 929
648 670
619 33
947 642
410 486
148 703
925 466
535 662
379 371
497 464
535 288
490 184
53 309
652 211
901 569
203 248
453 349
179 394
727 686
773 715
112 136
184 186
915 336
770 365
195 5
460 656
792 726
541 771
50 271
220 620
345 347
514 741
98 849
527 511
78 641
759 328
343 62
185 98
647 92
880 82
859 841
530 258
936 11
761 870
673 312
201 618
126 733
722 14
133 365
593 623
566 762
126 360
724 631
259 234
478 120
250 51
627 401
907 585
594 473
240 752
697 3
309 241
221 409
817 233
212 337
253 711
838 53
849 830
77 251
347 687
281 43
357 17
112 58
277 33
442 920
743 329
27 237
86 141
303 344
481 427
744 56
448 326
135 665
225 861
218 849
938 254
367 772
188 64
238 347
911 869
269 509
639 338
265 794
791 689
261 618
738 42
909 234
196 243
140 934
167 838
717 11
501 755
617 714
371 678
675 362
14 861
145 474
134 216
667 801
908 58
627 550
411 561
711 913
452 454
626 200
941 83
536 597
386 78
233 210
313 315
204 898
613 426
306 395
196 516
93 255
581 359
273 316
892 15
312 495
26 122
82 871
243 467
385 364
124 337
845 240
263 729
824 816
487 882
346 448
812 85
174 859
404 104
586 180
222 632
396 614
584 409
143 284
20 540
426 104
69 892
447 467
105 904
71 100
419 680
63 487
127 222
348 536
612 836
54 173
905 325
428 659
274 142
341 148
484 326
131 453
163 711
909 554
536 813
409 559
16 262
56 916
205 922
717 861
535 532
626 116
228 237
206 427
813 778
940 275
648 552
952 632
391 833
391 129
355 491
767 7
487 553
176 556
646 612
814 73
333 480
453 491
391 592
172 440
90 556
585 271
117 925
241 150
314 420
460 879
826 501
734 432
512 833
952 147
831 837
244 560
86 877
122 3
624 595
805 667
411 17
467 611
814 567
559 249
367 473
240 349
876 19
218 287
676 69
674 93
250 883
634 294
936 557
480 248
777 647
36 389
857 170
242 289
543 664
716 311
660 937
370 772
613 111
224 644
817 835
185 132
488 813
901 762
133 106
400 388
374 482
292 256
764 96
906 611
85 758
452 181
735 804
640 476
266 731
607 646
451 714
523 640
714 202
872 921
193 631
537 649
179 571
848 133
732 171
519 800
931 738
497 756
476 705
781 671
512 869
764 612
541 789
21 54
717 150
717 310
568 521
575 59
471 70
684 686
509 228
77 356
627 305
783 527
383 213
614 896
943 721
40 354
611 431
153 793
819 78
175 571
215 57
906 601
206 916
237 881
415 70
448 717
836 866
626 377
27 913
336 776
43 5
362 804
108 370
52 85
814 871
345 298
519 233
548 43
596 575
18 93
770 331
845 381
861 655
678 483
262 314
56 369
766 435
319 558
715 360
554 504
717 390
263 691
89 257
421 639
416 156
400 771
937 325
257 820
11 889
676 372
775 915
143 22
742 624
755 447
772 324
222 42
896 106
780 269
851 855
575 655
458 369
364 426
35 554
617 98
73 237
518 688
620 949
212 660
646 670
595 398
200 788
860 266
649 647
563 539
432 735
211 95
633 839
452 519
745 169
361 567
97 881
702 280
570 714
37 751
275 350
372 579
739 895
444 463
626 545
311 815
885 825
358 408
327 361
455 512
143 460
763 512
228 375
479 366
954 320
160 855
523 917
546 386
43 700
633 594
132 910
296 210
364 929
953 545
503 682
46 812
805 689
721 261
904 754
458 647
400 404
51 490
793 888
656 947
187 68
207 449
457 907
209 844
399 337
355 711
694 635
41 167
537 3
242 11
329 787
443 902
329 945
15 862
14 711
607 347
807 574
822 337
2 883
721 215
878 930
161 219
296 68
741 777
162 567
813 747
432 549
731 102
19 107
908 212
708 324
397 698
253 657
120 652
527 255
144 514
912 634
564 837
511 447
172 745
718 195
40 850
516 47
593 315
872 57
879 13
559 758
753 618
580 602
77 245
11 197
478 684
581 306
493 855
535 9
205 760
464 523
753 911
817 205
802 289
800 219
460 77
567 496
503 557
194 520
666 607
410 668
552 181
882 358
547 87
25 351
34 76
487 561
413 372
228 277
30 293
200 841
367 933
24 230
383 41
284 810
592 533
345 441
561 270
725 213
673 250
588 584
318 819
321 167
623 570
701 867
56 448
445 207
808 201
331 802
101 722
859 298
558 211
420 375
102 442
576 773
261 878
88 915
607 148
813 902
464 366
749 405
392 288
111 593
928 880
435 287
385 637
198 146
947 841
141 814
542 784
650 524
881 61
603 81
772 228
72 55
734 311
533 909
493 467
947 139
478 766
391 651
201 232
67 304
604 530
209 350
73 350
209 775
525 205
650 272
941 280
322 874
149 854
445 253
454 263
239 307
408 551
611 491
880 80
189 385
690 413
111 663
440 388
630 222
387 401
8 468
4 424
925 569
29 914
824 672
912 256
695 436
820 527
832 642
302 257
489 671
382 476
865 490
832 116
365 185
840 478
902 811
485 66
851 583
813 613
100 942
30 482
269 265
431 554
613 539
519 644
118 640
740 646
616 586
128 337
217 676
131 163
69 805
292 388
216 493
682 248
278 692
64 897
404 743
723 799
740 889
521 311
426 84
92 527
621 346
467 736
370 841
229 591
822 950
38 744
553 353
148 435
63 858
455 737
7 642
101 611
113 310
681 23
205 778
489 786
895 778
324 506
211 554
128 365
842 325
803 556
796 784
132 176
644 553
410 922
197 291
469 499
341 634
716 83
263 735
918 289
649 185
684 743
575 657
911 908
704 17
521 321
384 947
703 872
180 502
180 768
844 301
426 459
662 457
953 805
216 940
360 70
266 909
730 696
434 399
617 419
156 322
93 580
844 406
680 514
749 394
297 845
704 296
622 938
8 914
279 67
813 258
284 496
953 952
368 300
628 514
36 556
395 135
894 82
279 328
439 299
606 661
343 44
522 355
800 199
672 642
844 522
469 809
365 862
14 4
878 403
326 804
851 242
149 451
204 614
307 580
369 585
351 164
19 314
396 467
713 64
174 822
950 76
710 410
692 11
508 653
936 814
94 188
115 829
892 493
139 23
593 878
198 125
746 195
366 504
577 891
533 271
688 569
450 202
908 283
377 704
473 672
394 423
218 363
108 209
303 903
946 522
680 268
246 578
570 625
799 275
49 317
23 113
48 717
335 179
595 270
49 251
483 929
233 218
240 575
98 752
263 759
612 617
589 869
389 62
696 726
193 553
316 183
301 250
951 815
62 664
14 252
62 422
893 82
904 239
815 251
208 102
594 533
756 550
635 132
128 298
17 714
672 363
888 645
772 242
835 717
936 796
591 174
162 852
542 276
521 911
919 150
645 810
497 522
653 860
609 602
934 277
749 931
765 884
936 582
596 74
529 367
662 448
205 748
917 907
55 145
897 731
941 423
592 407
262 764
14 336
929 80
410 538
163 775
780 251
114 634
314 376
291 131
7 114
780 594
855 764
121 570
240 231
567 743
947 731
11 746
874 617
305 593
278 359
366 765
611 436
847 818
562 610
68 451
517 444
473 570
99 509
853 214
401 13
865 127
46 706
766 38
17 411
488 946
656 264
314 20
274 394
379 498
105 306
754 506
399 299
589 826
455 559
547 888
188 938
659 451
349 872
801 832
651 526
712 190
228 95
809 752
80 828
378 592
83 411
480 294
835 702
332 668
908 709
759 399
668 920
222 669
172 910
737 612
795 596
765 802
417 879
84 794
498 257
661 904
835 301
720 59
250 525
564 749
797 408
498 915
430 916
791 481
470 157
689 866
950 332
650 512
498 248
765 96
479 116
48 697
488 637
196 695
20 878
49 791
308 947
871 474
81 380
946 864
590 405
545 167
34 876
147 709
768 845
696 928
937 396
241 375
103 713
808 77
131 893
382 179
59 420
449 469
654 340
72 775
173 742
902 333
120 815
198 509
748 187
165 686
723 836
264 944
824 728
769 549
408 344
284 282
913 58
509 337
216 360
415 735
521 850
396 663
909 826
936 126
834 25
715 689
514 182
108 433
486 313
35 69
121 226
193 290
169 45
914 87
679 875
625 799
855 395
284 535
684 851
237 661
805 330
76 565
458 684
157 738
450 150
279 11
844 936
546 808
278 779
653 337
471 849
6 656
941 37
819 791
379 436
449 211
371 543
418 114
400 776
449 710
700 728
718 768
263 793
837 95
43 59
689 920
119 490
864 210
60 143
165 253
224 535
240 866
474 412
328 167
906 312
391 823
539 574
7 177
584 745
747 410
717 31
126 233
639 389
935 193
619 105
821 664
23 862
717 667
460 507
752 600
567 313
699 405
859 102
56 680
104 852
905 829
415 243
788 904
740 790
286 41
17 49
371 268
802 113
579 320
176 606
434 239
56 87
332 914
401 704
329 300
895 941
670 740
369 425
380 363
141 610
144 655
687 776
830 695
415 859
829 874
577 906
479 661
753 31
288 232
28 540
25 675
161 952
169 234
287 514
203 595
747 97
32 607
45 761
769 615
688 622
543 369
160 511
674 835
954 333
25 462
94 641
878 188
572 416
296 667
160 778
906 930
783 301
394 332
863 817
232 285
534 255
449 736
769 28
161 322
184 900
565 910
944 674
279 327
655 184
10 935
265 214
192 348
480 54
634 184
382 840
704 382
199 657
239 177
459 775
182 113
255 260
639 954
592 599
738 32
83 19
224 64
273 513
280 882
526 443
350 932
71 705
664 161
718 373
546 222
538 795
232 574
767 646
753 45
473 56
56 706
22 668
153 874
880 140
718 940
745 785
344 290
921 827
81 409
551 16
21 59
477 262
266 503
35 125
863 485
277 207
939 354
641 691
294 155
60 91
20 632
733 503
789 418
353 405
754 84
560 881
107 302
926 887
713 638
717 408
415 616
855 952
712 676
839 193
929 501
11 143
513 533
526 784
404 636
85 463
449 392
438 367
902 220
947 797
845 885
914 40
275 74
778 711
271 529
514 409
237 76
219 109
155 348
165 796
186 342
132 632
937 785
437 440
302 272
800 382
123 880
621 249
161 894
129 613
7 477
760 681
849 853
819 33
911 337
673 670
465 940
772 515
101 886
778 815
610 124
373 518
337 796
789 457
447 760
808 561
174 472
653 951
726 526
570 580
394 236
933 550
37 797
190 620
484 680
706 474
338 269
545 338
8 733
631 356
490 121
542 458
501 49
525 341
474 170
359 246
424 272
704 849
237 184
15 201
281 709
758 859
387 65
126 572
916 498
447 569
691 522
372 35
504 805
173 760
736 152
239 237
452 551
446 199
907 553
211 812
497 466
152 371
502 680
248 554
889 938
807 139
312 347
317 666
361 533
400 618
301 516
580 52
504 774
242 765
849 891
642 421
303 143
728 677
565 606
743 226
770 586
341 730
718 548
745 443
298 920
20 165
171 495
901 396
205 268
90 192
696 17
262 535
819 330
414 18
74 176
162 725
120 356
209 701
178 817
222 861
241 872
628 176
722 193
912 481
240 746
494 77
247 17
184 488
476 47
461 467
309 908
255 568
810 463
174 453
853 902
506 225
916 378
952 904
640 265
311 306
40 864
210 596
526 737
104 481
97 396
680 397
426 96
13 626
464 923
435 834
594 704
593 679
944 389
305 398
580 886
637 940
609 758
350 678
736 605
327 364
415 590
308 382
618 149
44 839
778 128
382 779
156 363
793 934
4 934
817 569
498 536
182 502
272 254
847 858
752 183
33 391
931 401
289 838
565 767
376 809
190 859
70 345
523 173
737 717
53 517
294 889
800 216
762 487
448 19
683 546
88 265
239 811
2 771
496 869
634 333
801 520
248 263
341 921
634 817
692 726
164 1
602 927
452 727
522 655
700 954
672 435
428 119
349 534
899 542
172 604
467 839
633 58
715 80
341 530
904 786
876 514
312 458
750 59
280 165
316 635
860 316
195 794
474 609
162 667
782 867
276 586
81 561
626 328
951 382
399 895
218 386
809 770
604 568
709 931
309 289
826 171
82 13
239 381
782 40
16 800
656 639
732 737
51 788
521 668
889 650
560 838
718 370
908 206
710 96
446 886
444 273
133 510
542 108
653 398
402 633
69 424
691 324
622 461
799 517
146 650
254 126
939 160
84 764
229 404
510 570
667 414
908 328
829 130
649 502
539 569
771 690
829 330
1 6
203 94
634 651
41 592
510 73
268 615
690 64
795 885
751 816
458 289
180 832
398 279
842 805
616 347
67 276
360 258
548 443
763 521
492 644
842 236
932 481
645 23
564 886
302 221
920 25
157 340
445 73
410 901
191 571
954 671
940 354
643 874
262 147
170 87
551 933
477 616
529 844
740 184
118 16
99 332
369 479
156 242
732 539
861 129
8 372
590 30
75 608
944 121
255 228
706 180
581 812
222 857
362 907
243 842
873 67
291 1
749 719
940 180
642 745
48 264
736 12
251 243
269 279
487 155
822 494
894 171
264 347
927 544
176 364
592 413
463 67
433 18
512 581
850 393
895 817
386 518
77 89
596 765
521 245
222 423
639 777
756 45
496 328
516 410
651 416
351 834
689 914
899 597
838 661
57 65
939 365
932 323
344 892
168 2
566 93
764 135
317 480
257 887
162 578
47 628
60 500
355 294
357 629
102 305
607 936
749 514
953 399
90 438
777 743
919 265
123 99
677 850
769 166
455 140
682 193
268 779
367 402
927 246
208 140
951 120
252 31
457 452
834 849
120 252
634 948
423 534
81 545
338 898
1 743
361 486
422 260
179 413
395 460
596 308
779 386
835 870
255 441
355 939
775 239
667 411
12 210
702 918
810 384
922 110
657 457
457 3
303 855
816 704
13 434
334 905
475 743
451 463
621 721
373 401
314 489
285 331
251 915
116 776
840 626
439 667
533 178
219 263
591 558
794 396
862 693
228 770
179 70
516 625
35 434
823 353
535 689
179 54
585 654
576 656
862 737
889 580
209 729
224 899
455 531
607 431
814 527
646 539
820 155
476 896
704 192
847 419
718 4
683 342
21 544
194 50
864 155
508 384
268 542
454 617
469 311
18 160
200 679
378 499
285 513
366 778
496 57
229 7
122 540
862 152
196 217
625 132
643 366
694 167
817 913
59 451
31 756
637 272
845 896
539 560
33 617
10 459
567 389
928 352
299 517
747 202
674 632
92 614
34 919
603 797
88 7
435 752
308 75
567 727
757 936
795 432
567 423
947 86
529 791
315 212
162 404
433 314
268 705
747 777
586 220
152 294
15 208
445 320
10 360
263 104
377 98
192 945
861 146
512 666
670 631
182 804
175 154
455 638
850 78
800 415
904 574
161 900
372 877
521 21
670 89
843 24
869 710
625 395
73 883
573 847
727 826
801 805
769 31
786 860
859 146
362 807
366 317
268 540
522 397
651 845
560 478
840 173
473 315
69 260
839 812
469 183
552 197
736 416
764 534
236 714
804 548
366 274
475 283
93 173
563 949
564 548
313 795
98 45
225 487
429 277
812 940
774 113
799 433
566 923
721 28
873 629
204 23
211 466
838 569
774 101
13 570
24 836
30 283
788 515
937 854
598 480
638 577
445 238
281 588
754 306
632 430
483 408
390 587
286 34
490 626
259 904
27 245
388 820
706 578
690 722
244 671
201 780
283 735
771 277
814 289
785 91
292 351
619 585
507 28
754 432
463 411
857 557
249 877
709 890
737 884
107 426
690 949
513 56
710 271
908 671
867 71
631 885
720 172
49 644
95 223
46 420
644 531
926 373
145 615
927 451
279 404
907 217
7 202
426 883
874 94
295 828
172 348
96 688
733 640
719 759
366 354
599 514
53 150
641 76
612 360
317 488
70 223
303 441
835 638
737 22
147 672
202 410
347 107
610 773
714 381
233 18
675 306
80 616
262 151
756 20
162 98
598 107
174 916
756 361
114 79
867 306
228 121
395 46
89 893
692 193
644 254
624 520
367 835
811 935
456 835
319 800
939 696
917 857
286 442
316 575
4 798
603 185
401 715
683 547
52 494
346 705
806 199
623 473
451 127
86 416
590 213
74 659
498 715
900 578
311 739
77 704
178 538
925 96
467 535
299 656
445 317
583 454
616 67
390 891
535 146
355 772
909 182
65 564
300 735
636 873
297 466
398 695
298 449
320 739
533 658
334 102
3 830
700 841
140 534
803 645
648 365
266 673
451 307
795 570
841 5
403 625
830 694
790 256
228 78
248 657
617 586
54 843
179 455
323 549
953 192
901 49
104 308
918 626
703 813
869 61
205 480
480 615
338 465
369 480
94 451
646 948
780 192
214 523
151 415
93 423
874 149
518 440
679 43
496 776
338 595
127 89
551 848
380 599
307 430
482 49
712 207
819 947
115 265
367 643
530 936
403 904
299 438
579 779
703 237
825 898
382 40
514 106
570 254
207 52
614 859
575 898
532 881
87 422
476 806
754 832
953 75
896 879
637 616
378 475
310 610
639 819
40 646
870 352
818 728
247 189
340 381
249 521
233 196
77 600
690 392
564 134
670 668
273 563
779 579
428 520
245 569
663 264
552 734
134 774
410 891
547 761
533 662
257 360
626 339
297 55
901 409
104 282
598 207
277 864
855 369
587 729
761 910
128 527
802 594
661 329
257 143
86 171
696 77
645 291
539 541
736 677
519 456
909 761
642 22
897 163
65 722
768 811
40 371
502 253
277 673
200 927
912 355
263 741
912 316
693 593
257 675
850 66
258 118
483 739
51 799
492 261
51 78
662 231
227 474
162 269
908 341
627 402
778 612
323 11
154 895
140 554
620 90
417 461
201 173
207 540
66 61
333 863
953 255
941 864
831 656
179 152
168 517
587 948
172 353
701 796
607 421
520 777
63 226
666 690
439 185
604 496
933 889
838 146
313 763
150 85
777 88
209 575
943 610
767 1
684 106
796 831
119 188
429 642
570 563
375 644
737 922
138 854
842 797
319 5
516 845
635 685
248 780
806 603
431 838
663 143
751 764
940 44
510 484
745 448
513 78
661 171
35 153
98 406
339 944
654 341
859 714
544 790
589 718
359 103
718 378
735 514
907 513
656 928
868 628
815 521
575 347
721 131
275 677
37 94
324 735
865 160
883 812
850 842
312 349
241 195
100 459
560 122
146 882
607 885
274 411
329 317
627 131
806 730
345 688
839 257
101 812
906 470
654 161
894 704
888 676
686 935
1 313
782 810
33 165
430 786
457 96
701 872
832 672
799 191
435 43
716 358
943 362
550 54
271 141
757 95
764 866
294 125
191 707
789 927
800 87
546 891
887 17
227 901
628 188
211 298
309 847
112 61
787 391
201 392
470 784
932 587
660 766
684 722
637 570
210 574
110 487
451 288
454 900
787 33
729 839
670 813
415 153
350 325
347 329
674 738
511 381
718 280
97 909
467 13
587 776
772 137
530 20
571 365
228 249
688 347
758 729
384 478
394 208
39 460
290 167
549 551
814 744
123 431
493 25
144 793
853 866
554 19
931 438
217 824
821 704
143 673
332 527
234 440
330 284
93 222
310 829
90 868
617 234
216 657
783 98
290 378
947 343
77 843
497 794
722 71
213 856
880 463
121 80
540 730
749 438
536 496
876 539
581 556
588 493
537 368
776 268
846 417
358 425
546 641
131 374
730 828
133 449
604 946
480 231
390 51
14 230
262 773
39 120
427 702
528 470
572 397
890 488
558 810
629 583
238 576
411 223
268 89
396 492
723 813
682 42
472 547
603 524
612 75
93 537
492 273
87 526
622 403
234 231
577 849
617 507
697 761
50 877
888 919
607 105
107 805
341 376
459 865
672 929
584 475
712 362
506 623
362 504
755 740
635 184
100 147
145 142
309 805
349 754
110 178
603 286
21 293
183 488
237 223
24 896
64 215
652 427
673 158
567 710
222 100
491 156
587 780
10 17
128 714
634 51
855 436
741 847
577 909
458 204
448 238
378 456
98 3
907 774
670 633
552 471
497 532
489 231
739 432
48 346
949 193
362 129
456 753
126 253
670 574
352 900
514 819
507 900
564 852
140 842
625 117
416 733
58 681
822 826
65 854
67 855
769 868
79 835
269 234
98 790
394 420
767 728
399 562
793 749
19 116
128 835
696 760
179 700
744 851
356 365
311 898
432 278
422 316
621 528
744 48
332 7
948 840
667 477
370 622
407 102
463 157
463 183
935 577
602 429
1 10
220 838
717 686
368 329
25 244
324 458
332 734
283 420
240 792
151 156
34 658
287 833
376 931
403 308
286 226
608 142
176 327
275 516
625 255
519 438
808 140
496 394
406 836
140 704
430 927
44 327
73 129
198 291
275 107
424 283
234 265
14 432
514 631
142 379
95 828
129 656
464 891
99 437
349 825
912 208
410 10
951 209
8 201
438 234
258 544
674 316
225 9
714 655
25 658
935 885
828 443
748 136
894 237
586 625
572 599
253 12
357 495
109 352
903 685
597 903
373 585
515 6
101 749
718 245
914 692
165 20
307 509
604 814
646 737
878 330
920 130
277 883
303 700
42 43
276 743
275 151
3 763
716 713
244 858
56 111
466 405
135 610
566 952
219 944
244 898
679 922
311 303
698 467
479 605
902 468
757 820
784 338
89 220
482 468
559 760
656 780
109 4
319 105
710 563
624 188
931 696
456 230
622 797
521 347
201 761
783 677
591 462
801 55
894 765
608 551
450 906
597 841
112 593
893 282
607 119
789 349
592 342
780 689
142 454
415 66
446 261
329 632
339 68
292 397
882 546
828 790
503 167
577 41
335 879
722 704
773 587
832 169
167 353
524 48
864 397
189 473
902 819
263 863
56 353
861 341
361 432
634 187
542 1
63 592
307 652
346 402
48 744
708 775
805 828
838 639
835 326
375 815
362 852
560 814
57 188
914 75
100 773
28 483
462 458
146 160
512 592
506 41
47 761
840 354
825 158
669 946
26 625
114 713
17 164
239 517
741 586
478 562
278 289
596 212
868 574
650 194
718 898
705 866
879 757
432 170
636 300
480 465
240 954
773 635
418 884
806 145
345 650
801 678
123 709
767 794
618 324
870 840
808 511
826 120
699 46
280 115
123 577
613 781
4 723
368 769
627 808
646 263
180 387
304 332
637 587
783 604
155 509
914 115
150 728
929 601
175 649
594 194
541 889
450 516
792 669
811 287
261 708
794 808
653 577
607 478
224 826
659 354
180 312
901 293
142 438
344 600
35 512
224 851
866 193
794 271
313 435
841 77
852 215
520 546
80 327
270 311
798 886
911 661
817 276
536 23
173 411
281 841
494 741
349 569
845 227
438 532
368 573
191 25
904 516
469 786
592 800
279 353
725 100
329 403
163 485
543 452
343 46
951 821
241 354
249 125
943 365
246 129
814 110
951 439
715 22
88 672
730 547
747 196
343 23
165 845
366 627
601 62
528 839
295 908
124 101
420 904
372 723
436 722
683 562
169 701
48 930
622 539
228 79
478 723
882 114
367 89
401 403
281 234
386 338
845 21
529 435
460 277
668 891
618 511
913 809
253 807
229 856
491 833
112 808
417 611
373 123
393 169
905 793
485 429
818 560
240 253
855 954
222 571
19 512
395 282
259 801
881 389
245 170
78 440
133 219
603 920
196 409
293 559
390 367
291 658
192 335
469 112
905 252
414 789
432 697
567 895
132 238
924 126
707 636
451 581
151 853
348 666
934 415
43 86
317 436
182 281
90 608
429 756
328 552
354 908
748 105
938 387
421 417
125 929
392 31
123 34
731 277
911 896
221 546
496 631
868 46
104 444
802 351
465 288
580 900
49 560
831 32
637 368
421 496
6 323
799 649
89 614
12 366
855 507
286 114
720 116
238 392
368 371
198 172
802 604
234 106
232 916
239 222
541 61
275 702
674 461
278 197
575 819
643 720
691 215
138 785
760 459
876 453
207 221
646 452
166 485
822 289
396 755
565 358
318 654
404 53
230 828
742 251
63 155
369 508
645 405
136 397
416 789
788 370
675 470
670 92
420 854
592 566
410 115
216 151
252 36
40 752
947 206
780 147
550 363
202 809
82 383
216 270
150 636
247 782
301 885
131 208
236 699
517 768
252 115
75 586
189 935
655 158
682 705
811 939
276 906
148 859
601 182
250 234
543 129
731 479
721 534
507 905
847 320
557 245
302 454
278 275
513 97
658 109
811 574
808 55
204 848
316 423
743 390
908 641
189 31
766 865
575 111
683 790
580 137
323 235
954 381
585 661
539 676
932 64
548 41
479 163
734 738
3 342
500 195
855 110
133 233
28 878
42 402
914 204
626 663
586 862
926 584
424 185
469 288
189 275
401 66
661 50
243 292
797 911
803 523
756 716
282 72
17 181
934 665
200 180
917 344
712 594
32 653
586 667
343 4
648 672
715 38
939 908
785 60
307 584
99 766
664 557
656 124
296 685
549 326
550 123
534 398
659 835
51 557
599 37
433 599
828 408
801 707
538 363
80 740
868 835
624 580
71 579
436 380
88 454
460 826
285 549
267 408
270 28
751 598
716 91
77 409
935 874
435 326
819 756
804 85
910 889
297 766
606 507
931 933
462 877
721 672
449 133
893 596
123 941
143 608
77 768
415 438
776 691
884 218
605 445
464 685
611 90
942 671
895 626
326 325
206 744
884 490
406 771
628 927
801 239
937 599
641 388
295 549
732 794
261 922
138 548
203 584
562 397
599 577
333 444
823 448
882 864
83 12
680 112
512 57
654 248
767 116
888 764
881 358
773 889
912 67
774 944
778 123
548 363
863 104
902 923
186 937
347 564
349 668
153 819
108 254
641 287
935 540
705 288
827 676
498 484
218 848
865 108
850 471
901 713
414 681
387 368
497 815
233 667
790 591
280 377
653 20
875 771
27 525
918 60
94 376
162 129
679 908
808 651
355 556
756 718
308 366
505 356
547 917
33 623
612 137
370 713
371 388
800 748
562 833
287 186
904 117
365 359
813 650
2 391
739 897
447 176
824 380
224 578
743 92
508 185
906 657
363 836
603 225
243 495
278 688
937 425
585 84
888 567
880 296
362 160
92 801
38 949
214 912
87 284
927 388
909 633
249 930
250 909
280 158
6 729
486 39
839 43
483 630
235 577
944 117
626 913
441 436
654 715
630 307
523 365
48 882
750 910
99 804
469 709
713 836
334 888
477 952
883 917
493 39
388 253
903 786
838 465
132 867
802 360
236 179
149 460
527 611
773 115
100 716
634 173
138 346
905 756
904 948
356 837
527 789
188 609
344 625
198 316
205 120
130 33
74 810
582 357
626 713
71 499
688 150
26 922
496 119
775 368
926 382
403 317
227 795
64 873
902 350
740 528
308 809
846 591
610 740
428 237
791 242
363 746
15 490
118 183
949 143
484 218
438 62
766 913
778 823
451 453
143 442
229 84
825 6
817 230
366 773
916 558
236 741
28 466
893 754
941 197
150 788
523 436
619 835
930 142
952 407
188 63
516 515
846 611
813 502
891 4
864 729
331 19
697 253
96 230
315 674
793 23
897 178
24 550
707 603
862 437
223 517
915 702
849 863
619 597
88 577
40 301
26 94
733 856
20 722
238 737
569 902
44 263
792 838
132 265
186 482
278 725
483 813
232 678
505 535
87 889
271 941
715 618
69 834
813 230
79 586
549 95
749 746
249 144
313 176
541 187
575 512
67 856
877 539
577 289
862 54
345 717
478 382
810 156
139 634
638 892
248 952
550 818
649 165
173 481
557 774
485 947
785 695
114 594
691 248
248 777
756 805
48 423
593 844
167 706
870 421
297 118
655 557
175 574
490 131
222 499
232 631
495 938
822 186
518 3
53 665
563 431
13 700
864 608
642 228
309 83
373 254
77 71
58 287
122 823
41 498
809 92
850 451
402 380
422 558
810 23
123 661
163 802
516 553
839 861
853 933
110 224
788 900
190 17
533 187
773 583
275 6
618 271
12 434
719 40
815 472
551 707
68 187
311 511
679 185
383 541
265 222
711 230
60 241
557 927
361 402
434 121
56 458
693 61
842 19
298 463
802 253
465 176
339 887
263 380
89 483
462 115
946 51
810 418
422 339
91 633
627 190
948 499
18 667
601 633
235 23
92 510
904 138
937 829
529 859
184 924
677 466
446 437
324 119
569 478
144 308
212 242
428 265
314 682
609 740
466 895
122 765
257 69
170 4
704 542
528 251
805 595
667 680
884 31
143 944
220 595
895 952
310 756
23 53
744 679
143 108
686 502
277 661
474 364
113 560
290 611
831 760
872 360
631 265
248 121
267 145
221 463
575 728
933 767
643 888
380 552
800 650
87 695
38 91
117 950
166 738
487 120
421 115
578 668
83 530
349 868
91 362
270 854
639 257
440 118
689 315
947 160
903 692
313 192
424 390
949 605
115 921
200 754
646 644
929 539
885 71
522 1
784 108
67 329
645 58
591 545
847 626
946 514
166 850
429 540
719 648
216 953
584 833
853 945
803 723
830 578
691 828
683 897
683 119
855 344
504 604
513 41
757 122
902 219
945 275
874 622
106 737
640 581
839 899
519 569
720 750
479 384
325 240
81 891
577 243
138 420
263 597
160 550
281 595
884 764
855 833
740 8
334 322
223 249
910 563
889 349
65 585
394 76
25 88
172 59
674 242
142 591
119 760
43 758
44 416
693 729
287 872
262 440
391 609
409 469
299 13
466 454
795 471
918 622
608 152
575 595
805 815
370 464
171 183
72 628
314 189
950 604
433 377
253 94
278 549
421 874
924 100
652 165
758 751
63 160
799 819
54 819
161 543
269 533
720 710
718 338
149 103
755 414
172 105
225 496
23 5
115 128
940 317
244 249
715 380
179 716
135 136
215 806
24 285
932 175
174 852
41 904
225 285
921 728
241 311
176 933
912 145
50 118
642 337
377 541
610 92
373 941
202 705
377 124
157 58
897 586
808 785
379 403
256 792
652 780
782 917
135 314
316 110
54 338
45 426
326 144
475 902
576 195
231 633
628 463
39 750
278 336
816 77
14 46
650 19
574 67
250 287
902 377
124 268
101 632
739 795
500 299
190 148
438 453
860 950
788 642
501 627
929 491
759 668
720 220
629 436
22 72
917 765
903 358
215 850
24 155
124 653
498 96
78 884
225 2
837 607
662 77
295 766
708 554
881 73
422 575
779 196
934 530
554 480
342 14
564 128
558 519
804 100
873 377
677 567
16 61
10 443
11 295
72 364
233 684
783 212
778 623
274 739
157 597
538 708
53 828
501 438
333 105
340 812
281 381
94 792
793 671
339 618
863 922
620 128
688 935
194 102
951 29
281 654
303 312
456 656
623 188
836 490
186 13
269 809
435 204
802 806
184 248
223 683
327 928
194 396
605 645
250 206
732 739
57 379
89 711
662 246
85 199
215 640
199 138
948 846
663 70
444 660
863 865
60 478
661 558
250 615
97 102
446 851
706 100
763 318
250 312
135 492
192 668
37 687
550 231
620 399
305 125
55 424
248 427
86 926
725 310
901 130
675 558
370 490
223 370
638 143
573 621
769 205
901 612
45 825
617 463
98 26
676 209
498 481
99 285
787 434
743 419
122 294
541 705
796 435
31 913
543 193
227 645
435 665
100 76
578 834
118 663
799 602
554 748
546 86
419 199
58 513
879 227
72 70
381 125
567 947
168 833
281 425
516 266
701 119
728 822
708 377
10 242
241 315
128 739
99 946
879 91
675 155
795 879
64 258
474 317
34 853
949 681
457 483
856 1
537 208
950 72
508 896
183 617
683 88
281 80
299 697
168 495
422 31
374 183
754 669
566 422
943 164
844 114
509 136
481 793
500 729
661 197
303 832
899 507
371 637
793 949
164 621
923 498
206 287
455 633
298 622
664 865
672 471
579 83
830 365
630 748
403 283
646 102
777 560
949 425
451 669
908 127
262 121
223 638
370 389
390 572
360 87
408 427
385 939
393 505
114 760
667 482
265 835
593 494
328 94
650 734
181 8
651 87
531 189
805 510
287 780
378 298
913 468
209 495
701 755
439 951
951 724
321 154
485 140
381 582
115 734
230 628
904 404
737 343
231 378
555 293
532 814
874 913
516 920
476 726
562 433
811 366
629 141
305 320
845 279
484 510
769 578
520 612
713 216
605 921
54 553
386 753
930 41
508 754
323 46
844 464
689 16
327 377
642 332
533 678
249 946
704 256
504 481
58 9
280 759
379 579
865 101
632 512
544 254
329 221
132 67
162 839
360 199
350 646
810 697
487 717
402 375
216 402
481 757
293 425
527 498
176 114
69 695
201 456
506 432
627 7
533 772
268 304
282 938
459 355
872 895
893 559
7 340
895 439
476 578
565 440
179 205
826 397
854 466
513 733
841 31
55 52
721 838
661 811
108 273
481 445
173 825
294 636
765 447
622 140
801 933
81 719
130 364
590 692
653 56
585 386
152 480
754 707
491 483
117 525
33 775
257 383
115 706
552 520
722 588
274 322
467 884
13 739
327 534
202 574
542 814
292 635
793 694
195 605
852 512
194 389
488 727
915 854
713 12
471 577
78 862
559 289
577 68
302 262
286 9
612 832
213 114
730 402
415 597
405 508
18 488
509 222
692 496
203 856
884 945
367 941
925 701
949 770
373 294
212 822
804 847
569 887
948 436
54 277
286 566
844 156
224 253
134 189
4 176
456 612
854 59
311 371
124 316
334 536
251 613
140 14
543 473
34 301
637 13
769 735
952 389
241 353
6 184
211 755
442 819
704 386
221 27
376 649
707 521
540 341
282 677
609 365
157 765
599 417
311 239
121 623
802 644
951 952
241 182
21 370
757 799
725 234
541 492
919 317
390 824
384 230
139 18
560 415
15 749
39 548
828 341
518 438
592 697
939 307
374 122
361 938
385 43
871 606
739 662
834 145
120 450
911 768
875 652
325 663
343 920
552 572
392 193
612 381
583 464
200 297
210 378
516 929
375 109
688 175
58 470
707 265
385 15
528 113
605 665
443 391
116 394
610 68
891 448
776 448
430 815
31 588
704 288
200 212
22 306
498 333
229 58
665 97
539 272
439 734
3 23
789 477
557 341
261 354
44 193
545 832
695 913
658 894
792 603
419 36
646 634
889 267
582 94
833 77
15 321
538 2
113 302
688 701
502 145
417 419
896 816
753 878
764 377
189 641
18 594
870 735
716 143
419 599
296 30
582 166
118 867
888 481
535 27
419 951
604 578
145 476
633 161
908 777
932 159
888 809
216 928
659 838
466 131
235 540
486 915
419 533
48 526
504 132
470 433
196 518
744 691
923 436
316 154
348 762
380 43
231 925
559 752
71 918
65 633
869 309
702 633
99 665
738 391
89 135
514 718
37 690
749 5
589 354
707 176
832 948
952 918
529 842
659 399
502 57
637 581
82 587
627 678
866 788
623 411
286 624
875 361
654 872
774 541
746 900
881 87
239 66
341 161
334 495
832 118
39 166
205 524
204 159
270 133
507 47
185 612
420 117
60 339
232 208
465 171
201 667
521 702
326 437
103 618
793 22
546 304
580 324
282 232
488 539
558 96
409 921
47 195
96 625
301 626
345 274
359 827
650 464
209 736
135 312
430 244
917 260
334 717
816 348
58 810
909 72
420 31
209 498
801 835
675 351
485 181
378 270
252 149
831 213
590 270
63 316
450 747
786 359
539 156
913 131
836 279
682 197
429 93
498 822
260 532
715 277
447 150
456 285
499 398
454 394
434 563
950 424
601 284
395 109
465 385
438 339
46 867
63 357
536 208
866 513
356 506
801 324
835 536
342 815
550 565
836 159
579 316
192 338
820 487
920 513
658 856
896 508
63 49
428 682
518 247
367 583
902 222
623 240
726 432
875 597
778 103
627 167
850 243
560 624
195 931
86 6
353 323
179 720
44 938
625 392
229 700
863 903
651 666
861 720
683 343
727 939
168 676
412 193
913 594
269 670
441 941
334 820
223 547
208 879
846 292
284 305
570 53
462 405
565 529
106 178
920 725
664 187
382 798
617 133
331 247
476 451
746 835
576 815
767 924
251 341
560 595
87 624
834 380
815 154
950 301
850 563
776 462
419 335
839 68
25 663
948 333
574 561
287 720
594 117
718 492
504 326
342 883
922 220
675 118
34 22
923 757
582 660
345 94
161 390
100 214
838 273
572 341
263 504
590 578
575 719
579 531
283 30
104 167
668 238
504 52
360 104
621 752
135 836
423 274
851 542
143 775
905 951
584 54
914 826
248 217
710 133
356 916
667 599
206 186
875 872
725 39
282 267
390 834
337 177
478 724
885 94
614 356
469 884
60 725
382 561
931 903
797 544
837 109
346 823
655 309
579 36
127 866
615 888
562 737
431 274
778 622
564 112
604 723
946 230
578 196
557 1
715 737
662 354
78 385
563 320
441 608
373 3
511 740
309 705
912 935
517 695
888 63
367 212
588 639
404 732
476 710
331 502
825 682
410 143
859 640
374 367
133 609
568 655
565 56
505 273
757 298
513 655
496 795
708 625
257 628
582 238
132 110
951 632
894 774
629 874
18 538
245 541
914 729
871 794
85 722
738 314
169 716
667 696
849 384
815 760
306 158
320 239
490 405
685 935
766 594
360 474
143 388
414 783
483 125
189 241
15 698
105 416
663 640
420 256
207 778
565 689
120 393
187 446
825 122
352 926
13 944
256 834
823 85
721 834
857 187
560 255
66 283
881 477
531 181
282 69
739 152
403 815
565 685
1 181
680 459
675 874
940 887
829 297
789 23
840 805
514 129
949 704
770 483
288 525
189 472
880 586
477 388
648 237
586 693
75 617
638 492
881 669
359 248
368 263
394 562
417 923
309 809
584 180
86 154
329 47
90 77
465 898
