955 7543
723 154
383 898
785 723
437 78
823 582
634 823
358 383
110 752
239 437
197 678
2 110
517 785
453 284
767 197
624 111
765 634
392 424
172 358
851 517
75 767
615 392
221 352
929 453
353 851
460 529
441 624
853 239
944 460
373 475
207 944
568 235
883 207
918 648
552 65
661 442
426 883
457 568
162 353
951 552
656 373
672 765
781 746
885 199
163 406
513 75
659 426
515 485
452 298
93 457
303 781
315 454
471 659
138 303
183 618
169 2
122 615
621 441
356 101
397 853
350 686
326 704
867 621
856 672
779 147
847 655
445 339
148 397
39 162
346 918
294 275
279 322
663 795
368 847
712 317
692 331
535 230
801 419
915 784
693 87
182 802
3 535
313 452
201 892
820 91
435 845
650 309
233 183
100 482
651 450
719 73
642 693
370 772
932 12
432 187
77 157
599 885
844 632
347 867
299 884
189 663
736 305
799 731
812 513
874 100
806 163
804 900
548 812
798 237
788 844
186 169
699 435
30 347
905 532
749 370
83 820
666 736
70 346
28 279
700 113
690 431
832 432
702 528
272 39
521 878
123 905
194 445
825 612
739 315
640 350
80 205
923 221
631 146
838 749
727 233
913 779
152 786
829 762
181 333
226 363
906 15
910 692
50 702
476 28
404 610
943 182
29 818
797 556
620 801
253 530
713 470
716 519
112 770
216 764
430 167
335 176
668 80
7 246
715 223
255 364
677 380
873 148
86 788
584 272
483 906
462 326
946 651
920 642
229 514
816 873
36 677
25 832
351 434
549 814
695 594
907 590
815 689
33 3
142 118
516 299
705 122
266 172
881 948
628 142
603 907
467 806
242 549
377 603
14 722
184 797
935 640
567 710
409 952
914 472
728 215
544 64
835 715
306 951
902 727
555 229
893 776
511 83
185 93
863 943
81 932
859 351
231 668
547 14
828 32
936 703
21 194
676 461
652 724
66 661
680 735
807 690
166 471
198 185
495 56
52 916
407 211
54 561
585 81
433 67
531 700
85 658
336 947
937 7
627 738
744 153
550 390
790 277
562 127
539 112
880 711
61 745
261 425
362 874
210 508
852 697
225 842
696 29
365 584
734 580
813 253
137 433
121 701
557 825
208 819
51 268
323 494
741 52
31 310
698 349
427 914
493 627
617 288
848 854
679 466
372 58
196 807
623 645
496 377
108 912
386 71
447 362
334 281
22 888
250 856
538 225
775 626
721 938
139 330
168 950
469 13
222 98
604 21
227 620
415 234
140 228
232 61
444 196
504 261
751 572
46 328
503 368
747 754
468 413
348 285
560 550
879 518
794 757
126 734
9 498
119 748
546 316
565 250
158 936
280 946
955 84
241 407
292 511
286 920
418 273
564 876
569 955
128 232
827 808
777 915
811 193
102 463
687 789
740 209
412 224
805 30
809 504
837 404
865 473
758 51
780 729
240 813
543 240
132 114
20 126
665 923
170 515
90 276
824 171
76 829
541 152
800 227
759 546
459 675
455 577
174 714
591 817
403 22
378 74
636 510
379 287
188 108
271 395
79 168
796 593
106 581
782 705
609 385
707 809
43 539
613 379
477 243
633 27
259 896
307 708
120 447
857 46
866 569
260 865
756 707
760 323
265 799
16 555
236 170
889 19
903 166
822 415
125 688
904 217
178 673
501 412
506 271
161 541
297 483
576 25
597 66
625 128
877 178
247 843
783 125
887 712
600 585
458 534
492 476
173 159
6 336
891 538
793 9
629 740
583 366
369 444
24 695
718 69
662 95
23 458
862 104
589 329
653 794
361 758
598 137
554 558
684 16
332 44
942 86
834 116
204 587
179 699
57 728
212 719
551 525
924 335
559 606
630 420
59 939
8 875
45 77
417 540
342 20
218 4
484 493
726 212
267 760
685 289
586 691
864 897
533 496
318 179
160 611
725 195
870 742
177 654
778 231
414 650
164 334
553 901
345 440
270 543
953 586
588 439
694 144
5 533
681 409
360 414
311 40
53 941
408 247
622 134
295 565
214 595
145 756
245 189
768 332
894 341
10 872
647 811
505 321
465 462
258 629
422 630
720 554
545 780
89 85
803 266
105 245
263 687
641 214
616 852
810 579
840 782
608 422
410 542
191 567
664 160
522 484
130 173
371 835
399 477
192 657
382 145
343 631
774 684
755 863
899 354
671 403
826 858
97 375
448 150
308 600
18 910
520 469
773 559
92 96
841 381
908 31
489 899
753 376
846 665
393 934
638 557
926 416
481 625
769 755
314 931
438 924
849 313
340 696
763 589
107 840
709 502
639 903
882 928
290 218
34 423
850 774
400 495
252 486
499 369
730 670
574 826
355 438
394 800
637 667
911 408
49 929
536 862
63 283
821 389
190 59
571 418
203 597
839 596
945 649
830 605
300 400
402 635
396 531
491 70
213 850
175 798
149 139
886 23
200 636
787 759
833 92
391 242
871 646
575 371
861 838
737 660
133 88
890 267
909 151
488 105
249 720
327 443
143 107
895 949
103 880
674 50
500 436
388 24
251 459
48 501
717 639
479 828
1 258
344 662
291 312
226 490
510 130
447 287
31 504
586 953
492 675
227 909
910 585
417 48
254 349
744 231
520 309
684 617
883 948
553 569
633 592
517 512
701 938
528 63
290 921
634 911
617 55
703 490
78 935
70 117
773 824
929 618
923 778
189 948
747 27
517 949
688 653
199 578
834 180
887 337
734 195
198 372
950 955
447 193
603 606
905 150
167 810
541 493
369 366
78 538
777 709
169 631
161 525
910 301
863 631
672 618
517 287
836 500
792 833
4 502
39 544
465 435
379 580
166 91
887 949
154 597
176 165
543 664
170 11
305 382
430 434
477 583
307 337
799 916
189 518
609 422
344 646
902 690
43 294
275 834
870 688
491 40
181 276
452 494
350 557
228 657
680 526
834 904
198 822
360 756
344 87
535 312
767 43
465 632
287 864
860 505
538 449
246 103
770 606
427 509
727 259
906 71
231 919
939 555
548 24
659 261
488 212
210 839
785 234
638 316
562 477
287 757
142 725
299 776
472 84
643 379
886 685
362 570
491 409
443 479
252 141
350 594
902 237
795 773
590 228
104 312
856 627
191 817
886 583
826 843
153 363
380 262
544 374
333 158
467 868
552 581
442 706
910 662
200 854
22 192
471 949
396 378
115 642
570 733
457 156
672 243
867 682
176 880
892 787
785 758
115 132
798 96
465 503
285 171
441 489
518 793
531 375
51 330
23 936
659 360
453 661
652 819
755 29
78 609
847 927
214 600
801 153
273 387
263 947
640 160
513 631
101 242
494 228
593 92
562 321
18 344
924 85
112 591
236 733
514 451
634 386
189 687
787 11
18 463
229 608
924 905
73 877
176 627
923 118
181 461
206 88
760 318
930 281
314 257
952 41
111 576
917 165
911 756
593 71
78 764
582 703
333 69
263 312
941 53
14 830
484 830
549 150
379 219
414 71
273 931
221 287
849 924
807 744
548 801
78 637
467 612
547 459
574 82
659 445
245 377
720 439
736 809
227 144
550 257
103 916
232 725
654 268
621 613
915 91
170 837
856 376
360 219
603 920
690 47
795 151
158 928
326 760
497 660
553 142
77 382
927 399
233 481
540 653
603 342
666 569
286 523
161 354
535 740
480 848
297 676
331 366
11 351
574 908
940 242
402 464
364 607
434 46
940 814
245 407
295 810
535 389
942 817
851 364
203 461
713 109
462 40
935 344
625 547
662 400
401 153
840 580
452 279
787 571
748 827
469 88
152 348
944 820
647 563
562 522
884 96
711 660
517 167
647 304
943 128
529 706
213 724
535 530
216 787
336 933
259 955
847 680
732 551
197 89
347 948
245 212
272 776
430 31
695 11
533 743
419 543
529 860
338 848
594 579
913 745
887 576
566 366
202 363
628 328
953 334
121 572
923 109
718 694
782 745
954 412
295 793
945 367
481 463
485 894
403 566
676 27
214 870
21 42
295 646
431 96
813 657
811 761
177 711
516 498
725 10
951 400
826 938
846 623
847 770
503 655
83 371
122 181
146 510
66 788
568 572
847 677
520 912
876 290
763 793
727 269
540 226
480 907
631 63
240 72
183 665
452 871
241 74
462 706
266 613
935 625
793 366
441 300
723 273
554 714
483 838
840 58
406 407
880 669
128 934
550 69
23 579
878 261
22 268
874 274
120 710
191 479
759 332
923 710
406 573
161 669
708 137
672 83
876 288
900 145
554 926
659 642
6 80
861 495
32 466
117 10
902 545
853 363
514 505
317 542
323 88
259 743
189 861
929 903
128 82
425 164
112 942
943 312
582 143
75 927
282 743
789 126
380 809
169 470
618 485
110 660
765 706
353 335
555 213
184 786
182 687
565 409
614 729
210 135
554 173
349 209
874 501
890 722
199 700
680 848
452 623
628 828
799 130
533 440
431 26
701 888
828 571
427 174
632 155
398 178
555 728
887 454
142 117
863 12
406 919
169 705
66 493
155 509
485 753
530 601
242 50
774 914
951 36
662 583
534 490
263 354
292 519
147 670
712 468
462 839
18 928
60 412
153 581
944 227
51 222
317 218
70 650
760 687
234 129
138 209
237 594
578 262
807 707
414 11
524 217
437 100
163 229
151 919
939 71
105 257
765 621
905 128
86 296
87 94
30 214
823 317
871 606
785 934
663 267
310 493
476 920
18 28
54 578
534 547
390 42
262 40
497 949
896 446
520 826
676 505
641 76
362 261
491 22
728 644
402 106
68 550
465 644
662 434
541 418
552 555
468 833
663 72
566 709
123 732
366 150
309 399
924 195
426 546
801 141
503 910
95 864
244 309
530 487
499 667
721 349
764 910
205 282
122 745
541 657
199 313
184 459
250 636
351 667
247 446
31 466
461 472
68 231
196 63
238 54
286 145
169 708
948 949
508 109
350 421
901 374
475 439
123 264
11 711
820 67
444 364
744 484
235 686
554 510
762 691
668 657
86 59
942 29
718 117
639 884
788 243
550 464
13 360
610 897
878 573
353 119
225 420
665 88
421 124
85 706
338 258
292 775
624 52
121 229
119 128
928 477
396 518
516 247
228 243
430 679
52 629
288 281
851 355
14 155
678 356
798 243
289 312
350 514
825 205
788 363
853 493
783 277
645 857
863 94
763 895
287 443
773 224
921 40
759 753
347 845
315 605
503 361
132 464
897 320
180 477
211 470
235 710
21 821
600 282
85 869
22 489
350 554
747 24
66 600
780 310
511 609
452 308
305 68
801 371
583 405
686 756
912 738
621 605
20 629
924 332
778 955
486 446
322 264
636 691
686 916
524 428
891 178
428 171
590 415
236 312
601 949
39 483
801 668
689 285
589 159
752 849
944 906
522 839
485 50
614 4
61 88
247 504
759 474
230 224
813 547
631 691
886 324
797 950
185 163
718 602
840 594
665 171
368 450
510 831
182 685
379 600
450 511
674 758
154 107
680 26
624 276
847 871
36 521
235 845
133 926
748 770
272 2
240 422
795 443
252 262
130 349
751 90
70 119
533 757
317 882
742 651
934 300
89 412
54 629
625 598
133 252
599 509
166 38
417 92
911 22
855 206
469 860
230 909
265 553
81 62
381 84
881 8
437 305
131 516
329 446
668 118
628 526
884 605
843 386
934 733
851 94
704 797
624 436
942 838
825 104
59 278
936 493
520 521
364 24
597 128
16 367
645 398
488 87
644 46
853 76
365 623
851 413
851 193
874 59
249 822
656 286
86 914
843 854
939 150
876 427
203 420
394 876
244 104
350 183
30 804
352 121
333 893
595 594
655 744
213 139
531 512
147 345
287 519
574 585
119 46
879 909
624 763
233 789
148 25
626 398
5 719
547 411
352 868
540 367
310 848
429 740
30 429
182 692
210 173
808 877
43 899
287 88
318 487
717 698
535 195
545 742
199 88
826 945
259 144
814 228
360 690
700 401
391 395
716 134
684 423
138 273
186 346
345 366
641 60
85 375
576 573
86 404
4 417
727 349
393 384
563 204
787 472
754 224
811 768
590 127
612 399
244 532
603 725
563 525
266 761
293 141
191 528
565 503
325 714
128 579
343 36
934 773
600 102
853 377
350 416
503 217
197 143
465 744
239 191
133 490
871 8
599 67
603 94
414 132
64 165
717 952
859 864
146 456
309 776
663 708
202 389
835 579
507 276
20 829
392 121
216 446
182 669
929 21
85 563
634 920
318 486
454 301
884 909
75 138
533 670
261 415
430 179
868 38
242 76
671 950
331 702
305 793
215 936
705 550
15 252
380 145
817 381
846 118
641 449
193 268
721 894
169 20
661 320
109 92
918 732
612 750
168 410
361 410
617 839
624 381
264 446
231 159
225 464
83 67
610 581
342 258
851 416
923 92
187 209
182 480
91 291
32 376
720 245
232 271
767 652
112 523
481 900
823 690
388 251
593 174
383 356
66 60
814 592
370 41
782 638
519 667
885 591
492 165
315 772
492 646
443 714
678 403
207 570
360 511
835 125
233 649
929 676
693 316
942 349
719 825
423 19
770 104
565 501
933 399
604 321
659 3
718 598
616 806
317 38
265 773
948 633
559 96
769 133
810 418
881 304
36 436
948 290
542 675
392 627
880 375
39 491
649 756
679 84
333 572
712 240
890 762
197 786
347 496
457 277
952 934
452 134
648 756
162 169
212 541
662 778
266 395
470 258
511 6
213 670
654 503
772 375
932 158
336 234
924 129
514 928
270 596
649 47
295 254
699 627
754 131
843 528
93 600
918 897
159 256
799 750
721 14
238 910
350 590
552 630
494 386
565 245
65 691
646 371
529 854
686 506
879 400
532 837
107 271
59 310
244 403
249 702
795 63
73 843
684 501
534 897
896 375
437 222
612 569
447 132
140 92
951 401
208 527
221 245
110 701
812 313
392 744
74 698
259 300
896 505
628 473
721 19
950 283
887 814
410 136
138 928
951 176
884 645
447 144
289 334
368 16
68 745
820 854
107 702
886 194
177 775
282 562
284 531
953 895
913 502
397 904
137 55
341 150
216 528
493 381
116 709
23 819
549 404
340 261
584 550
423 540
700 790
364 204
143 774
61 609
474 225
692 51
270 224
274 904
503 219
287 90
885 84
93 493
308 436
823 620
99 857
64 753
929 424
159 629
807 54
250 288
932 57
242 514
580 129
841 831
555 388
863 102
350 173
618 573
818 217
517 153
295 527
774 32
584 778
119 771
769 603
579 269
781 324
797 175
754 448
512 160
532 439
468 260
906 400
777 155
492 211
840 509
256 440
765 305
693 864
292 99
182 797
518 248
718 667
33 329
873 722
417 264
640 484
563 709
186 161
409 321
182 398
894 601
688 60
134 330
350 11
568 702
745 158
884 292
107 843
639 108
418 953
576 115
911 423
83 160
186 329
756 477
488 150
284 934
435 474
239 492
494 880
62 405
799 228
512 703
115 894
125 4
244 866
555 89
784 112
154 711
727 846
88 446
791 103
788 320
712 386
782 955
425 872
548 478
213 876
271 165
355 229
778 156
476 94
445 251
241 917
218 434
388 324
789 629
767 336
687 602
29 9
15 17
717 516
453 381
722 509
121 835
648 324
599 505
844 180
12 493
118 139
633 904
396 794
12 359
841 420
321 19
383 501
922 374
380 914
86 24
845 857
741 630
397 427
135 290
754 944
599 519
624 386
188 22
218 278
111 751
527 722
503 328
26 382
765 501
201 109
188 129
710 573
812 8
111 902
5 912
789 217
843 818
815 398
173 596
317 322
700 74
518 79
663 171
641 243
128 275
684 420
161 928
305 804
649 252
772 525
179 344
167 133
465 362
467 127
783 375
744 345
686 394
785 881
862 400
169 548
265 891
364 57
663 64
914 42
115 537
215 895
729 543
642 936
203 550
782 431
678 87
787 537
434 302
51 859
556 740
756 103
250 727
580 808
513 492
683 630
245 874
163 387
128 425
193 715
595 481
105 35
401 841
827 260
905 858
574 524
2 700
764 461
591 572
654 719
764 877
263 909
186 638
424 466
845 689
823 97
261 271
597 430
580 791
797 84
133 348
163 788
245 652
599 259
4 74
3 719
266 303
310 608
170 91
138 4
522 374
616 141
247 815
368 815
172 416
347 217
24 264
152 611
861 418
120 715
340 351
903 836
427 889
757 387
574 514
364 600
708 291
173 96
253 124
249 29
712 180
596 821
834 51
805 27
356 614
553 775
463 285
782 401
162 223
614 587
850 706
558 660
49 243
597 955
807 821
944 79
934 404
238 206
791 733
810 523
669 274
915 322
230 109
880 46
795 212
203 345
511 366
951 218
566 268
294 709
377 483
245 832
593 695
511 231
485 689
488 427
438 825
460 287
604 405
305 893
613 466
753 841
770 837
248 498
582 74
460 941
520 540
701 895
67 607
7 58
911 104
884 524
554 600
445 151
944 293
355 768
906 651
520 298
432 178
239 946
542 904
624 558
190 312
494 684
731 181
39 126
462 9
780 481
803 106
78 453
122 845
101 611
370 766
179 820
22 225
624 69
542 872
112 583
816 27
943 464
346 392
198 580
715 484
823 460
16 583
379 474
765 178
267 566
479 88
315 583
147 950
837 500
20 325
823 231
879 566
874 62
214 766
11 741
406 860
442 435
211 310
248 542
101 721
244 774
767 24
852 528
308 538
699 734
918 884
104 617
115 1
161 848
255 261
75 28
248 630
255 561
767 419
30 346
295 394
6 523
883 419
352 105
838 330
821 328
658 155
454 329
751 848
603 114
816 474
616 34
457 841
146 551
500 679
185 552
951 540
814 689
195 737
7 528
665 283
534 405
104 127
68 83
745 612
211 899
315 327
80 628
306 179
874 26
911 933
628 596
247 440
685 402
38 630
199 268
779 333
907 761
856 716
80 703
720 739
153 629
122 534
703 222
273 129
197 667
6 56
853 315
807 108
346 64
91 518
762 753
88 117
289 129
429 156
113 123
747 627
369 399
246 922
640 355
794 627
483 835
118 42
517 520
537 302
712 574
41 348
719 417
396 242
724 592
942 693
183 400
248 330
515 574
812 99
432 817
918 934
729 204
767 304
372 129
648 483
223 293
538 581
488 740
3 8
772 810
715 495
751 877
154 414
467 224
99 478
471 67
123 17
327 351
418 673
379 572
685 314
243 178
468 583
606 35
362 872
435 345
126 671
759 388
231 217
491 760
426 41
806 794
194 793
277 307
918 204
29 375
158 334
417 579
239 694
404 839
812 317
715 341
81 124
429 26
713 743
516 578
763 871
544 948
360 587
646 124
194 56
571 283
653 137
619 703
899 141
89 99
769 921
369 90
2 100
360 374
759 917
918 156
583 740
929 872
279 493
858 500
512 920
353 8
380 551
143 127
394 510
243 337
287 758
26 926
654 653
548 444
230 791
595 921
795 617
406 79
820 842
154 779
710 139
442 217
605 592
59 514
812 429
175 498
563 602
856 509
380 400
555 181
290 598
764 153
932 702
775 366
50 417
201 750
373 481
230 304
568 15
812 894
45 760
43 31
221 588
2 342
599 194
238 484
368 86
22 605
665 159
818 79
631 522
780 158
736 278
791 117
107 413
871 288
352 526
851 9
435 400
206 124
277 11
570 262
20 636
138 409
263 528
342 504
755 170
182 824
742 200
576 833
71 899
123 544
221 861
742 99
626 257
360 771
229 150
295 245
507 34
937 382
907 164
951 571
710 137
330 422
736 654
532 285
287 7
770 439
853 482
350 67
633 660
353 690
938 670
680 506
594 683
880 562
275 234
305 540
858 789
848 921
20 399
74 102
615 319
211 793
877 258
352 554
369 412
511 395
557 158
110 314
153 252
702 11
846 945
845 524
303 941
408 899
490 311
13 416
836 575
3 489
747 56
724 899
214 645
593 15
762 487
172 144
119 907
460 818
68 487
221 771
244 62
167 222
759 74
31 629
101 574
480 263
519 743
432 114
512 882
143 155
132 367
397 67
442 878
200 857
855 7
488 380
778 495
719 156
638 126
329 904
940 743
557 824
307 378
105 96
369 125
954 605
549 506
918 507
943 937
656 165
238 398
166 926
362 226
238 332
360 882
458 688
318 260
78 298
372 130
672 444
357 23
441 55
132 824
929 953
182 529
79 865
803 528
320 291
755 316
109 222
154 255
226 882
25 559
819 145
539 684
12 501
951 96
531 405
119 248
5 228
81 332
310 822
754 955
912 551
541 164
336 260
6 559
533 486
517 142
72 841
355 645
863 114
787 448
902 47
678 329
952 667
532 947
532 351
544 651
179 523
534 181
655 549
912 53
105 787
152 386
147 467
182 890
636 751
747 952
754 363
936 673
95 478
658 164
3 236
357 336
822 276
295 121
836 261
401 622
37 497
467 132
423 269
796 213
34 657
286 904
182 213
113 833
647 248
480 930
704 401
688 296
189 117
747 416
806 735
447 625
383 358
561 538
858 224
861 204
339 764
616 946
782 74
627 893
245 900
788 42
123 740
246 536
368 757
360 761
777 650
729 532
709 733
720 758
142 629
138 194
752 796
185 630
513 292
361 583
516 416
284 450
774 219
695 880
128 937
365 246
169 593
66 924
527 206
75 101
445 770
954 725
849 444
496 58
530 258
21 592
182 850
594 337
531 602
752 501
933 841
601 581
469 795
785 887
558 55
951 575
708 464
199 209
189 839
398 48
849 626
535 768
122 536
142 387
620 572
230 64
521 588
462 130
329 477
723 470
552 67
627 324
902 133
107 480
186 760
813 682
203 875
373 608
534 165
798 325
315 789
622 449
755 386
346 605
236 492
426 555
723 63
187 206
533 841
842 168
176 797
30 883
392 778
315 40
347 423
918 728
70 95
145 821
182 134
500 440
929 361
163 216
805 480
295 563
896 768
854 420
764 947
443 881
678 23
516 950
878 278
851 105
648 519
940 415
817 142
120 328
7 786
412 291
711 109
701 924
534 161
121 302
376 897
163 647
491 424
686 82
467 625
729 439
414 601
590 930
204 324
360 716
212 448
438 721
786 381
195 46
816 56
913 870
255 829
527 831
915 829
656 92
362 425
547 118
721 320
105 955
13 559
884 764
186 230
131 420
902 180
563 19
39 169
266 256
249 15
339 361
578 875
844 259
437 4
774 573
812 600
284 901
862 9
81 288
847 955
61 26
18 247
360 559
108 387
481 81
947 34
715 627
146 61
18 324
746 794
491 400
819 84
22 226
852 566
800 622
631 826
264 682
314 262
197 766
350 349
704 683
380 136
933 627
638 52
531 408
781 401
870 20
503 128
255 345
751 293
679 405
186 104
513 395
639 438
306 542
777 53
918 818
773 127
937 359
147 934
363 180
77 660
892 601
595 819
903 915
154 555
700 693
885 198
126 63
645 130
60 90
422 209
475 729
339 870
347 374
463 889
704 433
245 276
661 579
656 680
66 418
79 173
858 930
460 607
452 215
793 82
383 588
306 733
58 434
797 592
30 440
874 917
816 156
406 450
535 252
807 519
480 920
232 629
488 793
530 821
249 426
187 130
686 218
105 364
397 897
873 292
715 116
65 251
767 536
512 643
729 689
326 352
700 63
105 766
50 283
634 543
432 381
16 647
785 117
471 479
358 26
479 55
239 477
731 324
322 367
518 264
532 561
475 695
692 860
701 750
817 439
850 153
18 677
590 103
706 144
712 649
531 398
23 234
858 524
693 79
558 109
320 611
811 181
950 570
358 705
346 920
747 25
927 37
326 420
592 381
915 865
83 90
203 474
488 307
65 411
87 382
754 556
785 385
285 602
83 27
184 791
717 304
89 104
862 489
893 830
358 156
752 376
296 67
870 389
303 814
641 94
663 370
754 784
414 570
113 467
122 467
187 771
340 173
409 606
282 463
365 101
198 536
540 694
203 679
871 538
664 178
754 848
912 386
771 302
572 833
558 254
597 55
28 79
888 104
467 425
568 24
867 335
750 931
563 501
143 480
779 868
856 212
514 348
169 255
235 337
400 737
765 824
653 925
529 331
131 42
784 83
348 260
843 144
394 487
706 296
428 927
711 55
845 200
527 256
699 364
748 690
911 567
470 319
261 730
347 66
593 540
880 332
239 206
288 596
584 934
892 860
390 702
558 620
894 312
413 904
463 730
777 632
774 374
695 758
797 257
903 518
86 389
617 657
317 857
845 97
527 461
678 221
620 937
940 670
898 446
266 308
907 63
28 771
888 449
361 156
207 345
217 84
390 556
567 281
26 132
323 467
785 428
636 608
437 928
686 695
432 86
780 528
199 549
447 356
441 764
3 777
115 844
779 916
383 687
499 544
524 361
784 370
377 164
792 256
198 254
875 160
64 237
437 620
677 899
650 749
491 876
565 619
496 780
239 895
198 863
4 234
172 449
306 580
625 139
359 257
434 579
147 668
666 245
412 691
402 484
603 446
799 501
3 860
169 171
121 237
591 711
212 237
36 159
287 685
279 71
784 592
247 725
249 707
943 485
801 854
672 358
940 667
850 600
414 218
622 839
89 606
862 741
481 541
396 294
132 19
823 512
253 307
697 343
604 486
873 608
419 31
826 232
844 563
95 114
937 707
603 586
365 318
58 311
245 80
245 36
747 540
678 799
582 931
719 237
18 380
697 458
184 698
516 636
826 594
91 341
112 385
227 366
417 262
77 657
929 730
83 579
623 829
639 299
550 241
25 807
74 894
297 879
380 786
727 297
268 366
819 50
151 653
423 810
924 351
86 546
24 758
916 740
267 880
697 718
759 106
582 396
462 473
428 525
891 673
811 275
517 269
719 859
397 803
482 756
455 341
284 34
236 835
131 714
618 919
253 506
496 331
30 135
58 314
287 497
685 899
869 155
937 505
661 492
34 349
647 773
482 408
30 327
727 219
416 703
144 137
825 262
557 436
353 678
435 478
194 751
745 541
276 526
814 831
39 774
515 22
215 864
677 833
736 404
763 333
842 523
589 264
705 574
826 142
370 954
435 389
25 320
43 425
34 893
408 500
568 738
915 869
49 460
358 863
290 703
442 408
162 54
495 224
85 757
590 238
426 861
401 378
541 8
105 669
38 794
948 627
188 181
216 698
565 43
235 146
855 270
203 780
458 735
136 725
853 118
236 829
567 583
411 63
918 899
698 877
764 675
773 899
73 1
465 649
847 901
719 880
265 140
894 497
4 894
121 789
687 14
769 857
495 427
437 276
878 553
801 94
554 625
434 385
426 409
552 327
233 24
93 604
846 52
237 711
71 753
574 37
784 470
639 627
734 563
285 257
235 550
942 223
250 804
241 231
212 222
521 31
901 173
327 104
249 31
169 678
832 419
557 881
565 398
187 810
806 726
677 459
639 603
672 425
507 721
3 675
154 691
907 53
681 744
68 954
775 466
693 228
783 649
51 660
188 662
595 703
135 137
36 263
145 505
327 619
520 359
15 504
802 726
755 652
169 558
351 381
656 687
820 899
788 470
617 67
189 556
812 23
242 140
624 228
769 420
49 838
417 809
704 237
471 71
128 351
437 331
393 149
359 919
222 633
638 511
87 40
216 178
438 6
176 116
725 328
552 649
116 60
199 795
619 828
147 912
585 808
200 834
39 129
846 661
777 22
590 789
151 410
238 48
198 300
315 71
80 768
655 821
377 714
888 594
494 881
318 55
611 596
829 159
944 447
107 351
819 511
827 842
30 532
135 24
275 702
7 215
548 922
910 855
406 310
295 34
912 537
127 381
78 352
317 829
154 364
736 585
431 668
199 15
182 35
463 67
201 264
800 728
518 859
432 623
848 629
125 282
138 941
784 411
233 720
50 461
383 453
185 411
391 29
883 310
267 522
515 222
424 746
631 937
64 473
914 341
61 228
759 783
854 387
368 633
832 870
432 698
920 735
118 433
520 410
394 71
652 744
454 85
142 174
468 253
255 662
110 378
554 669
532 721
4 617
731 38
11 657
673 84
540 810
631 947
2 497
834 487
601 139
352 225
377 359
263 894
25 588
846 814
686 588
5 213
582 348
303 9
30 640
834 312
747 883
255 611
75 922
928 8
115 831
100 181
272 419
906 555
534 841
443 440
693 225
748 234
460 184
924 583
397 650
846 869
764 451
602 399
790 725
510 11
26 504
795 393
49 251
616 612
845 580
535 53
367 862
122 454
731 511
655 743
521 570
455 737
855 51
162 349
207 762
397 781
110 467
790 127
475 22
823 490
648 243
329 275
681 337
396 83
887 476
245 948
632 514
876 916
880 106
358 83
947 581
545 367
516 349
879 827
467 379
697 806
377 125
746 59
707 563
439 586
702 775
634 708
599 597
183 196
939 669
78 71
279 633
362 774
874 170
614 135
254 234
903 153
148 842
424 559
383 215
481 367
542 955
93 951
584 843
755 817
750 402
213 262
508 829
221 281
879 753
226 637
338 248
738 1
188 337
170 714
488 206
455 174
458 228
119 19
460 181
562 833
465 340
522 334
938 359
800 376
132 42
166 833
219 381
471 609
661 142
491 927
672 763
64 181
785 774
890 335
659 500
723 611
471 702
16 613
556 680
804 278
22 62
16 683
172 614
357 208
861 493
896 325
214 849
108 546
265 473
241 83
112 340
373 667
887 612
458 848
849 62
488 255
940 758
476 948
226 839
391 174
860 375
555 401
478 609
97 1
211 721
710 351
167 950
73 763
746 42
697 501
783 921
442 60
272 329
943 125
535 555
649 563
131 90
30 391
656 673
700 669
555 585
238 211
196 184
370 948
426 175
861 562
272 611
271 332
12 756
186 95
245 147
305 425
891 141
227 449
749 268
869 418
249 859
513 730
888 756
416 52
762 667
502 660
110 761
230 31
765 789
945 617
26 751
859 657
494 375
614 262
888 473
680 35
243 311
647 302
303 539
71 204
188 861
926 278
15 391
621 378
402 96
618 432
343 423
780 511
582 928
100 608
529 509
655 519
95 925
521 925
825 328
803 307
619 370
554 612
197 133
939 22
893 399
516 914
944 304
540 542
812 13
580 822
119 947
111 756
259 142
442 152
544 99
122 905
937 253
704 836
656 416
462 659
347 874
237 192
339 379
511 715
840 227
2 150
219 405
750 733
863 807
400 260
206 312
170 476
65 287
665 854
313 505
113 924
527 834
33 545
780 180
113 51
942 722
361 484
179 34
443 376
512 408
722 118
347 488
881 695
474 866
950 117
618 123
365 284
785 121
494 696
392 136
172 613
749 375
365 601
812 694
181 375
265 794
447 98
705 36
317 801
2 14
39 861
684 932
34 587
947 403
280 376
116 919
479 775
63 448
66 20
186 196
447 401
557 109
221 583
728 703
81 831
242 713
864 288
513 896
579 129
560 611
213 787
890 50
402 941
91 336
766 794
315 16
254 372
659 643
532 55
438 549
346 922
247 71
138 546
36 487
73 297
189 586
240 691
439 682
545 718
886 254
436 145
757 1
457 19
745 609
524 205
430 428
568 420
820 519
738 864
495 776
494 813
648 800
760 646
239 246
900 415
672 588
104 753
461 27
649 733
729 776
836 547
202 92
107 802
189 76
280 564
801 404
707 334
373 258
598 10
28 151
91 854
492 854
907 493
228 602
840 915
229 291
800 412
347 3
25 35
49 485
846 372
176 794
480 757
391 707
242 893
648 813
429 523
809 637
221 136
235 832
279 664
236 54
427 321
659 433
926 433
686 586
477 473
513 913
372 109
672 900
250 738
13 271
638 328
624 180
721 32
342 129
111 131
447 862
397 565
146 262
232 401
154 677
186 127
357 838
358 621
295 807
305 655
74 562
695 411
797 149
355 575
864 387
580 490
352 366
618 737
558 361
900 8
6 332
620 42
799 134
400 42
823 713
20 798
65 509
678 844
3 569
365 352
584 422
358 221
105 311
692 798
864 691
503 379
684 181
374 312
279 282
659 887
557 646
227 479
508 429
239 617
44 673
677 821
401 737
247 9
885 124
813 564
886 556
213 928
487 324
406 404
69 19
394 217
35 149
694 302
913 622
652 468
432 99
364 938
412 106
844 685
430 324
323 184
149 366
585 498
219 493
726 279
267 133
842 821
179 398
148 22
404 82
512 610
75 388
898 26
362 632
424 561
696 474
807 833
410 637
460 334
326 187
902 857
806 893
313 434
659 740
166 161
254 434
869 222
208 623
279 646
126 563
68 342
618 322
104 141
94 583
934 19
89 19
315 579
39 379
500 449
650 398
765 930
783 525
749 498
647 819
696 412
491 98
122 300
851 849
684 687
452 159
50 382
718 899
359 106
699 653
851 576
677 76
799 691
822 502
336 495
299 875
787 134
918 533
718 420
462 857
843 473
62 757
384 740
524 930
772 263
496 394
203 523
784 285
754 267
29 894
656 781
548 594
507 80
707 501
345 311
515 667
446 94
23 729
303 240
295 888
669 478
475 274
914 273
520 369
788 908
391 285
306 92
779 85
297 327
715 928
792 916
769 277
107 376
388 709
305 784
531 159
791 387
48 42
577 732
797 361
944 845
843 841
227 399
343 285
347 198
138 416
238 449
313 244
659 739
635 136
898 115
837 461
135 161
907 506
199 802
232 342
26 744
947 281
909 274
322 546
697 303
863 374
713 374
226 400
239 234
552 99
807 393
639 220
828 366
636 909
911 789
475 843
233 558
297 83
475 737
482 949
686 313
852 496
467 381
801 844
122 363
512 42
649 930
166 256
173 52
781 716
231 130
196 492
443 673
572 222
135 330
471 743
842 793
413 487
211 834
454 730
907 445
700 743
878 134
203 421
911 395
587 501
217 509
66 639
932 487
245 449
884 653
119 387
645 868
443 285
414 8
715 926
508 320
379 946
697 3
379 300
692 939
680 474
845 228
438 401
731 819
619 933
532 95
365 473
907 62
407 934
298 509
684 528
342 566
495 588
738 139
105 41
227 644
138 504
517 514
530 716
340 333
555 569
540 102
2 817
627 55
523 644
184 773
760 67
638 464
184 64
355 820
242 158
593 706
647 384
61 140
333 403
826 931
863 789
517 929
554 890
574 202
313 264
639 378
772 427
823 885
453 768
772 925
453 854
760 205
77 35
313 753
905 301
108 38
24 757
71 914
265 460
929 570
784 596
746 449
265 115
585 762
693 635
431 191
187 577
223 402
460 331
444 328
81 439
250 883
368 481
266 840
357 700
456 857
851 135
555 9
207 583
497 505
853 43
237 581
639 478
687 425
912 525
752 843
771 51
475 228
408 234
57 586
796 178
785 129
539 635
779 862
66 170
806 277
692 526
122 495
606 319
678 834
558 412
25 116
529 7
789 273
275 938
432 115
668 440
175 330
431 818
214 501
460 663
107 377
929 576
49 576
614 24
327 468
263 630
666 391
57 698
924 390
856 661
221 852
143 432
45 51
341 209
558 141
746 84
508 826
494 47
316 528
929 745
280 821
771 106
903 882
636 551
621 119
290 810
458 814
231 27
535 329
78 607
907 841
197 422
549 161
692 324
483 724
521 252
816 631
567 234
692 510
863 124
753 144
871 262
216 643
488 399
22 909
142 144
450 434
479 493
243 630
47 256
873 54
701 275
465 183
301 487
593 790
475 317
356 264
823 874
742 662
197 357
899 366
308 791
107 927
435 897
656 800
246 436
406 217
311 955
532 54
800 74
846 749
615 581
491 832
279 882
910 401
266 302
3 516
814 509
331 46
414 930
104 180
437 189
474 90
508 945
658 382
931 269
101 282
303 868
230 376
294 714
257 497
237 541
437 585
184 354
678 843
780 279
739 909
870 497
757 399
521 835
927 495
15 792
852 810
110 575
578 8
461 144
716 728
162 134
296 422
115 321
723 589
597 790
625 575
475 566
304 730
750 778
814 688
43 261
745 577
465 673
376 124
23 657
194 919
421 90
229 1
208 561
604 549
621 576
614 857
923 911
322 422
249 554
837 54
12 35
684 740
918 372
183 742
135 526
107 589
282 35
557 124
365 481
720 310
589 945
86 762
347 166
233 138
309 630
760 772
306 630
11 165
861 145
332 607
582 221
377 570
761 278
603 688
392 426
229 371
221 908
435 949
353 744
162 378
353 691
886 192
4 139
480 904
227 223
149 330
671 215
393 928
75 637
654 106
41 405
943 635
559 302
392 342
769 245
101 476
554 878
714 875
860 252
13 577
553 46
372 904
918 471
233 269
353 614
508 276
436 463
797 893
235 722
571 375
29 63
545 459
406 15
785 425
797 629
233 316
769 749
318 237
191 679
296 274
480 763
109 860
816 307
12 594
323 367
351 258
6 20
643 389
481 733
475 123
368 133
421 282
589 811
346 746
232 613
659 112
132 579
610 626
554 314
187 913
236 671
767 499
214 301
744 35
885 476
198 392
784 738
883 244
838 653
329 345
202 300
303 854
582 702
172 641
659 292
28 914
172 528
143 920
346 925
729 653
550 224
189 934
626 90
704 626
388 608
43 8
712 820
700 208
746 857
414 594
127 833
471 855
913 605
105 901
25 62
879 4
946 551
719 54
762 376
347 538
639 793
627 581
167 605
653 312
437 273
515 637
867 655
873 912
459 682
613 48
445 693
445 850
98 611
270 332
190 711
719 125
26 563
539 391
161 695
648 824
527 664
915 205
76 461
56 174
887 436
556 29
351 415
254 10
253 270
176 463
498 27
140 127
143 725
121 431
656 637
666 907
539 839
66 893
121 343
31 578
911 478
241 855
113 74
805 207
943 218
924 880
678 451
618 112
133 96
621 87
906 391
593 69
372 477
470 389
595 627
755 236
362 681
481 97
853 107
640 905
239 955
923 209
671 824
888 302
924 596
774 387
843 553
481 862
775 833
43 862
253 527
248 395
2 26
690 57
254 34
221 739
863 471
340 504
870 797
352 482
556 573
677 633
179 175
928 159
529 262
145 670
331 791
655 539
301 231
746 490
200 927
423 541
170 376
4 349
567 116
742 314
725 490
91 521
269 505
273 459
58 165
734 839
516 635
507 741
248 493
478 526
788 479
126 411
28 226
656 34
295 850
189 125
39 339
907 275
731 132
670 608
787 206
836 153
638 486
623 709
18 296
454 924
560 140
799 401
515 271
248 40
255 92
715 711
681 646
131 813
599 73
753 608
805 230
870 683
597 817
540 629
805 664
573 137
207 560
582 5
133 56
424 533
190 69
780 108
545 791
822 602
548 791
650 892
507 855
296 741
641 845
113 276
177 303
445 448
186 772
571 598
249 53
99 490
603 627
588 46
529 8
783 894
543 385
808 794
236 502
910 921
810 872
227 574
244 478
194 258
801 270
942 889
876 63
425 486
944 247
412 149
638 231
20 307
446 52
219 433
829 195
616 5
65 586
674 387
453 188
496 36
177 423
146 713
350 132
306 134
947 382
766 463
518 276
213 581
699 481
652 900
104 588
574 891
527 725
85 766
595 332
486 605
719 490
597 835
647 937
520 713
945 941
352 716
796 611
107 356
202 718
452 274
447 742
940 825
521 927
351 588
590 71
308 714
267 830
464 673
13 362
736 1
404 178
158 319
698 137
614 151
207 668
702 753
941 262
238 459
532 925
219 47
201 252
107 161
871 730
120 288
72 97
80 387
353 340
616 492
413 522
154 590
33 296
550 127
908 848
16 308
922 82
351 916
739 220
51 581
13 142
409 881
74 411
525 422
391 290
906 340
238 522
66 17
887 246
131 103
627 478
806 783
578 381
621 715
76 378
303 164
177 371
101 370
793 872
689 288
565 483
557 891
3 555
879 464
189 270
429 559
265 695
495 941
603 74
948 204
597 376
654 694
174 473
171 526
926 607
355 602
335 255
11 41
557 901
726 225
689 164
853 127
329 44
942 638
702 261
715 456
54 418
93 248
333 917
313 896
493 174
213 142
148 304
16 81
370 27
229 829
618 786
467 753
45 490
476 511
331 62
595 341
845 685
639 282
549 948
481 714
752 762
643 691
9 222
568 357
442 554
568 76
510 330
450 389
724 657
863 944
452 630
496 841
578 909
342 296
886 92
147 320
550 627
342 325
483 126
102 602
14 451
462 546
898 202
287 380
199 431
632 841
867 125
179 939
236 155
463 440
575 591
868 446
401 321
196 399
457 665
549 382
769 497
679 617
315 787
429 950
194 31
338 140
925 46
295 770
852 360
842 283
172 830
167 286
769 69
825 222
946 523
333 824
110 286
539 716
618 697
568 294
829 566
249 463
695 592
66 732
634 46
524 854
531 742
185 287
407 711
95 711
951 118
241 564
752 615
944 896
659 857
896 511
946 180
394 423
298 881
550 109
122 58
618 134
747 709
185 392
852 561
924 505
119 527
686 842
800 668
175 46
343 354
342 363
427 793
954 448
867 204
441 9
795 439
266 832
632 240
731 744
100 835
218 268
514 69
935 150
625 675
293 159
548 758
947 27
648 896
358 343
259 180
633 276
126 893
5 212
723 413
944 729
353 535
13 558
593 578
704 655
512 36
517 162
849 378
652 92
196 165
292 518
777 694
340 155
326 247
391 52
678 895
661 341
884 463
867 822
896 268
392 359
530 925
7 218
193 117
650 455
780 792
411 288
350 559
394 724
539 464
384 422
815 708
534 602
839 831
121 591
512 855
550 14
184 256
119 911
392 76
412 673
539 399
855 82
923 651
81 854
166 571
272 206
623 99
731 286
64 756
357 847
538 737
544 270
20 324
942 934
625 56
648 600
417 133
431 526
196 369
396 270
112 395
723 342
306 862
717 530
14 220
948 144
293 644
179 798
182 600
331 904
190 757
408 385
208 278
610 828
548 173
532 525
590 481
811 928
162 383
249 47
876 626
458 178
343 393
944 81
378 283
639 303
554 774
827 320
923 469
408 74
54 633
818 57
333 401
23 241
933 714
849 415
146 327
146 632
170 757
290 104
647 709
286 828
790 707
883 578
362 356
641 561
286 41
635 97
393 178
71 830
286 645
403 89
749 433
191 837
447 822
736 137
885 799
818 181
918 505
110 9
902 741
383 777
80 875
208 427
161 104
817 949
20 89
700 694
592 433
465 354
205 10
680 415
30 819
113 759
668 52
176 341
213 275
444 243
920 683
661 150
739 85
723 88
553 386
352 287
175 22
836 242
270 793
600 658
787 289
385 171
65 366
313 854
203 651
237 570
189 89
946 439
584 954
804 657
242 237
742 540
348 919
780 814
568 324
578 891
108 237
910 826
93 351
589 504
683 51
802 251
380 722
189 466
34 707
245 117
418 872
842 354
777 302
181 559
203 257
233 67
350 718
365 818
752 273
701 262
102 669
305 691
723 265
238 200
507 510
24 954
299 509
397 549
640 502
53 682
639 589
213 768
943 877
194 286
125 384
234 893
593 497
850 901
70 504
656 747
308 181
530 519
235 699
297 342
287 159
782 913
424 760
830 106
34 473
624 429
732 579
727 309
782 821
236 770
36 622
913 364
275 629
447 133
805 157
794 473
157 947
16 193
210 200
116 865
53 82
873 74
513 117
210 753
465 287
362 926
946 722
658 865
648 762
320 609
721 607
856 82
769 303
60 737
932 536
705 673
331 825
452 950
185 460
723 138
788 288
677 278
169 549
406 40
406 405
190 933
823 905
110 794
858 337
535 676
452 208
119 580
744 869
699 825
563 129
318 772
483 310
759 530
779 764
606 296
435 722
631 532
203 619
561 155
335 927
686 822
36 124
561 581
852 774
527 917
259 393
474 667
388 857
549 311
77 500
794 925
770 129
99 830
397 601
329 132
680 371
185 35
742 642
666 364
878 740
152 102
264 285
279 743
77 716
763 411
368 286
487 314
68 413
279 741
870 737
436 933
107 868
849 549
851 301
183 86
265 43
568 532
549 892
228 416
16 340
423 274
940 633
25 741
705 479
798 470
836 580
166 749
43 763
532 808
797 114
576 726
653 420
626 660
357 368
785 749
801 827
807 878
279 296
705 910
516 260
755 572
34 566
230 174
115 307
680 106
110 618
820 153
840 908
704 569
33 15
568 578
100 573
503 644
476 693
413 341
648 442
207 759
597 103
907 141
855 953
924 937
471 354
567 164
143 410
386 889
832 945
647 200
75 766
634 111
508 41
544 103
309 44
125 669
758 930
724 14
146 109
474 312
888 675
552 911
519 579
813 376
507 486
431 952
357 722
624 119
70 315
87 679
854 96
252 165
228 948
582 796
600 793
589 694
237 371
612 629
7 72
205 114
297 842
247 38
516 57
95 94
138 329
906 248
568 814
154 426
622 794
406 622
785 752
523 302
856 271
447 709
511 209
846 684
511 411
915 937
574 925
373 606
725 839
382 180
221 207
735 626
194 502
937 542
75 787
445 837
380 404
284 912
853 912
370 551
469 273
315 894
565 660
287 721
343 835
812 303
427 497
133 464
615 799
949 258
939 497
496 578
946 459
93 596
485 220
625 828
665 734
188 40
365 685
781 895
786 505
187 406
182 512
794 463
679 137
571 337
212 751
787 19
939 193
690 521
370 145
453 140
135 611
441 612
614 481
230 48
480 322
754 817
775 792
754 928
805 485
113 777
292 950
25 830
377 28
584 862
49 212
240 125
386 412
313 842
271 84
488 532
825 82
618 86
300 56
144 509
601 605
245 253
113 557
6 528
308 789
68 427
441 61
698 583
690 225
282 523
357 509
922 921
236 41
361 824
729 375
383 799
466 281
30 861
242 937
905 136
881 860
918 412
135 402
843 97
722 80
167 240
677 300
900 808
874 932
54 98
788 546
226 261
26 869
603 115
693 868
720 494
303 931
905 904
273 537
699 308
475 920
483 932
744 522
45 355
576 275
883 273
468 145
771 914
944 91
745 818
198 677
310 786
31 766
520 661
144 487
244 914
408 687
457 240
460 912
173 332
631 742
457 423
233 208
726 319
784 141
319 598
616 801
749 14
358 840
172 235
589 204
823 107
514 653
907 600
430 751
6 714
306 727
169 709
20 80
499 609
249 71
943 51
72 931
553 283
239 174
929 332
920 363
221 635
93 360
589 707
890 149
856 188
280 657
127 418
832 682
560 481
947 333
424 216
623 337
233 371
816 228
672 303
51 99
242 53
72 375
651 366
495 882
227 905
559 899
632 378
458 101
210 865
723 828
365 765
212 613
108 505
213 730
62 864
105 372
373 145
357 91
561 566
661 808
349 405
307 768
565 213
641 276
245 476
370 273
393 598
272 783
356 251
578 180
695 630
33 865
659 412
66 364
105 114
114 592
621 609
803 413
295 145
926 768
684 749
655 555
891 570
512 653
492 180
851 160
373 746
622 456
265 139
426 529
811 388
563 150
521 448
138 926
111 494
425 19
856 757
855 425
870 225
520 26
111 663
272 123
533 954
739 557
952 340
867 10
319 155
907 264
846 882
561 841
806 61
51 675
49 579
825 623
177 236
249 590
558 184
28 95
658 828
523 581
567 622
826 193
189 631
771 511
6 894
814 555
773 904
493 96
140 349
435 580
396 719
803 508
826 728
406 327
224 222
191 472
523 42
352 720
499 404
600 708
871 505
860 283
385 682
922 928
317 5
637 96
153 106
335 439
720 117
641 164
113 6
803 354
910 173
853 710
689 897
528 583
344 260
444 136
723 903
855 34
193 464
537 857
88 456
888 92
112 364
106 420
369 474
37 42
881 865
194 85
51 10
949 895
826 681
383 860
239 327
233 73
867 261
43 320
230 100
755 890
471 232
457 926
912 671
81 703
2 806
660 955
812 60
145 522
858 288
763 14
83 38
370 225
494 7
843 586
442 419
204 821
621 846
431 464
201 94
211 277
656 479
350 267
715 26
543 94
825 367
322 819
639 780
335 947
844 693
661 667
948 766
462 660
286 776
2 469
612 479
763 611
589 829
645 707
554 297
704 447
791 276
252 330
174 609
2 345
528 694
289 954
236 642
481 761
346 152
521 422
534 677
445 270
907 900
612 542
471 606
356 559
183 274
815 178
210 528
304 877
494 588
383 191
262 258
91 410
25 144
670 46
357 747
661 505
169 585
690 213
756 498
424 149
115 398
626 92
603 394
74 869
632 519
786 97
486 551
544 589
561 592
146 330
499 861
515 876
476 35
780 833
462 815
460 127
756 733
636 102
66 363
100 928
429 611
227 550
310 904
910 310
886 859
316 948
131 14
346 917
468 342
736 926
907 54
742 94
131 635
760 191
197 174
404 561
75 906
85 41
31 35
626 422
593 874
582 355
705 544
582 701
491 382
935 369
365 290
784 737
444 134
246 192
767 138
81 537
680 882
552 74
738 97
634 11
295 485
615 410
871 916
780 60
929 471
536 160
210 725
823 526
665 939
868 895
913 135
297 22
436 904
943 611
947 660
552 514
932 436
485 17
558 500
573 192
525 269
333 895
900 468
266 423
263 200
732 859
946 311
295 890
643 200
502 139
655 229
767 623
212 811
723 310
777 528
313 297
885 339
560 653
592 84
806 539
175 790
201 307
417 314
643 168
493 487
230 355
43 953
765 888
723 815
339 911
897 608
311 324
450 251
29 103
299 730
142 571
257 178
764 908
659 429
874 318
406 251
786 504
701 664
87 56
829 637
729 137
310 758
199 382
445 69
370 372
447 831
898 621
635 682
508 52
51 669
233 223
352 141
929 667
898 58
113 34
237 916
242 129
616 575
868 268
134 341
45 248
812 183
942 501
105 494
62 854
906 818
888 84
701 393
534 877
798 220
465 150
716 117
216 871
777 316
343 905
482 1
787 866
655 685
360 738
729 44
803 891
814 76
720 748
307 679
101 252
172 515
659 591
943 299
755 291
50 808
547 41
471 253
653 159
736 316
282 667
323 270
861 1
618 693
118 252
770 18
2 842
269 459
744 667
954 667
518 916
615 476
599 183
677 473
118 137
582 349
196 277
873 620
643 137
701 321
421 572
442 795
49 902
916 730
946 136
940 506
358 308
646 857
514 46
357 934
597 514
742 738
334 149
826 464
45 496
242 328
517 614
935 411
362 304
513 361
548 757
408 950
421 102
539 587
467 404
948 382
430 934
465 518
198 277
844 893
661 97
512 934
195 433
81 395
528 205
283 930
342 50
110 234
78 386
520 759
676 439
587 260
782 746
479 256
253 94
791 415
322 374
353 610
554 830
912 630
516 792
867 236
286 927
574 287
5 168
773 415
244 772
584 899
435 455
681 573
720 591
364 320
743 440
78 912
771 296
418 40
189 571
940 304
394 46
193 930
684 904
811 820
506 501
499 948
483 466
735 296
115 418
853 384
72 490
449 629
868 877
250 69
662 605
194 693
24 375
705 134
471 209
600 498
491 636
485 916
393 538
454 181
617 256
717 699
344 511
828 601
37 889
70 588
755 21
182 349
125 551
120 632
762 231
426 38
143 85
878 436
317 215
735 706
577 676
277 351
469 680
460 706
568 366
369 864
691 596
697 741
214 868
861 37
437 33
396 699
779 481
753 27
298 905
528 868
162 209
796 411
634 904
369 904
228 231
120 17
362 180
662 341
148 616
805 58
757 72
162 862
944 907
867 774
733 46
621 589
706 427
3 776
383 796
323 541
686 309
805 434
614 676
476 681
108 882
31 751
59 354
483 691
437 889
322 518
245 876
595 591
951 909
148 429
672 915
628 859
666 254
219 53
53 178
338 725
555 46
218 667
939 524
182 521
840 294
415 459
645 792
808 252
729 605
239 631
886 257
736 725
616 578
748 940
334 90
470 660
550 864
148 113
532 828
369 351
305 695
484 262
307 402
915 103
170 878
267 179
371 72
847 170
7 571
838 528
886 562
750 277
326 847
65 606
182 635
397 898
224 90
685 479
317 21
107 937
430 299
762 150
293 601
452 952
804 789
318 756
334 509
28 901
356 140
383 596
147 247
686 601
590 708
318 692
640 37
60 526
625 300
892 271
611 96
297 225
465 724
865 349
162 171
805 256
765 729
465 55
539 168
327 607
76 793
529 379
372 500
677 293
445 871
930 150
820 626
176 932
143 275
700 57
649 67
8 35
543 876
86 254
879 478
911 928
183 332
727 651
121 947
709 525
769 178
849 226
750 478
552 196
529 645
223 743
338 359
585 277
309 372
30 438
152 775
482 868
651 577
874 47
499 925
463 586
906 277
293 698
873 446
140 685
2 380
650 285
350 374
951 314
779 381
782 669
873 52
110 181
197 296
628 694
113 879
952 89
73 647
263 88
104 609
826 102
704 455
512 556
681 787
5 293
504 173
720 775
774 247
177 662
561 679
151 27
4 630
846 105
120 260
786 626
43 192
196 481
790 434
352 263
368 208
913 571
419 99
233 713
845 180
3 495
621 322
437 580
690 511
340 114
552 394
527 411
947 608
803 570
268 451
194 425
703 889
820 758
584 723
184 217
632 817
81 338
412 312
950 27
228 127
952 677
765 581
390 54
946 277
858 671
298 61
304 63
668 954
339 165
903 954
704 611
185 171
414 340
568 390
494 273
428 757
188 878
433 209
568 646
944 44
212 809
394 875
80 955
419 945
511 281
480 549
225 195
113 831
943 106
113 530
164 921
924 775
130 824
907 355
582 739
237 319
313 262
194 667
815 675
481 412
695 217
103 381
914 866
112 141
750 160
672 702
711 252
465 614
167 800
799 627
213 433
318 858
456 106
253 22
141 98
404 99
837 691
914 741
466 882
203 561
265 664
564 628
678 760
466 283
576 56
346 22
950 889
544 897
578 473
172 908
406 118
396 293
17 192
755 677
883 514
615 174
938 209
548 440
853 170
406 44
732 225
535 379
593 490
230 730
200 243
648 631
120 263
45 732
306 348
746 118
747 94
462 396
21 762
335 684
906 274
143 834
706 660
18 598
406 156
280 861
705 367
64 211
927 808
890 102
199 953
495 848
847 390
101 787
530 888
62 52
779 872
669 637
361 243
70 306
662 35
513 244
277 32
306 42
362 117
622 82
275 349
780 592
444 269
746 264
849 891
815 948
465 387
339 390
742 499
603 356
892 859
154 440
631 866
861 685
554 516
297 251
932 149
750 880
66 939
917 607
697 16
513 205
692 797
466 311
590 740
355 440
413 382
188 941
873 164
680 608
676 594
277 102
453 387
833 629
659 401
380 871
723 398
898 215
462 297
792 691
924 132
75 324
649 158
678 68
529 925
878 822
731 654
868 708
531 86
948 428
632 673
169 280
281 490
530 463
350 798
631 901
686 572
405 955
191 413
368 794
273 477
91 579
37 296
18 651
739 142
199 92
533 174
5 855
512 570
30 799
901 493
498 449
383 746
758 629
167 719
120 556
329 664
927 583
431 53
123 646
253 60
887 396
114 42
12 32
920 567
329 202
413 19
879 751
612 411
376 262
346 808
572 141
867 557
49 766
157 925
395 501
656 269
369 255
158 821
485 387
903 40
182 794
806 721
362 643
398 158
295 469
148 288
951 902
646 644
689 174
566 473
120 270
93 508
750 875
800 474
576 714
911 954
475 368
868 8
445 622
136 433
666 571
943 367
886 815
3 689
253 860
462 387
66 62
737 278
78 922
739 240
371 525
829 375
471 343
30 313
172 514
512 828
29 561
718 402
870 758
245 478
704 532
641 31
51 459
245 522
844 304
642 744
307 384
564 291
397 29
315 22
414 540
189 950
401 53
372 215
867 466
881 168
326 817
119 345
188 670
931 258
109 894
927 919
388 842
756 274
850 629
474 376
4 941
378 439
203 950
343 47
695 954
305 791
641 362
236 331
795 849
720 843
62 706
471 814
153 809
236 379
585 510
515 540
491 341
513 643
843 90
467 259
353 88
68 132
124 596
140 231
157 934
797 325
549 283
779 892
568 210
346 105
856 625
56 793
692 523
589 83
310 744
585 330
149 374
765 569
56 433
452 379
597 662
116 479
696 153
185 694
454 425
708 588
853 201
812 304
701 655
307 698
341 330
406 436
254 20
494 757
177 7
35 526
661 768
304 106
396 859
476 642
483 617
634 830
172 569
910 443
300 412
347 123
331 292
545 773
892 527
856 815
717 452
78 340
65 485
233 646
407 834
881 522
483 636
826 891
913 103
681 882
344 371
544 830
614 934
648 52
900 330
437 846
837 834
937 271
471 496
374 165
524 191
840 288
305 82
886 76
360 334
620 478
678 273
322 291
799 478
435 917
487 8
811 738
305 181
235 276
305 733
496 886
602 824
339 301
764 608
950 921
614 279
742 644
546 766
235 448
618 299
170 85
628 40
676 168
135 274
452 772
352 81
463 302
212 478
771 813
560 774
584 504
30 457
853 382
851 826
821 311
282 877
101 231
574 48
65 709
858 255
408 675
736 931
167 674
755 417
443 215
898 245
672 194
413 573
208 48
140 252
720 625
785 539
59 423
852 741
922 440
71 793
217 251
582 104
532 82
196 848
325 72
817 611
641 875
566 857
834 525
417 658
716 337
126 38
896 588
508 525
520 578
726 835
299 79
110 921
241 416
896 523
266 812
651 220
662 839
187 362
878 709
45 192
452 559
199 641
191 895
935 937
532 327
840 378
246 240
901 417
666 115
529 417
621 542
717 911
91 402
844 83
310 304
926 102
812 547
884 690
295 650
736 775
283 381
313 797
362 80
435 370
887 321
113 417
14 756
843 195
158 542
678 651
476 133
651 459
606 351
620 56
355 577
799 393
274 484
893 877
521 523
871 629
943 817
223 675
767 329
188 547
196 144
779 414
702 79
728 173
729 76
851 755
468 63
550 936
933 757
782 417
784 772
197 73
353 761
678 833
832 835
633 366
818 606
750 834
388 609
450 644
496 674
661 138
912 50
162 952
468 633
17 899
427 768
108 134
884 55
681 541
508 606
639 819
606 164
218 702
421 675
829 106
876 72
207 215
871 894
169 900
557 393
499 559
910 399
339 942
254 623
726 602
693 215
272 151
671 151
426 892
399 35
167 500
835 155
264 349
846 689
122 412
651 477
238 134
39 390
723 382
291 55
235 142
736 66
411 103
266 563
615 923
245 406
643 737
795 367
750 708
252 664
69 523
7 153
785 72
754 810
719 360
863 481
310 173
403 472
78 782
823 419
265 123
413 9
191 160
86 675
471 210
115 106
107 18
362 395
726 592
767 585
241 730
678 514
902 747
584 263
688 953
641 264
612 261
148 152
9 422
197 117
755 858
541 268
163 543
25 341
166 779
216 942
508 928
906 841
64 612
574 835
763 60
66 442
244 420
318 178
295 27
205 142
624 626
397 508
366 459
406 291
246 766
868 321
419 404
584 135
457 316
445 892
695 173
695 601
747 644
197 518
138 905
45 398
837 676
690 724
480 400
39 613
141 349
27 608
920 711
918 572
262 857
152 97
54 484
780 344
358 701
95 144
798 145
687 456
767 544
552 155
66 179
172 216
764 71
245 43
30 178
774 647
162 332
618 177
845 542
615 119
230 928
474 150
666 73
920 505
742 733
483 364
852 736
80 537
498 46
719 625
626 751
116 776
765 592
101 29
449 921
762 85
323 583
565 73
695 660
191 809
299 94
437 188
143 132
483 268
203 46
676 178
606 137
228 412
286 818
126 97
58 455
851 218
147 310
122 35
929 108
152 470
167 367
873 845
26 841
265 95
423 919
723 257
362 86
491 398
929 850
343 539
884 546
402 538
695 569
760 808
475 646
612 506
666 153
183 557
881 277
620 487
732 402
584 93
404 273
671 302
406 927
695 523
157 675
644 129
891 341
196 19
231 831
158 27
141 283
699 363
338 398
610 778
782 807
16 711
477 349
306 425
379 526
771 399
121 46
529 294
710 104
145 117
517 416
109 617
600 280
430 51
633 136
929 571
397 369
576 94
880 859
853 98
727 351
752 115
229 240
333 526
662 724
188 450
590 592
186 942
880 464
853 90
143 3
107 685
392 205
198 892
708 145
717 919
642 619
318 435
175 822
655 367
186 549
83 464
849 372
373 87
632 281
23 398
335 400
211 479
589 809
20 27
227 770
726 19
189 447
83 321
796 566
265 663
435 583
528 670
488 556
874 762
344 302
845 225
189 809
939 126
674 566
918 245
613 103
669 592
796 324
403 581
893 285
112 386
235 149
494 739
210 35
568 129
248 11
306 532
552 786
179 242
465 687
339 413
656 739
752 608
782 262
883 718
712 545
457 719
147 877
689 248
475 247
535 382
746 590
636 901
24 285
462 241
362 716
458 92
176 445
421 501
905 223
306 903
452 99
447 282
874 751
752 931
507 638
190 714
742 342
193 682
241 489
213 837
141 137
915 425
947 6
68 151
827 579
785 830
138 708
57 611
137 171
665 136
442 436
690 85
43 205
316 6
131 909
712 47
331 947
778 332
74 633
782 416
264 192
277 56
902 246
23 194
517 791
73 817
307 395
393 348
734 570
595 196
143 832
315 495
397 479
73 834
309 60
533 155
795 824
628 251
103 52
170 617
154 661
140 633
671 794
381 149
390 328
491 249
104 300
76 102
503 51
238 67
927 605
320 405
234 694
111 911
494 819
534 1
326 805
656 368
186 478
496 778
863 463
861 325
722 62
218 160
773 117
255 269
803 608
565 332
186 366
515 679
498 598
441 639
785 507
104 497
755 445
163 22
940 117
941 522
64 571
634 782
535 125
427 449
752 185
701 313
654 495
415 478
94 137
549 514
154 276
540 775
157 461
515 514
119 337
123 893
640 85
646 922
336 738
765 766
469 709
118 220
508 904
396 875
621 814
534 335
21 586
109 472
794 669
585 44
500 137
538 224
318 560
606 588
932 451
270 423
471 425
616 628
317 28
172 158
534 478
779 478
916 569
938 159
93 920
339 268
270 538
582 275
188 623
813 635
167 220
727 354
441 59
906 694
550 31
751 134
942 783
945 395
799 869
107 164
568 378
736 436
179 636
266 720
552 882
795 278
486 217
359 542
847 830
846 363
234 525
915 86
430 21
142 505
688 334
661 524
372 174
541 786
856 527
299 889
32 94
421 328
512 505
78 678
95 304
253 140
323 549
554 16
176 393
280 817
641 378
678 76
762 953
624 101
768 217
438 821
437 920
674 732
421 925
247 206
16 36
779 601
795 874
340 543
426 287
10 608
683 260
391 573
620 738
104 225
717 105
170 405
62 839
736 435
83 261
514 334
482 696
676 821
500 753
942 44
213 733
298 418
782 760
700 47
119 516
712 774
920 821
120 775
945 328
897 27
120 222
211 427
936 542
534 714
863 355
131 242
138 534
286 838
86 664
883 525
249 664
458 204
844 51
642 400
454 171
127 129
761 607
908 497
169 230
636 611
454 745
801 894
163 643
529 505
687 291
145 97
85 737
883 941
593 653
597 286
889 526
85 269
265 545
193 694
369 4
238 355
326 826
885 282
861 102
39 138
24 420
876 411
754 874
230 79
454 23
817 387
701 653
267 85
805 611
88 420
344 142
462 914
250 694
623 841
303 500
245 939
123 208
471 647
211 463
534 653
197 69
572 877
784 733
30 736
629 737
339 692
88 538
699 255
790 268
101 151
460 679
503 271
75 252
727 857
507 446
188 257
45 378
817 721
393 31
632 822
221 16
270 273
36 842
212 604
380 436
654 340
394 786
856 319
109 160
707 405
196 133
207 321
95 579
436 262
357 674
249 725
242 861
164 841
557 842
400 592
750 592
95 829
435 312
755 215
107 826
2 610
392 633
755 220
21 380
221 810
379 4
634 36
313 905
113 495
162 318
485 864
716 758
280 200
305 937
576 684
174 839
944 132
767 871
409 577
431 670
885 692
333 285
613 667
476 171
906 35
406 309
304 243
773 893
665 206
309 268
183 327
559 273
890 421
846 115
303 91
182 875
832 924
587 44
901 709
185 362
203 399
377 601
241 715
511 461
874 858
651 44
806 620
599 486
628 257
369 380
874 655
248 99
207 196
212 636
204 588
678 591
481 919
552 19
45 420
462 17
183 760
801 523
33 927
810 71
584 766
353 81
239 759
599 296
241 518
442 146
112 791
816 820
496 87
943 139
626 134
153 337
453 497
394 728
806 722
59 854
674 99
503 282
935 151
180 602
603 804
406 92
400 889
286 9
95 809
709 608
906 428
405 569
529 484
663 190
441 145
120 884
198 265
158 706
751 158
185 909
3 598
33 808
734 361
122 598
200 345
589 276
186 643
383 285
117 324
277 109
852 914
469 866
210 848
207 191
196 528
26 464
431 750
303 576
806 622
520 167
662 440
492 759
255 455
785 649
621 297
254 269
182 869
452 741
255 646
608 84
935 859
689 219
534 774
704 726
481 34
944 226
103 738
335 683
132 258
523 526
267 129
715 635
447 888
890 470
697 519
887 332
429 592
554 67
53 523
654 487
535 476
362 278
926 899
190 685
442 608
550 434
259 933
345 916
303 268
789 660
215 675
235 753
529 418
710 51
313 209
711 537
174 302
460 647
122 244
444 211
541 523
503 940
413 493
550 400
922 156
452 218
807 569
764 473
851 19
292 226
397 742
115 191
266 788
583 389
717 901
124 630
259 605
185 610
940 511
661 861
649 791
545 820
873 434
915 870
634 829
205 451
659 628
641 505
460 329
521 897
703 44
73 195
767 211
235 182
77 184
647 838
362 12
687 173
119 262
724 102
430 281
710 637
935 396
739 657
388 80
528 367
799 230
91 374
689 252
613 635
696 493
435 564
727 332
424 947
705 722
680 891
793 217
588 82
170 828
408 354
437 756
748 758
363 405
803 594
826 642
736 334
951 558
828 269
519 90
51 611
465 540
437 464
867 776
444 575
462 487
49 328
37 498
461 522
292 224
901 262
61 473
460 626
952 379
879 398
338 10
205 487
128 809
943 680
649 605
616 653
633 730
120 718
447 601
829 732
154 850
349 106
873 544
739 499
492 710
297 384
796 843
463 334
413 810
190 738
908 633
656 953
4 285
840 798
66 345
346 647
918 542
441 350
838 159
815 98
719 926
438 222
198 105
783 386
70 201
348 698
659 550
514 300
331 728
66 138
513 820
335 106
479 526
820 11
678 313
940 610
234 84
924 29
892 689
6 240
558 97
365 525
488 764
163 753
834 559
573 228
254 871
918 615
704 31
271 691
253 281
853 552
940 609
939 495
311 526
214 828
627 106
58 158
898 45
25 260
469 144
548 216
434 252
236 896
867 900
888 351
409 674
898 153
190 627
309 82
64 710
75 901
847 31
469 683
315 690
315 114
507 83
462 179
238 676
895 106
297 190
696 808
779 287
725 321
672 60
53 385
572 859
840 394
123 630
2 902
194 490
544 20
123 378
885 542
790 439
213 88
484 136
885 943
772 97
288 337
836 367
617 477
187 344
303 690
846 409
535 344
515 304
852 489
543 671
793 877
133 714
233 471
703 422
298 301
780 155
145 51
545 756
536 96
198 571
867 633
890 910
23 481
347 902
925 260
392 955
558 104
565 56
30 554
75 423
81 31
412 569
80 158
473 630
305 132
944 31
855 477
873 820
212 215
508 866
431 443
9 52
5 764
616 781
187 695
921 866
280 320
873 220
896 463
884 90
229 572
298 267
508 642
186 369
925 570
383 427
120 818
424 670
922 456
687 129
16 872
66 530
20 644
185 145
230 756
927 142
787 842
157 73
48 405
101 342
51 875
658 334
512 761
384 136
419 817
616 254
372 566
531 829
491 953
900 809
54 675
674 456
930 136
206 664
198 918
836 758
408 142
639 175
913 220
197 94
907 108
272 950
352 629
517 12
579 955
38 525
73 174
531 625
550 861
656 294
524 668
895 673
169 12
485 74
78 638
793 171
458 86
678 854
483 464
785 755
452 824
4 455
170 349
781 543
471 248
795 237
554 195
335 586
686 66
717 693
7 374
73 342
122 293
908 868
264 433
823 525
704 159
892 256
624 125
317 839
350 429
699 268
798 156
214 796
340 950
894 525
886 914
166 836
30 897
689 608
219 504
623 328
111 820
266 442
548 231
700 610
220 609
476 763
499 274
272 420
704 117
723 500
684 173
822 141
918 503
91 320
468 897
665 221
