884 6540
829 386
41 152
126 270
258 469
402 106
525 181
724 878
755 243
411 485
478 444
805 607
559 568
677 73
839 45
811 319
402 218
169 96
566 165
256 84
343 541
198 480
697 595
235 256
297 42
92 252
114 823
239 753
642 34
89 660
348 701
275 218
714 209
847 467
350 596
612 662
816 1
108 556
748 96
635 870
316 529
622 480
855 601
744 766
331 654
632 236
230 343
113 192
229 250
370 761
634 526
213 737
45 884
486 367
465 7
628 56
428 22
270 607
639 148
17 123
685 163
713 533
44 541
82 356
500 263
322 801
487 609
645 758
283 562
709 289
104 833
592 437
715 230
68 157
411 111
730 223
144 360
631 132
525 647
797 243
498 721
498 224
747 318
481 744
779 433
2 490
176 81
798 537
423 419
439 696
274 758
238 644
263 530
210 28
91 812
787 835
631 398
735 649
573 637
133 227
69 156
392 128
806 487
54 62
264 467
374 701
392 592
490 368
60 213
806 50
300 17
33 452
543 396
91 844
745 351
324 373
292 436
694 423
616 111
489 608
884 180
35 319
632 95
519 236
648 513
250 79
801 667
622 162
844 418
501 205
541 329
762 27
439 373
141 786
188 29
4 460
749 365
761 53
301 839
751 56
67 177
496 747
484 587
205 307
96 476
228 688
580 679
528 625
531 796
131 618
186 244
244 336
403 874
263 738
134 221
755 137
785 821
85 586
415 675
836 788
79 263
734 735
143 628
108 859
638 624
398 278
17 410
24 505
789 127
610 612
121 771
91 26
168 67
400 170
745 314
505 6
237 173
430 590
201 140
31 619
571 584
706 486
386 172
48 831
333 770
358 569
586 383
347 719
61 847
532 700
119 156
38 266
349 514
74 174
788 298
557 467
145 779
731 720
727 405
689 23
793 185
644 804
801 807
716 125
63 302
464 394
664 185
20 564
337 826
131 253
362 515
226 561
11 373
356 422
450 379
839 501
122 593
184 91
161 194
748 733
670 321
355 691
244 413
245 264
804 826
53 836
496 398
343 185
337 744
261 62
59 375
165 823
535 700
687 68
275 662
289 2
873 706
687 275
238 301
284 801
843 803
308 271
445 117
377 181
418 687
735 724
563 608
563 724
8 216
801 403
327 95
92 63
14 54
746 252
484 170
768 136
138 85
124 138
452 547
161 574
421 4
433 744
466 763
128 30
226 379
689 400
454 198
258 106
361 540
426 309
86 359
200 228
450 219
880 397
278 592
518 329
397 593
96 247
284 154
433 227
502 241
168 680
152 731
406 226
611 180
123 345
162 808
769 822
585 824
472 335
404 781
17 57
269 852
482 411
35 771
305 676
373 260
101 694
350 10
128 477
44 884
676 597
775 828
294 536
555 509
723 773
27 769
407 102
513 824
183 96
383 511
344 404
16 828
852 486
185 417
158 846
428 275
880 299
711 485
713 770
612 112
181 606
762 338
544 122
56 532
250 99
853 81
285 309
395 68
315 873
873 623
353 81
769 151
716 37
380 673
521 726
592 40
619 329
450 268
263 528
776 763
134 473
717 213
379 234
448 874
448 795
428 303
238 258
51 769
718 483
486 449
376 409
708 214
757 802
13 775
276 100
701 264
806 588
656 814
282 108
507 753
770 373
513 5
136 83
833 128
465 412
658 384
859 572
809 654
779 128
735 589
830 768
141 590
702 159
774 369
44 695
74 311
655 859
182 831
421 436
445 326
720 371
599 297
140 300
710 666
192 128
44 815
173 207
339 332
262 832
717 80
273 873
80 363
626 388
673 341
508 750
779 374
622 336
535 86
198 763
633 537
111 233
868 347
288 652
291 130
709 257
597 465
242 553
80 701
96 591
377 46
798 526
752 275
23 161
280 172
296 270
562 828
75 594
786 441
40 833
137 547
393 603
653 86
41 19
352 769
45 875
398 780
391 596
233 549
600 408
273 803
615 713
179 584
229 357
746 53
824 12
566 818
212 615
569 710
177 176
57 362
296 28
625 441
278 413
548 215
236 130
450 327
27 66
880 421
14 195
792 595
224 528
549 491
212 883
789 753
670 536
207 535
292 449
407 645
790 755
764 120
512 571
117 655
820 397
331 683
812 700
50 584
828 255
522 1
288 660
686 162
734 269
517 75
457 235
426 269
642 77
877 418
292 372
372 872
322 808
576 619
884 846
404 768
138 677
742 145
332 192
204 450
336 432
191 45
28 361
78 498
512 491
758 77
777 850
457 644
238 6
184 618
157 209
718 444
754 789
778 390
99 723
745 761
250 860
801 505
491 778
183 571
133 230
592 85
235 291
449 69
624 251
315 577
570 601
133 609
225 588
174 866
398 446
199 135
98 530
479 200
72 552
602 204
651 565
167 656
679 355
242 506
684 102
492 309
652 371
853 810
826 691
270 502
767 359
259 750
298 220
163 365
93 283
841 62
688 656
223 637
712 349
324 44
231 559
450 539
266 455
637 93
235 330
93 574
478 88
511 370
691 768
346 796
661 618
133 603
483 63
383 170
143 397
275 683
289 417
86 721
622 344
219 14
132 568
397 428
11 795
736 647
342 492
496 697
249 801
39 595
744 510
615 515
103 75
456 721
76 216
643 723
34 730
467 281
337 625
148 306
658 88
13 843
153 835
617 77
7 489
247 836
512 781
621 558
199 836
527 274
770 563
4 690
499 224
669 405
736 76
155 693
738 128
603 869
650 344
589 88
410 182
460 607
81 771
49 618
278 246
470 336
144 520
855 210
115 823
880 416
834 173
421 531
762 557
600 765
683 417
821 206
690 266
574 679
169 818
521 463
263 157
371 803
519 737
624 225
439 399
36 597
537 72
706 632
874 869
854 460
57 408
534 740
347 879
352 135
183 164
866 357
586 711
110 426
634 395
548 347
386 148
834 342
864 11
152 779
60 671
543 782
221 49
34 491
790 816
818 133
613 863
405 518
776 277
68 837
879 653
458 264
488 482
473 272
722 121
396 333
29 682
27 745
633 335
40 688
582 153
804 121
320 3
775 641
497 286
783 129
319 834
68 776
346 729
274 604
659 615
234 871
536 611
447 84
88 280
154 535
710 96
740 385
554 711
606 687
420 236
529 775
625 569
411 863
835 391
476 460
383 104
196 7
521 55
145 856
77 65
539 550
747 201
684 682
535 397
863 645
248 627
144 729
132 726
855 551
366 339
460 588
855 23
191 869
647 757
658 114
316 83
82 444
305 481
516 8
523 703
134 575
262 450
71 246
154 274
380 826
730 2
151 115
760 883
131 827
210 696
498 869
875 549
691 178
648 515
116 816
455 274
518 333
260 619
439 199
496 256
283 53
421 761
437 14
612 85
429 215
430 683
320 393
876 363
162 660
587 212
597 214
481 418
553 89
345 329
153 207
326 860
440 679
80 318
471 356
791 80
29 80
590 461
205 440
657 863
273 769
865 813
252 324
633 80
724 649
792 229
853 148
643 721
183 523
674 453
208 606
859 490
827 809
191 607
25 782
49 472
40 674
669 535
141 465
808 86
87 365
604 850
678 423
663 859
772 618
269 25
584 862
706 326
755 603
327 651
375 574
63 213
7 760
765 172
411 595
176 45
690 622
10 445
676 110
298 871
294 686
717 616
588 151
778 256
504 433
617 539
614 574
863 833
31 327
475 399
80 424
147 814
801 564
282 80
258 726
644 163
814 82
420 537
858 122
285 287
167 579
54 49
612 178
810 878
577 116
817 693
593 105
20 440
393 171
811 505
509 23
420 457
858 17
165 397
826 217
618 779
222 431
599 117
59 19
220 828
844 134
493 6
765 858
801 177
368 456
293 499
369 261
495 123
565 442
396 173
583 523
379 392
362 744
574 292
47 435
482 303
800 120
732 232
608 735
444 697
648 512
604 427
273 147
286 1
41 765
832 672
109 409
813 271
78 865
734 349
173 648
603 170
658 523
434 417
499 450
694 165
347 612
235 521
364 344
800 27
563 287
362 695
437 577
21 339
840 26
200 554
395 538
478 243
738 574
700 138
618 64
435 457
417 391
56 804
221 603
608 667
163 234
843 799
231 630
554 72
690 374
422 769
611 831
252 769
696 640
544 545
306 776
585 287
233 357
299 577
118 826
794 127
150 633
774 371
82 598
26 212
246 255
503 572
849 468
708 288
665 752
392 744
796 732
655 132
58 246
469 694
608 395
484 285
104 409
428 367
262 62
461 80
212 30
674 451
682 711
380 722
684 585
776 268
408 473
186 306
625 154
728 484
826 495
783 379
439 732
808 13
535 655
204 170
394 179
192 525
719 537
772 625
660 271
224 757
645 520
113 537
435 208
548 163
202 303
626 396
254 619
408 18
376 825
89 16
388 542
685 433
467 794
180 572
542 664
759 843
199 176
744 254
334 604
61 318
559 742
51 85
132 718
499 805
803 769
50 598
642 750
686 4
444 554
3 138
226 294
9 154
720 257
255 792
181 230
213 503
393 296
843 218
858 429
863 877
573 591
55 785
648 467
778 274
565 341
793 609
59 400
649 824
96 736
517 254
841 802
864 674
566 263
831 43
474 279
875 669
771 453
116 778
315 883
225 789
536 316
626 869
162 605
179 721
457 843
408 316
475 211
872 389
13 593
593 197
660 183
612 70
338 244
351 289
273 137
821 463
358 252
407 226
451 775
358 48
520 90
525 496
829 827
729 70
773 112
352 484
362 781
635 702
280 261
314 795
273 258
294 669
402 741
489 800
621 332
649 50
491 689
133 72
757 471
52 82
488 838
464 491
132 444
660 224
396 6
48 778
21 338
711 848
647 748
683 485
412 104
824 186
869 653
462 145
173 793
69 339
357 587
594 522
447 864
338 786
250 671
624 857
365 130
554 427
185 540
726 267
788 806
762 563
166 512
713 562
109 76
248 711
461 323
884 834
755 712
862 293
27 79
588 102
503 574
141 531
758 426
802 242
237 478
661 109
233 761
119 32
20 586
367 443
661 28
842 69
610 115
619 825
46 124
587 1
519 472
789 883
85 212
287 118
444 750
51 499
120 251
103 688
275 147
308 61
191 493
250 836
217 108
413 447
6 445
31 272
140 758
140 489
750 447
862 765
401 531
743 408
315 345
93 868
676 770
644 687
866 782
823 68
591 540
865 878
430 317
452 34
537 363
439 472
226 677
869 447
531 526
700 419
818 561
173 325
241 563
1 871
541 474
491 752
263 317
772 305
370 305
612 28
823 231
25 856
117 430
412 51
723 441
359 668
481 844
38 139
507 798
560 165
247 21
141 354
706 613
485 733
474 29
179 700
413 228
818 55
380 223
204 858
365 525
437 241
457 669
110 607
146 740
816 602
506 623
677 606
769 28
691 92
72 845
384 475
744 737
422 668
790 114
105 610
405 475
142 389
436 23
420 825
401 149
356 118
813 561
680 730
616 29
522 118
843 32
354 669
252 531
462 20
852 389
546 278
74 213
775 744
576 160
293 778
542 743
304 290
554 434
88 778
553 297
133 87
159 134
490 872
482 420
207 443
365 253
573 495
691 308
633 844
675 522
461 325
858 550
465 786
579 508
263 359
577 413
562 623
182 306
741 289
710 860
661 602
487 643
566 75
22 514
861 753
797 676
181 172
462 32
622 388
541 810
446 751
573 71
137 445
862 324
256 249
122 226
341 348
308 820
623 369
879 245
727 751
400 427
775 53
702 277
358 362
475 477
482 698
753 229
177 102
13 717
319 330
189 190
269 293
180 792
80 628
168 802
129 329
560 131
753 874
395 863
396 709
444 400
129 386
660 547
676 24
517 803
810 272
34 548
408 150
601 569
169 25
329 720
564 106
602 870
519 122
593 29
358 60
87 423
637 439
390 116
801 396
249 251
150 320
97 628
103 297
866 215
697 286
278 601
311 545
512 871
1 664
733 132
645 127
672 233
23 76
376 809
585 530
253 88
20 434
707 842
242 620
52 211
173 762
752 736
447 690
496 664
583 439
861 331
60 672
339 198
338 132
457 472
707 868
197 51
624 380
713 353
676 3
92 356
606 656
399 448
410 804
736 545
481 504
220 475
493 726
695 676
213 522
296 445
779 147
771 295
17 863
454 510
288 809
207 272
827 690
334 349
6 394
547 777
579 321
757 229
707 246
823 364
200 417
812 78
174 104
778 61
620 401
853 237
51 607
738 267
365 187
879 366
235 834
535 553
85 333
318 281
696 191
83 186
129 846
845 144
509 316
538 472
397 659
615 625
845 560
585 582
88 222
187 92
793 571
455 55
864 82
533 804
791 826
378 864
595 305
500 456
38 505
606 669
398 386
498 238
31 716
869 352
364 468
277 716
240 884
274 247
664 589
772 776
311 737
734 870
402 777
865 755
715 684
426 455
288 390
121 371
754 209
750 48
80 224
771 245
221 565
620 739
305 157
295 99
401 594
79 247
170 388
157 175
473 66
390 734
597 288
747 816
85 353
521 62
106 862
668 808
347 647
590 231
445 352
434 173
187 759
525 276
700 731
199 738
455 365
749 757
725 854
392 425
293 38
238 171
399 828
228 547
78 586
12 692
147 444
284 27
328 785
822 440
12 762
497 164
686 767
844 768
8 505
74 150
260 716
477 227
135 342
694 106
337 545
526 379
847 854
421 660
328 337
154 809
832 409
176 618
174 203
238 140
81 370
323 284
307 834
423 800
352 728
333 772
805 580
443 879
713 411
344 847
645 872
76 626
47 446
196 292
172 857
260 562
536 466
445 145
97 641
814 569
153 426
182 471
681 2
678 859
18 73
320 472
592 135
4 235
230 646
366 739
213 296
358 124
808 849
723 878
119 137
425 6
315 279
246 467
674 694
754 446
712 189
744 596
607 90
599 134
477 180
520 144
852 587
68 297
632 717
301 625
20 722
856 819
472 14
774 232
463 581
735 372
173 706
702 235
625 512
615 42
694 798
308 474
619 597
452 550
329 723
295 306
77 118
593 135
794 55
238 417
452 534
438 339
664 159
586 296
140 38
190 668
719 327
846 562
150 522
236 873
840 834
145 596
298 261
487 395
778 276
302 648
4 825
412 124
266 749
802 463
190 792
480 75
677 254
76 501
205 634
39 520
85 453
878 760
866 220
400 572
784 487
208 748
455 259
102 119
258 554
421 199
399 39
622 123
706 494
481 655
499 474
233 781
150 444
171 522
784 475
701 756
84 600
606 207
189 422
360 442
761 677
583 299
630 652
507 287
31 492
509 303
132 89
607 754
170 877
880 791
57 248
608 168
833 711
573 690
863 860
626 231
169 259
501 358
38 685
330 758
504 311
340 521
716 312
181 396
449 119
689 705
257 493
31 325
161 393
188 766
671 156
787 350
874 627
196 597
322 296
752 103
427 20
839 685
808 614
823 419
250 760
9 774
31 757
420 430
660 459
222 622
764 548
657 683
622 347
111 343
173 797
755 771
524 764
734 737
158 431
475 170
267 134
257 497
386 852
229 524
432 473
182 803
420 742
169 398
85 641
75 496
238 327
160 781
746 774
281 268
190 393
505 73
445 774
81 47
591 584
433 879
631 238
22 571
665 468
539 683
373 163
145 675
356 21
757 170
217 201
509 637
131 512
812 765
794 845
144 188
708 705
106 604
500 550
387 403
668 491
41 637
23 576
720 544
289 816
448 593
312 634
322 631
767 596
761 762
467 809
224 770
10 528
788 879
84 837
624 464
710 198
812 235
147 443
694 497
259 1
195 207
507 718
127 160
128 488
458 854
366 477
636 148
369 253
192 682
142 633
702 568
157 427
546 815
752 808
420 866
514 397
716 769
611 342
73 309
366 252
265 871
31 77
606 363
665 790
456 336
704 586
318 144
784 584
752 508
622 21
708 354
799 321
493 650
300 690
456 402
248 668
363 752
789 731
115 24
514 716
48 403
488 655
380 504
237 470
641 883
311 400
847 289
647 571
51 568
673 73
521 324
782 554
653 163
148 746
318 149
537 108
370 600
190 29
306 16
465 53
549 563
288 268
766 585
762 25
561 661
826 89
352 374
786 864
513 31
769 102
242 841
578 615
755 427
546 609
31 387
491 164
10 426
384 405
256 82
83 550
202 787
638 846
486 433
594 578
504 31
526 630
689 633
184 282
241 15
627 420
160 85
401 262
296 209
219 587
365 622
464 185
686 157
390 374
150 108
129 711
78 104
200 691
767 312
559 701
678 45
501 123
807 709
157 563
377 441
644 557
759 311
342 681
225 86
17 552
705 790
698 806
587 507
613 337
592 122
858 200
462 781
646 761
464 735
356 355
343 202
445 683
428 260
648 639
6 868
293 383
182 750
139 423
248 450
399 416
578 326
548 314
133 824
467 708
813 299
757 337
588 71
563 196
688 208
357 268
827 653
207 815
581 377
126 185
218 674
510 160
263 598
296 266
707 722
458 772
673 689
843 20
861 88
720 41
36 213
464 283
440 187
372 667
439 704
575 131
664 11
463 492
710 795
593 702
155 684
219 116
704 509
730 1
246 670
30 151
492 110
744 437
347 558
288 844
618 377
526 328
695 11
592 215
416 568
667 227
874 552
61 570
442 337
189 300
138 766
279 562
477 651
436 356
553 316
33 594
404 639
155 104
674 154
466 90
335 615
721 367
658 650
833 328
147 619
54 350
521 479
49 555
233 618
853 761
680 154
194 43
883 346
623 318
790 429
576 127
345 801
404 836
7 583
148 725
399 19
240 404
664 494
443 867
779 357
831 32
614 336
386 62
135 266
400 631
503 257
243 729
407 161
3 541
150 228
281 605
510 140
635 368
663 394
535 124
864 317
486 391
26 458
802 445
624 218
764 702
67 727
98 753
261 730
872 842
840 213
563 411
629 664
193 383
661 605
588 677
304 840
307 124
855 527
858 861
570 240
439 772
164 42
226 161
781 395
607 147
726 400
659 334
36 65
547 755
882 300
254 670
848 732
195 300
656 418
54 416
378 161
36 220
832 202
121 84
228 284
520 360
94 225
333 101
129 277
881 193
450 872
547 745
644 620
777 665
681 376
755 534
744 474
365 199
482 381
810 264
777 135
464 276
593 346
70 642
777 398
779 151
595 532
151 618
842 260
768 783
249 853
425 694
473 623
223 154
844 810
298 467
771 821
174 592
678 638
26 142
365 827
264 468
330 146
536 181
662 98
606 805
761 673
700 821
436 432
855 575
369 606
329 147
615 674
215 340
142 141
40 304
339 399
90 693
158 95
150 414
201 696
580 702
698 137
238 596
196 51
403 882
723 884
843 879
101 366
167 271
422 331
530 102
372 4
761 794
126 653
525 626
697 92
875 635
246 835
421 694
368 862
570 726
730 254
831 288
21 320
431 443
564 79
528 819
266 675
86 669
186 783
122 239
83 270
678 632
407 29
300 583
831 568
84 824
71 499
703 537
7 371
431 537
456 251
788 67
564 815
707 329
192 352
496 140
171 198
853 580
647 642
193 821
347 603
187 840
323 569
573 313
344 778
109 73
384 491
748 262
411 133
49 13
353 511
688 329
873 204
317 236
297 433
3 411
196 439
198 779
173 65
45 858
530 420
346 295
693 112
372 485
778 186
149 739
392 661
405 773
277 226
244 52
451 424
384 495
698 159
72 508
234 562
373 206
448 521
134 758
98 54
415 153
731 197
595 124
813 560
552 671
725 523
146 783
764 414
687 451
353 244
532 301
555 490
667 287
712 843
811 365
650 810
111 565
427 302
762 455
755 181
396 883
772 477
186 506
433 572
874 648
8 24
510 792
517 730
364 177
547 834
763 72
817 234
368 816
196 308
25 656
540 766
482 73
150 85
805 440
592 683
816 396
27 408
90 640
223 552
359 101
757 136
389 316
290 821
470 282
501 856
580 622
144 299
207 845
519 593
142 72
273 279
4 98
267 150
725 852
765 293
618 79
778 781
621 707
565 435
808 130
698 260
570 604
451 661
772 259
230 12
807 488
563 841
738 419
380 612
633 621
737 115
218 657
403 186
684 187
487 635
765 102
204 7
651 453
577 374
209 127
144 804
150 576
162 585
128 782
638 88
14 406
335 74
675 7
214 217
839 235
340 557
361 93
295 119
700 321
790 12
361 859
259 154
370 316
165 190
81 768
333 691
81 224
752 562
193 643
814 320
646 288
209 18
475 33
637 823
235 476
320 111
256 465
149 374
239 361
854 427
244 129
699 328
219 342
635 205
424 264
592 847
875 853
794 671
600 162
263 377
368 328
501 451
645 606
604 110
7 872
42 63
718 617
233 16
773 536
109 750
637 414
462 300
283 58
445 11
469 48
289 851
289 521
373 207
870 789
792 230
726 20
131 749
585 264
473 877
501 432
556 379
292 876
399 164
546 21
848 82
550 92
882 420
807 212
133 518
570 567
556 95
850 485
322 737
395 740
95 602
630 222
521 830
32 63
575 406
292 606
576 155
781 561
611 535
117 587
307 687
105 321
582 138
697 534
724 321
780 870
520 719
500 872
807 219
828 628
60 841
880 609
370 150
8 704
660 65
87 120
613 509
650 357
564 217
548 416
300 590
228 440
622 708
430 661
186 346
328 289
231 545
4 329
130 215
872 153
300 96
655 434
847 222
610 583
828 388
694 239
76 8
647 500
510 13
136 398
468 483
821 372
708 128
119 101
174 632
333 260
186 500
213 646
179 639
331 827
345 271
747 692
755 470
121 89
491 421
181 500
226 398
647 873
442 808
53 663
248 606
675 572
575 789
606 407
691 247
463 319
839 626
382 232
574 471
54 88
14 444
7 716
535 765
49 664
821 681
274 500
418 197
330 663
639 753
876 677
733 40
595 797
313 856
66 488
241 839
443 722
157 502
472 827
338 420
122 572
622 702
806 766
252 248
812 518
549 111
57 100
731 284
574 260
598 288
620 406
276 189
303 226
585 586
95 18
561 261
497 128
168 332
663 330
85 878
544 792
704 874
695 473
806 695
34 827
168 88
613 311
605 393
625 159
679 172
883 678
93 206
688 499
55 674
63 471
36 748
631 790
65 156
21 19
523 48
230 385
760 331
772 31
714 839
366 445
802 157
259 195
154 488
883 40
580 204
611 823
716 793
625 824
573 329
604 186
279 402
643 532
626 140
372 339
457 732
565 701
680 519
790 303
555 119
507 388
689 458
540 776
580 183
684 35
554 693
786 660
719 476
109 250
129 444
60 315
171 369
729 480
849 389
583 161
459 121
787 866
51 871
849 101
863 644
757 275
262 474
393 656
487 759
613 733
332 194
854 834
560 36
289 839
155 536
363 307
706 549
296 527
864 720
772 533
776 828
819 373
285 592
313 518
299 96
871 457
695 456
21 11
677 298
244 771
814 344
371 187
498 57
542 254
665 646
268 165
141 260
248 70
257 471
184 90
89 546
769 720
672 867
429 383
759 470
13 434
258 570
850 817
58 573
618 175
409 508
570 326
369 158
759 751
338 332
360 343
662 465
765 201
276 7
596 489
877 292
544 348
812 474
15 260
493 352
163 686
453 83
820 440
688 56
592 788
392 832
806 363
186 851
458 683
84 389
346 99
676 385
676 837
775 502
267 16
721 567
465 806
563 652
598 780
177 394
510 722
363 476
543 630
228 357
612 360
586 342
412 149
704 376
410 612
183 158
319 713
333 386
37 338
3 100
33 255
185 235
837 755
338 88
572 550
863 792
55 42
22 42
610 689
841 321
365 830
405 387
519 397
354 548
720 812
510 536
163 474
594 5
642 841
44 226
842 837
456 614
514 425
297 151
72 162
214 312
232 595
642 869
534 604
227 13
751 77
76 528
247 530
376 492
666 127
844 758
279 711
377 782
692 231
120 87
66 705
51 531
554 774
75 201
732 569
126 805
137 6
547 358
328 10
293 170
533 407
757 415
514 382
30 357
804 309
355 113
413 396
472 523
348 457
456 219
107 590
474 609
403 756
409 579
499 675
282 464
220 325
153 322
674 724
651 511
498 757
130 603
877 268
407 64
37 719
332 335
787 369
523 683
667 339
375 329
340 8
433 52
353 172
386 139
679 170
435 487
529 591
90 433
633 327
426 522
833 331
269 683
550 210
822 199
428 205
737 638
854 501
269 438
793 233
48 687
486 540
687 258
141 357
676 491
503 848
113 26
699 137
224 651
366 310
133 588
726 104
402 76
848 758
733 857
210 685
326 677
338 577
203 702
342 51
799 93
450 449
724 11
483 836
215 255
747 804
60 405
146 881
824 447
185 578
709 349
210 160
201 771
114 66
364 439
559 755
753 621
430 842
455 116
194 794
860 333
459 717
153 819
121 12
65 193
334 609
375 545
223 807
256 593
338 15
767 84
851 804
699 322
413 43
846 642
817 625
112 779
384 580
551 342
410 388
650 120
384 218
753 486
421 399
608 501
200 566
39 27
122 304
448 100
107 347
417 302
541 468
753 554
876 264
171 650
337 456
505 570
719 395
132 151
867 156
450 134
233 426
292 437
436 743
394 116
824 411
419 2
796 421
341 673
519 435
634 761
223 137
644 543
583 259
776 824
868 428
689 831
711 561
20 136
5 332
176 153
880 160
30 136
154 388
375 236
838 859
9 91
9 640
424 782
394 169
246 176
721 479
846 667
149 681
345 667
126 536
804 669
660 443
684 564
777 312
184 238
293 673
850 121
319 540
284 4
734 846
203 695
845 783
465 64
359 175
564 534
369 511
842 398
687 268
195 103
398 244
78 76
570 724
197 769
82 683
753 153
431 259
11 28
124 202
679 276
144 128
703 544
515 780
16 479
73 133
319 385
431 49
813 282
560 692
803 569
81 40
366 234
11 95
331 760
443 275
315 809
177 468
793 884
73 230
228 398
729 97
796 875
610 262
779 511
784 30
417 546
54 15
5 124
196 837
309 782
696 718
668 220
478 117
817 704
732 100
434 700
123 24
92 282
357 260
164 320
494 112
152 442
606 649
215 96
606 793
330 633
135 7
164 626
617 372
97 71
223 281
451 158
648 470
534 488
674 715
376 263
573 200
710 20
371 70
148 726
772 405
32 37
23 632
809 196
487 541
161 678
608 200
856 707
296 85
352 659
355 42
198 299
791 702
183 803
676 697
265 45
626 334
388 577
379 865
339 476
320 511
88 570
139 394
120 816
436 761
678 558
549 706
509 164
434 513
471 455
191 463
221 878
533 180
544 127
451 397
17 179
184 338
263 669
346 315
589 396
534 528
49 561
732 621
372 333
187 701
586 105
516 177
345 750
537 316
436 316
509 307
338 214
509 698
361 146
726 154
2 805
121 660
290 567
525 48
156 623
360 443
830 665
163 435
426 517
453 773
627 756
148 441
257 880
491 678
383 409
86 753
782 830
211 15
332 416
703 214
463 848
719 27
451 337
170 189
777 354
556 404
402 139
853 27
62 310
443 61
341 701
478 826
835 271
416 302
135 458
871 169
243 278
463 666
21 800
470 192
548 576
118 481
722 617
430 762
351 113
543 202
791 877
353 863
787 416
184 710
78 359
375 868
545 120
817 263
579 787
274 96
395 340
300 854
53 46
706 87
548 202
600 348
209 599
645 576
707 835
369 546
794 433
472 57
552 412
223 725
662 719
21 823
497 508
127 35
377 783
508 763
285 452
319 466
628 407
829 849
44 754
382 259
554 628
37 328
352 859
523 515
124 359
558 727
515 762
276 313
107 856
537 355
24 316
707 834
776 252
322 483
639 653
665 20
370 233
57 806
232 637
742 255
356 436
626 83
516 256
559 803
454 467
801 53
705 491
729 752
382 229
434 816
380 834
367 29
642 839
276 270
299 2
529 503
803 741
716 456
500 684
811 581
66 670
754 181
735 139
430 301
297 599
9 389
563 791
527 453
873 311
332 474
424 549
428 252
113 339
45 106
636 27
853 537
387 205
203 833
619 252
709 11
404 523
362 350
829 230
574 27
254 144
718 454
323 298
511 853
656 85
855 497
494 159
238 160
112 139
257 56
604 96
287 180
786 712
153 165
367 195
712 779
541 728
594 563
780 786
319 629
760 197
121 48
838 712
775 349
868 12
542 94
482 681
492 410
167 651
785 647
494 134
178 845
761 411
490 326
607 577
153 702
665 56
51 291
278 656
464 352
843 677
68 455
630 381
814 418
755 168
338 428
858 288
559 177
357 74
754 502
628 207
576 629
535 273
212 366
687 380
103 90
241 426
518 848
211 739
881 324
87 640
113 786
380 127
35 120
638 447
860 793
281 770
250 450
665 575
824 705
231 429
851 242
726 322
539 87
854 248
773 88
482 342
647 663
227 522
465 807
747 400
468 654
459 130
83 309
436 129
798 160
667 812
786 143
492 350
630 19
89 499
141 793
819 42
829 355
852 31
808 182
7 770
15 542
641 510
379 742
427 764
607 659
648 756
97 700
372 238
694 713
35 338
342 513
250 219
449 801
824 643
339 662
89 674
49 859
378 749
485 678
187 19
532 595
479 641
290 417
554 88
317 92
543 691
263 718
267 387
191 790
822 289
846 353
155 772
547 535
166 276
497 732
318 681
347 303
674 772
664 94
262 680
304 760
438 728
516 408
403 361
273 442
172 776
669 346
106 189
294 810
290 178
620 132
719 403
372 450
856 308
380 295
37 801
161 771
586 584
548 526
624 832
388 312
766 27
713 657
582 715
134 244
876 559
884 261
735 695
644 764
752 861
572 768
498 641
362 155
660 382
495 28
273 789
205 764
360 2
210 568
822 5
199 52
394 653
114 677
789 120
739 458
306 491
514 275
844 244
644 332
852 720
183 156
322 594
415 144
732 410
259 762
194 823
130 685
158 574
778 307
146 37
128 56
630 572
600 6
212 613
131 185
350 842
809 547
436 126
114 9
541 195
787 125
746 478
353 571
147 267
764 244
293 700
373 284
862 866
336 146
564 882
838 680
670 830
98 736
655 428
38 66
284 590
206 226
326 251
460 215
352 758
874 532
364 800
189 184
39 801
877 197
111 219
99 253
14 847
807 124
254 22
653 486
400 723
215 157
605 248
656 556
59 653
696 267
81 649
313 813
160 477
475 356
326 296
319 842
226 312
845 88
306 671
421 463
187 156
716 707
799 181
7 428
188 17
751 604
526 72
553 308
410 801
299 676
597 634
205 819
534 878
654 867
364 224
700 211
224 424
95 465
712 344
581 247
338 434
70 19
265 405
625 45
644 578
732 482
358 738
55 175
287 359
270 170
665 803
329 333
716 448
520 820
742 238
155 658
687 110
156 549
595 378
728 421
694 111
315 370
264 744
534 245
500 468
445 564
321 417
597 131
860 699
385 49
516 467
872 680
120 468
295 425
28 296
99 644
423 759
625 104
620 449
747 278
137 97
66 461
215 536
154 80
802 643
191 347
870 426
282 115
421 245
360 649
584 474
354 532
274 577
673 581
333 605
757 111
254 473
285 843
72 713
643 722
56 818
782 433
361 470
624 773
429 783
214 774
479 124
631 96
727 332
726 137
441 557
769 12
451 549
53 278
11 556
733 832
90 182
549 1
617 248
541 642
294 409
298 713
832 322
854 304
250 310
584 383
541 200
448 578
683 394
670 421
800 591
768 437
407 672
388 673
678 380
139 805
161 480
378 850
488 214
398 593
425 106
404 475
787 698
671 239
612 62
2 676
742 623
872 639
766 460
262 150
618 475
531 323
184 538
378 632
553 189
690 437
613 755
884 311
499 846
269 296
310 797
838 80
315 311
814 667
580 569
234 231
459 719
816 213
869 482
851 111
812 641
542 866
711 686
154 125
560 245
620 743
108 532
774 66
194 363
849 212
538 189
209 483
637 519
588 303
451 332
729 530
611 550
306 587
265 536
133 26
306 311
131 271
168 349
226 278
787 597
478 70
179 346
226 106
517 448
28 802
507 739
149 76
27 204
477 632
327 606
758 792
800 200
79 605
398 29
853 2
105 276
205 784
335 804
109 848
571 208
655 256
769 712
38 859
563 262
348 167
685 24
262 867
109 49
270 711
196 41
118 84
60 8
281 465
535 366
535 250
252 367
364 296
5 879
108 60
867 209
723 303
613 736
829 129
224 270
148 204
107 297
823 208
450 553
276 644
180 501
64 203
687 514
722 541
454 687
718 708
842 677
532 827
831 18
279 582
377 262
608 67
502 4
835 6
823 453
645 771
186 748
330 645
523 728
611 662
506 103
316 670
861 105
741 500
343 109
20 823
385 236
205 779
401 748
594 816
363 146
251 263
460 714
735 321
576 26
150 22
550 239
787 207
233 645
746 868
639 54
800 661
638 274
717 576
289 778
181 224
768 591
337 564
564 139
36 545
652 98
864 477
532 463
231 678
155 771
330 778
714 548
484 146
549 42
364 736
865 775
292 588
103 295
695 576
109 552
107 94
678 522
632 407
180 377
232 449
205 626
558 416
622 462
592 31
155 603
261 809
181 755
428 776
830 157
602 361
43 373
509 626
791 773
432 149
607 146
444 714
411 667
568 9
435 95
408 596
191 123
171 127
717 678
101 698
552 328
386 251
481 329
297 438
415 743
802 556
382 155
407 852
660 603
635 544
553 653
92 34
274 327
301 759
40 814
404 554
618 144
293 735
738 589
104 881
9 673
543 717
522 504
502 676
657 373
223 691
141 122
745 368
308 342
655 687
674 498
794 603
510 83
40 551
658 139
108 329
71 592
20 70
349 198
361 200
771 288
237 300
813 757
455 760
522 589
461 79
817 617
833 428
858 407
668 82
398 32
83 308
571 20
669 502
242 707
653 764
646 783
80 373
555 7
111 173
397 279
656 622
436 600
676 148
560 377
302 778
441 884
169 782
185 309
740 788
578 547
857 701
792 257
427 477
161 253
793 260
221 6
860 622
469 35
818 200
432 570
751 842
233 795
467 555
218 723
398 56
786 164
866 56
175 185
674 233
309 745
516 16
502 441
644 333
605 590
543 682
432 866
797 366
694 760
603 822
90 238
355 315
675 301
260 178
320 601
637 496
493 249
93 305
807 573
638 667
364 293
403 251
813 131
775 696
834 380
797 98
448 541
105 797
578 707
438 135
3 223
251 23
513 481
695 229
179 197
694 297
277 389
119 546
235 81
846 814
499 642
90 516
427 31
720 668
282 148
473 781
796 408
606 876
208 496
810 753
205 347
449 337
466 497
622 604
765 84
366 593
411 105
32 116
233 171
708 169
276 40
804 268
405 242
76 361
551 377
246 8
382 60
226 849
298 624
494 129
860 845
58 269
870 440
238 668
464 538
872 537
114 788
796 147
1 684
373 780
381 516
124 839
767 536
480 611
255 109
537 352
314 323
515 370
119 712
664 771
699 548
80 625
395 764
159 502
794 746
629 387
751 769
187 483
871 622
686 526
75 459
512 467
6 115
499 527
10 450
374 433
88 470
505 51
381 594
517 411
708 823
449 501
454 881
276 14
177 215
429 202
208 192
325 179
277 167
375 635
507 641
679 162
158 371
8 193
462 834
421 324
251 804
492 751
529 277
832 554
370 96
109 588
266 694
207 135
100 5
335 216
9 668
777 331
789 17
853 862
633 497
327 861
703 111
145 135
735 755
865 44
538 167
301 227
331 61
239 439
430 568
390 394
474 572
320 125
671 628
731 618
292 776
51 796
828 798
642 190
296 386
879 276
600 755
240 72
402 754
722 147
630 700
20 872
722 282
168 498
33 665
605 258
656 629
844 86
634 563
436 31
521 268
415 91
489 67
758 538
93 158
245 170
679 786
228 669
29 125
718 43
391 593
720 214
430 589
257 21
115 530
397 21
36 445
374 70
493 32
194 816
485 590
844 877
727 176
108 857
534 420
245 809
406 7
674 57
281 79
604 491
570 133
99 517
219 666
101 827
670 719
213 226
549 33
699 642
36 266
266 84
359 44
607 534
859 36
448 688
5 672
809 166
108 50
69 643
572 446
562 690
396 703
510 137
640 201
236 102
616 606
158 76
556 393
244 181
333 713
737 714
378 265
635 468
508 413
728 783
305 303
565 621
90 781
355 495
747 631
237 719
541 395
79 449
691 582
224 745
73 565
299 529
807 474
277 353
617 600
539 130
696 604
714 470
383 283
847 221
405 718
21 216
703 813
140 26
457 214
107 539
105 399
824 357
766 647
878 533
649 679
552 730
74 130
22 539
718 79
63 510
470 830
451 323
124 485
752 121
417 131
757 535
266 622
772 173
660 433
690 715
689 685
563 169
368 180
114 434
483 598
215 257
863 113
637 472
351 707
302 719
9 725
665 848
8 366
706 836
72 298
709 682
474 176
700 570
534 47
182 3
483 861
721 723
873 788
689 147
322 286
851 262
170 504
764 145
174 804
603 735
699 494
596 321
136 751
720 762
532 793
850 771
733 533
448 113
210 528
606 31
385 72
65 518
815 364
653 29
562 744
225 884
370 290
759 151
101 178
45 299
745 185
661 595
157 343
683 390
466 263
614 191
752 826
136 364
589 100
394 162
203 475
691 213
745 767
558 878
340 882
168 542
285 515
663 65
779 14
71 863
388 770
672 779
274 622
194 149
200 446
427 115
503 810
157 327
486 27
205 426
17 627
298 612
248 194
489 33
373 86
393 127
231 99
534 36
548 394
663 707
755 7
56 210
470 466
425 513
630 431
553 256
619 697
476 699
666 31
104 806
581 45
61 143
309 841
637 14
503 316
143 288
276 660
568 73
173 553
624 752
488 660
753 4
186 594
391 848
798 323
293 860
646 741
880 622
187 454
293 559
324 815
519 763
269 386
747 834
831 712
414 312
139 746
712 682
47 655
844 811
477 665
777 258
348 291
147 827
65 471
363 279
405 710
484 789
132 637
146 31
51 28
741 213
381 429
69 756
417 137
39 212
713 824
101 255
499 775
451 776
603 502
370 37
573 827
845 54
175 717
809 296
576 333
541 361
381 268
227 717
108 90
214 516
438 852
243 557
134 405
691 508
184 234
246 335
91 457
8 213
636 208
140 361
652 441
526 73
41 368
856 314
539 267
195 810
389 17
3 474
224 6
174 309
569 214
68 835
38 769
422 765
410 306
579 531
477 259
773 717
413 320
475 390
779 516
768 177
273 596
498 763
239 724
460 363
52 384
685 30
244 527
144 294
749 517
428 730
598 689
77 45
48 252
690 239
500 655
869 623
26 194
114 120
124 139
237 266
276 197
677 816
461 363
418 861
418 189
161 198
385 561
450 438
418 503
777 281
357 770
72 495
882 45
601 833
769 705
609 817
237 207
768 352
96 383
53 253
536 598
47 275
248 310
602 709
561 593
733 421
733 79
329 835
21 79
627 832
725 361
101 204
46 517
462 493
196 462
474 259
485 483
435 48
77 72
91 847
591 260
879 600
691 703
797 534
138 531
741 231
106 152
287 325
766 361
463 795
342 47
660 356
205 149
596 740
714 205
1 783
643 152
129 467
853 273
559 664
848 320
724 371
298 859
623 118
400 693
513 569
126 138
461 656
277 160
61 239
282 778
671 299
610 213
520 317
38 805
839 252
819 762
529 243
438 26
629 678
511 512
54 438
302 819
801 870
237 667
17 53
70 264
627 677
155 482
434 473
513 512
172 268
43 515
883 245
856 666
496 847
611 800
809 232
476 564
591 753
825 688
498 8
702 587
305 19
61 351
838 321
138 564
243 250
694 866
759 238
822 255
672 762
711 568
473 692
204 53
599 619
801 257
809 718
689 178
138 591
659 757
372 466
809 807
1 375
546 641
408 788
457 452
123 10
869 146
667 764
645 513
309 212
345 224
119 846
240 334
721 730
257 35
259 775
313 440
739 813
360 407
362 877
624 497
124 448
678 738
786 490
462 360
497 540
595 55
78 166
40 319
386 237
100 436
389 504
828 881
9 520
851 551
858 270
540 727
95 39
870 732
23 614
159 48
726 92
641 512
419 22
237 746
12 615
433 123
679 137
809 193
743 602
345 445
522 874
405 476
738 551
342 247
271 821
767 113
189 278
557 538
519 6
426 740
116 522
490 287
500 133
13 661
669 512
516 83
373 451
572 172
180 475
732 348
414 220
370 826
827 521
171 6
751 292
723 435
758 226
648 406
233 47
24 46
421 88
758 449
379 565
420 845
541 720
510 429
882 769
629 170
848 300
477 407
71 379
433 100
711 302
142 515
603 107
552 473
855 247
633 181
444 81
532 136
257 815
817 562
37 191
359 34
512 365
474 328
831 123
139 749
59 211
140 219
50 104
532 46
183 110
88 414
856 596
111 691
642 154
385 295
23 355
863 666
197 302
490 515
493 450
456 626
270 297
426 40
19 657
683 229
565 840
436 574
241 752
822 192
651 597
543 269
199 742
186 369
69 681
288 647
836 444
196 184
130 555
369 357
238 614
538 840
834 797
25 290
729 184
799 98
542 324
449 597
217 395
361 710
95 268
332 195
67 1
546 841
440 593
51 718
758 395
530 200
389 793
375 86
505 235
775 378
423 757
744 332
33 708
714 430
148 317
321 221
347 137
582 388
658 656
254 404
860 129
867 72
532 665
838 870
389 610
774 846
694 633
716 247
402 3
472 737
636 710
341 113
741 30
606 156
672 827
321 600
77 406
440 72
270 820
566 11
723 856
159 351
3 661
707 644
389 223
623 550
829 489
743 35
764 572
208 205
827 7
478 295
507 434
207 738
502 163
211 91
307 654
687 501
143 656
548 495
24 554
48 331
809 182
18 204
324 183
248 290
727 497
147 287
189 484
12 293
324 436
672 307
162 487
351 601
18 200
28 612
136 262
677 502
547 702
745 231
478 818
611 381
312 588
111 500
712 5
104 169
849 52
814 454
695 511
362 630
536 431
567 283
507 379
608 543
854 484
250 332
456 161
375 489
870 422
383 333
341 181
566 856
378 753
79 486
858 268
814 343
12 230
398 642
466 775
205 160
621 22
83 868
214 679
700 332
240 2
616 802
373 42
788 2
453 63
172 62
818 216
809 177
358 327
540 560
31 183
538 709
626 796
231 100
334 299
362 18
182 845
188 38
135 631
44 808
20 229
749 672
394 227
94 721
111 502
759 378
225 403
217 126
121 321
212 459
208 104
453 671
538 9
648 538
399 537
878 282
247 748
198 485
715 803
695 775
421 271
157 199
251 833
102 47
395 461
681 172
78 555
164 691
747 41
493 275
478 740
14 448
483 573
817 161
716 166
495 333
254 412
581 295
501 851
174 708
246 230
138 690
100 780
332 300
61 718
16 179
219 412
123 760
849 295
559 668
118 652
355 588
505 778
638 270
214 68
719 424
223 522
552 123
633 685
809 286
174 795
93 277
788 157
537 601
674 352
389 359
722 833
223 606
356 754
385 446
796 460
518 55
3 613
535 614
641 422
745 547
639 226
548 398
741 516
199 466
199 226
825 190
813 631
91 531
52 299
692 608
840 409
817 73
139 355
34 523
855 72
181 46
178 544
3 33
217 583
821 593
410 343
240 521
13 395
628 660
434 856
608 369
107 828
70 520
636 558
756 675
474 476
457 692
163 643
186 714
280 847
552 146
527 53
386 99
401 679
542 20
85 122
595 768
514 811
271 644
882 813
766 350
714 445
81 382
694 238
312 93
78 828
749 11
759 61
697 701
70 414
861 625
49 83
749 218
245 180
68 775
384 273
796 19
698 241
872 878
280 294
46 314
758 605
785 20
231 188
436 494
414 195
342 378
641 535
525 809
720 295
23 125
851 196
67 230
790 665
98 86
780 580
127 7
488 483
15 555
344 870
131 820
645 524
364 159
775 438
582 274
684 203
603 181
805 477
276 260
278 532
392 452
857 645
504 124
71 462
205 283
169 843
180 71
692 299
675 180
396 367
493 336
678 42
646 173
694 513
613 582
414 135
711 28
658 73
551 708
864 484
7 337
627 699
287 589
229 785
361 421
303 13
859 803
320 612
204 66
842 613
200 90
347 330
66 634
87 122
884 447
745 566
153 491
325 748
580 777
438 496
23 316
344 167
509 196
392 513
817 779
209 872
785 468
333 844
881 226
151 402
685 522
65 537
634 65
430 710
855 533
349 622
36 621
383 224
244 160
881 597
577 236
606 320
298 548
495 776
592 776
122 399
532 31
192 585
618 530
689 690
407 524
431 512
102 275
856 755
546 805
825 744
774 832
27 772
864 169
578 16
479 338
76 812
97 519
233 254
95 753
52 518
685 360
797 414
243 265
28 43
818 707
542 141
417 93
848 514
618 780
427 614
362 531
872 818
582 188
463 230
190 732
776 745
98 644
648 414
334 403
754 132
765 380
857 31
379 836
40 404
594 38
562 703
785 43
762 55
31 643
568 454
163 293
56 223
249 536
33 651
303 691
275 295
403 11
406 820
585 338
710 147
239 339
786 391
530 836
584 391
302 530
672 698
283 81
128 814
304 464
489 685
282 144
841 155
502 549
854 240
326 780
670 742
51 365
817 173
69 362
222 837
473 503
640 388
506 837
437 388
419 812
60 833
876 723
147 812
171 639
696 510
46 536
10 425
678 543
608 623
193 359
389 291
870 175
103 758
618 632
630 776
105 153
88 605
491 380
649 423
131 483
47 427
693 651
676 223
386 21
6 832
424 308
105 512
274 9
884 262
39 250
25 251
491 271
879 741
359 120
816 290
215 299
610 727
238 148
397 877
608 758
287 554
668 127
740 308
147 797
202 178
223 580
483 568
324 306
671 607
66 131
199 174
209 426
747 781
528 427
462 376
198 697
548 447
166 358
682 329
479 872
437 430
382 144
76 235
461 597
24 735
319 433
850 826
816 589
757 859
9 147
410 462
839 310
574 864
731 436
373 182
387 703
88 883
424 145
595 323
265 429
43 582
741 667
782 690
657 618
365 610
843 462
787 545
32 459
275 745
387 487
54 238
566 561
716 188
582 224
782 55
226 325
11 753
253 529
681 774
385 541
685 550
791 426
40 636
348 202
393 633
251 66
836 830
279 71
237 634
697 513
598 466
755 571
561 508
562 647
297 174
542 226
213 821
261 551
490 113
184 126
357 682
436 429
35 436
503 780
344 451
480 40
529 653
714 473
197 706
729 883
617 636
867 18
204 495
462 522
120 106
511 504
882 137
469 850
241 360
530 489
250 704
65 561
122 357
746 205
642 468
167 373
793 456
635 9
345 304
390 634
532 375
72 331
108 284
591 303
310 851
420 81
868 154
426 53
126 749
247 767
196 286
839 721
701 196
562 467
88 238
783 240
507 139
872 777
777 534
54 342
472 527
703 112
778 238
368 229
14 236
24 492
214 687
721 787
601 155
64 362
404 544
348 813
359 27
199 243
772 413
558 99
570 545
404 346
814 285
24 668
357 625
156 490
745 880
683 565
836 170
413 384
592 360
118 648
110 103
747 228
720 394
91 141
437 791
199 291
105 790
50 231
30 266
56 717
33 310
649 3
619 284
616 574
264 653
94 90
2 872
881 306
211 539
331 400
171 569
479 75
479 189
607 144
479 379
75 767
536 468
672 502
676 208
121 5
306 780
422 224
433 534
490 156
440 92
214 213
850 579
539 839
511 289
277 754
352 579
127 4
615 491
710 640
824 283
675 525
790 147
513 794
674 426
89 435
405 787
678 622
708 383
209 64
818 121
380 159
577 734
789 401
504 361
131 803
172 790
591 867
247 586
80 537
211 227
288 386
392 32
668 80
12 443
865 574
151 546
873 755
87 672
464 480
410 70
376 264
155 115
825 306
389 80
801 231
279 745
132 319
567 312
669 731
737 274
412 114
635 1
653 470
231 794
715 199
833 152
694 519
468 294
143 24
149 547
210 510
429 694
46 642
588 327
442 784
450 303
791 858
167 694
58 531
875 91
283 236
609 71
589 778
399 679
488 82
10 20
195 49
700 443
689 800
543 392
554 14
631 61
487 716
341 544
740 479
756 324
765 408
708 245
815 300
692 397
378 867
142 600
46 50
262 481
599 712
164 849
359 513
710 695
246 701
505 833
173 508
503 2
25 335
607 117
647 609
366 561
571 249
313 173
85 202
455 314
650 206
224 394
169 441
362 818
801 832
548 772
170 133
252 133
356 245
52 568
425 801
189 878
251 525
305 601
806 339
310 178
135 503
122 559
2 231
187 217
426 122
41 614
136 173
373 364
838 536
559 152
657 535
79 272
687 255
854 90
479 84
676 384
92 711
237 5
278 225
57 578
824 185
516 33
16 570
283 580
385 654
139 387
418 8
770 299
680 93
872 796
846 782
127 431
691 543
140 673
92 658
301 550
507 200
735 165
246 868
408 487
877 85
737 218
801 442
520 276
533 6
240 152
162 573
583 766
91 803
124 194
245 351
832 347
727 446
602 390
544 256
520 20
663 204
680 456
288 757
801 483
725 846
711 59
334 596
678 317
222 478
602 93
596 21
641 362
578 133
485 695
564 579
305 151
369 298
265 563
690 397
664 491
685 377
728 611
772 622
745 173
148 318
599 830
125 30
302 345
758 620
603 408
804 857
412 784
44 256
470 519
399 69
794 755
41 230
631 41
274 260
840 828
108 12
503 675
389 317
734 111
91 317
368 615
764 121
456 186
85 651
1 30
489 127
456 567
523 332
538 103
508 131
799 178
107 448
542 831
334 91
529 347
314 33
98 563
408 250
720 429
789 546
153 824
754 117
879 609
64 226
760 269
689 314
708 74
747 694
518 845
870 685
423 271
230 32
647 227
448 188
802 449
326 71
664 836
748 509
309 358
234 35
444 415
816 859
339 656
802 553
801 331
105 283
535 489
726 302
35 81
736 307
405 758
72 667
352 564
392 810
775 854
851 215
599 674
741 614
604 290
444 653
624 448
386 24
140 796
656 767
761 260
503 493
428 640
765 207
70 552
795 545
465 757
488 243
62 617
439 356
132 354
245 50
865 765
290 22
307 450
707 794
563 786
136 626
164 525
186 88
197 767
335 430
294 19
421 511
27 678
747 110
537 88
506 416
3 417
568 668
233 412
304 625
446 520
646 812
640 268
742 563
150 338
734 74
169 240
146 643
437 836
49 222
47 852
363 556
249 114
783 206
415 529
560 69
303 34
93 184
784 298
538 782
682 121
70 710
705 617
849 12
710 753
282 611
347 795
394 834
811 63
42 160
174 404
275 493
491 382
704 576
420 381
857 662
494 55
687 157
167 594
821 213
349 394
844 59
729 252
104 146
343 291
226 841
559 746
107 280
498 432
45 142
853 860
677 438
179 864
510 472
115 767
854 220
809 408
681 761
805 138
477 103
286 764
449 134
367 447
55 593
453 763
632 321
376 354
581 132
691 361
514 808
192 691
65 826
265 366
703 398
83 313
490 464
190 163
40 565
8 671
758 732
842 344
723 411
428 226
781 483
375 848
510 17
330 199
537 660
858 29
82 471
526 878
876 127
68 324
847 304
745 45
883 573
692 233
695 161
658 598
796 583
575 201
236 866
511 153
578 630
104 359
280 31
13 628
122 329
87 470
658 149
445 265
363 539
690 216
439 674
451 164
636 829
286 665
703 253
834 21
389 467
61 760
275 610
290 645
183 233
481 438
288 638
865 384
39 392
246 100
670 736
301 55
401 626
877 223
812 67
321 222
126 762
375 372
759 389
450 390
484 760
188 630
9 851
524 629
24 837
31 481
540 685
825 604
41 568
358 591
783 696
765 430
316 277
558 337
293 1
639 101
656 146
844 245
66 623
784 401
30 682
705 344
52 657
267 310
388 49
610 502
745 527
871 593
90 273
715 342
74 590
181 197
368 43
154 94
589 283
864 160
557 801
786 789
487 492
789 544
114 121
805 618
339 463
168 590
475 415
606 166
535 562
481 118
224 386
507 367
378 566
100 27
160 91
359 786
67 220
355 504
526 170
836 389
770 560
448 137
859 372
168 185
255 287
271 665
156 363
92 833
647 93
227 183
247 87
658 465
357 519
385 735
200 186
748 756
57 174
294 309
882 457
389 444
858 235
188 755
267 420
120 353
238 608
491 840
253 658
852 77
750 192
363 677
813 875
686 855
376 217
571 123
6 641
786 750
228 343
91 784
171 92
23 292
766 339
230 304
456 125
479 81
733 489
786 785
175 406
30 247
680 366
598 223
427 729
317 457
524 378
754 240
217 550
509 161
379 612
361 397
271 389
252 534
319 99
60 731
73 604
883 873
824 770
267 29
824 127
361 388
178 203
824 737
601 285
826 396
275 399
589 116
104 357
378 703
733 257
683 238
413 180
467 488
381 770
410 94
217 611
490 660
750 767
452 233
345 18
162 406
273 798
59 523
57 694
733 849
586 489
750 179
136 619
400 499
395 192
459 220
802 310
506 89
630 221
582 255
829 201
417 356
411 285
366 266
819 283
486 381
607 631
725 42
9 210
151 242
572 632
253 541
786 305
91 129
408 593
87 376
526 534
773 787
509 332
65 839
37 173
326 140
6 174
499 855
752 143
630 314
5 872
773 222
367 233
237 84
644 89
178 66
601 249
544 463
862 505
364 27
824 839
43 341
369 41
16 150
47 524
112 865
576 735
322 392
426 566
180 36
351 367
777 192
608 335
164 298
503 173
506 95
702 754
24 302
624 795
263 347
380 572
109 738
443 733
757 883
248 579
741 132
327 207
865 861
614 717
141 834
260 257
28 515
33 103
6 47
346 548
668 321
745 536
865 50
654 396
497 777
557 164
350 355
89 184
871 844
375 482
205 413
747 490
209 744
660 226
259 729
187 529
48 195
69 68
115 247
599 43
873 685
872 164
712 724
863 793
221 290
15 515
662 524
850 877
752 142
510 402
741 787
871 21
266 823
362 344
601 727
607 653
101 262
224 443
548 40
860 589
433 366
126 581
782 90
404 64
586 843
700 760
580 380
491 529
673 134
78 839
815 703
428 7
114 127
865 222
632 590
71 332
444 626
805 565
88 654
391 784
411 366
253 416
590 727
676 96
571 288
828 804
485 513
657 265
17 699
874 219
251 10
692 767
881 130
292 801
650 87
867 76
807 301
195 876
495 229
475 569
822 245
544 549
283 130
849 547
48 578
225 442
332 331
451 219
241 536
558 210
604 275
631 630
267 70
842 649
690 868
400 277
118 34
193 530
545 777
209 792
420 476
346 174
7 93
274 362
765 381
740 476
71 234
471 722
522 284
272 87
199 863
203 195
458 522
652 93
388 86
193 849
723 606
367 47
219 634
32 234
112 647
863 722
9 783
99 268
349 37
512 713
394 24
383 585
549 200
677 655
674 181
211 658
615 848
453 405
385 498
404 632
728 734
656 97
34 576
682 116
467 769
630 376
620 24
36 4
343 553
840 363
474 433
666 770
650 112
297 27
612 327
31 424
767 698
191 383
770 724
330 687
362 193
427 140
763 473
308 23
651 566
196 203
545 520
343 405
603 436
611 728
171 843
275 129
337 387
872 303
476 676
666 766
710 807
699 748
361 617
253 428
700 50
108 523
236 748
801 881
666 1
334 407
251 829
287 513
426 254
481 479
807 619
690 129
62 493
81 214
158 317
166 330
732 98
618 49
399 760
249 395
505 760
879 683
95 502
99 59
120 544
70 338
505 806
860 293
111 229
363 626
55 54
665 204
657 123
93 174
367 407
502 336
504 562
519 84
81 63
20 181
99 868
691 183
808 656
513 857
576 689
418 230
738 14
339 229
769 141
669 857
203 146
690 453
306 81
100 387
851 723
267 66
820 277
231 632
461 331
657 85
228 783
284 372
535 745
208 85
265 779
504 718
814 263
160 374
191 132
852 445
352 281
63 652
93 279
644 123
541 839
434 171
451 456
470 869
833 494
448 128
269 322
245 330
503 81
2 499
111 552
461 135
551 242
162 182
287 485
641 561
195 97
871 847
323 34
351 273
382 775
737 301
105 795
184 460
346 814
788 736
778 500
530 412
676 732
813 152
831 387
223 94
374 675
46 703
641 777
342 801
656 316
215 837
576 143
727 293
619 798
344 92
863 762
344 552
834 637
414 714
816 158
484 562
800 529
687 297
189 344
523 576
241 591
392 636
855 225
636 302
490 93
683 356
413 619
46 133
179 172
856 427
409 160
409 299
313 381
812 725
385 523
281 370
83 267
641 499
200 284
882 658
262 312
32 818
345 213
495 44
423 174
409 207
362 608
534 267
192 715
523 93
669 472
786 499
475 19
165 350
842 286
495 297
625 771
727 101
129 431
517 637
34 883
48 199
756 730
710 865
848 509
622 94
164 859
602 680
548 782
477 492
37 73
730 664
215 141
78 562
575 259
524 146
233 686
388 35
243 81
495 276
717 808
527 497
397 141
563 348
732 133
39 774
287 596
120 368
526 373
342 346
640 763
366 871
291 654
55 681
90 716
623 652
267 13
534 778
816 766
543 415
819 398
814 100
496 319
248 837
837 547
550 233
271 606
130 452
14 639
748 319
678 844
578 337
634 244
183 840
424 173
605 785
62 674
88 403
242 444
19 271
475 784
223 99
126 610
314 676
282 853
537 392
856 402
750 226
621 423
482 326
834 294
695 607
172 286
218 607
806 556
240 813
386 79
725 551
359 186
171 245
318 582
407 810
158 544
586 819
13 814
3 250
819 821
830 264
525 426
33 467
299 430
797 672
763 127
732 824
560 369
546 421
360 509
868 73
275 219
522 762
90 353
674 11
720 140
180 104
706 201
562 853
33 106
69 527
801 542
850 331
500 833
354 824
115 607
634 165
471 74
589 653
593 252
651 616
157 836
532 248
396 504
689 485
764 759
303 417
232 130
472 873
796 420
397 692
588 427
472 28
701 151
316 864
685 619
481 449
41 526
415 78
807 362
195 782
246 563
419 176
485 724
765 388
783 230
278 542
383 714
319 51
672 647
488 86
246 855
753 424
470 749
378 465
745 80
199 268
563 703
557 364
793 840
750 825
288 145
36 465
575 391
82 9
70 148
275 312
541 847
747 620
555 548
171 402
302 189
713 686
404 423
204 707
98 858
574 687
742 158
547 279
663 345
861 429
241 521
133 222
139 530
352 691
878 847
669 91
533 40
504 643
454 573
246 832
347 509
612 645
114 738
377 80
638 575
167 111
354 823
746 591
833 624
783 207
353 447
607 40
598 452
135 185
434 530
576 717
424 606
655 504
868 199
6 144
566 655
817 645
262 181
647 555
494 502
274 268
764 853
185 326
487 107
39 639
343 12
450 295
353 451
328 238
841 617
131 711
267 852
332 291
510 529
115 384
805 281
430 116
166 429
850 227
539 836
866 550
381 34
418 30
790 784
760 213
152 519
124 536
510 754
606 148
432 251
368 403
707 520
340 276
632 566
36 587
670 41
649 532
764 872
247 283
63 541
390 264
122 84
329 457
231 166
2 176
230 620
497 424
523 186
413 498
864 153
424 608
641 744
703 873
38 12
118 391
187 456
703 352
130 738
280 855
150 11
577 430
599 384
322 820
235 491
222 407
803 829
650 51
197 768
44 562
856 744
568 148
814 663
366 568
172 60
158 71
149 626
632 797
842 573
635 83
