1000 424
482 188
238 808
848 601
257 239
423 680
506 994
938 673
188 605
42 204
752 97
908 325
334 437
61 911
76 368
737 185
924 732
711 674
732 116
818 530
385 175
483 653
758 497
814 2
171 550
306 899
327 186
569 824
576 610
258 349
668 36
295 729
921 905
657 329
119 388
520 946
60 543
204 102
361 519
456 216
627 820
625 32
349 489
165 303
613 164
91 908
647 903
759 555
793 628
94 92
151 402
718 901
87 201
855 741
405 180
855 842
912 92
747 850
21 944
946 418
524 169
815 679
62 237
295 476
183 81
275 651
466 387
514 264
449 229
536 755
468 167
799 728
284 680
111 91
780 99
769 131
292 415
712 886
943 708
962 530
78 253
282 541
587 138
289 481
735 78
872 487
622 258
793 132
960 599
136 927
911 433
895 401
754 692
982 651
177 668
222 706
900 119
598 238
452 762
514 214
121 248
694 566
515 621
451 820
146 684
709 287
305 452
671 774
202 793
288 637
291 698
946 702
635 189
391 334
422 289
340 583
188 271
630 243
816 428
164 747
63 832
147 352
742 313
66 688
786 460
270 19
37 226
623 278
542 37
787 866
296 943
713 27
811 77
855 346
260 461
705 327
894 491
19 353
345 68
313 414
578 172
939 925
806 221
298 580
844 647
810 107
308 953
755 495
552 414
276 586
693 222
195 476
476 176
337 488
290 498
480 964
350 987
878 842
205 203
301 868
414 805
669 778
438 176
53 990
750 603
142 419
685 904
806 630
491 173
599 462
96 587
618 714
26 478
81 959
192 144
645 704
975 884
785 329
269 330
809 455
240 712
667 893
664 162
318 81
777 559
924 203
335 751
713 138
12 865
507 47
68 77
345 284
134 458
681 217
545 55
910 15
410 717
463 882
579 816
644 378
976 574
834 946
257 665
524 576
87 18
916 627
216 226
454 157
83 96
581 134
106 627
333 378
150 437
65 985
540 294
981 353
819 305
390 699
805 129
465 660
428 345
623 678
125 706
365 603
688 1
440 65
137 682
290 457
374 822
517 4
870 862
621 641
242 803
297 574
359 504
716 396
845 788
683 55
209 35
285 578
701 663
784 858
585 664
840 427
530 907
276 180
131 104
606 475
413 463
741 52
376 228
750 338
384 698
987 923
244 574
864 228
653 449
981 677
545 196
837 948
571 454
707 297
816 512
206 70
278 651
493 685
318 749
6 25
98 250
63 504
654 314
153 769
372 129
138 361
724 928
213 417
883 404
105 929
197 182
253 111
877 971
737 58
480 693
647 534
464 105
325 711
708 887
831 711
923 673
210 209
70 150
461 809
476 345
821 82
558 454
103 655
812 685
957 332
703 394
746 7
712 807
593 338
732 529
742 577
92 639
630 85
31 923
128 465
843 24
282 670
361 658
123 93
573 857
260 565
696 267
95 861
631 621
644 152
258 680
37 995
242 255
383 418
392 210
772 649
878 789
573 860
531 910
718 29
421 704
859 207
569 727
122 100
490 549
757 530
275 747
306 530
407 682
641 882
943 180
74 211
38 930
182 683
358 68
108 341
948 382
781 978
955 706
557 126
592 600
706 125
118 666
691 292
253 841
847 442
607 243
468 824
56 492
422 623
543 221
623 222
69 255
513 806
31 330
916 871
21 455
692 173
318 681
900 169
433 186
225 86
701 511
317 602
410 63
66 44
742 522
719 879
725 98
585 824
662 828
56 461
12 102
122 160
730 225
900 648
280 80
63 721
972 744
760 915
964 686
146 185
917 941
664 40
645 159
382 622
810 34
977 514
616 357
434 680
466 50
309 717
1000 526
980 558
356 917
373 889
420 492
149 71
871 926
307 812
488 84
979 111
465 74
47 252
518 865
332 38
84 683
112 869
830 173
429 724
325 167
179 652
694 649
684 491
546 753
709 238
340 134
