40 9
3 2 25 33
6 4 17 19 22 29 38
3 15 30 35
2 4 36
2 9 11
5 14 27 32 37 38
1 19
2 38 40
3 21 37 39
2 18 26
1 7
1 9
6 11 15 17 21 26 40
2 31 39
4 1 15 19 36
3 11 19 39
3 1 20 30
3 12 29 33
4 8 13 19 30
2 3 39
2 1 23
3 29 30 39
3 15 21 22
1 33
2 14 16
3 14 17 25
2 13 38
4 1 15 16 17
3 3 5 23
4 4 8 29 36
4 1 10 34 36
1 22
2 8 38
4 1 18 20 23
3 1 3 30
5 1 6 19 21 26
2 20 28
5 1 20 24 27 31
1 14
5 14 18 20 21 22
4 12 27 28 34
2 18 30
5 10 13 17 23 33
4 14 17 20 38
3 5 18 24
5 2 14 27 29 39
3 2 13 19
2 9 23
7 11 13 14 22 25 33 35
1 29
3 9 27 35
4 6 10 16 35
2 30 31
3 16 17 29
3 11 28 40
3 9 28 30
4 7 27 31 38
5 5 29 31 32 39
2 8 27
1 24
3 5 16 18
1 16
4 12 16 27 39
2 9 21
4 15 24 36 37
4 2 5 12 19
3 4 23 29
4 6 17 37 39
1 8
1 30
4 12 16 25 29
5 18 19 22 26 37
4 3 28 31 37
3 7 10 20
3 3 13 16
2 18 33
5 2 12 16 21 23
5 9 16 17 33 37
3 3 10 32
4 4 29 35 38
6 17 20 22 28 36 38
4 12 13 25 27
4 2 12 24 29
3 1 11 37
1 27
5 2 4 5 23 32
1 19
2 6 34
3 10 13 19
2 1 7
4 12 16 19 30
4 21 25 26 30
2 6 14
3 21 23 27
4 10 11 17 39
4 4 5 17 40
1 30
2 8 28
6 7 15 24 25 33 39
5 16 21 28 29 34
1 39
1 24
5 2 12 19 32 33
2 9 30
2 16 29
4 1 7 27 39
3 2 17 20
4 6 9 24 33
1 4
2 11 34
3 7 9 25
2 9 28
3 23 24 25
2 22 28
3 17 29 40
2 15 16
5 3 8 19 24 32
1 36
4 9 10 22 29
4 9 15 23 27
3 4 9 23
5 2 4 27 29 36
7 4 8 10 27 30 32 35
1 22
4 3 6 10 15
3 12 26 31
3 2 20 39
2 28 35
4 9 11 21 37
1 2
3 14 24 31
5 6 7 14 21 33
5 16 23 24 25 29
1 39
3 9 12 22
3 23 29 35
2 1 26
1 2
5 3 4 22 25 33
2 1 24
3 5 10 25
3 16 22 34
2 28 38
1 18
3 18 26 35
2 26 30
4 15 17 29 40
4 2 8 22 23
6 5 8 15 16 27 38
6 6 8 17 27 31 33
2 16 18
2 5 26
2 18 28
3 1 4 19
2 11 15
1 10
3 3 4 28
2 5 11
2 5 38
3 4 19 29
6 15 19 22 32 33 37
4 6 26 34 38
6 3 7 18 28 30 32
6 1 17 18 20 25 39
3 13 21 36
4 2 7 17 20
4 13 21 27 40
1 34
4 23 26 33 38
4 4 12 31 38
3 17 27 36
2 21 37
3 5 13 30
4 19 21 25 36
5 8 11 22 29 34
4 9 14 16 24
3 1 2 28
3 4 5 33
6 3 11 18 20 32 37
3 6 24 29
4 4 13 16 21
2 21 39
2 2 8
2 10 23
4 8 16 28 39
5 8 10 13 20 37
2 4 27
2 13 26
1 38
4 1 3 38 40
4 2 6 8 11
6 6 7 22 28 32 34
4 11 20 26 34
2 9 13
3 2 3 19
4 1 4 14 16
4 16 20 28 38
1 14
8 1 25 26 28 29 32 39 40
2 5 12
2 6 19
1 7
4 3 4 7 11
3 8 18 36
3 15 19 35
3 5 37 40
2 17 35
1 31
1 30
2 34 39
1 37
6 1 9 18 20 21 33
4 12 23 35 37
2 25 26
3 8 21 32
3 8 11 29
4 5 6 13 22
2 17 32
5 5 16 21 31 34
4 2 6 28 39
3 17 33 37
4 6 7 23 24
3 29 33 35
2 26 30
4 2 12 36 38
5 20 24 27 28 36
5 7 17 26 29 34
2 8 15
2 37 40
4 5 8 25 35
2 23 34
3 3 12 32
3 4 6 31
4 16 27 32 39
2 22 24
2 4 29
4 15 26 38 39
2 19 36
5 15 21 26 29 35
6 1 2 11 13 25 29
3 6 12 26
4 23 24 29 30
3 1 16 23
5 2 4 5 8 27
3 1 3 36
1 30
4 2 21 24 29
2 5 22
1 4
2 3 17
5 1 5 14 25 31
1 27
1 28
1 1
5 16 21 32 37 39
3 14 23 26
6 3 12 20 25 33 34
3 1 2 38
1 27
3 5 9 37
1 1
2 16 38
1 37
1 24
1 1
2 8 36
2 23 24
4 6 7 20 23
4 1 5 23 29
3 12 18 29
4 14 21 28 35
1 11
1 30
3 12 22 35
5 9 17 27 33 35
3 4 13 17
2 33 36
3 21 23 35
7 4 6 17 35 37 38 40
1 7
2 14 18
3 2 9 32
4 7 11 25 28
5 3 20 30 32 35
1 22
7 10 13 14 22 32 34 35
1 6
7 2 6 7 10 27 29 33
3 13 18 35
3 24 28 40
2 1 40
4 16 27 31 37
4 1 6 28 34
4 2 15 20 21
3 6 8 40
2 17 34
1 1
1 26
5 1 10 17 28 31
3 27 33 37
4 18 25 26 36
4 1 4 27 38
3 14 20 32
1 15
1 35
1 29
3 13 20 33
3 11 13 39
2 10 27
6 13 18 24 27 30 33
3 4 7 22
4 8 19 29 33
6 3 9 11 15 22 36
5 8 17 21 22 32
2 15 31
2 1 9
4 10 17 24 31
4 6 30 34 37
5 2 19 20 31 35
2 15 36
