50 8
4 13 19 39 50
3 20 26 28
5 8 13 17 30 48
3 2 21 40
5 4 7 15 18 28
4 12 32 33 45
5 17 23 30 39 44
4 3 6 48 49
3 2 48 50
5 3 10 15 20 27
6 2 6 27 29 32 45
12 3 8 9 18 23 30 31 32 35 37 44 46
4 27 32 47 50
7 1 2 10 27 35 37 41
2 3 15
9 1 7 11 19 29 32 38 40 42
3 6 7 40
5 2 9 11 20 24
7 5 10 12 19 29 41 48
5 7 10 11 43 50
9 6 7 13 14 18 26 31 40 50
8 14 20 23 24 34 36 41 44
4 2 8 23 43
7 9 10 27 28 31 34 40
3 5 7 18
7 4 5 16 30 33 39 49
7 8 14 15 16 32 35 50
6 7 29 37 43 48 49
6 1 3 12 34 44 47
8 2 8 9 29 30 33 34 38
9 10 11 14 18 23 27 35 47 48
6 2 8 15 26 42 47
7 10 15 29 34 35 42 43
8 2 9 16 26 27 30 44 45
8 4 9 18 21 29 36 46 48
7 2 11 15 21 39 42 44
9 4 7 26 33 37 39 41 47 48
7 15 20 25 29 35 36 49
5 7 21 31 38 44
6 13 20 31 33 39 42
9 3 8 13 16 17 20 35 44 48
6 16 36 40 46 47 49
5 2 12 29 32 35
9 2 7 21 27 30 31 40 41 44
5 2 20 37 42 49
3 10 37 48
5 5 19 23 40 42
5 18 25 27 30 42
5 26 27 31 32 46
8 1 16 25 32 33 34 44 49
6 12 25 33 39 40 41
5 8 10 11 17 20
4 3 17 31 36
5 1 6 20 32 47
7 6 14 19 25 41 48 50
5 3 11 22 32 35
8 3 5 16 18 24 25 43 48
5 12 25 29 41 47
7 1 11 32 43 46 47 49
5 6 21 26 32 40
6 17 33 34 35 45 48
5 3 25 28 29 50
6 11 23 36 37 39 45
8 6 20 26 29 33 35 46 47
8 7 13 21 28 36 40 43 49
9 3 4 8 10 12 23 26 41 49
5 12 31 39 42 43
5 3 25 34 36 41
8 12 13 20 23 25 34 39 40
8 6 11 17 21 27 41 44 50
10 2 6 8 9 13 17 21 31 38 42
7 5 7 12 15 18 27 37
3 1 3 34
6 3 17 20 28 37 44
4 4 17 25 32
6 2 16 19 28 30 39
8 1 13 14 27 33 35 43 45
6 8 22 23 28 32 48
4 21 24 35 47
6 10 17 26 30 46 50
6 11 32 35 38 41 47
6 1 27 30 40 47 48
7 12 15 23 25 27 40 45
6 2 8 17 23 28 44
10 5 6 8 16 17 23 26 37 40 45
7 2 15 29 35 36 45 46
4 2 17 38 44
8 7 13 21 25 28 33 37 50
5 14 32 41 45 47
6 2 3 25 28 41 46
8 3 6 16 17 18 38 44 50
7 5 8 20 22 42 45 48
4 10 25 33 49
8 1 11 13 17 26 30 48 50
2 9 18
6 2 10 20 22 45 48
5 3 19 22 24 29
6 11 12 17 25 37 48
6 13 14 19 20 29 36
4 6 18 23 42
5 3 10 34 44 47
6 6 10 11 24 25 43
4 3 4 22 44
5 13 25 26 34 39
5 17 26 29 41 43
7 4 10 17 32 35 45 50
5 4 25 27 29 36
10 13 15 29 33 34 36 40 44 49 50
6 1 3 8 9 18 42
10 1 5 7 14 21 22 37 45 47 49
11 5 8 10 13 20 23 33 37 39 45 47
10 6 7 8 18 21 24 30 37 39 41
5 25 28 36 47 48
7 3 9 10 19 34 37 38
4 7 15 37 47
3 9 22 38
10 2 3 9 11 15 16 35 37 38 48
8 4 5 19 22 23 27 38 49
9 4 6 12 15 18 24 26 45 48
8 2 14 27 28 33 41 44 49
10 2 6 13 17 20 28 31 35 36 50
8 1 10 20 22 35 37 39 50
4 5 16 27 44
4 3 13 18 36
7 4 8 13 25 26 35 46
10 2 3 9 10 11 14 21 26 32 40
5 11 26 27 32 46
4 18 25 47 49
6 3 12 41 43 44 47
6 22 26 27 34 36 47
8 5 18 21 22 27 34 42 43
3 40 43 50
4 10 28 34 35
5 5 10 13 26 37
7 6 18 24 25 32 37 46
8 2 18 20 24 27 37 48 49
2 2 39
7 7 9 17 34 41 45 48
5 2 13 17 22 33
6 5 14 27 31 32 40
3 9 31 44
10 1 2 3 6 24 27 33 36 37 47
4 5 38 42 48
9 4 8 11 15 19 25 33 36 45
2 41 48
3 22 35 48
11 1 10 13 15 18 21 25 26 32 36 44
6 9 13 15 20 45 48
14 9 11 13 15 16 18 19 20 22 29 33 38 40 41
4 5 9 23 39
9 4 10 13 15 21 22 26 39 48
8 3 4 13 14 17 42 49 50
2 27 34
5 10 15 22 43 50
5 6 30 35 39 46
6 2 15 30 31 36 47
5 15 30 40 43 47
11 6 10 12 13 15 18 24 34 39 40 44
5 8 22 29 31 38
4 3 12 40 50
10 1 2 12 17 29 33 38 40 44 48
6 3 11 18 32 33 47
4 5 6 20 42
4 2 12 21 49
6 1 10 13 42 43 45
3 12 17 24
3 10 16 45
4 3 11 35 41
10 2 10 13 16 20 24 26 33 48 49
6 8 17 20 23 29 41
5 16 19 34 37 42
6 5 7 27 30 39 48
8 8 10 14 16 17 41 44 48
6 1 14 31 41 42 48
5 4 11 27 36 49
7 4 19 20 29 30 32 41
3 5 14 29
6 10 13 18 29 31 33
4 6 11 19 28
6 3 9 15 17 22 50
5 6 15 16 28 42
8 4 13 14 16 18 19 31 47
4 9 18 30 48
8 5 8 11 13 21 23 36 41
7 6 7 25 26 34 37 48
5 6 15 34 36 41
7 3 14 20 27 35 44 47
4 5 31 41 45
5 23 32 34 35 36
12 5 10 11 23 27 28 33 36 41 45 46 48
7 16 22 27 29 35 43 47
8 6 16 23 29 33 41 43 46
7 3 6 14 24 25 34 40
8 9 15 17 22 24 33 41 45
5 5 7 20 34 46
4 17 18 38 46
4 9 29 41 49
7 11 24 25 26 29 30 50
5 13 20 34 35 40
4 3 5 29 39
7 7 11 21 26 33 41 48
9 3 5 15 16 18 36 37 44 47
7 6 7 8 25 26 37 45
6 3 6 7 23 35 49
6 5 9 15 33 35 46
11 1 2 3 6 14 19 20 26 28 36 40
6 3 17 33 38 43 46
4 11 33 34 45
7 2 23 33 35 37 45 46
2 11 34
5 20 30 33 43 49
6 1 12 14 24 26 37
9 1 3 16 18 22 25 28 45 48
5 9 12 23 33 46
5 5 12 30 35 47
6 26 34 35 42 44 48
5 6 10 12 37 42
7 1 11 20 24 36 39 40
8 2 9 12 15 18 20 28 45
1 21
11 2 5 6 8 17 20 21 33 34 35 42
7 30 36 39 42 46 47 48
3 9 10 16
6 10 20 26 34 37 39
11 8 9 14 19 23 28 31 34 36 44 50
3 15 28 34
7 2 4 8 16 18 34 42
9 2 8 15 26 27 29 32 43 45
7 10 12 13 19 25 42 46
4 3 8 23 47
6 8 36 38 40 46 47
9 3 6 8 12 13 15 32 37 47
12 14 15 16 17 19 22 24 29 37 41 47 48
5 14 19 40 46 49
4 4 13 39 43
3 1 25 27
2 9 17
7 15 22 27 30 31 36 48
4 11 21 33 41
8 10 14 22 31 42 43 44 48
5 1 26 37 41 46
11 4 5 11 12 15 31 39 40 44 46 49
5 8 12 15 21 40
4 8 16 45 47
7 6 29 30 35 38 41 45
5 2 13 18 35 41
4 3 6 35 46
9 4 5 19 26 29 37 42 47 48
4 4 12 25 35
6 4 21 24 25 33 36
6 20 26 32 34 39 42
5 1 30 38 42 46
6 6 10 17 25 43 47
11 1 2 6 8 15 17 18 32 35 38 39
8 12 14 19 21 23 32 34 36
6 7 8 24 28 36 50
7 7 26 30 35 36 38 49
10 2 11 15 16 20 22 28 32 34 49
7 15 17 22 27 36 40 45
6 3 34 35 40 47 50
7 22 24 28 30 36 38 47
6 19 32 33 35 40 42
6 13 31 37 44 47 49
7 4 16 23 26 29 41 46
4 34 35 39 49
13 1 3 8 10 12 14 16 17 24 31 33 37 45
6 10 14 16 17 31 44
6 9 12 18 31 37 38
2 43 45
6 12 15 29 32 45 48
7 1 2 17 20 29 36 39
8 1 10 22 26 29 30 36 49
9 1 5 12 16 18 20 23 33 47
5 12 21 25 35 40
7 9 14 20 24 32 46 47
4 1 9 39 44
2 26 45
5 2 20 35 36 48
5 15 21 26 38 48
5 1 6 12 13 38
6 8 24 37 39 41 50
6 4 10 18 22 23 44
8 8 17 18 40 41 42 45 46
6 1 13 29 32 45 47
4 6 8 38 41
3 5 21 41
5 1 21 40 44 48
4 12 13 25 41
5 4 20 27 40 48
7 7 18 24 29 31 47 49
4 19 33 41 47
3 9 10 35
7 2 15 21 23 31 39 42
5 2 16 21 29 46
5 18 31 34 35 44
6 4 12 23 34 37 44
8 2 8 18 27 29 41 46 49
9 7 14 19 34 35 36 38 42 44
8 3 12 14 25 31 36 43 45
5 24 25 32 34 41
8 1 7 16 21 26 33 35 50
6 4 15 24 28 30 32
5 5 7 17 33 39
7 6 14 15 17 35 36 50
5 7 9 14 24 50
6 10 12 16 23 45 48
7 12 17 29 30 34 40 46
7 3 10 17 22 25 43 50
11 3 5 9 21 23 30 36 45 46 47 48
6 2 6 12 14 29 32
4 10 19 25 31
7 1 2 4 7 8 12 23
8 3 10 12 13 14 25 37 45
4 7 14 25 43
6 3 5 13 31 38 43
8 5 12 13 16 23 31 38 47
3 10 29 32
2 18 31
6 3 8 12 14 36 43
7 1 3 7 21 26 36 45
6 18 23 24 29 40 45
3 33 43 48
6 6 30 32 33 39 45
5 25 28 30 43 50
7 12 15 31 32 44 45 47
6 3 10 30 32 39 44
11 2 7 9 10 13 18 22 32 46 48 50
3 32 36 42
6 3 18 20 21 27 32
5 3 9 16 18 47
3 5 45 50
9 4 15 19 20 31 32 37 43 50
3 4 19 31
6 1 6 18 20 36 43
6 1 20 25 35 42 45
6 6 7 16 22 36 45
5 15 16 20 23 29
1 47
9 5 6 14 19 21 24 25 41 43
8 18 20 21 23 29 38 48 50
6 3 6 10 15 20 34
4 29 35 43 45
4 2 28 31 46
7 4 10 13 19 27 39 47
7 3 10 19 36 38 44 47
6 2 3 18 28 31 42
6 6 19 25 27 35 46
5 3 12 24 28 47
2 4 16
6 10 14 32 38 40 45
