1848
0 -19
-1 8
19 -16
1 3
-18 17
17 15
-12 8
11 6
15 -18
5 -17
14 -19
12 5
16 -19
1 1
20 5
-18 13
12 -9
20 9
15 -3
1 11
6 -15
-4 13
-11 -20
8 12
8 -7
-7 10
-17 -20
6 14
8 6
7 -15
20 -9
20 -14
-21 2
18 -18
-14 5
-4 -11
-13 3
-14 2
19 -4
-8 9
-20 14
-8 2
-18 12
9 -3
21 13
-4 9
13 14
-20 9
-16 -20
6 -18
-7 17
-20 18
-8 -8
-15 -12
-19 17
4 7
-12 -3
-6 19
-20 -18
14 21
-9 -9
-18 -7
-14 -12
18 14
13 -11
-10 -3
-19 7
-9 -13
10 3
17 7
21 -12
-17 -2
-1 -3
17 -13
20 7
-1 -18
6 -13
-4 -8
-6 -18
12 1
3 -21
20 21
5 11
19 21
-9 -12
3 10
7 18
-7 18
6 9
15 3
-5 -18
7 3
9 -2
-5 -4
16 -1
9 -16
2 -4
-20 11
-3 19
7 10
-8 -1
18 -5
1 6
-13 17
-5 -20
17 13
4 -5
-11 -19
-18 21
-3 4
9 4
3 11
11 -7
3 -11
-12 14
13 -18
21 -4
12 14
-4 10
2 16
-19 0
16 5
2 -18
-13 7
-12 -4
-15 3
12 9
20 -11
-1 -19
7 11
-11 1
-4 11
-7 20
-20 -13
-7 -5
-8 -3
-9 12
-1 -7
-7 -16
-15 -5
8 -9
8 -2
-16 13
1 -7
13 -13
-1 -14
16 -12
-14 11
10 -8
11 -4
5 -6
-19 -19
-18 -9
-1 -5
-11 18
-11 9
12 -8
-13 -18
19 15
-19 -1
5 -11
-11 20
-1 -6
-3 -11
-20 -15
-12 -12
-21 -8
-1 17
-13 -20
-8 3
15 -2
-5 -8
-6 -1
0 -10
17 10
19 -18
-7 -2
17 4
-12 -1
0 -18
15 7
16 -15
0 -6
10 -12
-3 13
0 18
1 -15
-21 3
-4 14
17 -15
3 9
-8 -18
5 -2
1 -1
-6 -5
-9 0
15 9
-10 20
10 6
-10 -8
-17 -7
-20 3
-17 6
19 -13
4 10
12 2
2 -9
5 -14
-5 9
3 -16
2 -15
-5 14
18 -8
-15 -7
13 18
19 -15
-3 7
-4 20
20 3
-3 2
19 11
6 5
-12 -10
-11 -21
2 -20
-17 4
-8 19
-1 6
-6 14
-7 3
16 -11
-16 8
-9 -3
-18 18
1 -2
4 18
18 11
-2 -17
19 2
10 -9
19 -3
4 -4
12 6
9 -15
-10 14
3 16
18 17
-15 16
-18 7
-17 7
16 -7
-17 -5
4 -11
19 8
3 18
-15 -1
20 11
15 -21
-7 -20
18 -3
-11 -7
-10 -12
-2 -5
19 3
13 15
5 -1
2 -13
-15 -18
-9 21
17 9
-3 -9
-6 10
15 -4
-19 21
7 15
17 -12
-14 -17
19 1
-1 16
17 21
10 -10
-13 -11
11 -19
-19 -2
8 21
-20 19
-18 -17
-3 -10
4 12
-12 16
-17 3
6 -7
15 -9
6 18
-6 -4
-14 7
-21 4
14 -20
-16 18
-7 15
-21 14
16 0
-12 -13
-20 -5
-4 2
-12 21
-4 16
15 19
-9 -16
-19 -11
8 -8
18 10
11 -8
20 10
19 6
-15 19
8 19
-13 6
-7 -8
-17 -17
-11 -1
-13 4
14 7
-11 12
4 4
-15 6
-2 12
13 -20
6 4
21 -1
0 -4
3 21
4 -10
4 -19
-12 -15
9 -19
10 12
12 10
10 -2
11 9
6 1
0 -16
-3 -18
-4 21
7 -20
21 -18
-17 21
-19 16
6 -19
-6 -6
-4 -1
14 5
11 -21
13 8
-13 5
0 -7
-6 6
5 13
-14 -15
10 1
1 16
-20 2
-8 10
-9 -17
-20 -20
1 -20
-8 5
12 7
-16 11
-20 -1
-14 12
1 -13
-6 15
-19 19
-3 -19
-1 21
4 -14
2 -17
-14 -8
-10 17
-6 -9
13 17
-19 10
-4 -16
-16 19
11 -17
19 16
8 1
4 1
-3 6
8 -4
13 -16
-9 -21
10 4
-5 7
13 13
4 -6
-2 7
13 -9
-13 21
-21 -11
-19 -10
21 -14
-13 -7
20 -4
15 15
-19 -21
20 -19
-17 -14
4 11
-4 -21
0 -3
5 19
-20 12
-21 5
21 17
18 -1
9 15
-12 -20
-5 0
-16 -18
-13 -21
8 8
15 20
-1 -11
12 20
17 0
-17 -15
8 -1
5 8
-16 -21
-14 -13
-4 4
6 10
-17 11
20 0
12 -11
-19 -20
9 -7
-5 -13
7 -17
-10 -20
-15 -20
-11 3
-4 -5
19 5
4 19
21 8
-20 10
0 -14
4 3
19 20
-2 -4
-15 13
-19 12
-17 20
6 12
-6 0
1 13
13 11
11 16
12 -10
21 -19
18 20
0 21
-14 -20
15 -7
-18 2
3 12
19 -20
19 -8
-21 8
16 -4
-7 -12
-18 -21
-4 6
-8 20
3 4
-16 -13
16 4
-12 2
21 -21
15 -10
15 -20
2 17
14 9
0 -11
21 -11
5 7
8 2
1 18
-6 18
-18 15
-6 20
-21 -12
-20 -3
13 -21
2 -11
-5 -16
-16 0
-7 -9
14 -5
14 -11
-14 -19
4 -3
14 20
-3 5
-4 -10
-13 13
-17 19
6 -9
-15 -3
-8 -16
-15 5
-2 -8
14 4
7 -14
-15 -21
1 -14
0 4
-12 1
8 18
17 5
15 2
7 8
11 -2
6 -21
-13 -3
9 -8
21 6
-3 1
-2 -15
5 9
-10 -10
3 -4
-14 15
5 20
-20 5
-16 5
-3 11
9 -18
-3 0
-1 9
-10 10
9 -10
-12 3
16 12
-13 -2
-18 -14
4 15
-7 4
7 0
-14 -11
-14 -6
-19 -13
-13 16
1 12
10 -7
7 4
17 -4
2 -19
11 -16
16 -2
3 2
-17 -6
10 -21
9 10
-18 -6
11 14
-12 18
21 16
-8 14
13 -4
-15 -6
-3 12
-20 4
0 14
-15 17
-9 18
14 19
10 13
15 17
5 16
18 15
-8 21
-3 -12
16 14
-3 -14
-10 -4
18 -19
16 8
-1 -10
20 2
20 -15
-20 -14
6 -20
-12 -9
-15 8
6 -17
-8 4
15 6
10 21
-4 19
6 -2
12 -14
18 5
13 -15
12 -12
-2 2
2 10
-4 -3
-19 -12
-13 1
5 18
20 -3
18 0
-2 -21
16 17
-20 -21
14 -2
-6 1
11 -3
-19 13
-3 10
-16 -19
8 -15
11 -1
-20 -12
7 -2
-7 13
3 -10
-19 18
-15 -9
0 3
-3 18
-11 -2
-21 -5
9 13
-21 13
-3 -20
-4 -4
-21 -6
19 12
18 -13
8 -5
16 -5
-2 -19
15 14
12 0
4 -18
17 -11
9 -1
-3 8
-12 -7
3 14
19 13
-2 0
-21 -3
6 6
7 -19
-8 -12
-12 -2
-4 -6
19 -9
-9 -1
-11 -16
14 -10
17 -17
-8 15
1 -9
-16 16
-4 -12
-21 -1
-2 8
-13 -8
20 -12
13 6
15 -8
-9 9
10 -6
-14 18
-9 4
-21 -13
8 16
-7 12
20 18
-21 11
17 1
3 -9
17 -21
2 -6
4 0
-20 16
13 -6
-11 -15
0 12
2 0
-12 10
-14 8
7 -8
-12 7
-13 2
-11 13
-21 20
9 -17
-19 -16
18 -12
-10 2
-3 -16
-2 -7
-3 -8
21 -20
-5 4
1 -4
18 6
-17 -8
2 -7
12 -13
-10 1
4 -8
-19 -3
-5 -17
20 4
-16 -3
-20 6
21 -15
8 -13
-13 -13
-18 8
-13 20
-21 -15
-15 -14
-10 5
-6 4
8 -16
-4 -20
-21 1
-21 9
-13 -6
9 -9
-1 20
-18 6
-15 -19
0 6
3 -19
-18 4
16 20
-7 -13
-21 7
-8 -9
-6 -2
-8 16
-5 6
-20 20
-10 12
-10 -6
-5 15
17 16
-19 3
1 -17
9 16
-1 -1
-5 20
9 -4
-7 2
11 15
14 -1
-1 14
-18 -16
-14 16
2 -21
14 -6
2 4
4 2
14 13
12 -20
8 -10
-8 6
-12 -6
-13 12
-5 18
1 -19
4 20
0 13
-7 14
-18 -3
3 17
-6 7
21 19
-17 -12
-10 -9
0 -20
13 20
16 -8
8 -11
21 14
11 8
21 -13
-18 9
-4 0
6 16
-16 7
3 -1
10 2
12 12
5 21
10 20
-9 10
21 9
5 -19
-12 12
-16 15
-7 19
3 -6
-6 12
7 9
-11 -8
6 15
-9 8
-9 -7
14 -7
5 -21
-19 15
-20 -10
5 -8
-16 3
10 -11
-1 3
9 3
-12 13
15 13
18 -11
19 14
-15 7
-21 -4
-2 13
19 -5
17 -5
-21 17
-15 18
-12 -14
16 -20
-14 -10
17 12
-9 -8
-4 -7
11 4
20 -13
12 -17
-18 -4
-21 -2
-2 -1
-11 -13
3 -12
-2 10
-11 17
-21 6
-15 15
9 1
-13 0
0 17
-3 -2
1 -8
0 5
-15 10
0 20
-6 -11
2 -1
0 -17
8 5
14 -8
20 14
1 -11
-11 19
14 -4
19 7
-13 -16
-17 9
3 -7
15 18
7 5
9 -13
-18 -18
12 -16
-16 12
-20 -9
-7 -15
-2 17
21 15
-16 -6
-7 11
9 6
-8 18
18 -17
15 -5
-6 16
0 -13
8 -20
-5 5
-17 -10
-12 -11
11 -14
-19 -14
-6 -20
-2 6
-1 -12
-6 -3
-6 -13
-5 -1
-7 8
-14 9
-8 8
-18 11
21 7
19 -11
-15 20
20 12
-7 7
-15 -15
18 -2
7 6
-14 -16
-4 5
11 11
-18 3
3 20
20 8
15 12
-2 14
14 -9
-15 1
4 -17
17 20
0 16
1 9
-21 16
11 2
-9 -2
-14 -18
-3 21
-5 11
-16 -8
18 -15
14 0
-3 20
18 -4
19 17
21 -5
-1 4
2 18
18 1
-13 -9
-20 -19
-7 -21
-19 -9
12 -18
-1 -16
-8 0
-14 10
-21 19
0 -15
15 -15
-15 -11
10 15
-6 2
-10 -18
9 20
3 1
5 3
5 10
-20 -4
-17 -16
-2 11
14 2
12 8
-14 -21
-1 15
-5 -10
-21 15
7 -16
-17 8
4 13
-2 20
-6 -21
-8 -19
-11 -4
10 18
5 6
-2 -14
-17 18
3 5
11 -15
13 21
21 -6
15 5
-9 19
-18 -20
-5 3
-13 15
17 2
3 -5
-5 1
-5 -5
-7 -19
10 -16
-3 17
-10 21
3 -3
-12 -21
-12 0
-16 -12
16 -3
-2 -12
-21 -21
-11 -9
-14 17
-15 21
-12 -8
6 -12
9 -6
-1 2
19 -19
9 7
11 19
-10 13
-3 -15
5 1
-14 6
9 8
18 16
11 -13
-5 -3
-2 -20
-16 -4
21 -16
-18 -12
3 13
-9 1
19 -17
-3 -6
-5 19
-7 16
20 -2
4 17
10 7
-2 21
9 -11
21 12
-15 14
-12 20
-8 -21
5 14
-12 11
13 -10
-5 21
11 -6
8 20
-13 -10
-11 -3
-21 -17
-15 -4
3 7
0 19
-10 -2
4 -7
10 -5
15 1
-1 13
10 19
-2 -9
13 -3
7 12
-16 9
9 11
20 -16
21 20
-8 11
1 8
8 -6
17 17
-6 -17
-6 17
-14 21
-14 -14
-7 -7
-20 -7
-4 -9
17 -19
-17 14
10 -20
-15 11
15 10
-11 -10
-2 -6
4 -20
9 5
-2 1
-17 -11
-1 18
14 -16
-19 5
10 0
-12 4
-13 8
-7 -11
18 8
18 -6
8 7
-10 -13
-4 1
14 -13
4 -21
-16 -7
-12 -17
2 9
-18 -10
0 11
-17 -18
-11 15
13 19
5 17
-9 -10
-17 -1
17 -14
2 -14
0 9
-16 -15
9 17
17 18
-5 17
3 8
4 9
4 21
10 14
2 20
-14 1
19 -21
-14 -2
20 17
16 -10
14 18
-7 21
16 -21
1 -3
-9 13
-20 -11
3 -15
5 -18
19 -2
11 17
20 1
-9 6
13 10
-14 19
21 -8
-6 13
-19 1
14 16
20 -7
-17 1
-6 5
17 8
-7 9
9 -14
13 0
5 2
-13 -5
-13 -1
-15 -8
10 16
15 -6
12 -2
-3 9
-19 -8
-9 -6
-11 -6
-17 -13
12 18
-15 0
3 -20
15 -12
19 -12
11 -20
-18 20
-19 -4
21 21
10 -4
-6 -10
-7 6
-16 -5
21 18
-7 0
16 -17
9 -5
19 -10
14 -18
-21 21
-2 3
5 -20
13 -1
2 -10
21 5
14 14
-15 2
-17 15
13 -12
11 13
0 1
-4 17
-10 19
18 19
-15 -2
-1 -21
0 15
21 10
3 -2
-21 12
-21 -19
-8 -10
-11 21
20 20
2 21
21 4
20 6
-18 -2
-9 2
11 3
-15 12
-5 -2
-19 -5
12 13
21 0
-20 0
-21 10
-8 13
-1 10
8 -17
-8 -17
-9 5
-7 5
-18 -5
20 19
-14 4
7 -6
17 -18
-9 3
-16 -2
14 15
12 -6
18 13
-2 -2
-4 -13
13 12
11 21
-20 -8
8 -14
21 -10
12 -7
7 -21
-12 9
20 -5
-11 -14
19 0
12 21
20 16
-21 -9
-20 15
-8 -13
-1 -20
-16 2
1 0
-3 -3
11 -10
14 10
18 12
5 5
13 -2
7 -5
8 0
13 -8
10 -17
-1 11
-18 0
-8 -14
8 -12
5 -3
-17 -9
-10 0
6 -1
-10 18
-3 -21
-16 -11
7 -4
16 -16
-19 11
-9 -11
0 -1
6 8
-6 -14
3 -13
-17 0
11 10
-7 -10
-16 1
12 -21
-7 1
-17 -19
-2 15
-12 -5
16 10
4 -9
14 -3
-3 -13
-13 -12
-3 -7
-13 11
-21 -18
16 -14
7 -3
19 -1
7 13
20 -6
6 19
10 11
20 -8
21 -2
-6 -19
3 15
18 18
15 -19
2 -8
18 7
20 -10
-10 -17
-10 9
12 -3
-8 17
21 -3
10 -19
-8 -2
4 -12
1 10
12 15
-10 -1
2 -12
3 19
-14 -4
12 -4
11 1
4 -15
-18 5
-14 -9
-3 -5
-14 -7
-2 -16
21 -17
3 -18
-21 18
5 -13
-9 17
9 -12
-11 8
-18 16
-18 -1
-2 -3
2 11
2 13
15 11
14 6
-14 -5
2 15
12 -5
21 -9
-21 -10
14 11
10 10
14 8
7 7
-20 21
7 17
10 9
15 -17
9 21
14 1
-13 9
-10 -19
11 -18
9 12
-2 5
-7 -17
-3 -1
8 4
-20 7
12 -1
7 2
-18 -8
16 7
-12 19
-10 -15
-4 18
-11 -17
16 -18
6 -8
1 21
-11 16
3 0
1 -6
16 3
7 19
-2 18
13 -7
-11 6
18 4
7 16
1 2
18 2
-2 -13
1 -18
5 -12
14 17
4 -1
0 -12
-9 -19
-6 3
6 -5
-1 -17
-11 10
6 -10
16 -9
5 -16
-21 -16
-16 -10
-11 -5
10 -18
12 -15
17 -7
-19 20
-8 -4
-5 -21
3 3
8 14
16 1
-7 -1
0 -8
-1 7
-19 4
7 -13
3 6
12 17
-15 -16
-4 7
10 5
-1 5
-14 3
17 19
-6 -16
12 11
15 -11
1 7
-6 9
-18 1
9 0
-10 3
4 -16
-9 -4
9 19
7 -1
6 7
-10 -21
-4 15
10 17
-16 17
13 -19
13 3
12 4
16 6
-14 -3
0 8
-16 20
-10 -14
-4 -15
15 4
2 12
3 -17
-7 -4
6 -14
2 -5
-11 5
-8 12
0 -21
11 7
1 17
-13 -4
17 3
-16 -16
16 2
-14 13
-17 17
20 -21
19 -14
21 3
15 0
13 9
0 -2
-19 -17
10 -13
-2 -10
2 3
14 -12
2 19
-19 -7
-8 -15
15 -14
-14 -1
-19 -15
5 -7
-3 14
15 21
0 7
15 -1
-5 -11
-20 8
8 3
19 9
20 15
16 -6
1 5
18 -7
-3 16
6 -4
11 -12
-20 -17
20 -18
-17 2
2 7
-4 3
-4 -18
-20 -2
-11 14
18 -14
17 6
16 -13
-9 14
13 2
11 12
16 9
-5 16
7 -7
13 16
21 1
-6 11
-7 -6
20 -17
16 21
2 -16
8 17
2 6
-14 14
13 4
-16 -9
11 18
-10 -16
-1 -2
5 0
1 -21
17 -20
16 11
14 -17
-15 4
-9 7
14 -21
-9 20
7 -11
-2 4
8 -19
15 8
-8 7
-5 -15
17 -3
-16 6
-11 4
4 -13
-12 5
-19 -6
-6 -12
8 10
-5 13
7 20
-5 12
5 15
-13 -17
-11 0
2 5
3 -14
-16 -1
6 21
10 -15
2 -3
18 -16
9 -21
-5 8
-2 -18
13 -17
-4 -19
19 10
2 -2
12 16
7 -12
17 -16
5 -15
-4 8
-12 -16
-19 6
0 10
-9 -20
2 1
-19 -18
-4 -2
-12 17
-15 -13
-15 -17
-10 7
-12 -18
-9 -5
-10 8
-14 0
17 -8
20 -1
-18 19
-16 -17
7 -18
-13 -15
13 1
-15 9
-10 11
-18 -19
16 16
-10 6
-13 10
-1 -13
-21 -20
12 -19
10 8
-5 -12
-5 10
-5 -19
17 14
-20 13
20 -20
-13 14
5 4
11 -11
10 -14
-8 -6
1 19
-1 -15
-13 -14
-1 -4
17 -10
4 16
5 -9
-9 -15
-11 7
19 19
21 -7
9 9
14 12
-20 17
-21 0
17 -9
14 -15
-14 20
13 5
-10 -7
2 14
18 -21
9 18
6 11
-5 -14
13 7
0 2
6 20
-4 -14
-17 -4
1 20
15 -16
-3 -17
15 16
1 -12
5 12
20 13
-13 19
-11 -18
1 14
7 14
10 -3
-3 -4
16 18
1 4
-2 9
-16 4
16 15
6 -6
14 3
11 5
-5 2
-9 15
-2 16
-17 5
-3 3
-18 10
13 -14
14 -14
-4 -17
-18 -11
-11 11
-20 -16
-13 -19
-6 -15
17 -2
-20 1
18 3
3 -8
-1 -8
-12 15
16 13
4 8
-6 -8
4 14
-6 -7
-13 18
-10 -11
18 -9
6 -16
-8 -20
8 9
-1 12
-17 -3
-8 -7
5 -4
18 -10
9 14
-5 -6
-11 -11
7 -9
8 11
-17 16
-7 -18
-17 -21
-1 0
-19 2
11 20
-16 14
-10 16
13 -5
-9 -18
-2 19
8 -3
-16 10
-16 -14
6 3
-11 -12
-10 15
15 -13
-1 1
-12 6
18 21
-8 -5
-1 -9
0 -5
6 -11
10 -1
-6 21
-6 8
-9 11
12 3
-17 12
12 19
-17 10
7 21
11 -9
-18 -13
-19 8
-9 16
-5 -9
-21 -14
-12 -19
11 0
8 15
-17 13
6 -3
-8 1
-19 14
-4 12
-8 -11
8 -21
6 2
-5 -7
11 -5
1 15
-16 21
21 11
-2 -11
-7 -3
5 -10
1 -10
-10 -5
1 -16
6 13
2 2
5 -5
16 19
-7 -14
-10 4
19 -6
9 -20
-19 9
7 -10
21 2
-3 15
-21 -7
17 -6
-1 19
-18 14
-11 2
4 5
2 8
17 11
1 -5
18 -20
6 0
7 1
0 -9
19 18
19 4
-18 -15
-9 -14
8 13
6 17
9 2
4 6
18 9
19 -7
4 -2
17 -1
-20 -6
-15 -10
8 -18
