2000
-2 11
-12 -11
30 15
18 28
25 -8
30 4
-30 13
24 21
1 -27
-27 -29
7 -16
23 26
17 -8
-24 -16
-26 5
-27 27
10 11
-14 -12
-1 16
27 13
-22 27
-3 -14
29 -13
-20 -12
6 -28
-14 -19
4 4
-1 -4
30 17
16 -13
12 25
-23 22
5 -19
-30 -1
-19 -7
9 0
25 -3
-10 21
7 -14
-12 18
22 -1
8 -25
-9 29
-9 13
-23 6
-4 -18
29 5
-7 10
-16 12
17 -27
-25 -10
21 -16
13 -2
27 11
-7 16
25 30
-29 -17
-22 -24
-6 19
-15 -3
-7 5
-17 4
6 15
5 -3
2 8
0 23
-2 28
14 -16
10 -13
-20 -28
-14 -30
26 16
19 11
-27 15
7 -7
18 -20
-21 15
-3 -2
30 11
23 3
2 17
-25 24
-30 18
-8 4
12 -23
13 -20
-22 -8
-17 -28
11 30
-23 24
26 10
16 9
-12 9
6 25
18 15
12 20
-20 -22
12 -26
3 -11
-22 -15
18 -10
28 14
15 -22
-17 28
6 -13
24 6
-30 1
-27 -27
22 14
-21 -16
15 -26
23 21
-9 -30
-14 4
17 26
15 -25
6 3
-18 22
-23 9
-2 23
11 10
22 -21
13 25
-9 3
-7 25
29 18
-25 27
9 14
-3 22
25 23
-19 27
-28 18
17 9
10 7
-4 12
22 -26
4 23
-4 29
12 -3
-26 7
-25 26
-12 8
-9 8
11 24
-13 21
14 -28
26 -11
-20 14
-4 -21
-3 4
4 12
18 -28
23 -12
-13 19
-19 -6
14 28
-18 -7
19 23
8 19
-22 -4
27 7
-22 18
-2 -18
11 -9
8 18
16 19
3 11
8 16
-30 -4
-6 -19
-30 0
-8 -17
7 0
-16 -2
1 -15
15 2
-3 28
22 -24
-15 -7
-10 26
-30 -16
19 -22
-27 29
-27 10
2 1
9 7
-14 -17
17 8
-14 -22
23 -17
22 -16
14 -15
-10 -4
1 15
2 14
27 8
25 -25
-15 4
27 16
-26 -10
11 17
-29 22
-3 -3
2 25
-15 -27
-16 -7
-13 -5
-12 16
-26 -27
-6 -23
13 -23
11 -2
-17 -1
28 -11
23 -24
-20 3
13 -9
24 -26
-11 18
22 -20
18 -15
16 -10
26 -24
-23 -18
-18 17
8 6
-30 12
21 -8
-19 -25
12 11
-7 -24
28 -28
-11 11
6 22
-23 10
-22 -17
0 5
-15 -15
-12 14
-3 -25
-8 -25
15 30
5 -4
-3 -15
8 5
25 5
-3 1
-25 30
-9 2
-7 -11
13 -5
7 2
-10 8
-4 -2
9 -12
-29 30
-29 -20
24 -16
-29 -22
-22 6
8 -20
16 -15
9 8
-2 -16
-9 -29
-18 -1
18 7
13 23
0 11
-2 13
3 -22
29 15
16 -20
-16 -4
24 3
14 10
-22 -5
-5 -10
-16 0
-16 -28
11 -16
-19 4
-8 -24
2 -16
-13 -23
14 -24
-24 10
30 25
29 3
-7 -20
-24 -13
-13 -20
13 18
23 5
-16 -29
11 29
22 10
-16 -15
16 18
-19 13
6 13
1 30
-5 30
-3 23
-16 27
-22 -14
14 11
27 19
22 -8
-26 -22
-25 25
-3 15
9 -9
-16 -9
15 -9
-3 3
17 -1
3 3
-26 -9
-25 -8
28 -29
24 -30
7 17
1 -10
7 30
-14 1
27 9
-22 30
-24 12
-3 -22
-19 -15
-13 -21
14 -22
-2 1
-20 -15
-30 -15
24 5
18 12
28 6
5 29
-29 25
12 18
23 27
-15 24
-8 -2
-22 29
2 -3
0 7
-14 8
12 -21
24 -17
22 17
15 3
25 2
-28 -13
-1 24
-10 -13
2 -14
3 -1
8 -28
20 1
-29 2
-12 -30
5 -18
-27 13
-19 -26
-30 20
15 19
-24 -2
16 26
5 6
-15 7
7 -17
-6 5
-1 25
24 18
3 -26
0 -4
16 12
-7 20
27 -15
19 -10
-10 -20
-16 25
-4 23
7 29
-9 23
0 10
-28 25
15 1
22 4
-21 -29
26 -12
11 15
12 -12
-13 -28
14 20
-17 12
-22 2
-15 -2
5 -25
30 -6
-23 4
-26 1
1 -18
27 3
22 -15
7 7
-11 20
-1 27
17 -15
14 -19
-2 29
-2 -20
14 -20
19 19
3 9
21 -17
-16 30
3 -8
13 11
-12 22
-7 1
-17 -29
25 26
-19 -14
-12 4
5 25
-3 -16
14 17
-21 0
-18 26
-11 10
0 14
-20 17
-13 1
-28 17
-5 -27
-2 -27
6 0
27 25
25 1
29 30
26 -8
-17 29
23 -9
-23 -12
-1 -26
-5 21
-15 -29
-22 10
17 16
-21 -6
-6 17
13 -27
-12 12
26 -9
15 0
27 -8
25 -18
13 7
3 24
26 30
-7 -30
25 6
9 24
-27 -23
22 8
-4 17
17 -14
11 -28
-24 1
21 -6
-21 16
-14 -27
20 -30
-11 15
-14 -15
-27 19
22 20
-3 -5
-16 -22
-11 -21
21 -29
-19 21
-14 -9
8 1
29 7
-12 19
-28 0
30 5
8 -10
-24 -29
21 0
21 -22
16 27
-26 3
-22 15
24 -3
-11 -29
-7 30
28 29
11 -21
-18 23
-29 -19
-14 -25
-19 -11
-8 20
11 16
26 14
11 26
-26 -23
-7 6
17 3
26 -16
15 -2
29 12
2 18
4 -4
14 14
-2 -30
-12 -18
22 2
-13 -25
25 -6
-10 0
-19 5
-28 26
-10 17
-6 -9
18 13
-9 22
20 28
23 -10
-5 22
16 -4
22 -29
-27 -1
-15 17
1 -26
-5 -9
-2 -29
-5 -20
-11 -1
-2 -23
-23 -21
4 8
-1 5
4 9
13 -29
-10 25
-23 11
-14 -18
4 -7
23 2
1 -3
20 15
-12 1
-28 21
-13 9
29 -23
13 2
-2 10
-7 -15
-27 -20
-3 -11
-2 18
4 29
-16 -20
25 -23
-8 2
-17 5
-5 -14
16 30
-9 -20
18 24
-27 24
15 -30
4 1
9 -21
4 -9
-18 -13
-8 -21
-27 20
17 20
-25 1
-11 16
5 24
-25 -15
-29 18
21 -4
-10 -3
3 -10
5 17
-19 14
-18 -4
-7 21
-25 -30
-30 26
10 -27
14 -4
-20 -30
-8 -6
7 -4
-8 0
-1 -12
-21 29
-5 28
19 0
-22 13
-22 14
1 18
-13 -24
-30 -22
-2 -6
23 18
-15 -9
18 -1
-1 -19
-6 -20
-25 28
-13 30
21 14
20 -12
-9 15
17 21
14 29
-29 -21
-15 -26
22 -12
-29 8
22 9
-15 -28
28 21
23 29
7 -6
-30 -29
-10 27
-24 6
16 14
13 -24
-21 22
17 29
-20 9
-10 -27
8 15
12 7
-16 -10
22 -9
-4 11
-25 -9
28 -30
-29 -16
9 3
9 6
12 12
-15 12
-5 -12
-19 6
-1 -8
27 28
6 7
-3 -28
-20 7
12 1
-3 12
-4 3
-15 -24
7 -23
11 -23
-8 6
14 18
1 -4
-15 20
26 26
-15 -13
-20 16
-9 -3
19 -25
-8 -3
-6 14
25 -19
-30 -28
23 19
7 18
-23 -26
6 -25
-4 -15
-18 24
17 27
-20 20
0 -6
9 -2
-15 15
-28 -27
25 10
-2 22
-5 -23
6 5
-3 27
-3 20
6 -29
-1 -10
-18 -14
28 -21
-2 30
12 -9
19 -29
-20 -26
20 -27
-5 23
-21 20
21 -12
-11 -30
-30 -21
-27 -30
-9 27
21 17
25 -24
-11 -17
26 29
15 8
10 3
-11 -25
-30 2
5 26
16 -24
-12 -8
-6 29
10 -25
5 23
0 -21
-15 16
11 6
-15 -14
4 7
-12 -10
4 14
-23 25
7 25
-22 -22
0 -11
3 29
-10 1
-19 19
0 29
28 -8
8 12
-24 18
30 6
20 0
-13 26
20 18
-11 -12
-12 24
-27 -10
1 -5
-15 -16
-16 15
15 -7
6 9
25 -12
-3 -18
-9 18
15 4
2 -2
0 -13
-6 -12
20 -17
11 -15
10 24
-23 -9
16 21
1 -21
23 23
-27 -18
22 6
21 25
-14 -6
-8 17
21 -11
21 -25
5 12
9 -27
13 12
30 -19
27 -11
21 4
-2 24
13 14
13 -7
22 -30
8 13
1 -19
-15 -4
-4 20
14 23
29 -20
30 3
-21 -1
30 -17
7 15
-23 29
6 -16
-22 -23
-20 8
0 6
5 -26
-11 13
30 13
3 -27
-2 25
17 25
-9 30
6 2
10 10
-10 -18
-8 -23
20 -8
18 -7
29 -30
-24 22
16 25
28 -26
-1 -11
10 29
11 8
19 -7
14 -9
11 21
16 -1
26 5
23 1
6 6
28 -6
-22 -9
13 19
30 18
-21 25
2 -20
-21 -27
22 18
13 27
7 26
-11 19
11 -29
27 -10
3 -9
-13 27
-29 9
14 24
-19 -10
25 -1
5 21
-27 -5
3 -19
-4 21
10 20
22 -18
7 -20
21 13
-2 -24
26 4
19 3
-21 10
-12 -23
-10 2
-14 -24
23 -4
-5 -29
-2 -9
23 9
-18 -10
26 7
-15 21
-12 -6
-10 7
29 23
-6 18
-17 7
-4 -5
17 19
-22 28
6 -11
27 -12
-11 -9
-28 -9
-26 -28
23 -8
-11 24
24 9
2 -12
29 21
10 4
9 -6
-17 13
19 1
-9 4
19 -28
-17 27
18 4
-1 21
14 0
18 -19
3 -17
22 13
-10 10
24 -20
22 23
-11 22
-13 -29
-24 11
3 26
-28 3
-16 13
-4 6
3 -25
9 1
4 25
15 11
-6 -8
2 -27
21 9
22 -19
19 -30
8 24
-12 -22
15 15
-17 30
-28 -25
-19 -12
16 -12
15 29
26 -2
-19 -4
0 19
28 12
-15 18
-27 8
-1 0
-15 8
-21 -18
24 11
2 -26
-22 -30
-11 -19
26 20
-12 -3
-18 -9
-29 -6
29 8
30 19
28 15
-26 8
-1 13
-25 22
-7 -27
18 11
-8 -4
15 14
15 -27
20 -5
-5 9
4 -26
5 -5
6 -10
7 -29
-26 -8
12 -19
-16 -14
27 -4
-15 -8
30 -25
-29 24
-26 17
-27 -25
29 13
22 30
29 20
-30 -10
-30 -6
26 -30
3 8
-19 -29
-17 -13
14 -2
20 5
24 17
-30 8
-28 15
-18 8
-30 -5
25 -7
12 -15
-28 28
11 11
-11 6
-27 -8
-8 -5
-14 3
-25 2
-22 9
-19 -21
6 -7
-20 -16
30 2
6 21
17 13
-10 -2
14 15
3 23
-6 10
-21 6
6 26
20 8
-14 7
-21 -2
-23 -17
7 20
15 -14
-1 7
30 -29
-17 22
-5 20
-18 -29
-26 25
-8 23
30 -5
-16 7
21 -15
26 -22
-5 -6
5 -17
20 -26
12 16
15 26
-18 -16
-13 -12
0 -26
-14 26
10 25
3 21
19 9
-5 -11
-24 30
-17 -3
-23 26
14 12
-7 -13
28 19
-16 -3
-30 -8
19 -24
17 -7
-3 -21
-19 12
-3 10
17 -12
-7 2
8 11
-25 -23
-24 2
-3 -30
-3 0
-9 12
-5 4
-11 29
-21 1
9 25
-26 14
-26 -15
-18 -8
30 30
27 -29
29 -19
22 11
-6 -24
-29 5
-21 -10
12 -17
16 -28
-16 21
5 -12
-30 -12
1 19
-30 -18
21 -26
22 15
-3 -8
24 16
19 -11
-3 16
-7 24
18 0
-23 13
-11 9
-21 4
11 -5
23 -16
5 1
22 3
20 17
-14 12
-9 -5
-23 18
13 3
-6 -14
4 11
1 -12
12 -25
15 -3
-28 -16
6 -9
23 11
11 -25
-18 20
-14 25
-27 -19
17 2
-26 -25
-13 15
0 12
-2 26
20 3
5 -9
20 -25
-5 26
-15 2
-8 26
-4 4
-2 -5
-12 3
1 8
16 -25
-13 0
-22 23
18 2
-21 -5
2 6
-10 19
26 12
-1 -16
21 -14
-20 -8
-6 -17
22 28
-7 -17
-28 -30
18 16
-1 2
-17 -15
20 13
8 -3
2 -8
-24 8
8 -27
15 24
13 4
-12 -1
-5 17
-17 -30
16 0
16 7
-16 28
-6 4
-28 16
4 -8
-3 -29
-24 3
-27 6
-20 6
28 1
-22 -18
-14 28
-11 26
16 -19
-9 26
5 0
-2 16
22 22
-11 -8
-4 -24
27 -2
14 3
3 -29
21 21
-7 13
-30 22
16 -21
-8 -19
18 -6
-21 24
-26 -11
-10 12
27 15
-10 -5
18 -12
-9 -24
-4 -4
-16 10
20 -6
6 1
-12 -20
-28 -1
-5 7
7 -30
-12 -9
22 -4
-28 -28
-1 26
8 -6
-12 -12
-17 8
2 -19
-8 -27
4 0
10 -2
25 -13
-2 3
4 -3
-25 -28
10 2
30 22
-20 23
8 -30
21 22
28 -18
6 -30
6 -27
10 0
19 12
-18 -20
-24 -22
1 21
-21 27
4 -22
-10 -14
-28 6
0 -23
-9 -2
5 18
-28 24
24 -19
-9 17
29 -14
27 23
26 25
1 -16
-2 7
-30 28
-12 23
1 -23
-15 29
10 -29
-4 18
-15 -18
-24 -18
25 22
4 10
-7 29
29 -9
-20 0
9 -4
6 11
15 21
12 23
17 -18
-21 8
-26 4
5 -11
21 2
-9 24
25 11
4 28
23 13
5 -15
2 -17
-11 23
-12 -27
6 -19
29 -15
-29 27
-5 11
-26 9
-14 -8
-27 -9
5 27
-3 -7
-24 24
-27 -11
2 -9
-3 -1
26 -1
26 15
-26 26
23 -29
9 5
10 6
-23 -2
-24 -27
25 4
14 -1
7 -1
-30 -7
-9 5
18 -30
-24 -17
14 7
19 10
-13 -7
-24 19
-23 -7
-13 -4
8 -7
27 -26
-16 -27
-9 -16
5 10
20 25
-9 6
-25 23
-7 26
24 -8
14 1
-3 2
-18 -19
5 3
-25 -24
-11 28
-26 -12
28 -24
23 16
-14 -20
-26 10
-20 5
1 23
-21 -24
-11 1
-20 27
-16 17
-5 -22
-19 -20
-30 4
21 -1
-16 6
6 16
17 -23
-29 -18
24 1
18 -22
25 25
-27 -16
-26 24
-20 22
1 4
-26 27
-18 12
10 8
-7 -3
6 -5
-23 14
13 -18
14 -25
-13 -2
28 -17
11 -13
-10 -19
-25 14
-2 15
-22 26
0 -1
-10 6
-13 -27
-24 15
9 -28
-27 25
10 21
16 22
9 -13
19 2
-27 -26
-24 5
-25 -4
-8 -13
12 -10
15 -21
-2 14
-18 16
28 -20
-5 29
15 -1
10 -30
-30 -23
25 19
-22 -28
17 14
-23 3
27 18
6 -12
17 23
27 21
-20 -4
-20 24
24 12
9 17
-15 13
-30 -17
11 27
6 -22
26 18
-30 16
-5 1
-7 -1
8 14
27 -16
11 -12
15 23
2 9
-21 -12
19 30
2 -23
-29 11
-11 -16
28 17
-22 16
12 -14
-20 2
24 22
-7 8
-18 10
20 -3
-15 5
15 -5
-5 -15
18 -16
0 -24
-28 -22
-7 -5
-6 23
0 -9
-2 19
-20 -24
5 -30
-17 3
-4 30
26 -15
30 -12
28 -15
29 -22
25 -4
16 15
-15 -23
-11 -20
16 23
12 -24
27 22
-17 -23
-25 12
14 2
-17 23
9 28
8 30
-18 -30
23 -1
20 -1
18 20
6 -24
12 19
-21 7
-26 28
19 22
16 -5
13 -3
-23 0
-20 -25
10 -28
3 17
-8 12
-21 23
10 22
2 -13
5 -8
-7 22
-22 12
15 -10
-27 -2
16 16
-22 11
-14 17
-26 -7
21 10
23 10
-25 29
-29 -14
-13 20
-19 29
-14 24
10 14
25 -17
-18 -11
6 30
13 20
-20 25
-1 -13
19 -3
26 -14
-14 15
24 20
18 21
10 26
-19 10
-25 -11
-6 0
3 1
22 21
-16 -12
-9 -14
26 -21
5 5
25 -9
15 -20
28 23
12 6
24 2
-20 21
-17 -20
23 -27
22 -23
3 4
24 -13
-10 11
21 19
6 28
-21 14
1 -24
20 -2
20 -28
-6 -21
13 -15
25 -11
-18 -17
-4 2
28 -13
13 13
-8 19
-16 8
-3 11
13 1
-26 -5
-2 -11
21 18
7 -10
16 8
7 3
19 26
-1 -18
15 5
8 -14
15 17
-21 30
-4 -19
30 -27
-25 -1
28 22
5 -10
27 -14
10 -14
11 1
7 -24
-8 -14
13 -30
19 -12
-6 -15
-23 -27
21 12
-25 8
29 6
29 10
-2 9
30 -28
4 5
14 -26
-30 -19
-5 10
-23 23
17 -29
23 -6
-16 -16
-17 6
20 2
9 23
-8 -20
26 3
30 14
27 -17
29 -21
23 -30
-23 -19
3 19
28 26
26 1
-23 -15
-22 -20
17 5
-10 24
17 -24
0 -12
-20 -11
-26 -1
8 -16
-1 -15
0 4
19 6
-13 -15
9 11
24 0
29 4
-2 20
12 17
16 -26
4 -18
17 -3
-20 -29
4 -1
28 -22
25 12
-28 22
9 -29
-6 -2
5 14
1 -30
-20 -10
-18 -26
-22 -19
-23 -8
30 -1
-12 -7
-10 -9
-12 -14
1 13
-6 7
-23 30
-18 3
3 -23
14 -12
-7 14
-20 -9
-1 28
-15 -12
-9 -26
3 0
-5 0
2 28
-24 23
4 6
21 -7
-28 -4
-9 7
4 17
-9 -11
-6 30
22 -2
-19 15
-29 21
20 -4
-15 25
17 -21
-25 -2
14 25
16 13
-1 30
29 16
8 9
20 26
30 -10
12 2
24 -23
-9 -15
-8 10
-7 -4
-23 27
-18 14
26 17
7 -2
-8 1
8 23
29 -3
-10 16
-10 -24
30 -23
-10 -29
-29 -10
22 -11
17 6
27 -19
-28 -26
-20 -1
23 14
9 4
30 -16
-29 6
-30 -27
-10 -7
-12 15
11 14
-23 7
-5 -26
-28 -29
2 -5
29 -25
16 1
11 9
-9 1
0 26
29 -24
24 26
23 -13
11 -11
22 -17
9 18
23 -22
-8 14
-1 -30
-28 10
-10 18
-12 -4
-21 -26
-19 -2
-30 5
15 -13
-20 1
6 10
29 -10
-16 23
-16 9
-4 16
17 -13
-4 14
2 -11
-22 -13
-19 28
-10 15
10 18
-16 -5
29 -4
30 29
11 -30
-12 -5
-4 5
-27 7
12 8
-25 -29
21 28
-11 3
-21 5
21 -9
-18 21
-27 -15
17 28
1 22
-4 -16
-1 -1
11 -18
-11 -5
-8 -30
17 -16
-22 -7
-9 20
16 29
12 -8
20 -19
25 -27
-5 19
21 26
25 -21
26 9
25 -16
6 4
-30 14
-14 -14
8 -8
-29 -4
-23 -24
-5 -1
27 17
28 -7
-12 28
17 -30
3 -5
-29 14
6 -2
16 2
-5 14
19 24
20 11
-29 7
-21 -7
-13 2
2 0
25 -20
-21 21
22 -22
17 -20
26 -6
-20 -18
27 -18
-17 -7
-11 27
-29 13
-16 18
-5 3
-7 -18
-21 -21
-17 -6
14 22
-18 -28
8 -15
-10 29
4 -27
-23 -25
28 -19
12 -11
-17 -21
-7 18
-14 27
28 20
-11 -10
23 28
16 24
29 29
-9 -1
-3 6
-10 -15
-28 -18
6 18
-28 29
-8 29
-18 15
27 10
26 -13
-2 8
-15 23
19 -23
-29 -5
4 16
-6 -4
11 -20
-27 22
29 22
23 -3
14 -23
9 19
-27 -28
-2 -21
19 -5
-16 11
-18 4
10 -9
29 -1
-9 -6
-27 17
-9 -9
10 -5
-11 2
8 -2
-12 6
23 22
-25 -7
-8 9
29 -11
-4 -13
30 -30
10 5
24 23
-6 -3
-21 -28
15 -24
-19 7
-6 -27
-17 -26
-24 7
-25 19
-16 3
25 -29
-19 18
-24 26
-29 3
22 1
24 -1
-5 -4
30 -9
7 23
-19 23
13 -26
-18 -18
9 -22
2 -30
-4 -1
-23 -10
-23 -16
20 -23
4 24
-8 30
10 -11
-19 24
27 -13
-8 -26
18 25
7 -13
6 -15
20 24
2 11
-7 -25
-24 -28
-8 22
21 16
-14 -23
-1 14
-10 -17
-19 -5
-4 22
0 1
-27 2
-18 -22
-6 1
-30 -30
-14 29
27 -7
2 -10
-22 -12
-6 -13
19 -21
-11 14
5 -23
25 7
-10 -26
23 -14
14 -17
-24 -21
-6 -29
-27 16
9 -24
23 -28
-17 24
23 -23
6 -8
-3 -9
-14 5
-25 -14
5 -27
-7 -22
0 17
23 -20
-30 15
12 4
8 -22
-25 13
10 -10
-29 -23
4 -28
-11 -28
18 -26
-7 -29
24 -28
-1 6
-13 14
19 -26
-7 3
-7 9
24 -2
15 18
6 14
26 -19
-16 5
-26 -21
15 22
-17 -4
21 -20
22 -14
19 25
2 21
-5 13
9 27
-26 -18
5 -28
5 -2
-23 19
-18 27
18 27
30 -22
28 -16
14 -18
-25 9
18 8
14 6
-13 28
-26 -4
-19 1
-11 21
9 -8
