201
179 79
179 119
179 160
179 5
179 180
79 191
79 68
119 172
119 58
160 106
119 138
79 13
79 139
5 132
5 12
79 96
179 39
5 6
180 98
160 167
191 22
179 200
180 161
68 51
119 40
68 25
180 129
119 74
172 8
180 31
160 197
106 189
160 103
172 14
106 37
180 90
58 188
5 62
119 187
180 192
119 53
13 30
79 140
191 184
79 201
13 69
179 24
68 163
180 32
58 17
119 100
160 3
106 95
13 11
13 77
180 157
179 162
39 170
179 155
13 150
96 9
179 130
191 143
96 149
96 176
180 54
139 134
180 198
68 27
13 71
58 23
6 43
13 147
161 109
68 121
13 49
51 166
40 67
139 87
58 137
139 60
98 93
139 145
160 85
79 94
98 82
119 118
138 194
68 46
161 75
200 154
129 80
180 10
129 116
22 21
98 92
191 47
180 133
74 108
74 190
129 185
98 4
191 193
40 50
179 52
58 169
106 57
180 125
180 152
12 120
139 111
51 146
106 29
189 181
79 65
31 195
25 70
129 45
98 16
74 33
98 83
51 2
8 107
14 144
160 55
179 88
197 196
14 63
191 173
172 164
62 44
132 171
90 175
188 131
37 26
22 105
192 123
172 199
119 159
191 76
79 114
161 34
96 91
140 112
187 113
14 15
180 104
25 42
129 38
22 61
119 148
17 178
103 135
13 101
5 18
167 36
98 110
119 84
103 35
98 183
188 141
98 99
62 142
132 174
24 20
172 78
13 48
11 89
62 156
90 126
160 122
103 59
96 117
37 86
170 81
58 72
188 128
96 56
155 177
100 73
31 165
31 19
161 102
14 64
13 186
184 124
184 158
197 151
180 41
32 7
188 115
37 168
62 28
138 136
9 66
74 182
12 153
130 1
179 97
5 127
