1000 9531 1580697545 
72
73
74
76
83
94
99
101
116
126
145
158
165
185
191
194
224
224
227
232
242
250
252
257
261
270
272
277
285
285
288
360
361
362
364
371
382
387
389
404
414
433
446
453
473
479
482
512
512
515
520
530
538
540
545
549
558
560
565
573
573
576
648
649
650
652
659
670
675
677
692
702
721
734
741
761
767
770
800
800
803
808
818
826
828
833
837
846
848
853
861
861
864
936
937
938
940
947
958
963
965
980
990
1009
1022
1029
1049
1055
1058
1088
1088
1091
1096
1106
1114
1116
1121
1125
1134
1136
1141
1149
1149
1152
1224
1225
1226
1228
1235
1246
1251
1253
1268
1278
1297
1310
1317
1337
1343
1346
1376
1376
1379
1384
1394
1402
1404
1409
1413
1422
1424
1429
1437
1437
1440
1512
1513
1514
1516
1523
1534
1539
1541
1556
1566
1585
1598
1605
1625
1631
1634
1664
1664
1667
1672
1682
1690
1692
1697
1701
1710
1712
1717
1725
1725
1728
1800
1801
1802
1804
1811
1822
1827
1829
1844
1854
1873
1886
1893
1913
1919
1922
1952
1952
1955
1960
1970
1978
1980
1985
1989
1998
2000
2005
2013
2013
2016
2088
2089
2090
2092
2099
2110
2115
2117
2132
2142
2161
2174
2181
2201
2207
2210
2240
2240
2243
2248
2258
2266
2268
2273
2277
2286
2288
2293
2301
2301
2304
2376
2377
2378
2380
2387
2398
2403
2405
2420
2430
2449
2462
2469
2489
2495
2498
2528
2528
2531
2536
2546
2554
2556
2561
2565
2574
2576
2581
2589
2589
2592
2664
2665
2666
2668
2675
2686
2691
2693
2708
2718
2737
2750
2757
2777
2783
2786
2816
2816
2819
2824
2834
2842
2844
2849
2853
2862
2864
2869
2877
2877
2880
2952
2953
2954
2956
2963
2974
2979
2981
2996
3006
3025
3038
3045
3065
3071
3074
3104
3104
3107
3112
3122
3130
3132
3137
3141
3150
3152
3157
3165
3165
3168
3240
3241
3242
3244
3251
3262
3267
3269
3284
3294
3313
3326
3333
3353
3359
3362
3392
3392
3395
3400
3410
3418
3420
3425
3429
3438
3440
3445
3453
3453
3456
3528
3529
3530
3532
3539
3550
3555
3557
3572
3582
3601
3614
3621
3641
3647
3650
3680
3680
3683
3688
3698
3706
3708
3713
3717
3726
3728
3733
3741
3741
3744
3816
3817
3818
3820
3827
3838
3843
3845
3860
3870
3889
3902
3909
3929
3935
3938
3968
3968
3971
3976
3986
3994
3996
4001
4005
4014
4016
4021
4029
4029
4032
4104
4105
4106
4108
4115
4126
4131
4133
4148
4158
4177
4190
4197
4217
4223
4226
4256
4256
4259
4264
4274
4282
4284
4289
4293
4302
4304
4309
4317
4317
4320
4392
4393
4394
4396
4403
4414
4419
4421
4436
4446
4465
4478
4485
4505
4511
4514
4544
4544
4547
4552
4562
4570
4572
4577
4581
4590
4592
4597
4605
4605
4608
4680
4681
4682
4684
4691
4702
4707
4709
4724
4734
4753
4766
4773
4793
4799
4802
4832
4832
4835
4840
4850
4858
4860
4865
4869
4878
4880
4885
4893
4893
4896
4968
4969
4970
4972
4979
4990
4995
4997
5012
5022
5041
5054
5061
5081
5087
5090
5120
5120
5123
5128
5138
5146
5148
5153
5157
5166
5168
5173
5181
5181
5184
5256
5257
5258
5260
5267
5278
5283
5285
5300
5310
5329
5342
5349
5369
5375
5378
5408
5408
5411
5416
5426
5434
5436
5441
5445
5454
5456
5461
5469
5469
5472
5544
5545
5546
5548
5555
5566
5571
5573
5588
5598
5617
5630
5637
5657
5663
5666
5696
5696
5699
5704
5714
5722
5724
5729
5733
5742
5744
5749
5757
5757
5760
5832
5833
5834
5836
5843
5854
5859
5861
5876
5886
5905
5918
5925
5945
5951
5954
5984
5984
5987
5992
6002
6010
6012
6017
6021
6030
6032
6037
6045
6045
6048
6120
6121
6122
6124
6131
6142
6147
6149
6164
6174
6193
6206
6213
6233
6239
6242
6272
6272
6275
6280
6290
6298
6300
6305
6309
6318
6320
6325
6333
6333
6336
6408
6409
6410
6412
6419
6430
6435
6437
6452
6462
6481
6494
6501
6521
6527
6530
6560
6560
6563
6568
6578
6586
6588
6593
6597
6606
6608
6613
6621
6621
6624
6696
6697
6698
6700
6707
6718
6723
6725
6740
6750
6769
6782
6789
6809
6815
6818
6848
6848
6851
6856
6866
6874
6876
6881
6885
6894
6896
6901
6909
6909
6912
6984
6985
6986
6988
6995
7006
7011
7013
7028
7038
7057
7070
7077
7097
7103
7106
7136
7136
7139
7144
7154
7162
7164
7169
7173
7182
7184
7189
7197
7197
7200
7272
7273
7274
7276
7283
7294
7299
7301
7316
7326
7345
7358
7365
7385
7391
7394
7424
7424
7427
7432
7442
7450
7452
7457
7461
7470
7472
7477
7485
7485
7488
7560
7561
7562
7564
7571
7582
7587
7589
7604
7614
7633
7646
7653
7673
7679
7682
7712
7712
7715
7720
7730
7738
7740
7745
7749
7758
7760
7765
7773
7773
7776
7848
7849
7850
7852
7859
7870
7875
7877
7892
7902
7921
7934
7941
7961
7967
7970
8000
8000
8003
8008
8018
8026
8028
8033
8037
8046
8048
8053
8061
8061
8064
8136
8137
8138
8140
8147
8158
8163
8165
8180
8190
8209
8222
8229
8249
8255
8258
8288
8288
8291
8296
8306
8314
8316
8321
8325
8334
8336
8341
8349
8349
8352
8424
8425
8426
8428
8435
8446
8451
8453
8468
8478
8497
8510
8517
8537
8543
8546
8576
8576
8579
8584
8594
8602
8604
8609
8613
8622
8624
8629
8637
8637
8640
8712
8713
8714
8716
8723
8734
8739
8741
8756
8766
8785
8798
8805
8825
8831
8834
8864
8864
8867
8872
8882
8890
8892
8897
8901
8910
8912
8917
8925
8925
8928
9000
9001
9002
9004
9011
9022
9027
9029
9044
9054
9073
9086
9093
9113
9119
9122
9152
9152
9155
9160
9170
9178
9180
9185
9189
9198
9200
9205
9213
9213
9216
9288
9289
9290
9292
9299
9310
9315
9317
