736
28 30 59
40 40 80
37 32 69
21 0 21
1 28 29
2 1 8
31 11 47
19 25 44
7 3 10
13 2 19
40 33 73
17 40 57
32 13 48
5 16 21
18 11 30
3 29 32
15 16 32
40 9 49
2 21 24
35 2 38
18 33 52
8 21 30
32 1 34
30 6 37
25 12 37
21 2 24
35 12 51
21 20 42
36 8 45
12 0 17
20 21 42
2 38 41
22 9 32
32 12 48
7 38 46
17 2 19
18 31 50
39 27 66
39 37 76
13 16 29
26 10 38
5 13 19
25 21 46
33 11 49
4 40 44
8 29 37
25 8 37
9 12 21
20 5 30
14 31 46
7 0 11
21 24 45
32 31 64
12 31 43
6 29 36
11 20 32
35 12 51
26 31 58
29 11 42
11 26 37
20 31 52
15 6 21
19 4 26
22 32 54
25 7 36
31 40 71
38 26 65
13 9 23
34 8 43
14 12 26
7 25 33
17 6 27
13 0 13
40 6 47
32 5 37
16 22 39
6 9 16
36 15 51
23 8 35
8 18 27
8 0 13
14 3 21
29 0 30
35 11 51
3 20 23
18 16 35
10 31 41
9 7 16
12 23 35
39 4 44
15 20 35
35 30 65
9 39 48
26 28 54
2 17 19
5 39 45
16 3 23
22 25 48
0 2 3
17 5 26
0 40 40
26 19 45
1 5 7
9 4 14
18 3 26
6 1 11
0 1 4
8 6 14
2 31 34
3 14 17
3 10 14
40 26 67
5 0 9
33 35 69
18 20 39
0 36 36
34 26 61
26 35 62
32 3 35
35 13 52
21 7 30
24 9 38
18 39 57
34 20 55
23 17 41
9 0 14
17 27 45
28 12 41
21 6 32
14 2 21
9 0 13
8 1 13
18 29 48
6 2 10
17 4 26
35 34 69
32 17 49
37 13 55
35 11 51
38 12 54
7 11 18
15 1 17
9 24 34
5 33 38
25 8 37
27 23 50
0 4 4
38 0 39
29 8 42
20 16 36
37 13 55
40 16 59
5 26 31
31 9 45
1 30 32
22 6 32
26 17 44
1 0 5
16 0 17
0 31 31
38 21 59
38 15 53
12 28 41
13 19 33
7 17 25
20 6 30
13 1 18
20 27 48
36 36 73
22 3 26
14 34 49
28 10 43
13 27 40
17 35 52
6 7 13
10 40 50
26 7 33
34 18 53
4 1 9
24 23 47
20 1 21
1 18 19
28 7 35
39 12 56
25 40 65
36 13 53
31 28 60
19 34 54
24 33 58
20 37 58
20 6 30
3 32 36
29 10 44
34 3 37
32 29 61
15 11 27
14 18 33
22 38 60
20 33 53
28 32 61
5 21 27
12 18 30
40 14 58
13 39 53
33 2 36
6 4 11
24 1 25
36 21 58
37 29 67
17 15 33
13 11 25
18 5 27
0 10 11
8 35 44
1 25 27
23 39 63
30 12 46
22 22 44
40 19 59
30 18 49
4 12 16
23 19 43
39 11 50
3 35 39
3 2 7
11 38 50
34 12 50
22 11 34
12 15 28
1 13 15
14 40 54
12 40 52
33 37 71
12 12 25
27 26 53
25 9 39
29 15 44
27 9 41
29 3 33
29 9 42
40 21 61
4 24 28
0 22 23
36 12 53
13 21 34
15 2 21
39 1 41
4 27 32
38 13 55
7 8 16
33 14 48
15 39 55
7 31 38
16 17 33
16 10 26
0 17 17
15 23 38
37 38 75
24 5 30
11 36 47
3 5 8
28 21 49
38 31 69
19 14 34
8 37 46
5 28 33
25 0 26
31 23 54
23 5 32
1 20 22
4 15 20
11 33 45
39 14 58
7 36 44
10 6 17
9 32 41
38 40 79
30 33 64
29 22 52
1 9 11
5 23 29
24 37 61
34 1 36
8 33 41
25 34 59
31 10 45
16 12 28
0 1 4
18 0 18
37 3 41
10 2 14
10 8 19
10 16 26
39 35 74
10 0 14
33 11 49
30 9 43
26 5 31
1 23 24
35 14 50
17 37 55
20 23 44
4 0 8
34 22 57
22 15 38
19 38 58
40 24 64
34 15 50
4 3 8
7 2 12
21 4 26
16 25 42
21 7 31
30 9 44
15 5 22
23 12 36
9 36 45
2 26 29
12 2 18
18 5 27
40 30 70
30 30 60
30 27 58
32 25 57
8 10 19
38 24 62
7 34 41
39 25 65
10 25 36
29 10 44
12 1 18
28 34 62
6 24 30
13 4 19
24 26 51
28 9 42
13 24 37
40 0 40
9 19 29
15 4 24
33 7 41
3 0 7
12 6 18
22 7 33
13 2 19
11 17 28
8 13 22
0 24 25
13 37 50
18 7 27
37 14 53
31 32 63
10 22 33
2 7 9
37 5 42
28 25 53
2 33 35
13 14 27
31 20 51
40 16 59
10 13 24
6 0 11
37 20 58
34 32 67
26 37 64
15 35 50
6 18 25
23 31 55
35 39 75
10 37 47
34 13 49
29 37 66
17 4 26
35 28 63
23 6 34
5 36 41
3 16 19
36 10 47
14 36 50
19 10 29
1 11 13
37 7 44
6 22 29
34 12 50
18 23 42
37 1 38
19 5 28
4 8 13
7 5 12
10 27 38
8 40 48
37 35 73
26 3 30
25 32 57
2 24 27
28 16 45
13 7 21
24 13 38
30 2 33
19 7 28
32 38 70
26 14 40
25 25 50
4 19 24
40 36 76
21 28 50
9 14 24
4 37 41
0 14 15
17 24 42
35 7 43
38 6 44
39 23 62
23 28 51
25 38 64
14 22 37
35 19 54
6 37 43
18 26 44
36 40 76
36 31 68
36 6 42
3 18 21
26 10 38
2 40 42
24 18 43
27 1 29
8 15 23
20 13 34
30 35 65
39 14 57
33 0 33
29 24 54
18 7 28
7 19 27
3 23 26
10 34 44
11 9 21
32 12 49
4 30 34
18 4 27
27 29 56
33 27 60
28 40 69
36 27 63
10 10 20
38 33 71
12 10 22
37 17 55
12 3 20
36 23 60
27 11 38
39 18 58
28 18 46
21 18 40
0 27 27
19 17 36
33 12 49
24 35 60
28 5 34
19 6 29
9 28 37
27 36 64
31 37 69
40 14 58
39 29 69
20 29 50
24 20 45
39 13 57
21 8 30
9 17 26
9 30 40
24 30 54
31 8 40
27 20 47
0 34 35
20 39 59
23 4 28
40 13 57
1 0 6
14 25 39
15 30 46
16 31 47
40 12 56
18 3 25
14 3 21
19 4 26
15 14 29
1 37 39
11 11 23
5 11 17
35 37 73
14 10 24
5 2 10
35 0 35
25 16 41
6 35 41
8 27 35
23 0 23
6 27 33
29 8 42
11 1 17
28 9 41
36 12 52
28 27 56
19 40 59
4 1 9
35 5 41
12 1 17
33 13 49
37 25 62
39 8 47
21 5 31
40 28 69
26 22 48
34 38 72
25 10 37
15 9 25
15 32 47
37 14 53
32 10 45
28 38 67
2 12 15
17 9 27
33 24 57
29 39 68
30 16 47
27 39 66
11 29 41
5 5 10
37 11 49
31 26 57
24 3 27
0 19 19
31 13 46
36 18 54
40 2 43
12 8 20
22 35 58
4 6 11
16 4 24
6 12 18
9 2 13
22 5 31
27 4 32
0 6 6
20 9 29
27 9 41
17 19 36
38 12 55
16 34 50
5 2 10
13 33 47
33 40 74
24 11 35
20 11 31
38 9 47
33 19 53
13 4 19
23 21 44
19 22 42
29 28 57
1 32 34
18 36 55
24 6 33
8 1 13
3 39 42
14 15 29
15 27 43
6 40 46
34 29 64
3 0 7
30 14 45
19 12 31
6 20 27
21 10 32
6 15 22
32 11 48
23 10 33
11 14 26
27 8 39
15 37 52
22 13 35
11 5 16
2 15 18
17 6 27
16 28 45
2 0 6
7 1 13
34 11 49
1 3 5
21 12 34
31 10 46
11 0 15
34 6 40
39 32 72
7 28 35
30 4 35
21 36 58
4 17 21
26 33 60
22 5 32
11 24 36
23 2 26
33 33 66
33 9 42
29 20 49
30 38 68
16 38 54
28 14 43
24 15 39
31 0 31
2 19 22
6 0 11
39 15 58
19 8 27
11 7 19
4 22 27
26 8 39
30 11 45
34 11 50
35 24 59
4 34 38
25 36 61
14 38 52
16 7 24
8 23 32
40 38 79
29 26 55
0 29 30
8 0 12
34 36 70
38 2 41
22 1 23
23 14 38
25 29 54
27 13 41
38 28 67
32 15 48
2 4 7
16 4 24
0 8 8
12 34 46
23 36 60
3 2 7
2 1 8
22 30 52
18 18 36
27 8 39
7 1 12
12 25 38
21 34 56
13 35 49
23 8 35
26 24 50
9 1 15
14 28 42
32 34 67
35 17 53
22 40 63
11 2 17
10 18 29
9 26 35
20 3 24
32 21 54
24 7 36
29 31 60
16 36 53
26 9 39
13 30 44
33 30 63
32 36 68
30 21 51
38 36 74
20 19 40
6 32 39
16 5 24
22 7 33
29 17 46
19 28 47
19 32 51
27 6 34
1 2 4
21 26 47
39 20 59
8 2 13
1 16 18
25 6 31
10 2 14
25 27 53
25 4 30
36 4 41
28 2 30
22 27 49
23 34 58
33 16 50
15 3 22
0 12 13
1 35 36
21 14 36
0 38 38
17 32 50
24 9 37
10 0 15
33 4 38
9 9 18
19 2 21
23 6 34
28 8 41
2 36 39
29 13 43
5 31 36
24 7 35
19 30 49
35 9 44
30 25 56
17 21 38
14 8 23
37 22 59
23 24 47
17 13 31
31 13 46
27 15 43
38 19 57
36 33 70
17 30 48
1 39 40
3 25 28
39 39 79
19 5 29
14 5 19
20 35 55
40 15 60
25 2 27
7 14 21
12 3 19
