112
38 3 22
0 6 4
22 0 36
1 4 7
43 4 62
23 3 22
14 3 16
3 8 14
3 10 14
42 1 60
34 11 77
45 3 38
35 9 77
35 8 77
35 13 77
0 3 5
38 8 77
32 10 62
2 6 6
1 2 4
33 0 48
35 3 22
11 8 18
42 5 62
41 7 77
0 0 2
41 5 62
0 10 14
11 3 21
40 5 62
26 3 22
7 8 16
29 2 38
16 1 32
43 2 60
45 1 38
12 1 25
33 2 38
37 0 60
27 1 41
38 6 62
5 6 15
11 6 18
44 6 62
36 11 62
10 0 25
8 5 16
42 9 62
25 0 48
14 0 32
9 10 14
31 12 62
3 3 8
39 1 60
41 2 60
14 9 18
43 9 62
1 1 2
18 0 32
6 6 16
20 2 22
4 7 12
6 1 4
4 5 11
39 6 62
41 9 62
6 10 14
8 3 18
15 2 22
11 5 18
43 7 77
33 13 80
45 8 62
32 3 22
36 6 62
31 1 48
43 3 60
36 2 38
29 0 48
5 8 16
29 3 22
9 7 17
6 4 6
9 1 22
14 6 16
20 3 22
38 10 62
18 1 32
35 6 62
41 0 60
45 5 62
43 0 60
3 0 3
23 2 22
39 10 62
33 7 62
37 10 62
40 8 77
14 2 25
41 3 22
21 0 36
37 6 62
24 0 38
32 9 62
9 2 22
17 3 22
10 4 21
5 6 17
25 2 36
4 5 15
4 9 16
35 1 48
