245
26 3 22
31 24 89
35 25 87
45 3 38
18 1 32
3 10 14
29 14 80
33 2 38
48 14 122
27 1 41
8 5 16
34 19 85
42 9 62
44 13 122
35 1 48
11 3 21
4 5 11
22 0 36
5 8 16
10 0 25
38 3 22
9 10 14
43 0 60
7 8 16
47 7 128
43 4 62
41 9 62
23 3 22
39 1 60
33 25 92
27 25 23
38 10 62
6 10 14
28 29 23
40 19 110
24 0 38
48 1 136
38 24 102
43 2 60
48 8 136
37 6 62
17 3 22
12 15 36
25 2 36
44 15 122
27 25 24
28 23 80
31 12 62
43 3 60
49 6 126
40 5 62
38 14 111
11 5 18
36 11 62
32 22 88
39 25 99
4 7 12
49 9 124
31 14 80
41 0 60
59 3 150
27 15 80
9 2 22
40 29 92
35 3 22
33 27 94
47 3 136
9 7 17
37 0 60
32 18 85
14 2 25
45 6 126
34 29 12
20 3 22
42 14 111
37 22 102
42 23 102
8 3 18
21 0 36
45 11 122
31 26 89
35 8 77
31 29 18
45 5 62
23 2 22
35 17 85
39 26 94
45 7 126
35 13 77
26 17 80
49 5 126
34 27 95
48 12 122
41 7 77
39 27 92
33 16 83
37 10 62
56 0 147
43 17 110
50 10 124
51 2 128
41 5 62
32 9 62
40 25 92
2 6 6
42 5 62
41 18 110
36 2 38
25 22 80
31 1 48
1 1 2
34 11 77
45 10 124
38 18 85
18 0 32
1 4 7
29 2 38
18 12 30
12 1 25
47 10 125
35 29 94
46 14 122
9 12 27
20 29 41
32 21 88
11 6 18
46 10 125
41 23 102
45 19 92
35 21 88
47 12 124
43 29 92
49 3 126
50 0 139
29 21 81
46 0 128
40 8 77
49 7 126
55 4 128
31 15 81
41 22 102
37 20 85
42 15 111
38 13 111
3 3 8
36 27 99
31 19 81
43 11 125
29 0 48
20 10 36
37 14 111
0 3 5
38 6 62
0 0 2
39 10 62
41 2 60
42 16 110
45 1 38
55 2 128
42 21 102
37 29 14
14 9 18
14 3 16
44 21 92
36 29 94
0 10 14
37 26 99
33 7 62
37 16 85
44 6 62
4 9 16
58 0 148
39 22 105
54 2 128
49 2 126
39 15 113
39 21 106
9 1 22
50 2 128
40 13 115
32 10 62
36 23 87
54 4 128
41 3 22
46 15 122
39 6 62
45 4 128
54 14 122
4 5 15
39 12 111
53 2 128
32 3 22
49 4 126
3 0 3
16 1 32
15 2 22
42 12 122
43 9 62
50 12 122
6 4 6
56 2 128
52 2 128
45 2 128
35 9 77
42 1 60
14 6 16
42 20 106
1 2 4
33 22 89
20 2 22
9 15 35
37 15 111
56 3 128
41 11 122
43 7 77
36 6 62
35 6 62
40 17 111
6 1 4
33 13 80
59 1 148
29 27 22
38 8 77
34 23 89
3 8 14
0 6 4
11 8 18
45 8 62
25 19 80
53 0 141
5 6 17
29 3 22
25 0 48
57 2 128
32 28 94
33 0 48
14 0 32
6 6 16
5 6 15
10 4 21
33 20 87
30 17 81
51 14 122
34 15 81
33 26 94
