50
88558
146341
63921
170465
69322
182664
76604
28662
7444
206346
235041
84662
82932
219690
7416
228919
138223
190814
236279
131603
122161
6923
67448
193060
118122
105508
179295
17108
154874
11371
91926
121404
196616
46633
38465
54676
7
161840
102856
110582
59596
147017
217753
110569
23538
118501
204845
95677
211261
240708
88558
146341
63921
170465
7444
105508
182664
76604
46633
219690
7416
228919
235041
138223
23538
190814
236279
95677
91926
118501
6923
67448
84662
204845
118122
28662
122161
102856
179295
17108
154874
11371
121404
196616
38465
54676
161840
59596
110582
147017
82932
217753
7
206346
131603
110569
211261
69322
240708
193060
88558
7416
63921
170465
118122
69322
236279
182664
46633
7444
206346
235041
82932
219690
228919
138223
190814
11371
95677
6923
67448
84662
204845
193060
28662
146341
105508
122161
17108
154874
91926
196616
147017
38465
121404
161840
102856
179295
110582
59596
217753
110569
7
54676
23538
240708
118501
131603
76604
211261
88558
146341
63921
69322
138223
76604
46633
7444
170465
206346
235041
82932
7416
228919
219690
211261
190814
236279
161840
95677
182664
6923
67448
84662
204845
193060
118122
28662
110582
105508
122161
179295
17108
154874
11371
91926
121404
196616
38465
54676
102856
59596
147017
217753
110569
7
23538
118501
131603
240708
88558
146341
170465
69322
182664
76604
46633
7444
196616
206346
63921
235041
228919
82932
219690
7416
138223
190814
17108
154874
236279
95677
84662
204845
193060
118122
28662
105508
122161
179295
11371
91926
121404
38465
54676
161840
102856
6923
110582
59596
147017
110569
7
23538
118501
131603
67448
217753
211261
240708
