3
8 44
1 3 2 3 2 3 1 1 
1 2 2
1 2 3
1 3 2
1 3 3
1 4 2
1 5 3
1 7 1
1 7 3
2 1 1
2 5 3
2 6 2
2 7 2
2 7 3
2 8 3
3 1 3
3 2 1
3 5 3
3 6 2
3 7 2
4 1 3
4 2 1
4 3 3
4 5 3
5 1 3
5 6 3
5 7 1
5 7 3
5 8 1
6 1 2
6 1 3
6 2 1
6 2 2
6 3 1
6 4 2
6 5 3
6 7 2
6 8 3
7 1 3
7 2 1
7 5 3
7 6 1
8 1 1
8 1 2
8 6 1
8 44
2 2 1 1 2 1 2 2 
1 3 2
1 5 3
1 6 1
1 6 2
1 6 3
1 8 2
1 8 3
2 3 1
2 3 2
2 4 1
2 5 3
2 6 3
2 8 3
3 2 1
3 2 2
3 4 1
3 4 3
3 6 2
3 7 1
4 1 1
4 2 2
4 5 2
4 7 1
4 7 2
4 8 1
5 1 1
5 7 3
5 8 2
6 1 3
6 2 1
6 3 3
6 5 3
7 1 3
7 2 1
7 3 1
7 4 2
7 5 1
7 5 3
7 6 1
8 4 3
8 5 2
8 5 3
8 6 2
8 6 3
8 32
2 3 2 1 1 3 1 3 
1 5 1
1 5 3
1 7 3
2 1 3
2 3 3
2 6 2
2 6 3
3 4 1
3 5 1
3 8 1
4 1 3
4 5 2
5 1 2
5 2 2
5 2 3
5 3 3
5 6 1
5 7 1
6 2 1
6 2 2
6 5 2
6 7 3
7 2 1
7 3 1
7 3 3
7 6 2
7 6 3
8 1 2
8 4 1
8 4 2
8 4 3
8 5 2
