2
31 186
1 3 1 1 1 1 2 3 3 1 2 2 1 3 3 3 1 2 2 2 1 3 1 1 1 3 3 2 3 3 2 
1 5 1
1 10 1
1 13 2
1 17 2
1 20 3
1 24 2
1 31 1
2 1 1
2 6 1
2 9 1
2 12 1
2 16 2
2 20 1
2 21 1
2 25 3
2 26 1
2 28 3
3 1 3
3 11 3
3 23 2
3 28 3
4 11 2
4 20 3
4 21 1
4 31 2
5 3 2
5 4 2
5 4 3
5 10 3
5 12 2
5 20 1
5 20 3
6 1 3
6 4 3
6 19 1
6 25 1
6 28 1
7 5 1
7 6 3
7 12 3
7 14 1
7 17 2
7 18 1
7 23 2
7 24 3
7 27 2
8 2 3
8 14 1
8 17 3
8 26 2
8 26 3
8 31 3
9 5 2
9 13 1
9 14 3
9 15 2
9 17 3
9 21 3
9 22 3
10 4 2
10 9 1
10 13 2
10 20 2
10 24 2
10 25 2
10 26 2
10 28 2
10 29 2
11 1 1
11 3 2
11 10 2
11 20 2
11 21 3
11 23 2
11 26 1
11 28 1
11 30 2
12 3 1
12 5 3
12 14 2
12 16 1
12 18 1
12 22 2
12 23 3
12 25 2
12 27 1
13 5 3
13 7 3
13 9 3
13 14 2
13 15 3
13 16 1
13 21 1
14 3 1
14 4 2
14 9 2
14 21 2
14 25 2
14 28 2
14 29 1
14 29 2
14 29 3
14 30 1
15 2 3
15 4 1
15 16 1
15 24 3
15 28 3
15 29 1
15 30 1
16 19 3
16 23 2
16 25 3
16 26 3
16 27 3
16 28 2
17 6 3
17 8 3
17 25 2
18 2 2
18 8 1
18 23 1
18 27 1
19 25 1
19 25 2
20 1 3
20 11 2
20 13 2
20 26 2
21 2 1
21 2 3
21 4 1
21 8 1
21 11 1
21 12 1
21 14 1
21 20 3
21 23 3
21 28 1
22 9 2
22 14 2
22 31 2
23 4 3
23 10 3
23 22 2
24 2 1
24 4 2
24 7 1
24 8 2
24 9 1
24 11 3
24 29 1
25 6 2
25 23 1
26 6 3
26 10 1
26 13 2
26 14 3
26 22 2
26 24 3
27 1 3
27 31 1
28 1 1
28 4 3
28 10 1
28 13 1
28 19 2
29 5 1
29 5 2
29 15 2
29 16 2
29 16 3
29 18 2
29 25 3
29 26 2
30 3 3
30 27 2
31 3 3
31 9 1
31 11 2
31 16 2
31 18 2
31 22 3
31 23 2
31 28 3
31 29 2
31 183
3 3 3 1 1 2 3 1 2 1 1 1 2 1 2 2 2 2 1 1 1 1 2 1 2 2 2 2 2 2 1 
1 21 3
1 22 3
1 24 1
1 24 3
1 26 1
1 26 3
1 27 3
2 7 3
2 9 3
2 10 1
2 14 3
2 15 1
2 16 1
2 20 2
2 21 2
3 4 3
3 8 1
3 11 1
3 18 1
4 3 2
4 5 2
4 20 3
5 2 2
5 6 1
5 14 2
5 18 2
5 29 2
5 30 2
5 31 1
6 9 1
6 9 3
6 13 2
6 29 2
7 2 2
7 4 3
7 8 1
7 10 1
7 16 2
7 17 1
7 23 3
7 28 2
7 29 1
8 3 3
8 7 1
8 16 1
8 19 3
8 24 2
9 2 3
9 3 3
9 27 2
9 31 1
10 19 3
10 27 2
10 29 1
11 10 1
11 16 1
12 1 3
12 2 1
12 11 1
12 13 3
12 16 2
12 27 1
12 31 1
13 3 2
13 8 2
13 16 3
13 25 2
13 26 1
13 27 2
13 28 2
14 3 2
14 6 3
14 13 2
14 18 2
14 23 3
14 29 2
14 31 2
15 6 3
15 7 1
15 8 3
15 13 3
15 14 3
15 19 1
15 26 3
16 5 1
16 5 2
16 6 2
16 6 3
16 9 2
16 11 2
16 22 2
16 29 3
17 11 1
17 21 3
17 24 2
17 30 1
18 3 1
18 4 3
18 7 3
18 11 3
18 16 2
19 1 2
19 12 2
19 14 2
19 15 1
19 20 1
19 21 1
20 4 2
20 12 1
20 17 3
20 18 1
20 19 2
20 26 2
20 27 2
21 15 1
21 20 3
21 25 1
21 25 2
21 27 3
21 30 3
22 9 3
22 16 3
22 28 1
22 28 2
22 31 2
23 7 3
23 11 2
23 15 1
23 26 3
24 11 2
25 4 3
25 5 2
25 11 2
25 13 3
25 23 3
25 24 1
26 4 1
26 5 2
26 7 3
26 9 1
26 10 3
26 11 1
26 13 2
26 15 2
26 17 2
26 21 3
26 25 1
27 9 3
27 21 2
27 23 2
27 24 2
27 31 1
28 5 2
28 11 3
28 13 3
28 19 2
28 23 3
28 27 3
29 3 2
29 19 1
29 21 1
29 23 3
29 25 2
29 27 2
30 4 1
30 8 1
30 8 3
30 13 3
30 15 2
30 18 3
30 20 1
30 21 3
30 26 3
30 28 3
30 29 1
30 31 2
31 4 3
31 11 3
31 12 2
31 14 2
31 16 3
31 22 1
31 24 1
