1
36 203
1 1 3 1 1 3 2 2 2 3 1 1 3 2 3 3 3 2 1 3 1 2 3 1 3 1 1 1 1 2 2 2 1 1 1 3 
1 4 1
1 30 3
2 5 2
2 8 2
3 4 2
3 5 2
3 6 2
3 6 3
3 11 1
3 20 1
3 20 2
3 28 2
3 30 3
3 31 3
4 3 2
4 7 2
4 9 3
4 13 3
4 25 3
4 26 3
4 28 1
4 32 1
5 12 2
5 18 1
5 27 3
5 28 1
6 2 3
6 12 1
6 19 3
6 28 2
6 31 2
7 8 2
7 11 3
7 24 3
7 26 3
7 28 1
7 29 1
7 32 1
8 4 3
8 5 3
8 14 1
8 18 1
8 19 2
8 23 2
8 25 1
8 28 1
8 32 2
9 2 2
9 6 1
9 17 1
9 22 2
9 27 1
9 35 3
10 3 1
10 5 2
10 13 1
10 26 2
11 7 1
11 14 3
11 17 3
11 21 1
11 25 3
11 27 2
11 33 3
11 36 2
12 1 2
12 5 3
12 9 1
12 15 3
12 22 3
12 27 1
12 27 2
12 32 2
12 35 2
13 3 3
13 6 1
13 7 2
13 9 3
13 15 2
13 22 1
13 25 1
13 29 1
13 31 3
14 4 3
14 6 1
14 10 2
14 15 2
14 18 1
14 23 2
14 26 2
14 31 3
14 33 1
14 36 1
15 13 2
15 16 3
15 29 1
15 36 2
16 5 2
16 10 3
16 25 1
16 27 3
17 4 3
17 28 3
17 34 2
18 5 1
18 22 3
18 26 1
18 29 2
18 33 3
19 4 2
19 13 2
19 15 3
19 16 2
19 25 2
19 33 3
19 36 1
20 18 2
20 33 3
20 34 2
21 1 2
21 15 1
21 22 2
21 29 3
22 1 1
22 8 3
22 29 2
23 2 1
23 2 2
23 5 3
23 12 1
23 14 2
23 14 3
23 16 3
23 35 2
24 1 2
24 4 2
24 22 3
24 27 2
24 34 2
25 3 3
25 7 2
25 11 1
25 11 2
25 13 3
25 20 1
25 36 1
26 5 2
26 11 3
26 13 3
26 16 1
26 16 2
27 3 1
27 4 2
27 13 3
27 19 1
27 23 3
28 3 2
28 12 1
28 30 1
28 31 2
28 35 1
29 1 1
29 4 3
29 5 3
29 17 1
30 5 3
30 7 2
30 18 2
30 24 1
30 26 2
31 1 3
31 18 1
31 23 2
31 27 2
32 1 1
32 5 1
32 35 3
33 3 3
33 4 3
33 6 1
33 11 2
33 13 2
33 20 2
33 27 2
33 29 3
34 16 3
34 30 3
34 31 1
35 2 3
35 4 1
35 17 3
35 25 2
35 29 2
35 30 3
35 32 1
35 36 3
36 3 3
36 4 2
36 13 2
36 18 3
36 23 2
36 25 1
36 33 3
