2
40 214
3 2 3 2 2 3 1 3 2 2 2 1 1 1 3 2 2 2 1 1 1 2 3 1 2 1 2 3 1 1 1 1 1 1 1 1 1 2 2 3 
1 17 2
1 33 3
2 6 1
2 9 1
2 16 2
2 25 3
3 40 1
4 3 2
4 11 3
4 18 1
4 21 2
4 21 3
4 22 1
4 26 1
4 32 1
4 33 3
4 40 1
5 3 1
5 14 2
5 19 1
5 27 2
5 27 3
5 31 3
6 10 2
6 13 3
6 33 2
7 2 3
7 9 3
7 12 3
7 13 2
7 14 2
7 19 3
7 24 3
7 37 1
7 39 2
8 4 3
8 5 3
8 13 3
8 27 3
9 3 1
9 14 2
9 18 1
9 36 1
10 1 3
10 2 3
10 8 1
10 9 1
10 18 3
10 22 1
10 26 3
10 37 3
10 39 2
11 5 2
11 12 2
11 27 2
11 35 2
11 38 3
12 7 1
12 27 2
12 28 1
13 7 2
13 14 2
13 16 3
13 24 1
13 25 1
13 35 2
13 38 2
14 3 1
14 3 2
14 6 1
14 25 2
14 32 2
14 33 1
14 40 3
15 5 3
15 17 2
15 30 2
15 37 1
15 38 1
16 5 1
17 14 1
17 23 2
17 24 2
17 25 2
17 29 3
18 9 3
18 11 1
18 13 2
18 22 1
18 22 3
18 31 1
18 32 3
18 35 1
18 36 3
18 37 1
19 20 2
19 31 1
20 11 1
20 15 2
20 16 3
20 32 1
20 33 3
21 13 3
21 23 1
21 26 1
21 28 3
21 32 3
22 20 1
22 29 3
22 35 3
23 3 3
23 8 2
23 12 2
23 20 1
23 21 1
23 28 1
23 35 2
24 8 1
24 13 2
24 35 2
24 37 1
24 39 3
25 2 2
25 4 2
25 11 3
25 21 3
25 22 1
25 22 3
25 33 1
25 34 1
25 37 3
25 39 2
26 3 2
26 6 3
26 13 1
26 22 3
26 32 3
26 36 1
26 38 3
26 39 2
27 1 2
27 8 1
27 18 2
27 21 1
27 22 1
27 29 1
27 32 1
27 32 3
27 35 2
27 36 2
28 16 3
28 22 1
28 29 2
28 29 3
28 33 1
28 40 2
29 5 2
29 37 3
30 1 2
30 5 1
30 16 3
30 25 3
30 27 2
30 28 1
30 38 1
31 4 2
31 7 1
31 7 2
31 9 3
31 18 1
31 26 1
31 38 3
32 4 1
32 12 1
32 13 3
32 19 2
32 28 2
33 8 3
33 21 1
33 29 3
33 31 1
33 37 2
33 40 3
34 5 2
34 5 3
35 4 2
35 7 3
35 10 2
35 11 1
35 22 3
35 27 3
36 3 2
36 27 3
36 34 3
37 12 1
38 17 1
38 19 1
38 21 3
38 37 2
39 1 1
39 6 1
39 7 2
39 7 3
39 8 2
39 13 1
39 14 1
39 14 3
39 22 2
39 37 3
40 2 1
40 6 3
40 11 1
40 21 3
40 36 1
40 205
3 1 3 3 2 2 1 1 3 1 2 1 3 2 3 1 2 2 3 1 3 1 2 2 3 3 1 3 1 1 3 3 2 3 2 1 3 2 2 2 
1 5 3
1 14 2
1 25 1
1 28 1
1 29 1
2 5 3
2 7 1
2 8 3
2 16 1
2 25 2
3 2 2
3 9 1
3 12 3
3 15 1
3 17 2
3 24 2
3 25 3
3 27 1
3 39 1
4 7 1
4 14 1
4 16 2
4 26 2
4 30 1
5 8 1
5 23 2
5 27 2
5 29 3
6 5 1
6 9 2
6 13 3
6 15 2
6 21 1
6 40 3
7 33 1
7 38 2
8 5 1
8 21 1
8 25 3
8 32 2
8 36 3
9 1 3
9 21 2
9 27 2
9 28 3
10 2 1
10 2 2
10 3 1
10 21 2
10 25 1
10 25 2
10 28 1
11 1 2
11 6 1
11 7 1
11 17 1
11 18 2
11 35 2
11 37 3
11 38 1
12 2 3
12 7 2
12 7 3
12 13 3
12 16 2
12 17 1
12 24 1
12 24 3
12 32 1
12 33 2
13 5 2
13 14 3
13 15 2
13 19 3
13 29 3
13 30 2
13 35 3
14 10 3
14 11 1
14 12 1
14 20 1
14 23 3
14 26 1
14 26 2
14 39 1
15 3 3
15 12 2
15 20 1
15 23 2
15 27 2
15 28 1
15 30 2
15 34 1
15 34 2
16 21 2
17 4 2
17 7 2
17 8 3
17 14 2
17 23 2
17 33 3
17 35 2
18 3 3
18 5 2
18 22 3
18 40 2
19 1 3
19 2 3
19 6 2
19 18 1
19 22 3
19 30 2
19 31 1
20 8 3
20 21 3
20 29 2
21 9 3
21 10 1
21 17 1
21 30 3
22 17 2
22 36 2
23 12 2
23 22 3
24 17 1
24 18 2
24 23 2
24 25 3
25 32 1
25 34 1
25 35 3
26 29 2
26 33 2
26 36 1
26 38 2
27 3 2
27 20 3
27 25 1
27 29 2
27 32 1
27 32 3
28 3 2
28 4 1
28 35 1
29 10 2
29 12 3
29 13 2
29 17 1
29 19 1
29 26 1
30 2 3
30 5 2
30 5 3
30 8 3
30 10 1
30 18 3
30 29 1
30 39 1
31 11 3
31 26 2
32 25 2
32 29 1
32 31 2
33 3 1
33 32 1
33 35 2
34 10 2
34 13 3
34 28 1
35 1 2
35 14 3
35 18 1
35 24 3
35 26 3
35 28 3
35 34 1
36 12 3
36 29 1
36 30 3
36 33 3
37 17 1
37 20 1
37 23 2
37 25 2
37 31 2
38 3 1
38 9 3
38 21 1
38 28 3
38 32 3
39 1 2
39 2 1
39 3 2
39 11 3
39 19 3
39 22 1
39 30 3
39 32 1
39 33 1
39 38 2
40 3 3
40 5 3
40 11 2
40 12 3
40 24 3
