3
146 891
3 3 1 1 2 3 2 3 1 1 2 1 2 3 3 2 3 1 1 2 2 3 2 3 2 3 1 2 2 3 2 2 3 2 2 1 2 2 1 1 1 3 1 2 2 1 1 2 3 3 3 1 2 3 2 2 2 2 3 2 2 3 2 1 1 1 2 2 1 1 2 2 1 2 2 1 3 3 3 3 2 2 2 2 1 3 3 3 3 2 2 1 2 1 3 2 1 3 3 1 3 2 3 1 2 2 3 1 2 1 2 3 3 2 3 3 3 1 1 2 1 1 1 2 1 3 1 1 2 3 1 1 1 1 2 3 2 1 2 1 2 1 2 2 2 3 
1 55 2
1 68 3
1 74 3
1 127 1
1 128 2
2 22 1
2 22 3
2 27 3
2 62 1
2 65 3
2 79 2
2 108 2
2 122 2
2 123 3
3 31 3
3 48 1
3 74 3
3 78 2
3 83 3
3 144 1
4 2 2
4 8 3
4 83 2
4 134 1
4 136 3
4 142 2
5 11 3
5 29 3
5 40 3
5 51 1
5 60 3
5 90 1
5 94 1
5 104 2
5 114 1
5 121 2
5 145 3
6 17 3
6 25 2
6 30 1
6 33 2
6 49 2
6 61 2
6 117 1
6 117 2
6 129 3
7 77 1
7 82 3
7 87 3
7 112 1
8 4 3
8 25 1
8 38 1
8 53 2
8 88 2
8 90 3
8 107 3
8 120 2
9 29 1
9 33 2
9 36 1
9 72 2
9 108 2
10 5 1
10 29 3
10 46 3
10 95 3
10 110 1
10 141 2
10 143 3
10 146 2
11 14 1
11 37 2
11 43 2
11 72 3
11 107 2
12 38 2
12 50 2
12 72 3
12 74 1
12 91 3
13 86 3
13 142 3
14 11 1
14 34 3
14 37 3
14 67 1
14 99 2
14 127 3
14 136 1
15 17 1
15 18 2
15 26 1
15 27 1
15 51 1
15 57 1
15 108 1
15 145 2
16 29 2
16 42 1
16 74 2
16 82 1
16 124 3
17 18 1
17 41 3
17 53 1
17 53 2
17 62 3
17 83 1
17 116 2
17 141 3
17 144 2
18 1 3
18 6 1
18 7 2
18 23 3
18 42 3
18 43 1
18 47 2
18 67 1
18 108 3
18 134 3
19 31 3
19 36 1
19 79 2
19 141 2
20 1 3
20 2 1
20 19 3
20 26 3
20 94 1
20 115 2
21 1 1
21 57 1
21 65 2
21 109 2
22 33 2
22 33 3
22 35 2
22 46 2
22 49 1
22 102 3
22 108 3
23 17 1
23 45 2
23 92 2
23 107 3
23 112 3
23 114 3
23 134 2
24 20 2
24 32 2
24 33 2
24 124 1
24 130 1
25 14 2
25 31 1
25 58 3
25 59 2
25 126 2
25 127 2
25 137 3
26 17 1
26 47 3
26 56 3
26 114 3
27 3 1
27 10 3
27 15 1
27 18 2
27 95 2
27 103 3
27 143 3
28 15 3
28 122 2
28 131 2
29 42 1
29 48 3
29 93 3
30 5 1
30 25 3
30 44 3
30 55 3
30 92 2
31 18 1
31 62 2
31 66 3
31 82 3
31 84 2
31 99 2
31 117 1
31 134 3
32 29 2
32 31 3
32 33 2
32 124 2
33 3 3
33 6 2
33 11 3
33 30 3
33 62 3
33 110 2
33 146 3
34 50 2
34 86 2
34 124 3
34 132 3
35 2 3
35 26 2
35 62 2
35 75 2
35 79 3
35 88 1
35 127 1
36 31 2
36 32 1
36 133 1
36 136 2
37 55 3
37 85 3
37 93 1
37 111 2
37 124 1
37 125 3
38 28 3
38 55 2
39 4 1
39 8 1
39 36 1
39 38 2
39 62 2
39 108 2
39 116 1
39 131 1
40 26 3
40 48 3
40 49 3
40 98 3
40 121 1
41 23 3
41 45 1
41 55 1
41 79 3
42 33 2
42 34 1
42 44 2
42 56 1
42 68 2
42 96 2
42 98 2
42 113 3
42 142 3
43 45 3
43 91 3
43 109 2
43 128 3
44 79 3
44 104 2
45 98 2
45 113 3
45 136 2
45 146 1
46 44 1
46 56 2
46 61 1
46 73 1
46 131 3
47 33 2
47 34 2
47 57 2
47 73 2
47 96 1
48 7 1
48 22 2
48 32 2
48 61 3
48 64 1
48 81 3
48 112 1
48 119 1
49 16 2
49 22 3
49 44 1
49 65 3
49 73 1
49 108 2
49 125 2
50 48 2
50 60 3
50 90 2
50 107 2
50 131 2
50 142 1
51 6 1
51 19 1
51 61 2
51 69 1
51 140 1
52 1 3
52 33 3
52 104 2
52 133 2
53 12 3
53 55 2
53 77 2
53 140 3
54 27 1
54 36 2
54 41 2
54 55 1
54 55 3
54 57 3
54 64 1
54 68 2
54 99 2
54 103 1
54 111 3
54 122 1
54 128 3
54 145 2
55 7 2
55 24 2
55 139 1
55 145 3
56 39 2
56 62 3
56 88 2
56 124 1
57 9 2
57 97 1
57 99 2
57 108 2
58 105 2
59 1 3
59 22 1
59 32 2
59 49 1
59 113 1
59 127 3
59 139 2
60 18 3
60 73 3
60 79 3
60 96 2
60 136 2
61 14 3
61 16 2
61 52 2
61 86 2
61 95 1
61 97 2
61 104 2
62 25 2
62 32 3
62 40 3
62 66 3
62 107 3
63 13 1
63 14 2
63 43 3
63 50 1
63 51 2
63 65 3
63 69 1
63 104 1
63 136 3
63 138 2
64 28 1
64 56 1
64 69 1
64 99 3
64 100 2
64 126 1
65 30 3
65 37 3
65 95 2
65 126 2
65 127 3
65 145 1
65 146 2
66 3 1
66 23 3
66 37 3
66 92 2
66 121 1
66 123 3
66 126 3
66 131 3
66 144 1
67 57 2
67 69 3
67 98 1
67 108 1
67 122 2
67 124 1
67 129 3
67 133 1
68 2 2
68 18 3
68 31 2
68 35 1
68 72 1
68 97 2
68 99 2
68 118 1
69 10 3
69 33 2
69 42 2
69 47 3
69 78 1
69 101 2
69 119 1
69 139 1
70 26 2
70 102 1
70 106 2
71 33 3
71 57 3
71 89 2
71 103 3
72 23 2
72 47 2
72 63 2
72 95 2
72 133 3
72 142 3
73 34 2
73 58 1
73 135 2
74 11 1
74 13 2
74 17 1
74 111 3
74 117 1
75 38 1
75 68 3
75 91 1
75 95 2
76 9 1
76 12 3
76 67 2
76 77 1
76 103 1
77 16 1
77 75 1
77 85 2
77 94 2
77 97 3
78 2 1
78 42 2
78 49 2
78 65 2
78 116 1
78 125 1
79 29 1
79 89 2
79 100 2
79 116 2
79 139 1
80 30 2
80 46 1
80 59 1
80 62 3
80 94 2
81 25 2
81 39 2
81 53 2
81 53 3
81 65 3
81 71 2
81 76 2
81 88 3
81 134 1
82 92 2
82 128 2
82 141 1
83 3 3
83 16 3
83 28 3
83 36 1
83 87 1
84 28 2
84 29 2
84 89 1
85 25 2
85 52 1
85 104 2
85 105 1
86 18 3
86 65 2
86 85 1
86 92 3
86 98 3
86 107 2
86 113 2
86 117 2
86 141 2
86 142 2
87 22 2
87 32 3
87 55 3
87 114 3
87 133 2
87 142 1
87 143 3
88 17 2
88 37 3
88 64 1
88 77 3
88 90 1
88 90 3
88 103 2
89 1 1
89 17 3
89 32 3
89 91 1
89 101 3
90 28 3
90 30 3
90 32 1
90 71 3
90 78 1
90 79 1
90 107 3
90 125 2
90 131 1
91 67 3
92 17 1
92 21 2
92 23 2
92 41 1
92 53 2
92 58 1
92 61 2
92 63 1
92 82 1
92 94 1
92 115 3
92 143 3
93 2 1
93 73 2
93 101 1
93 129 1
94 4 1
94 10 3
94 30 2
94 34 2
94 49 1
94 79 1
94 93 1
94 134 1
95 23 1
95 53 3
95 58 3
95 59 3
95 97 3
96 28 1
96 35 2
96 51 3
96 71 2
96 89 1
96 123 3
96 141 2
97 11 3
97 22 1
97 32 1
97 34 2
97 70 1
97 72 1
97 85 2
97 107 3
97 136 2
98 17 2
98 31 3
98 39 2
98 43 2
98 79 2
98 84 3
98 99 3
98 101 3
98 112 2
98 114 2
98 120 1
99 5 3
99 56 3
99 75 2
99 101 2
99 108 1
99 142 3
100 55 3
100 72 3
100 73 1
100 73 3
100 98 3
100 116 2
101 17 1
101 43 2
101 65 2
101 99 1
101 99 2
102 14 2
102 40 1
102 48 2
102 63 1
102 67 2
102 88 1
103 21 1
103 22 3
103 67 3
103 68 1
103 97 3
103 110 2
103 110 3
103 111 2
103 120 1
103 144 1
104 60 2
104 88 2
104 99 3
104 128 2
104 141 1
105 12 1
105 45 1
105 83 1
105 132 3
105 134 3
105 138 2
105 139 3
106 42 1
106 45 3
106 55 2
106 82 2
106 88 3
106 90 2
106 137 1
107 1 1
107 4 3
107 11 2
107 44 3
108 14 2
108 44 2
108 67 2
108 109 2
109 31 2
109 61 3
109 69 2
109 72 1
109 98 3
109 106 1
109 108 2
109 132 1
109 145 1
110 26 3
110 33 2
110 52 1
110 85 3
110 109 1
110 116 3
110 137 2
111 32 2
111 43 3
111 82 1
111 104 3
111 128 2
112 23 3
112 29 1
112 31 1
112 37 3
112 66 1
112 84 3
112 94 1
112 101 1
112 106 2
112 126 3
113 86 2
113 91 1
113 92 1
113 100 1
113 108 2
113 145 2
114 7 2
114 48 3
114 51 2
114 58 2
114 82 3
114 84 3
114 108 1
114 132 2
114 145 3
115 64 2
115 123 1
115 130 1
115 134 1
116 52 2
116 72 3
116 75 3
116 79 1
116 138 2
116 138 3
117 46 2
117 55 2
117 116 1
117 132 3
117 141 2
118 18 3
118 114 3
119 29 1
119 35 3
119 70 1
119 98 1
119 113 1
119 135 3
120 2 1
120 17 1
120 45 2
120 63 3
120 68 2
120 77 2
120 85 1
120 127 1
120 137 3
121 58 1
121 66 1
121 70 1
122 62 2
122 63 2
123 46 2
123 57 1
123 57 2
123 61 2
123 126 2
123 138 1
124 57 3
124 94 2
124 105 2
124 105 3
124 120 3
124 128 3
125 7 2
125 15 3
125 67 1
125 82 2
125 98 1
125 121 2
126 8 1
126 43 2
126 50 1
126 61 2
126 67 1
126 97 3
126 104 2
126 106 3
126 111 2
126 132 3
127 6 3
127 22 2
127 25 1
127 82 3
127 101 2
127 116 1
127 128 3
127 143 2
127 143 3
128 117 2
129 5 2
129 12 1
129 29 3
129 59 1
129 70 1
129 85 2
129 88 1
129 90 1
129 126 3
129 140 3
130 54 2
130 95 2
130 110 3
130 122 1
130 138 2
131 37 2
131 43 3
131 94 3
131 109 2
131 115 1
131 119 2
131 129 2
132 7 3
132 8 1
132 43 3
132 48 2
132 56 2
132 82 1
132 82 3
132 111 1
132 128 2
133 4 2
133 10 3
133 20 1
133 69 2
133 86 1
133 105 3
133 127 2
133 128 1
133 145 2
134 4 3
134 11 1
134 24 2
134 42 2
134 45 1
134 95 2
134 112 1
134 133 2
135 37 3
135 46 1
136 3 3
136 4 1
136 30 3
136 59 3
136 62 3
136 73 1
136 87 3
137 19 3
137 31 2
137 59 1
137 82 2
137 83 3
137 88 1
137 117 1
137 141 2
138 19 1
138 26 1
138 35 2
138 41 2
138 69 2
138 87 1
138 98 3
139 5 2
139 58 1
139 71 1
139 72 2
139 103 3
139 138 2
139 141 1
140 54 2
140 55 2
140 57 3
140 74 2
140 90 3
141 6 1
141 22 1
141 32 1
141 32 3
141 50 2
141 63 2
141 112 1
141 121 2
141 144 2
141 146 2
142 35 1
142 63 2
142 78 3
142 89 1
142 124 1
142 126 1
142 139 2
142 140 2
142 144 3
143 10 1
143 28 1
143 54 1
143 92 3
143 96 3
143 126 1
144 89 1
144 98 1
144 101 2
144 121 1
145 18 3
145 19 2
145 23 2
145 29 3
145 44 1
145 50 1
145 85 1
145 125 3
146 6 3
146 16 3
146 21 3
146 33 1
146 46 3
146 110 3
146 892
1 2 3 3 1 3 1 3 2 2 2 1 2 1 1 1 2 2 1 2 3 2 1 2 3 3 3 1 3 1 3 1 3 1 2 2 2 3 1 3 3 3 3 1 3 3 2 3 3 2 2 3 3 1 1 2 3 3 2 1 1 3 1 3 1 3 2 2 3 1 2 1 3 2 1 3 3 3 3 2 1 2 2 3 3 3 1 1 3 2 1 3 1 3 1 1 1 3 3 2 1 2 3 3 1 2 3 1 2 3 3 2 1 1 2 1 3 1 1 2 1 3 2 2 3 3 1 3 2 2 1 3 2 3 1 2 1 3 2 3 1 1 2 2 1 3 
1 31 2
1 88 1
1 105 1
1 105 2
2 27 3
2 70 1
2 77 3
3 6 2
3 9 1
3 72 2
3 81 1
3 138 1
3 140 1
4 11 1
4 23 1
4 33 3
4 90 3
4 91 2
4 93 3
4 122 3
4 123 2
4 128 3
5 4 3
5 16 1
5 40 1
5 101 2
5 136 2
6 3 1
6 81 2
6 84 2
6 123 2
6 133 2
7 8 3
7 53 2
7 57 2
7 76 3
7 117 2
7 120 2
7 131 1
8 2 1
8 44 2
8 73 2
8 98 3
8 144 3
9 3 2
9 20 3
9 33 1
9 41 2
9 95 1
9 129 1
9 144 1
10 6 3
10 90 2
10 116 3
10 136 3
10 145 3
11 12 2
11 33 3
11 58 3
11 63 3
11 64 3
11 135 1
11 136 3
12 57 3
12 88 2
12 121 1
12 138 2
13 4 3
13 29 1
13 54 1
13 70 3
13 71 3
13 95 3
13 115 2
13 121 1
13 127 2
14 9 1
14 34 1
14 42 1
14 110 3
14 139 2
15 36 2
15 73 2
15 103 3
15 124 1
15 130 3
15 139 1
16 4 2
16 78 3
16 90 3
16 111 3
16 120 2
17 11 3
17 15 1
17 45 1
17 55 3
17 97 1
17 113 1
17 126 3
17 139 3
18 17 2
18 19 1
18 38 2
18 46 1
18 79 3
18 98 3
18 108 3
19 9 1
19 18 2
19 57 3
19 64 1
19 103 1
19 115 1
20 8 3
20 11 1
20 60 2
20 121 1
20 134 2
20 137 3
20 144 3
21 68 1
21 89 1
21 90 3
21 94 1
21 127 2
22 21 3
22 23 1
22 39 1
22 84 2
22 95 2
22 119 1
22 141 2
23 38 1
23 56 1
23 75 3
23 87 2
23 90 1
23 104 1
23 111 1
23 141 3
23 143 3
24 33 2
24 43 2
24 77 2
24 78 1
24 81 1
24 91 1
24 142 1
25 52 2
25 75 3
25 90 2
25 115 1
26 15 1
26 27 2
26 35 3
26 64 1
26 66 2
26 75 3
26 115 1
26 128 2
27 6 2
27 7 3
27 8 1
27 17 2
27 91 3
27 106 1
27 143 1
28 2 3
28 5 1
28 10 3
28 33 2
28 42 2
28 55 2
28 59 3
28 66 2
28 71 1
28 79 2
28 81 1
28 89 3
28 118 3
28 141 3
28 144 1
29 5 3
29 24 1
29 50 2
29 62 1
30 14 2
30 24 3
30 32 2
30 96 3
30 115 2
30 140 3
30 145 3
31 4 1
31 25 1
31 37 2
31 64 3
31 93 2
31 99 1
31 120 1
31 137 3
32 10 3
32 36 2
32 51 2
32 53 1
32 53 2
32 88 3
32 112 2
32 125 2
33 8 2
33 38 2
33 96 3
33 101 2
33 110 3
34 32 1
34 32 3
34 57 1
34 61 3
34 85 3
34 90 1
34 145 2
35 2 1
35 14 1
35 41 2
35 61 1
35 121 2
35 134 1
36 37 3
36 65 3
36 107 1
36 127 2
36 142 1
37 108 1
37 108 2
38 5 2
38 24 1
38 30 3
38 60 3
38 99 2
38 116 2
38 126 1
38 135 2
39 4 1
39 38 3
39 67 3
39 84 2
39 126 2
40 6 3
40 13 3
40 15 1
40 25 3
40 34 1
40 141 1
41 53 2
41 75 3
41 117 3
41 128 2
41 134 1
42 27 1
42 33 3
42 70 1
42 78 1
42 93 3
43 1 1
43 11 2
43 30 3
43 34 2
43 100 3
43 110 3
43 127 2
44 16 2
44 22 3
44 40 1
44 55 1
44 79 1
44 89 3
44 118 3
44 128 3
44 132 3
44 138 1
45 2 3
45 5 2
45 71 3
45 79 3
45 88 3
45 91 3
45 102 3
45 113 2
45 118 3
46 23 1
46 39 1
46 102 3
47 91 3
47 97 1
47 102 3
47 128 1
47 135 2
47 136 1
47 138 2
48 131 3
48 134 1
48 135 2
49 5 3
49 27 2
49 47 3
49 59 2
49 129 1
50 23 2
50 29 1
50 45 2
50 62 3
50 64 2
50 65 3
50 81 1
50 83 3
50 88 2
50 106 3
50 107 3
50 134 1
50 142 3
51 6 2
51 12 1
51 14 1
51 21 1
51 45 1
51 48 3
51 59 1
51 61 1
51 63 2
51 93 2
51 121 2
52 20 2
52 38 1
52 79 1
52 95 3
52 105 2
52 118 2
52 143 2
53 18 3
53 40 3
53 46 2
53 51 3
53 69 1
53 71 2
53 108 1
53 121 3
53 126 3
53 143 1
53 143 3
54 14 3
54 56 3
54 119 1
55 18 2
55 58 1
55 81 1
55 90 3
55 97 1
55 137 2
56 6 2
56 37 2
56 50 1
56 81 2
56 97 2
56 98 1
56 110 2
56 116 2
57 6 2
57 43 2
57 44 2
57 54 2
57 89 2
57 106 3
57 134 1
57 136 2
57 141 1
58 23 2
58 71 2
58 74 1
58 86 3
58 87 1
58 88 2
58 134 1
59 50 2
59 76 2
59 85 2
59 85 3
59 108 1
59 129 3
59 134 1
59 146 1
60 8 3
60 13 3
60 20 3
60 23 2
60 43 2
60 86 1
61 11 1
61 15 1
61 21 1
61 62 3
61 71 1
61 83 3
61 96 2
61 99 3
61 135 3
61 137 2
62 56 1
62 83 2
62 92 2
62 121 3
63 22 3
63 39 3
63 44 3
63 86 1
63 119 2
63 142 1
63 144 2
64 51 2
64 61 3
64 78 2
64 84 3
64 98 2
64 120 1
64 141 2
64 142 2
65 49 2
65 60 3
65 74 2
65 93 3
65 106 1
65 112 3
65 115 3
65 137 3
66 25 1
66 27 3
66 69 2
66 80 3
66 110 3
67 76 2
67 99 2
67 121 2
67 125 3
68 3 2
68 20 2
68 45 3
68 69 1
68 79 2
68 104 1
69 21 1
69 29 3
69 37 2
69 43 3
69 56 3
69 142 3
70 39 2
70 45 1
70 64 3
71 15 3
71 89 3
71 121 3
71 130 3
72 50 3
72 92 1
72 124 1
73 3 3
73 31 1
73 34 2
73 44 1
73 76 1
73 88 2
73 99 2
73 123 1
74 11 1
74 19 1
74 58 2
74 70 1
74 100 2
74 119 3
74 127 3
74 130 2
75 34 2
75 46 2
75 58 3
75 146 1
76 15 2
76 35 2
76 100 1
76 108 1
77 51 1
77 55 1
77 58 3
77 78 3
77 98 1
77 134 1
78 22 1
78 35 1
78 128 3
78 138 3
78 142 2
79 47 3
79 48 1
79 64 1
79 111 2
80 13 1
80 27 1
80 54 3
80 70 3
80 76 1
80 82 1
80 106 3
80 110 3
80 116 1
80 126 2
81 61 3
81 85 2
81 115 1
81 140 2
82 21 3
82 55 1
82 64 1
82 96 1
82 107 1
82 110 1
82 134 1
82 145 3
83 2 1
83 4 3
83 30 2
83 39 3
83 48 3
83 79 3
83 140 2
84 12 3
84 26 2
84 44 1
84 56 3
84 82 2
84 91 3
84 97 1
84 105 1
84 137 2
84 141 2
84 143 2
85 8 2
85 22 2
85 40 3
85 51 1
85 79 2
85 139 3
86 32 2
86 47 3
86 69 3
86 120 1
86 124 3
87 11 1
87 21 2
87 43 1
87 57 2
87 112 3
88 46 2
88 49 2
88 80 3
88 137 2
89 19 3
89 23 2
89 72 3
89 96 1
89 113 1
90 36 3
90 71 1
90 127 2
91 31 3
91 93 1
91 128 2
91 129 2
91 131 1
91 138 3
92 1 3
92 67 2
92 69 2
92 76 3
92 78 2
92 82 3
92 141 3
93 123 3
94 2 1
94 8 2
94 67 2
94 72 2
94 121 1
95 24 2
95 70 2
96 23 1
96 67 3
96 75 3
96 80 3
96 111 2
96 132 3
96 137 1
96 145 1
97 4 1
97 9 1
97 31 3
97 65 1
97 96 1
97 104 2
97 132 2
97 136 3
98 28 3
98 31 2
98 76 2
98 93 2
98 119 1
98 141 1
98 141 2
98 143 1
99 5 2
99 33 1
99 34 2
99 78 2
99 84 1
99 90 2
99 130 3
100 1 2
100 14 2
100 29 3
100 30 1
100 34 1
100 47 2
100 124 1
101 6 2
101 10 2
101 35 1
101 88 1
101 94 1
101 119 1
102 5 3
102 19 1
102 39 1
102 55 1
102 97 1
102 111 1
103 18 1
103 54 1
103 67 1
103 91 1
103 113 2
103 122 3
104 66 1
104 73 1
104 73 3
104 91 3
104 92 1
104 121 1
104 123 1
104 138 1
105 17 3
105 37 2
105 49 1
105 49 3
105 107 2
106 38 3
106 59 2
106 107 3
107 61 3
107 78 1
107 80 3
107 85 1
107 91 1
107 129 2
108 35 1
108 42 1
108 51 1
108 122 2
109 26 2
109 35 2
109 84 2
109 118 1
109 124 2
109 127 2
110 2 3
110 54 3
110 106 3
111 22 3
111 50 1
111 57 3
111 96 1
111 121 3
112 13 3
112 30 1
112 33 2
112 41 3
112 43 1
112 49 2
112 50 3
112 80 1
112 105 2
112 140 3
113 14 1
113 86 3
113 90 3
113 104 2
113 119 3
113 121 2
113 124 1
114 1 2
114 32 1
114 108 2
115 7 2
115 17 1
115 35 3
115 54 1
115 102 1
115 118 3
115 126 2
115 130 1
116 81 2
116 82 2
116 94 3
117 51 2
117 104 3
117 115 1
117 133 2
118 12 2
118 55 2
118 78 3
118 106 3
118 115 1
118 122 1
119 38 2
119 55 3
119 63 2
119 125 1
119 131 1
120 33 2
120 56 1
120 100 2
120 108 3
120 109 3
120 134 2
120 142 3
120 146 1
121 7 3
121 47 3
121 83 3
121 85 2
121 102 1
121 106 3
121 126 2
121 127 3
122 21 2
122 44 3
122 81 1
122 103 2
122 104 1
122 111 3
122 116 1
122 131 1
122 142 3
123 2 3
123 17 3
123 34 3
123 47 3
123 126 1
123 141 3
124 60 3
124 87 1
124 99 2
124 140 1
125 7 3
125 49 3
125 58 1
125 67 2
125 68 3
125 82 1
125 86 1
125 89 2
125 90 2
125 111 1
126 3 3
126 52 3
126 56 3
126 83 3
126 96 3
126 118 3
126 123 3
126 127 1
127 5 1
127 75 2
127 75 3
127 79 1
127 116 1
128 3 1
128 4 1
128 21 1
128 27 1
128 30 1
128 71 3
128 87 1
128 104 1
128 124 2
128 130 2
129 64 2
129 68 2
129 85 2
129 87 3
129 117 1
129 122 1
129 132 3
129 134 3
129 146 2
130 13 1
130 23 3
130 54 3
130 64 1
130 102 1
130 131 1
131 6 2
131 9 3
131 15 1
131 28 2
131 31 3
131 66 1
131 121 2
132 25 1
132 35 1
132 50 1
132 81 2
132 91 2
132 120 2
132 128 2
133 30 2
133 43 3
133 72 2
133 99 3
134 25 2
134 31 3
134 79 2
135 59 2
135 80 2
135 86 3
135 111 1
135 117 3
135 138 2
136 1 3
136 17 3
136 65 3
136 105 3
136 111 1
137 2 3
137 22 2
137 37 3
137 53 3
137 80 3
137 99 3
137 139 2
138 83 2
140 7 3
140 11 1
140 13 3
140 92 3
140 101 1
140 142 2
140 145 2
141 44 1
141 53 1
141 85 3
141 94 2
141 121 1
141 127 2
141 144 3
142 14 2
142 32 3
142 52 2
142 66 2
142 77 3
142 125 3
142 129 2
142 143 3
143 49 3
144 28 3
144 44 2
144 67 1
144 88 2
144 97 1
144 123 3
145 69 3
145 87 3
145 104 1
146 75 2
146 84 1
146 137 2
146 869
1 3 3 1 2 1 3 2 2 3 1 3 3 1 3 3 2 2 3 1 3 1 3 2 2 2 3 1 2 3 2 2 1 2 2 1 2 1 1 1 1 2 1 3 1 1 3 1 3 3 1 2 2 3 1 3 1 3 2 2 2 3 2 1 1 1 1 1 2 1 2 3 1 3 3 2 2 1 1 2 1 3 2 1 2 2 1 3 1 1 1 2 3 2 3 3 2 1 3 1 1 2 1 3 3 1 3 2 3 3 1 2 3 1 3 2 3 2 3 3 3 3 1 3 1 1 2 1 1 3 3 1 2 1 1 3 1 2 3 1 1 2 2 2 3 3 
1 7 3
1 41 3
1 95 1
1 113 1
2 13 1
2 15 3
3 23 2
3 55 1
3 68 1
3 99 2
3 117 1
3 120 1
3 129 3
4 31 1
4 40 2
4 49 1
4 71 1
4 92 2
4 103 2
5 2 1
5 13 1
5 19 3
5 45 1
5 52 1
5 80 3
5 89 1
5 97 3
6 8 2
6 29 3
6 36 3
6 45 3
6 46 3
6 54 3
6 95 2
6 108 2
7 2 1
7 28 1
7 29 3
7 38 1
7 50 1
7 130 1
8 9 2
8 22 2
8 57 3
8 95 1
8 113 3
8 125 2
9 58 3
9 96 3
9 99 3
9 146 1
10 52 2
10 74 2
10 90 2
10 101 3
10 112 3
10 132 1
10 141 2
11 49 2
11 51 3
11 67 1
11 72 3
11 123 1
12 5 3
12 32 1
12 135 1
13 16 1
13 51 2
13 64 3
13 101 1
14 57 3
14 63 3
14 85 3
14 96 3
14 114 1
15 17 2
15 88 1
15 95 3
15 105 2
15 109 2
15 124 3
15 128 3
15 132 1
16 10 2
16 22 1
16 46 3
16 52 1
16 74 1
16 74 3
16 78 3
16 80 1
16 84 1
16 84 3
16 93 2
16 101 2
16 109 2
17 5 2
17 28 2
17 43 3
17 70 2
17 77 3
17 140 1
18 10 1
18 37 2
18 47 1
18 60 2
18 66 1
18 72 1
18 95 1
18 100 1
18 121 3
19 14 1
19 21 3
19 28 3
19 32 1
19 41 1
19 42 1
19 91 1
19 118 2
19 125 2
20 2 3
20 111 2
20 133 3
20 143 2
20 145 1
21 54 2
21 113 2
21 140 2
22 18 1
22 65 2
22 68 2
22 75 2
22 75 3
22 79 3
22 81 2
22 84 2
22 120 1
23 5 1
23 61 1
23 73 3
23 103 3
23 104 1
23 124 2
23 128 1
23 130 3
23 143 3
24 17 1
24 29 3
24 93 1
24 137 3
24 139 1
25 7 3
25 46 2
25 74 1
25 79 2
25 83 3
25 119 2
25 139 3
25 142 3
26 8 3
26 31 1
26 62 3
27 19 1
27 34 1
27 41 1
27 70 1
27 76 2
27 94 3
27 96 3
27 145 3
28 83 1
28 135 3
28 144 3
28 145 2
29 58 3
29 95 2
29 96 3
29 115 2
30 6 1
30 8 1
30 17 2
30 69 1
30 97 2
30 97 3
30 109 2
30 109 3
30 127 3
30 139 1
30 146 3
31 10 1
31 29 2
31 32 3
31 40 1
31 49 2
31 62 2
31 88 1
31 99 3
31 125 3
32 38 1
32 119 1
33 15 3
33 55 3
33 61 1
33 83 3
33 92 1
33 93 2
33 130 3
34 42 2
34 54 3
34 84 2
34 117 2
34 125 3
35 29 2
35 60 2
35 69 2
35 76 1
35 112 3
36 20 2
36 32 1
36 39 1
36 65 2
36 83 2
36 94 1
36 98 1
37 5 3
37 48 1
37 53 1
37 79 2
37 111 2
37 121 2
37 140 1
38 9 1
38 13 3
38 24 1
38 92 2
38 94 2
38 98 1
39 35 3
39 54 3
39 82 3
39 89 2
39 120 3
40 140 3
41 12 2
41 65 3
41 67 2
41 109 3
41 118 1
41 128 2
41 133 2
42 29 3
42 38 2
42 40 3
42 57 2
42 72 3
42 83 3
42 109 1
42 112 1
42 142 3
42 145 1
43 13 3
43 44 2
43 48 2
43 63 2
43 123 1
43 141 2
44 31 2
44 54 2
44 93 2
44 139 3
44 145 2
45 13 3
45 29 3
45 114 1
45 124 1
46 2 3
46 78 3
46 96 3
46 102 3
46 105 2
46 114 3
46 130 2
46 146 1
47 36 2
47 90 1
47 135 3
47 145 2
48 1 2
48 36 1
48 84 3
49 10 1
49 15 3
49 39 2
49 57 2
50 31 1
50 32 2
50 61 3
51 12 3
51 31 3
51 113 1
51 135 1
52 3 3
52 30 3
52 35 1
52 54 2
52 62 2
52 72 3
52 81 2
52 98 1
52 122 2
53 62 2
53 66 2
53 91 2
54 18 1
54 107 1
55 3 1
55 7 2
55 10 3
55 38 1
55 78 3
56 60 2
56 63 1
56 83 2
57 20 2
57 25 2
57 32 1
57 47 2
57 53 2
57 61 1
57 82 1
57 100 1
57 140 2
58 13 3
58 14 2
58 30 2
58 51 3
58 53 3
58 75 3
58 102 2
58 106 2
58 140 1
59 7 1
59 29 3
59 44 2
59 84 1
59 101 3
59 128 3
59 143 3
60 15 2
60 34 2
60 57 3
60 66 1
60 66 3
60 110 1
60 114 3
60 145 1
61 8 1
61 13 3
61 42 2
61 92 3
61 96 3
61 111 2
61 124 1
62 21 3
62 26 3
62 45 3
62 67 2
62 72 1
62 77 1
62 92 2
62 116 1
62 145 1
62 146 2
63 30 2
63 30 3
63 85 1
63 102 3
63 137 2
64 19 3
64 43 2
64 123 1
64 129 2
65 10 1
65 11 2
65 16 1
65 22 2
65 55 2
65 89 1
66 44 2
66 56 1
66 56 3
66 61 1
66 73 1
66 75 3
66 78 3
66 99 2
66 116 3
66 143 1
67 7 2
67 39 1
67 88 1
67 115 2
67 115 3
67 118 2
67 135 1
67 140 1
68 12 2
68 25 3
68 40 3
68 59 3
68 88 1
68 120 1
68 129 2
69 23 3
69 59 2
69 72 2
69 78 3
69 81 2
69 108 3
70 2 1
70 5 2
70 6 2
70 14 3
70 33 1
70 64 1
70 78 3
70 87 3
70 104 1
70 145 1
71 16 2
71 89 2
71 108 2
71 137 3
71 146 1
72 113 3
73 61 2
73 129 1
74 8 2
74 13 1
74 23 3
74 122 3
75 70 1
75 77 3
75 81 3
75 97 1
76 84 2
76 118 1
77 23 2
77 27 1
77 33 3
77 50 3
77 111 3
78 32 2
78 54 1
78 104 1
78 125 3
78 132 3
78 135 1
78 144 2
79 19 1
79 30 3
79 93 2
79 133 3
80 61 1
80 114 2
80 141 3
81 17 1
81 73 2
81 74 2
81 98 2
82 2 3
82 11 3
82 73 1
82 78 3
82 83 1
83 37 1
83 50 2
83 51 3
83 113 2
83 135 3
84 59 2
84 80 1
84 140 2
85 16 1
85 31 3
85 87 2
85 92 1
85 95 1
85 99 3
85 106 3
85 132 2
85 136 2
86 27 2
86 108 1
86 117 3
86 128 1
87 5 1
87 41 3
87 46 3
87 119 1
87 144 2
88 17 3
88 27 1
88 37 1
88 37 3
88 61 2
88 64 2
88 75 1
88 92 3
88 94 3
88 122 3
88 135 3
89 1 2
89 9 1
89 11 2
89 24 1
89 33 1
89 100 3
90 20 1
90 23 1
90 48 2
90 55 2
91 24 1
91 28 3
91 66 1
91 100 1
91 100 2
91 126 1
92 24 3
92 76 2
92 122 2
92 125 1
92 127 3
92 146 2
93 1 2
93 3 3
93 9 3
93 23 1
93 119 3
93 134 3
93 138 3
94 24 1
94 38 2
94 39 3
94 99 3
94 103 3
94 137 3
95 60 3
95 61 1
95 62 2
95 63 1
95 75 1
95 86 1
95 100 3
96 4 2
96 53 3
96 109 3
96 124 3
97 12 1
97 63 3
97 68 1
97 103 2
97 108 2
97 110 3
97 142 2
98 5 3
98 22 3
98 27 2
98 35 1
98 45 2
98 93 1
98 100 3
98 145 1
99 7 2
99 10 3
99 23 3
99 25 2
99 72 3
99 126 1
99 133 2
100 13 3
100 44 3
100 112 1
101 4 2
101 13 2
101 41 2
101 58 3
101 84 3
101 88 1
101 120 1
102 18 1
102 59 3
102 81 3
102 86 3
103 3 3
103 25 2
103 62 3
103 98 2
103 120 1
103 140 3
103 146 1
104 117 1
104 124 3
104 134 1
104 143 3
104 146 1
105 54 3
105 95 1
105 96 1
105 113 3
106 6 2
106 43 2
106 45 1
106 71 2
107 1 2
107 30 2
107 64 1
107 66 3
107 68 1
107 92 2
107 134 1
108 14 3
108 22 1
108 47 1
108 47 3
108 69 1
108 90 1
108 121 3
109 33 1
109 104 2
109 134 2
109 137 1
110 3 3
110 79 1
110 95 2
111 46 2
111 134 1
112 12 1
112 42 2
112 50 3
112 85 1
112 136 2
113 32 3
113 53 2
113 68 2
113 74 3
113 75 3
113 85 2
113 87 3
113 106 2
113 108 2
114 4 1
114 6 1
114 13 1
114 21 1
114 53 3
114 56 3
114 62 2
114 68 2
114 109 1
114 118 3
114 123 2
115 6 2
115 24 1
115 43 1
115 49 3
115 85 3
115 91 3
115 113 3
116 6 1
116 10 3
116 20 1
116 20 2
116 24 1
116 30 3
116 42 3
116 65 2
116 75 3
116 79 2
116 90 3
116 92 3
116 139 2
116 145 1
117 8 2
117 24 1
117 37 1
117 58 2
117 75 3
117 137 2
117 143 1
118 12 3
118 32 2
118 32 3
119 12 1
119 19 1
119 48 3
119 58 3
119 91 3
120 2 3
120 5 1
120 27 1
120 32 3
120 44 2
120 47 2
120 81 3
120 105 2
121 33 2
121 55 1
121 127 3
121 132 2
122 52 3
122 76 3
122 120 1
122 133 1
122 145 1
123 7 3
123 65 1
123 69 2
123 118 3
124 4 2
124 7 2
124 22 3
124 79 2
124 89 1
124 130 2
125 8 2
125 13 3
125 20 1
125 41 3
125 51 1
125 95 1
125 98 2
126 11 2
126 44 2
126 48 2
126 77 1
126 78 2
126 121 2
126 135 3
127 4 3
127 61 2
127 73 2
127 85 1
127 137 3
128 44 1
128 57 1
128 116 3
128 119 1
129 105 2
130 64 3
130 88 2
130 99 2
130 111 3
130 128 3
130 142 3
131 46 3
131 53 1
131 55 1
131 77 2
131 81 2
131 83 1
131 90 1
131 106 1
131 111 2
131 114 2
131 126 2
131 127 3
131 128 3
132 7 3
132 9 1
132 44 1
132 58 3
132 93 3
132 119 2
132 123 2
133 41 1
133 62 1
133 78 1
133 123 2
134 7 3
134 76 3
134 83 1
134 98 1
134 136 3
134 141 1
135 2 1
135 29 2
135 65 3
135 76 2
135 78 1
136 30 3
136 49 3
136 54 2
136 54 3
136 56 3
136 74 2
136 89 3
136 119 3
136 144 3
137 1 1
137 57 1
137 61 1
137 82 1
137 83 2
137 113 2
137 113 3
137 120 1
137 120 3
137 122 2
137 135 2
138 11 2
138 22 2
138 37 3
139 3 3
139 19 1
139 90 3
139 101 1
139 133 1
140 52 2
140 92 1
140 100 1
140 105 1
140 117 1
140 138 1
141 39 2
141 67 3
141 100 3
141 114 3
141 140 1
142 20 2
142 43 3
142 64 3
142 69 1
142 75 2
142 82 2
142 102 1
142 117 2
142 128 1
142 143 2
143 12 3
143 27 3
143 79 1
143 99 3
143 110 1
143 120 2
143 141 2
143 142 3
144 17 1
144 33 1
144 40 3
144 63 1
144 78 3
144 81 1
144 99 2
145 16 3
145 26 3
145 64 1
145 68 3
145 104 3
145 116 2
145 133 3
146 2 3
146 18 3
146 38 1
146 93 3
146 97 2
146 106 2
146 110 1
146 127 3
