1
172 1004
1 1 2 1 3 2 2 3 2 1 3 2 3 1 2 2 1 3 1 2 2 1 3 3 1 2 3 3 3 2 1 1 3 2 1 2 2 3 1 1 3 2 1 1 3 1 1 3 3 1 1 2 3 2 1 1 1 2 2 3 3 2 1 1 1 3 1 3 3 1 3 2 3 1 2 3 2 2 3 2 3 1 1 1 1 2 1 2 1 2 3 3 1 3 3 2 1 1 2 3 3 3 3 2 3 1 2 3 1 3 1 3 2 2 1 3 2 3 3 3 3 2 2 1 2 1 1 3 1 3 2 2 2 1 1 3 2 3 3 3 1 1 3 2 2 1 3 2 2 3 1 2 1 2 2 3 1 3 2 1 3 3 3 1 2 3 1 3 1 1 1 1 
1 19 3
1 33 3
1 47 3
1 57 2
1 144 1
2 51 2
2 84 1
2 95 1
2 109 1
2 127 1
2 166 3
3 2 3
3 84 3
3 102 1
3 163 1
3 167 1
4 59 1
4 128 1
4 137 1
4 162 1
4 168 2
4 171 1
5 12 2
5 15 2
5 38 1
5 49 2
5 89 3
5 123 2
6 4 1
6 13 3
6 14 2
6 18 2
6 71 3
6 171 1
6 172 2
7 32 2
7 74 2
7 81 1
7 111 2
7 136 1
8 58 2
8 121 1
8 129 2
8 134 2
8 150 2
9 17 2
9 60 1
9 112 3
9 145 2
9 146 3
9 153 1
9 167 1
9 167 2
9 172 3
10 42 1
10 73 2
10 81 1
10 84 3
10 95 2
10 127 3
10 156 3
11 33 3
11 77 3
11 87 2
11 155 3
12 38 1
12 72 3
12 112 1
12 114 3
12 119 1
12 149 3
13 106 3
13 130 2
14 2 3
14 29 3
14 31 3
14 56 3
14 95 1
14 109 1
14 112 1
14 123 3
14 129 3
14 165 2
15 2 1
15 19 3
15 73 3
15 140 1
15 140 2
15 147 2
15 159 1
16 52 3
16 60 3
17 34 3
17 110 3
17 139 3
18 11 1
18 24 2
18 59 3
18 165 3
19 11 1
19 12 2
19 31 1
19 45 1
19 93 2
19 111 3
19 114 2
19 137 2
20 11 3
20 39 1
20 104 1
21 57 1
21 62 3
21 68 2
21 70 3
21 117 3
21 148 3
22 5 3
22 86 3
22 87 2
22 123 2
22 172 2
23 5 3
23 51 1
23 106 1
23 107 1
23 124 2
24 3 1
24 26 3
24 27 3
24 54 2
24 132 1
24 150 3
25 2 2
25 7 1
25 111 3
26 2 3
26 27 2
26 54 3
26 86 2
26 87 3
26 136 2
27 3 1
27 41 2
27 68 1
27 84 3
27 93 2
27 98 3
27 102 3
28 61 2
28 76 3
28 93 3
28 144 1
28 164 1
29 21 2
29 71 3
29 72 1
29 106 1
29 169 3
29 170 1
30 44 3
30 47 3
30 137 1
30 162 1
31 9 3
31 12 2
31 16 1
31 47 1
31 71 3
31 95 3
31 108 1
31 149 1
31 156 1
31 171 3
32 46 2
32 55 2
32 62 3
32 67 2
32 92 1
32 134 3
33 4 3
33 7 1
33 43 3
33 72 1
33 74 1
33 78 1
33 146 3
33 152 3
34 95 1
34 107 2
34 129 3
34 149 2
35 94 3
35 172 2
36 22 1
36 40 1
36 88 3
37 4 1
37 23 3
37 41 3
37 42 2
37 55 3
37 99 2
37 109 1
37 128 3
37 135 2
37 137 1
37 148 1
38 101 1
39 8 3
39 98 2
39 125 1
39 148 1
39 171 3
40 63 2
40 103 3
40 124 2
41 73 2
41 85 3
41 136 3
41 169 3
42 33 3
42 43 1
42 62 2
42 103 2
42 122 1
43 66 1
43 117 2
44 1 2
44 36 1
44 45 1
44 51 3
44 54 2
44 55 2
44 119 3
45 20 3
45 24 3
45 50 1
45 66 2
45 80 2
45 105 2
45 166 1
46 2 3
46 23 1
46 81 2
46 84 2
46 97 2
46 159 3
46 168 1
47 119 1
47 128 2
47 149 2
47 151 3
47 154 2
47 158 3
48 14 2
48 26 3
48 33 1
48 42 3
48 47 1
48 54 1
48 95 2
48 108 2
48 118 2
48 118 3
48 139 2
49 27 2
49 52 3
49 62 2
49 71 1
49 133 1
49 134 1
49 149 1
50 29 3
50 36 3
51 3 1
51 117 3
52 49 3
52 65 3
52 83 3
52 100 3
52 109 3
53 3 3
53 17 2
53 55 3
53 62 1
53 100 3
53 116 1
53 119 1
53 130 2
54 67 2
54 74 2
54 114 1
55 12 2
55 28 1
55 33 2
55 58 2
55 83 1
55 128 1
55 147 2
55 160 3
56 2 3
56 11 2
56 43 2
56 45 3
56 103 3
56 118 1
56 128 1
57 14 1
57 39 1
57 44 3
57 110 1
58 36 2
58 120 3
58 136 2
58 138 3
58 143 3
59 46 1
59 67 3
59 130 2
59 136 2
59 161 2
59 166 2
60 2 3
60 17 1
60 22 1
60 31 2
60 41 3
60 82 1
60 109 3
60 160 2
61 56 3
61 62 2
61 108 1
61 141 1
61 153 2
62 44 3
62 50 1
62 55 1
62 123 1
62 130 3
62 139 3
62 166 1
63 46 1
63 76 1
63 100 2
63 112 1
63 121 3
63 125 1
63 126 2
63 155 2
63 161 1
64 66 3
64 72 1
64 98 3
64 104 2
64 135 1
64 160 3
65 46 2
65 55 3
65 116 1
65 125 1
65 132 3
65 140 1
65 170 2
66 86 1
66 125 3
66 126 2
66 168 3
67 75 3
67 84 1
67 134 2
67 153 3
67 159 1
68 16 3
68 24 3
68 50 2
68 94 3
68 144 3
68 156 2
69 26 3
69 116 2
69 133 2
70 3 3
70 7 1
70 53 2
70 63 3
70 72 1
70 82 3
70 153 2
70 157 1
71 58 3
71 61 1
71 81 2
71 89 3
71 150 1
71 161 1
71 166 1
72 22 3
72 118 3
72 143 3
73 42 2
73 50 3
73 112 1
73 142 3
73 154 2
74 26 1
74 48 1
74 48 2
74 115 2
74 117 1
75 26 1
75 41 3
75 44 1
75 50 2
75 73 3
75 117 1
75 131 2
75 143 3
75 160 2
76 25 1
76 70 2
76 151 1
76 165 3
77 2 3
77 10 3
77 11 3
77 18 1
77 58 3
77 59 2
77 64 2
77 70 1
77 86 2
77 117 3
77 142 3
77 143 3
77 160 1
78 4 2
78 6 3
78 19 1
78 48 2
78 52 3
78 77 1
78 92 2
78 137 1
78 137 2
78 140 3
78 161 3
79 2 1
79 27 3
79 36 2
79 78 3
79 82 1
79 122 2
79 134 3
79 136 3
80 39 2
80 45 3
80 52 1
80 61 3
80 66 1
80 86 1
80 97 1
80 99 1
80 154 2
81 52 1
81 82 3
81 119 1
81 131 2
81 167 3
82 25 3
82 109 2
82 138 3
82 153 1
82 166 3
83 29 2
83 58 2
83 68 3
83 71 1
83 72 1
83 113 3
83 157 1
83 158 1
84 23 3
84 33 2
84 68 1
84 72 1
84 89 2
84 103 2
84 109 2
84 172 1
85 101 2
85 168 2
86 28 3
86 63 2
86 98 3
86 106 1
86 125 2
86 127 3
86 159 2
87 6 2
87 44 2
87 65 3
87 74 1
87 114 1
87 133 3
87 158 3
87 172 2
88 2 3
88 49 1
88 64 1
88 102 1
88 139 1
89 3 2
89 13 2
89 43 1
89 62 2
89 80 2
89 92 3
89 100 2
89 118 1
90 82 1
90 93 2
90 97 3
90 137 3
90 162 1
91 93 3
91 101 1
91 112 1
91 127 3
91 151 3
92 37 2
92 56 3
92 94 1
92 112 2
92 124 1
92 142 2
92 150 1
92 152 3
93 11 3
93 19 2
93 48 1
93 105 1
93 110 2
93 120 3
93 141 2
93 158 3
93 161 1
93 170 3
94 35 1
94 122 3
94 139 2
95 10 1
95 102 2
95 110 2
95 137 3
95 156 3
95 163 3
95 172 2
96 55 2
96 74 1
96 81 3
96 105 2
96 137 3
96 157 2
96 161 1
97 18 1
97 46 2
97 99 3
97 154 3
97 166 1
98 10 2
98 11 2
98 14 3
98 53 3
98 95 3
98 164 3
99 25 2
99 45 2
99 75 2
100 49 3
100 59 1
100 129 1
100 130 1
101 1 3
101 8 1
101 31 1
101 32 2
101 54 2
101 94 2
101 103 2
101 121 2
102 55 1
102 110 3
102 114 3
102 140 3
102 144 2
103 8 2
103 141 3
104 2 1
104 40 2
104 49 3
104 61 1
104 67 3
104 78 3
104 136 2
105 34 3
105 52 1
105 76 2
105 128 2
105 152 1
106 28 2
106 55 2
106 81 1
106 99 3
106 156 3
107 25 2
107 53 1
107 57 1
107 76 2
107 116 2
107 117 3
107 119 1
107 133 1
107 149 3
108 82 2
108 99 1
108 104 1
108 112 3
108 127 1
109 45 2
109 63 2
109 90 3
109 103 3
109 125 1
110 82 1
110 96 2
111 39 1
111 49 2
111 85 3
111 95 1
111 96 1
111 136 2
111 141 1
111 162 1
112 25 3
112 35 3
112 62 1
112 98 3
112 108 1
112 133 1
113 18 1
113 35 2
113 45 1
113 71 2
113 129 1
113 136 3
113 164 1
113 165 2
114 19 1
114 29 2
114 63 3
114 104 2
114 116 2
114 131 1
114 135 1
114 150 3
115 7 3
115 134 1
115 154 1
116 7 3
116 82 1
116 84 2
116 124 1
117 59 1
117 69 3
117 103 2
117 139 3
118 16 2
118 21 3
118 75 3
118 77 1
118 101 2
118 133 1
119 28 1
119 85 2
119 105 1
119 149 1
119 166 3
120 4 1
120 37 2
120 97 2
120 104 1
120 104 3
120 106 2
120 119 1
121 8 3
121 28 3
121 34 2
121 38 1
121 87 1
121 101 3
121 118 3
121 159 3
122 49 1
122 53 1
122 57 1
122 65 2
122 104 3
122 126 2
122 164 2
123 28 3
123 54 3
123 66 2
123 69 1
123 69 3
123 138 3
124 23 1
124 31 2
124 33 3
124 115 3
124 137 1
124 158 3
125 4 2
125 11 1
125 30 3
125 133 2
125 151 3
126 26 3
126 48 2
126 96 2
126 112 2
126 131 1
127 85 1
127 96 2
127 118 2
128 44 2
128 48 3
128 50 1
128 66 3
128 87 2
128 89 1
128 139 1
128 140 1
128 146 2
128 166 3
129 19 1
129 40 2
129 80 1
129 87 3
129 159 3
129 172 3
130 11 1
130 17 2
130 24 2
130 44 2
130 52 3
130 98 2
131 36 1
131 141 3
132 9 3
132 34 1
132 58 2
132 105 1
132 161 2
133 17 1
133 63 1
133 69 1
133 81 1
133 134 3
133 146 1
134 19 1
134 32 3
134 71 3
134 97 2
134 107 2
134 115 2
134 151 1
135 30 3
135 52 2
135 96 1
135 99 3
135 109 1
135 109 2
135 129 1
135 136 2
135 145 2
136 79 3
136 171 2
137 58 2
137 91 1
137 113 1
138 17 2
138 83 3
138 98 3
138 115 3
138 130 3
138 156 1
139 6 3
139 29 1
139 39 2
139 61 2
139 81 3
139 83 1
139 96 3
139 120 1
139 121 2
139 128 1
139 165 1
140 9 3
140 36 1
140 51 2
140 51 3
140 89 2
140 97 1
140 106 2
140 116 1
140 161 2
141 64 3
141 82 1
141 98 2
141 102 2
141 126 1
141 131 1
142 18 3
142 40 3
142 41 2
142 89 1
142 120 2
142 149 3
143 19 2
143 74 3
143 170 3
144 9 2
144 95 1
144 111 3
144 118 2
144 168 2
145 19 2
145 53 2
145 55 2
145 69 1
145 95 2
145 100 3
145 115 2
145 137 3
146 35 3
146 54 2
146 90 2
146 94 1
146 145 2
146 166 3
147 23 3
147 32 2
147 41 3
147 86 2
147 94 1
147 110 3
147 153 1
147 171 1
147 172 1
148 46 3
148 165 1
148 168 2
149 70 3
149 71 3
149 73 3
149 99 1
150 6 3
150 37 1
150 58 3
150 89 3
150 90 3
150 109 2
150 117 3
150 142 1
150 154 3
151 3 1
151 36 1
151 58 3
151 131 1
152 19 2
152 41 3
152 66 2
152 112 2
152 112 3
152 134 3
153 12 1
153 18 3
153 38 1
153 113 2
154 5 2
154 52 1
154 126 2
154 136 3
155 11 3
155 23 2
155 44 2
155 66 1
155 93 2
155 101 2
155 138 2
155 144 2
155 146 2
156 139 2
156 146 2
157 8 3
157 29 1
157 129 1
157 130 2
157 165 2
158 4 2
158 27 3
158 38 3
158 98 3
158 149 3
158 154 2
159 26 3
159 32 2
159 52 1
159 56 1
159 78 1
159 93 3
159 94 3
159 109 2
159 110 2
159 146 1
159 148 2
159 157 1
160 108 1
160 112 3
160 118 1
160 121 1
160 123 2
161 27 3
161 39 1
161 73 1
161 78 2
161 80 2
161 111 1
161 158 2
162 27 1
162 34 3
162 43 1
162 86 3
163 11 2
163 16 2
163 32 2
163 38 1
163 93 1
163 110 1
163 147 1
163 160 3
164 35 2
164 68 2
164 118 2
164 128 3
164 131 2
165 14 3
165 27 1
165 28 3
165 29 3
165 35 1
165 38 1
165 95 3
165 106 1
165 126 2
165 131 1
165 149 2
166 11 2
166 87 2
167 21 1
167 121 3
167 139 1
167 144 3
167 163 3
167 169 2
168 18 3
168 20 2
168 76 1
168 148 3
169 11 3
169 59 3
169 68 3
169 172 1
170 1 1
170 17 3
170 25 3
170 55 3
170 64 2
170 65 2
170 109 1
171 10 1
171 24 1
171 32 3
171 67 1
171 85 1
171 139 2
171 164 3
172 21 1
172 22 2
172 25 2
172 47 3
172 120 1
172 139 3
