1
178 1055
1 1 3 1 3 2 1 3 2 2 2 1 3 3 1 1 2 1 3 3 2 1 1 1 3 3 1 3 1 2 3 2 1 1 3 2 2 1 3 1 1 1 1 2 2 1 1 2 1 1 2 3 2 2 1 3 3 1 1 2 1 2 2 3 1 3 1 3 2 2 3 2 3 2 2 2 3 1 2 2 3 3 3 1 1 1 2 2 3 2 2 3 1 1 3 2 1 2 3 3 1 3 2 3 3 1 3 3 3 2 2 1 1 3 3 3 2 2 3 3 1 3 1 2 3 2 1 2 3 2 2 2 3 2 1 3 3 3 2 1 3 1 3 3 1 2 1 1 2 2 3 3 2 1 2 3 1 1 2 1 3 2 3 1 2 2 3 3 1 2 2 1 2 2 3 1 3 1 
1 37 2
1 49 2
1 110 2
1 132 2
1 160 3
1 174 3
2 52 1
2 67 3
2 85 1
2 118 3
2 121 3
2 123 2
2 130 2
2 153 1
2 174 1
3 13 2
3 84 3
4 1 2
4 13 3
4 17 3
4 31 1
4 39 3
4 108 1
4 118 1
4 157 1
4 169 2
4 172 2
5 4 3
5 13 2
5 17 2
5 25 3
5 32 1
5 75 1
5 88 3
5 141 2
5 174 1
6 30 1
6 33 2
6 35 2
6 57 3
6 76 1
6 78 1
6 119 3
6 126 2
6 142 2
7 14 3
7 70 1
7 100 1
7 139 2
7 143 3
7 165 1
8 43 1
8 65 1
8 100 3
8 109 2
8 111 3
8 152 3
8 153 2
8 154 2
8 168 1
9 11 2
9 22 2
9 27 3
9 38 1
9 119 3
9 160 3
9 176 3
10 37 2
10 100 3
10 115 2
11 16 1
11 35 1
11 61 2
11 111 3
11 130 2
11 135 2
11 135 3
11 148 1
12 40 2
12 49 2
12 56 1
12 103 1
12 117 1
12 135 3
12 136 2
12 164 2
13 26 3
13 27 3
13 28 3
13 33 3
13 67 1
13 92 1
13 123 2
13 133 3
13 151 1
14 94 2
14 106 1
14 109 1
15 103 2
15 132 2
16 3 2
16 11 1
16 67 1
16 75 3
16 99 2
16 144 2
16 167 1
16 169 3
17 33 1
17 115 2
17 132 1
17 162 3
18 29 2
18 31 1
18 67 1
18 111 1
18 129 1
18 174 2
19 55 3
19 129 3
19 141 3
19 158 1
20 16 2
20 23 3
20 31 3
20 128 1
20 148 3
21 36 1
21 61 3
21 118 2
21 128 2
21 145 3
22 39 1
22 52 3
22 111 3
22 126 1
22 142 2
22 162 2
23 91 1
23 135 2
23 136 3
23 174 3
24 12 1
24 18 1
24 40 3
24 68 2
25 6 2
25 37 3
25 45 1
25 65 2
25 73 1
25 86 3
25 94 3
25 107 3
25 166 2
25 178 3
26 17 3
26 29 2
26 38 3
26 43 3
26 116 2
26 126 1
26 164 2
27 57 2
27 76 3
27 95 2
27 98 1
27 101 3
27 176 3
28 72 3
28 89 2
28 92 1
28 93 2
28 99 1
29 35 1
29 46 1
29 56 2
29 65 2
29 90 1
29 98 1
29 109 1
29 175 1
30 3 2
30 22 1
30 39 2
30 64 2
30 82 3
30 156 1
30 170 1
31 24 2
31 68 2
31 128 1
32 8 1
32 16 2
32 29 3
32 82 1
32 133 2
33 9 3
33 15 2
33 57 2
33 64 1
33 76 1
33 121 1
33 170 1
34 35 1
34 47 2
34 50 1
34 101 2
34 112 1
34 122 1
34 125 1
34 137 2
34 174 2
34 176 1
35 20 1
35 32 3
35 49 2
35 89 2
35 104 1
36 29 3
36 65 3
36 83 1
36 106 1
36 120 2
36 136 1
36 166 2
36 177 3
37 90 3
37 110 1
37 131 1
38 20 2
38 146 2
38 168 1
38 173 1
39 24 1
39 59 1
39 110 3
39 111 3
39 129 2
39 165 1
39 173 3
40 5 3
40 38 3
40 68 1
40 82 3
41 30 2
41 92 1
41 161 2
42 27 3
42 56 2
42 96 1
42 109 1
42 142 1
43 14 3
43 21 2
43 33 3
43 78 3
43 135 3
43 138 3
43 141 1
43 148 2
43 163 1
43 167 2
44 4 3
44 41 3
44 43 1
44 82 3
44 133 1
44 151 2
44 152 3
45 25 2
45 64 1
45 85 1
45 95 3
45 107 3
45 119 3
45 139 1
45 153 3
45 177 2
46 19 2
46 85 2
46 94 2
46 162 2
47 45 2
47 72 3
47 88 1
47 94 3
47 176 1
48 79 2
48 93 2
48 96 2
48 108 2
48 146 1
49 14 1
49 56 2
49 78 3
49 81 2
49 96 1
49 129 1
50 99 2
50 102 2
51 80 3
51 96 2
51 101 1
51 113 2
51 139 1
51 150 1
52 49 2
52 72 2
52 96 1
52 175 1
53 18 3
53 96 2
53 112 2
53 141 1
53 148 3
53 160 3
53 176 3
54 14 3
54 28 3
54 143 3
54 162 1
54 168 1
55 36 2
55 81 3
55 136 1
55 139 2
55 147 1
56 57 1
56 87 2
56 97 2
56 134 1
56 176 3
57 27 3
57 69 3
57 70 3
57 162 1
58 53 1
58 150 1
58 170 1
59 21 3
59 37 2
59 37 3
59 41 1
59 107 2
59 123 2
59 128 2
59 137 3
59 153 2
60 8 1
60 38 2
60 58 1
60 66 1
60 106 1
60 111 2
60 121 1
60 126 3
60 131 3
60 144 3
61 7 3
61 120 1
61 123 3
61 140 3
61 149 1
62 3 2
62 64 2
62 82 1
62 85 1
62 164 1
63 8 2
63 46 1
63 46 2
63 115 2
63 127 2
63 142 2
64 23 1
64 36 3
64 40 3
64 54 2
64 97 3
64 138 3
65 46 3
65 49 1
65 58 2
65 60 2
65 92 2
66 16 3
66 30 1
66 40 1
66 97 2
66 101 2
67 10 2
67 17 3
67 30 1
67 63 2
68 15 3
68 78 3
68 113 2
68 122 1
68 133 3
68 163 1
69 40 3
69 87 2
69 166 1
69 174 3
70 25 2
70 44 1
70 105 1
70 106 1
70 157 3
71 23 1
71 60 2
71 89 2
71 90 3
71 114 3
71 160 1
72 16 3
72 49 3
72 95 3
72 117 1
73 1 3
73 3 2
73 23 2
73 34 2
73 106 2
73 120 3
73 131 2
73 173 2
74 8 1
74 28 1
74 70 2
74 162 3
75 41 3
75 87 1
75 111 2
75 139 3
75 144 1
75 152 1
76 30 2
76 58 1
76 96 1
76 115 1
76 148 1
76 154 1
76 161 1
77 80 2
77 81 3
77 92 1
77 118 1
77 137 2
77 164 2
78 15 3
78 26 2
78 36 2
78 41 1
78 48 2
78 116 1
78 153 3
78 165 2
78 172 1
79 1 3
79 46 2
79 52 3
79 77 2
79 77 3
79 85 2
79 93 2
79 93 3
79 124 2
79 125 1
79 128 2
79 174 3
80 3 1
80 26 3
80 48 3
80 65 3
80 99 2
80 114 2
81 28 2
81 39 2
81 42 3
81 62 3
81 88 3
81 99 2
81 133 1
81 134 2
81 144 1
82 51 1
82 52 3
82 65 1
82 90 3
82 113 1
83 9 1
83 29 2
83 51 3
83 104 1
83 128 3
83 144 1
83 153 2
84 4 3
84 23 2
84 35 2
84 64 3
84 76 1
84 76 2
84 108 1
84 117 2
85 66 3
85 70 3
85 93 1
85 95 3
85 133 3
86 12 3
86 35 2
86 44 1
86 147 2
86 153 3
86 161 1
86 161 2
87 11 3
87 72 3
87 74 3
87 141 3
87 156 1
87 164 3
87 167 3
88 97 2
88 113 1
88 117 1
88 176 2
89 6 3
89 79 1
89 137 3
89 138 1
89 151 2
89 156 2
90 91 1
90 114 2
90 159 1
91 66 2
91 72 1
91 80 3
91 88 1
91 100 3
91 152 3
92 18 1
92 25 3
92 102 1
92 116 3
92 176 3
93 40 2
93 79 2
93 143 1
94 5 2
94 43 3
94 83 2
94 134 1
95 24 3
95 29 2
95 32 1
95 57 2
95 166 3
95 170 1
96 74 1
96 77 3
96 123 3
96 135 1
96 138 3
97 6 2
97 50 2
97 62 1
97 88 3
97 96 1
97 146 2
98 2 3
98 34 2
98 36 3
98 81 1
98 105 1
98 106 1
98 109 3
99 32 2
99 55 2
99 152 1
100 20 2
100 38 3
100 40 2
100 108 2
100 124 2
100 130 2
100 156 1
101 4 3
101 31 2
101 80 2
101 116 2
101 129 1
102 11 2
102 22 3
102 26 2
102 81 3
102 99 1
102 100 3
102 125 3
102 139 2
102 152 3
103 90 2
103 107 2
103 145 1
103 163 3
104 10 1
104 39 1
104 44 2
104 60 1
104 105 2
104 120 3
104 167 3
105 26 2
105 69 2
105 72 2
105 110 2
105 141 3
105 162 2
106 11 3
106 20 1
106 63 2
106 72 1
106 129 2
106 137 2
106 140 3
106 150 2
106 161 2
106 164 2
107 7 2
107 30 3
107 42 2
107 97 2
107 152 3
108 150 3
109 1 1
109 3 2
109 4 2
109 83 3
109 89 1
109 110 1
109 128 2
109 130 2
109 143 3
109 145 3
109 167 3
110 41 3
110 85 1
110 145 1
110 158 1
111 30 3
111 92 3
111 117 3
112 28 3
112 33 3
112 140 2
112 147 3
113 38 2
113 91 2
113 92 2
113 98 2
114 18 1
114 36 1
114 71 1
114 89 1
114 149 1
114 156 2
115 6 1
115 9 3
115 27 2
115 60 1
115 98 1
115 103 3
115 105 2
115 119 2
115 166 1
116 16 2
116 31 3
116 56 1
116 58 3
116 63 2
116 98 1
116 120 1
116 168 1
117 2 3
117 16 1
117 60 1
117 86 1
117 102 3
117 107 2
117 120 1
117 121 2
117 153 3
118 22 2
118 63 3
118 145 2
118 165 3
118 167 1
119 32 2
119 76 1
119 87 1
119 163 3
120 17 3
120 27 3
120 56 1
120 65 1
120 140 2
120 148 1
121 7 3
121 48 2
121 107 3
122 47 1
122 60 2
122 96 2
122 120 3
122 152 3
122 167 3
122 170 1
123 5 3
123 18 3
123 30 2
123 58 1
123 103 3
123 104 3
123 140 1
124 14 3
124 125 3
124 138 3
125 7 3
125 27 1
125 60 1
125 91 2
125 103 2
125 155 2
126 22 3
126 40 1
126 48 1
126 65 3
126 94 1
126 100 1
126 112 2
126 141 3
127 4 2
127 9 3
127 54 1
127 67 3
127 98 3
127 107 1
127 167 2
128 1 2
128 27 2
128 57 2
128 82 1
128 84 3
128 144 1
128 151 2
128 165 2
129 8 1
129 35 3
129 57 1
129 95 3
129 102 1
129 114 2
129 120 1
129 121 2
129 136 3
129 167 1
130 18 1
130 30 2
130 66 1
130 124 3
130 151 2
131 38 3
131 42 1
131 55 2
131 117 2
131 120 1
131 138 2
131 147 3
132 44 1
132 52 3
132 138 1
132 174 1
133 51 3
133 85 3
133 90 1
133 142 2
134 32 1
134 36 3
134 136 1
134 152 3
134 176 3
135 18 2
135 52 3
135 59 2
135 79 2
135 84 3
135 94 2
135 129 2
135 162 1
135 170 1
136 2 2
136 12 1
136 16 1
136 47 3
136 97 3
136 134 3
136 155 1
137 91 3
137 101 3
137 127 2
137 152 1
138 34 3
138 41 3
138 56 1
138 89 2
138 95 3
138 109 3
138 150 3
138 152 3
139 4 2
139 51 1
139 105 2
139 135 1
139 135 3
139 152 1
139 173 1
140 16 1
140 30 3
140 41 3
140 74 2
140 149 2
141 37 2
141 42 3
141 158 2
142 23 2
142 66 2
142 75 2
142 86 1
142 114 2
142 116 1
142 139 1
143 5 1
143 56 1
143 63 3
143 65 3
143 82 2
143 178 3
144 38 1
144 53 1
144 55 1
144 81 2
144 99 2
144 135 2
144 136 2
144 161 2
145 30 2
145 50 3
145 57 3
145 107 2
145 127 2
145 131 2
145 146 1
146 14 3
146 17 2
146 46 3
146 136 3
146 137 2
146 140 1
146 161 3
146 176 3
147 60 2
147 62 3
147 106 3
147 127 2
147 129 1
147 152 2
148 3 1
148 40 2
148 65 1
148 86 3
148 105 1
148 127 3
148 162 2
148 171 3
149 7 1
149 12 2
149 51 1
149 105 1
149 109 1
149 133 3
149 156 2
149 175 2
150 2 3
150 35 3
150 53 3
150 81 3
150 128 3
151 23 2
151 42 1
151 79 1
151 79 2
151 83 3
151 93 3
151 132 3
151 162 1
151 178 1
152 46 3
152 74 2
152 86 1
152 98 2
152 109 3
152 123 1
153 21 1
153 161 3
154 21 1
154 39 3
154 107 1
154 119 3
154 125 1
154 167 1
155 21 2
155 87 1
155 130 3
155 156 2
155 166 3
156 32 1
156 68 2
156 75 2
156 130 3
156 173 3
157 51 1
157 119 3
157 120 3
157 131 1
158 12 3
158 35 1
158 44 3
158 48 1
158 71 2
158 72 1
158 92 2
158 103 3
158 141 2
159 18 1
159 131 1
159 140 2
159 162 1
159 165 1
159 169 3
160 37 2
160 40 3
160 132 1
160 156 1
160 171 3
161 17 1
161 22 3
161 29 2
161 46 2
161 89 1
161 146 1
161 158 2
162 69 1
162 92 1
162 103 3
162 110 2
162 134 2
163 27 1
163 90 1
163 95 1
163 158 1
163 173 2
164 29 2
165 19 2
165 26 2
165 39 2
165 46 3
165 48 2
165 57 3
165 87 3
165 109 3
165 111 3
166 2 1
166 69 1
166 72 1
166 144 1
166 154 1
166 157 2
167 21 3
167 29 1
167 77 2
167 102 2
167 174 3
167 175 3
168 59 1
168 151 2
168 173 1
168 173 2
169 72 1
170 38 1
170 46 2
170 142 2
171 127 3
171 134 3
171 143 1
171 176 3
171 178 2
172 36 2
172 86 1
172 97 2
172 106 1
172 150 3
172 158 1
172 170 3
173 29 2
173 49 1
173 80 3
173 98 3
173 113 3
173 151 1
173 176 3
174 63 1
174 70 1
174 105 1
174 142 2
174 166 3
175 51 3
175 53 3
175 60 1
175 82 1
175 83 1
175 155 2
175 162 2
176 19 3
176 63 3
176 114 3
176 122 3
176 152 3
176 165 1
176 168 1
177 40 3
177 65 2
177 92 2
177 152 3
177 157 3
177 160 2
177 166 3
178 12 1
178 44 3
178 55 2
178 77 1
178 112 3
