2
180 1114
1 2 2 3 3 2 2 2 1 2 1 1 2 1 3 2 3 3 1 1 1 1 2 3 1 2 3 1 1 3 3 1 1 1 1 2 2 1 3 1 2 3 1 2 2 2 2 3 2 3 1 2 1 3 3 2 2 3 2 3 1 3 2 2 3 1 2 2 1 2 1 2 2 3 3 2 2 2 3 2 2 1 1 2 1 2 1 3 1 1 3 2 1 3 1 2 3 3 3 2 1 1 2 1 1 2 2 2 2 1 1 3 2 1 3 2 2 2 1 3 1 3 1 1 3 2 2 2 3 2 1 3 2 2 3 2 3 2 3 1 2 3 1 1 2 2 2 3 1 1 2 1 1 2 2 2 3 2 1 2 2 3 3 3 1 2 1 3 2 2 3 3 3 2 1 2 2 2 3 2 
1 5 1
1 14 3
1 62 1
1 110 2
1 140 2
1 148 3
2 14 1
2 31 3
2 54 1
2 74 1
2 78 2
2 84 1
3 18 2
3 70 1
3 88 3
3 117 3
3 142 2
3 162 1
3 171 2
4 33 2
4 49 1
4 134 2
4 150 2
4 179 2
5 63 3
5 72 3
5 121 1
5 149 2
5 172 2
5 175 2
6 42 1
6 74 3
6 149 1
6 165 3
7 48 2
7 53 3
7 68 1
7 75 1
7 176 3
8 33 2
8 36 2
8 70 3
8 93 3
8 94 3
8 118 2
8 150 1
9 3 3
9 32 3
9 34 2
9 81 2
9 85 2
10 4 2
10 60 2
10 87 2
10 103 2
10 159 3
10 167 3
10 173 2
11 1 2
11 20 1
11 41 3
11 43 3
11 114 1
11 116 2
11 134 2
11 138 3
11 156 3
12 23 1
12 64 2
12 66 2
12 71 1
12 73 1
12 126 1
12 163 2
13 70 1
13 124 3
13 143 3
14 19 3
14 34 3
14 51 3
14 53 3
14 149 2
14 155 1
15 46 2
15 53 1
15 60 2
15 92 3
15 164 1
16 12 2
16 44 1
16 47 1
16 57 1
16 70 1
16 73 2
16 90 2
16 131 3
16 157 2
17 11 1
17 12 3
17 19 3
17 25 1
17 30 1
17 101 3
17 132 3
17 135 3
17 176 2
17 177 1
18 33 3
18 54 2
18 61 1
18 70 3
18 94 2
18 95 2
18 99 1
18 128 1
18 137 2
18 145 3
19 12 1
19 15 2
19 27 1
19 32 3
19 66 1
19 112 1
19 164 2
19 165 3
20 24 1
20 64 3
20 97 3
20 133 3
20 170 2
21 40 1
21 51 1
21 51 2
21 57 2
21 97 3
21 111 3
21 119 2
21 143 1
21 151 3
21 152 2
21 154 3
22 127 2
22 133 1
23 16 2
23 40 2
23 57 1
23 74 1
23 83 3
23 89 2
23 106 1
23 113 1
23 138 2
23 145 2
24 53 2
24 122 2
24 126 2
24 176 2
25 8 3
25 16 1
25 16 3
25 18 1
25 58 1
25 72 2
25 81 2
25 107 3
25 111 2
25 158 2
25 161 1
26 63 1
26 85 3
26 124 2
26 135 2
26 144 1
26 164 1
27 48 3
27 91 1
27 92 1
27 143 3
28 86 2
28 105 1
29 44 1
29 48 1
29 175 3
29 180 2
30 9 2
30 17 2
30 101 3
30 125 2
30 177 3
31 84 2
31 92 3
31 106 1
31 144 3
31 167 3
32 45 1
32 82 3
32 85 1
32 98 2
32 111 1
32 144 2
32 148 2
32 169 2
33 20 3
33 27 1
33 58 3
33 80 1
33 80 2
33 84 2
33 111 1
33 116 2
33 158 2
33 162 1
34 4 3
34 32 1
34 45 3
34 95 3
34 127 2
34 132 1
34 140 3
35 16 1
35 41 3
35 73 2
35 95 2
35 122 2
35 152 3
36 52 3
36 62 2
36 72 1
36 97 1
36 111 3
36 146 1
37 28 3
37 82 2
37 95 1
37 154 3
37 156 3
37 164 2
38 5 1
38 34 3
38 85 3
38 126 1
38 136 1
38 137 1
38 149 3
39 23 1
39 41 2
39 74 3
39 164 2
40 28 3
40 108 1
40 121 1
40 146 2
40 160 2
40 163 1
41 16 3
41 104 3
41 135 2
41 141 3
41 160 3
42 25 3
42 26 3
42 85 1
43 2 2
43 30 1
43 61 2
43 114 3
43 143 3
43 177 2
44 10 2
44 52 1
44 68 1
44 70 3
44 180 3
45 33 1
45 58 2
45 73 2
45 92 2
45 114 1
45 123 1
45 180 2
46 24 3
46 63 1
46 70 3
46 113 3
46 119 3
46 142 1
46 148 2
47 11 2
47 27 3
47 60 1
47 163 3
48 42 2
48 50 2
48 64 3
48 111 1
48 121 2
48 132 1
48 146 2
48 179 3
49 48 3
49 136 1
50 54 3
51 1 2
51 88 1
51 135 3
51 155 1
51 164 3
52 107 1
52 146 1
53 91 3
53 126 1
53 158 1
54 40 3
54 84 2
54 99 2
54 104 1
54 140 3
54 141 3
54 144 3
54 148 3
54 152 2
55 25 2
55 30 2
55 41 2
55 118 3
55 167 1
55 174 2
55 177 3
56 35 2
56 59 1
56 113 2
56 141 3
56 144 3
56 145 1
56 161 2
57 11 1
57 21 1
57 33 1
57 52 3
57 59 2
57 90 1
57 95 3
57 102 3
57 135 2
57 156 3
58 1 3
58 5 2
58 73 2
58 82 3
58 103 2
58 129 2
58 130 2
58 136 2
58 154 2
59 35 1
59 40 3
59 64 3
59 68 2
59 85 1
59 124 1
59 148 1
60 28 1
60 46 1
60 78 3
60 103 3
60 113 1
60 171 2
60 176 1
61 5 1
61 11 3
61 12 1
61 91 2
61 130 1
61 174 3
62 14 1
62 27 2
62 68 1
62 88 1
62 119 3
62 133 1
62 162 3
62 165 2
62 167 1
63 25 2
63 61 2
63 69 1
63 72 1
63 142 2
63 151 1
64 5 2
64 27 3
64 134 1
64 161 2
64 164 2
64 170 1
64 178 1
65 38 3
65 96 3
65 133 2
65 180 1
66 5 1
66 27 3
66 132 2
66 137 1
66 173 1
67 7 1
67 9 3
67 11 1
67 57 3
67 62 1
67 76 2
67 169 1
68 8 2
68 43 1
68 57 1
68 60 3
68 80 2
68 96 3
68 109 3
68 137 3
68 171 1
69 54 1
69 66 1
69 93 2
69 97 2
69 111 1
69 175 3
70 53 2
70 102 1
71 16 3
71 19 1
71 65 3
71 94 2
71 107 3
71 115 2
71 160 3
72 6 2
72 76 1
72 116 3
73 40 2
73 76 2
73 127 2
73 156 1
73 167 3
74 29 1
74 51 1
74 54 1
74 126 1
75 1 1
75 5 1
75 11 1
75 55 2
75 61 1
75 102 1
75 124 2
75 135 2
76 5 3
76 27 2
76 45 1
76 83 3
76 115 3
76 142 3
77 22 1
77 58 3
77 69 2
77 101 1
77 163 3
78 3 1
78 59 1
78 77 1
78 126 2
78 132 2
78 177 2
78 177 3
79 18 3
79 32 1
79 56 2
79 71 2
79 97 2
79 113 1
79 149 2
79 153 2
80 9 2
80 14 1
80 38 3
80 57 3
80 88 1
80 92 3
80 98 1
80 127 1
80 130 1
81 1 1
81 10 2
81 31 3
81 35 1
81 70 1
81 78 1
81 83 2
81 89 2
81 132 3
81 134 1
81 138 1
81 146 1
81 152 2
82 40 1
82 48 3
82 72 1
82 86 1
82 104 1
82 106 1
83 30 1
83 36 2
83 37 1
83 38 3
83 90 1
83 125 2
83 146 2
83 152 2
83 169 1
83 172 1
84 85 1
84 89 1
85 6 2
85 55 2
85 97 2
85 100 2
85 102 2
85 127 2
85 170 1
86 3 2
86 4 1
86 36 1
86 56 1
86 66 3
86 146 3
86 173 2
87 44 2
87 49 2
87 50 3
87 52 2
87 66 2
87 94 1
87 112 3
87 124 1
87 138 2
87 168 1
87 173 2
88 1 2
88 15 1
88 20 3
88 46 1
88 70 2
88 84 2
88 111 1
88 118 1
88 133 2
88 157 1
88 158 3
88 162 1
89 5 3
89 146 3
89 178 1
90 27 1
90 28 3
90 36 1
90 47 1
90 65 3
90 67 1
90 74 3
90 135 1
90 173 3
91 23 1
91 34 3
91 72 1
91 131 1
91 132 3
92 8 1
92 14 1
92 59 2
92 60 2
92 84 1
92 97 3
92 110 2
92 157 2
92 166 1
92 173 3
93 3 3
93 5 3
93 35 2
93 56 1
93 57 1
93 100 3
93 124 2
94 10 1
94 91 3
94 111 1
95 30 2
95 90 1
96 19 3
96 23 3
96 56 3
96 90 1
96 156 2
96 170 3
96 177 1
97 14 2
97 31 1
97 81 1
97 81 2
97 134 3
97 135 1
98 19 1
98 29 3
98 37 3
98 64 1
98 88 3
98 139 2
98 159 3
98 161 3
99 62 1
99 92 2
99 116 3
99 152 3
100 7 1
100 7 2
100 8 2
100 39 2
100 53 2
100 91 2
100 92 2
100 151 2
100 152 1
100 160 3
101 18 3
101 50 2
101 153 3
101 172 3
102 36 1
102 75 2
102 118 3
102 166 1
103 67 3
103 72 3
103 100 2
103 109 2
103 113 1
103 113 3
103 136 2
103 144 1
103 157 3
104 22 2
104 31 1
104 57 2
104 93 3
104 123 1
104 123 2
104 154 1
105 53 1
105 85 2
105 101 1
105 123 1
105 130 3
105 132 3
105 162 1
106 5 1
106 48 1
106 114 1
107 1 3
107 22 1
107 36 1
107 82 3
107 84 3
107 147 2
108 6 2
108 7 3
108 72 3
108 88 3
108 91 1
108 122 3
108 134 1
108 139 2
108 146 1
108 176 2
109 37 2
109 45 2
109 50 2
109 54 2
109 69 3
109 114 2
109 114 3
109 173 2
110 21 3
110 22 3
110 33 2
110 33 3
110 123 2
111 27 1
111 34 3
111 61 3
111 87 2
111 172 3
112 4 1
112 12 1
112 20 1
112 27 2
112 38 1
112 60 1
112 63 3
112 69 3
113 36 1
113 44 2
113 102 3
113 157 1
114 70 1
114 86 1
114 105 1
114 144 2
115 8 1
115 39 1
115 129 3
115 137 1
116 1 3
116 39 1
116 75 3
116 90 1
116 103 2
116 108 3
116 143 3
116 164 3
117 8 3
117 23 3
117 44 1
117 56 2
117 63 3
117 114 1
117 180 1
118 57 1
118 154 2
118 175 2
118 179 2
119 36 2
119 39 3
119 85 3
119 107 2
119 155 1
119 167 2
119 178 2
120 26 2
120 87 3
120 88 3
120 93 2
120 105 3
120 152 1
121 2 3
121 54 1
121 69 1
121 83 3
121 85 3
121 113 1
121 125 2
122 12 1
122 12 3
122 63 1
122 108 3
122 137 1
123 29 1
123 72 2
123 74 3
123 100 2
123 107 3
123 153 1
123 161 2
123 162 2
123 167 1
123 172 2
124 19 1
124 72 2
124 113 3
124 121 1
124 130 1
124 142 1
124 170 2
124 172 3
125 19 1
125 49 2
125 55 2
125 88 3
125 106 3
125 154 3
126 3 2
126 21 2
126 27 3
126 58 3
126 172 1
127 31 1
127 60 1
127 71 2
127 73 3
128 43 3
128 46 1
128 92 3
128 156 1
128 180 3
129 60 3
129 110 2
130 45 1
130 46 3
130 69 2
130 90 1
130 107 2
130 109 2
130 133 2
130 136 1
130 167 1
130 175 2
131 70 1
131 92 3
131 110 2
131 112 2
131 159 3
131 164 1
132 37 2
132 77 2
132 117 3
132 152 1
133 21 1
133 180 2
134 81 1
134 124 1
134 150 1
135 60 2
135 89 2
135 121 1
135 163 1
136 8 1
136 12 3
136 31 2
136 118 2
136 162 2
137 5 2
137 35 1
137 74 2
137 84 1
137 114 3
137 124 3
137 152 2
137 158 2
137 166 2
138 16 2
138 29 1
138 68 2
138 71 1
138 86 3
138 87 2
138 161 3
139 150 1
140 13 1
140 86 2
140 118 1
140 130 2
140 172 1
141 10 3
141 24 3
141 37 1
141 38 3
141 66 3
141 96 3
141 132 3
141 138 1
141 157 2
142 19 2
142 70 2
142 91 1
142 120 1
142 129 3
142 163 1
142 172 1
142 173 3
142 176 3
143 9 2
143 57 2
143 65 2
143 75 1
143 100 2
143 107 2
143 113 1
143 120 1
143 168 3
144 5 1
144 77 1
144 106 1
144 108 3
144 129 1
144 171 3
144 174 1
145 48 2
145 57 1
145 62 3
145 64 3
145 78 2
145 78 3
145 82 3
145 95 3
145 143 3
145 144 1
146 10 3
146 28 3
146 30 1
146 30 2
146 79 2
146 80 3
146 123 3
147 7 3
147 28 2
147 117 2
148 17 2
148 23 3
148 24 3
148 38 3
148 44 1
148 121 2
148 130 2
148 132 2
148 173 1
148 173 2
149 96 2
149 115 2
149 126 1
149 152 1
149 158 1
149 170 3
150 28 3
150 52 1
150 55 3
150 78 3
150 109 3
150 180 1
151 26 3
151 38 2
151 67 2
151 173 1
152 65 2
152 116 2
152 117 1
152 127 3
152 151 1
153 7 2
153 29 2
153 62 2
153 84 3
153 129 1
153 139 2
153 157 2
153 172 3
154 50 3
154 56 1
154 68 2
154 100 2
155 60 3
155 61 2
155 92 2
155 93 3
155 137 1
156 4 1
156 27 3
156 30 1
156 56 1
156 57 3
156 89 1
157 6 2
157 123 2
157 133 1
158 31 3
158 75 2
158 80 1
158 150 3
158 156 3
159 9 1
159 27 1
159 59 1
159 84 3
159 106 2
159 109 1
159 155 3
159 164 1
160 34 3
160 41 2
160 57 1
160 58 1
160 76 2
160 101 1
160 101 2
160 106 2
160 152 3
161 72 2
161 82 1
161 135 3
161 146 1
162 21 2
162 84 2
162 140 3
163 20 3
163 57 3
163 66 3
163 97 3
163 111 3
163 155 2
164 14 1
164 28 1
164 42 3
164 44 1
164 57 2
164 73 1
164 111 3
165 31 1
165 33 2
165 42 2
165 92 1
165 104 2
166 4 3
166 52 3
166 54 3
166 58 2
166 75 1
166 100 2
166 106 3
167 13 2
167 29 2
167 62 3
168 125 3
168 131 2
169 33 2
169 111 2
169 142 3
170 56 1
170 66 1
170 83 2
170 97 1
170 101 3
170 109 1
170 116 3
170 143 2
170 144 1
170 168 2
170 179 1
171 12 2
171 32 3
171 49 3
171 91 1
171 109 1
171 163 1
172 6 2
172 40 1
172 75 2
172 114 1
172 127 1
172 145 2
172 174 1
173 9 3
173 17 2
173 40 3
173 54 3
173 63 1
173 75 1
173 83 1
173 165 3
174 28 2
174 44 1
174 96 1
175 9 1
175 14 3
175 52 2
175 124 1
175 141 2
175 160 2
175 163 2
175 166 3
175 174 3
175 176 3
175 178 3
176 81 2
176 83 1
176 86 1
176 105 1
176 136 1
176 137 3
176 139 1
176 153 3
176 175 3
177 22 1
177 41 2
177 75 2
177 76 1
177 137 3
177 156 1
177 175 2
178 7 1
178 7 3
178 29 2
178 32 1
178 37 2
178 44 2
178 95 1
178 101 2
178 146 1
178 156 3
179 72 2
179 83 1
179 109 3
179 147 2
179 151 3
180 40 3
180 114 3
180 146 1
180 1088
1 1 3 1 3 3 2 1 1 3 1 3 2 1 3 3 2 2 2 1 1 1 3 2 2 1 3 2 3 2 3 2 2 1 1 1 2 3 2 1 3 1 2 3 1 2 2 3 1 2 1 1 2 1 3 3 1 3 1 3 1 3 1 2 2 2 3 1 1 1 2 1 3 1 2 1 3 1 3 1 2 1 1 3 3 3 1 1 2 1 3 1 1 2 2 3 2 3 1 3 3 3 1 1 2 3 3 3 1 2 3 1 3 2 3 2 2 3 3 3 1 1 3 1 2 2 1 3 3 2 3 2 2 1 2 3 3 3 3 1 1 1 3 1 2 3 2 1 1 2 3 1 2 2 3 3 3 2 3 2 1 2 1 1 2 3 2 2 1 1 1 2 1 1 3 2 3 2 3 1 
1 3 2
1 20 3
1 129 1
2 13 1
2 57 2
2 108 2
2 129 2
3 56 3
3 110 1
4 12 1
4 41 1
4 47 1
4 50 3
4 85 3
4 125 1
4 131 3
4 135 2
4 147 3
4 176 3
5 19 3
5 53 1
5 69 3
5 91 3
5 101 3
5 141 1
5 146 1
5 175 1
6 85 2
6 113 3
6 116 2
6 149 1
6 155 3
6 163 2
6 165 2
6 165 3
6 167 3
7 8 3
7 58 2
7 117 3
7 144 1
7 145 3
7 178 1
8 48 2
8 100 2
8 109 3
8 132 3
8 152 1
9 44 3
9 81 1
9 108 3
9 165 1
9 174 2
10 51 2
10 117 2
10 136 3
10 162 1
10 165 2
10 179 2
11 102 3
11 155 1
12 49 1
12 57 3
12 64 1
12 68 2
12 98 2
12 103 1
12 116 2
12 117 2
12 160 3
13 51 2
13 57 3
13 72 3
13 74 3
13 115 3
13 120 2
13 169 2
14 13 1
14 67 3
14 105 2
14 107 2
14 137 1
14 150 3
15 6 3
15 30 2
15 52 2
15 98 1
15 102 3
15 110 2
15 145 2
16 26 3
16 52 1
16 58 2
16 63 1
16 118 3
16 121 3
16 130 1
16 131 3
16 139 3
16 144 2
16 155 3
16 160 3
17 40 1
17 53 3
17 59 3
17 83 1
17 108 3
17 145 3
17 163 3
18 40 1
18 48 3
18 65 2
18 71 2
18 79 1
18 129 1
18 174 3
19 16 3
19 17 3
19 61 1
19 86 1
19 106 3
19 108 2
19 115 1
19 148 2
20 51 1
20 68 1
20 90 2
20 117 2
20 124 2
20 161 3
20 166 1
20 172 1
21 29 1
21 57 2
21 83 2
21 84 3
21 90 1
21 95 3
21 138 3
21 148 1
21 148 3
21 150 3
22 100 1
22 130 3
22 145 3
23 1 1
23 9 1
23 46 3
23 131 3
23 135 3
23 137 2
23 168 2
23 174 1
24 93 3
24 119 1
24 144 3
24 179 1
25 134 1
25 151 2
25 154 3
25 160 2
25 167 2
26 96 2
26 116 3
27 1 2
27 52 3
27 103 2
27 127 3
27 128 2
28 19 2
28 68 3
28 107 1
28 120 1
28 143 2
28 152 1
28 161 3
28 164 2
29 65 1
29 109 2
29 111 2
29 115 1
29 117 1
29 121 1
29 126 2
29 164 1
29 168 1
30 35 3
30 102 1
30 176 3
31 28 1
31 29 3
31 172 3
31 175 3
32 164 3
32 176 1
32 176 3
33 21 3
33 50 3
33 52 3
33 57 3
33 74 2
33 108 3
33 131 3
33 134 1
33 145 2
33 160 2
34 21 3
34 31 3
34 62 1
34 122 2
34 126 2
34 129 3
34 135 2
34 141 1
34 141 2
34 149 2
34 172 3
34 174 3
35 143 3
35 151 2
36 12 2
36 84 3
36 99 3
37 1 3
37 51 3
37 53 1
37 84 1
37 141 2
37 147 2
37 174 1
37 179 2
38 10 1
38 31 1
38 79 3
38 105 1
38 113 3
38 115 2
38 126 3
39 38 1
39 101 2
39 108 2
39 120 3
39 127 2
39 143 1
39 153 3
39 166 2
39 169 3
39 179 2
40 74 3
40 77 3
40 79 3
40 93 1
40 156 3
41 9 2
41 11 1
41 16 3
41 102 3
41 108 1
42 62 3
42 81 3
42 128 3
43 12 2
43 91 2
43 121 2
44 6 1
44 22 2
44 46 2
44 66 3
44 72 3
44 91 1
44 113 1
44 128 3
45 42 2
45 69 1
45 101 3
46 18 1
46 31 2
46 48 1
46 91 2
46 124 3
46 173 3
47 6 3
47 46 3
47 103 2
47 156 2
48 36 1
48 54 3
48 55 1
48 61 2
48 97 2
48 115 2
48 125 2
48 151 3
48 173 3
49 35 3
49 54 2
49 57 2
49 60 2
49 102 2
49 134 3
49 159 3
50 27 3
50 47 2
50 52 1
50 57 3
50 99 2
50 104 1
50 143 2
50 163 3
51 31 3
51 163 2
51 180 1
52 4 3
52 103 3
52 109 3
52 176 2
53 1 2
53 21 1
53 29 2
53 62 3
53 117 2
53 161 3
54 35 1
54 98 3
54 117 1
55 16 1
55 65 1
55 132 1
56 114 1
56 148 1
56 150 2
56 156 1
56 164 1
57 7 3
57 8 1
57 44 3
57 89 3
57 91 1
57 119 2
58 31 1
58 73 3
59 9 1
59 38 2
59 49 1
59 77 2
59 90 1
60 117 1
60 166 1
61 36 3
61 41 1
61 41 3
61 102 1
61 115 1
61 157 3
62 25 3
62 33 2
62 45 2
62 55 1
62 99 2
62 105 2
62 114 3
62 121 2
62 171 1
63 23 2
63 118 1
63 132 2
63 159 2
64 14 3
64 89 2
64 138 2
64 180 2
65 41 1
65 53 2
65 137 2
65 147 2
65 162 3
66 13 1
66 54 1
66 96 3
66 101 2
66 139 3
66 148 2
66 164 1
67 2 3
67 4 2
67 11 3
67 40 1
67 53 3
67 55 1
67 59 1
67 113 3
67 169 3
68 18 2
68 35 1
68 39 1
68 44 3
68 95 2
68 114 3
68 159 3
69 5 1
69 6 3
69 35 2
69 44 1
69 51 1
69 77 1
69 100 3
69 103 2
69 138 3
69 166 3
69 175 1
69 176 2
70 31 3
70 71 1
70 144 2
70 179 3
71 78 2
71 91 1
71 106 2
71 107 1
71 142 1
71 162 3
72 58 3
72 95 2
72 136 3
72 169 1
73 59 3
73 62 2
73 108 3
73 147 3
73 163 1
74 34 2
74 53 2
74 101 1
74 129 2
74 130 1
74 133 3
75 17 2
75 106 2
75 120 2
75 125 3
75 160 1
76 28 2
76 39 2
76 74 3
76 78 3
76 79 2
76 170 3
77 100 1
77 105 2
77 106 3
77 132 2
77 148 3
77 157 1
78 11 2
78 60 3
78 72 2
78 85 1
78 87 3
78 90 1
79 61 3
79 74 1
79 123 1
79 139 3
79 161 1
80 36 3
80 116 1
80 138 1
80 139 1
81 12 2
81 49 1
81 62 3
81 70 3
81 76 3
81 95 1
81 96 1
81 157 2
82 7 1
82 10 2
82 32 2
82 33 1
82 61 2
82 124 1
82 132 3
82 137 2
82 156 1
82 176 1
83 5 2
83 36 3
83 43 3
83 117 1
83 150 1
84 4 1
84 11 1
84 54 3
84 72 3
84 83 3
84 95 3
84 130 2
84 133 3
84 134 1
84 146 1
84 163 3
85 40 1
85 66 2
85 80 1
85 119 3
85 121 3
85 139 3
85 153 1
86 8 2
86 9 1
86 34 2
86 94 2
86 135 3
86 148 1
86 172 1
87 10 2
87 16 1
87 16 3
87 36 3
87 90 1
87 92 2
87 144 3
88 15 3
88 53 3
88 91 1
88 140 1
89 15 2
89 67 1
89 69 1
89 81 3
89 155 3
90 13 3
90 15 1
90 26 1
90 55 2
90 58 1
90 109 1
90 110 1
90 148 3
90 162 1
90 166 1
91 1 3
91 5 2
91 24 1
91 50 1
91 55 2
91 57 1
91 88 3
91 105 1
92 43 3
92 64 1
92 79 3
92 95 3
92 137 2
93 5 1
93 6 1
93 63 3
93 90 1
93 123 1
93 126 1
93 139 1
94 8 2
94 80 1
94 104 2
94 134 2
94 136 1
94 175 1
95 83 3
95 84 2
95 87 2
95 121 3
96 37 2
96 53 2
96 83 3
96 137 3
96 163 2
97 17 3
97 41 3
97 74 2
97 83 3
97 126 3
97 136 2
97 165 1
98 14 1
98 28 2
98 60 1
98 79 2
98 82 1
98 89 2
98 92 2
98 117 3
98 141 1
98 145 2
98 165 3
99 28 3
99 38 2
99 129 2
99 163 3
99 164 2
99 167 2
100 54 1
100 180 1
101 14 2
101 16 1
101 23 2
101 74 2
101 121 3
101 137 3
101 148 2
101 150 3
102 23 2
102 52 1
102 58 1
102 81 3
102 97 1
102 123 1
103 4 3
103 11 3
103 30 2
103 87 2
103 96 2
103 120 3
103 131 3
103 153 1
104 11 1
104 103 3
104 108 1
104 140 3
104 158 3
104 160 3
105 26 2
105 29 1
105 49 1
105 52 2
105 78 1
105 86 2
105 109 3
105 178 2
106 11 1
106 29 2
106 100 2
106 109 1
106 134 2
107 17 3
107 24 2
107 84 2
107 90 1
107 93 1
107 147 1
108 6 1
108 25 3
108 38 1
108 123 2
108 129 1
108 133 2
109 63 2
109 128 3
109 137 1
109 156 3
109 180 1
110 5 3
110 30 3
110 63 1
110 74 3
110 104 3
110 108 1
110 137 3
110 152 3
110 179 3
111 27 1
111 30 1
111 33 1
111 50 3
111 95 2
111 134 2
111 150 1
112 71 2
112 155 2
112 157 3
113 39 1
113 53 2
113 74 2
113 104 1
113 165 2
114 4 2
114 89 3
114 103 3
114 144 3
114 146 1
115 9 1
115 15 2
115 20 2
115 103 1
115 105 2
115 142 3
115 161 1
115 173 2
116 11 1
116 169 3
116 180 2
117 23 3
117 72 1
117 98 1
117 113 2
117 153 2
117 158 3
118 11 2
118 89 3
118 150 2
119 20 3
119 32 3
119 47 1
119 71 1
119 77 2
119 86 3
119 98 3
119 123 2
119 129 3
119 137 2
119 156 3
120 28 1
120 72 1
120 82 3
121 36 2
121 57 1
121 115 1
122 14 3
122 16 1
122 19 2
123 28 3
123 41 2
123 77 3
123 81 3
123 99 3
123 109 2
123 112 2
123 144 1
123 153 3
123 165 2
124 95 1
124 168 2
125 28 2
125 33 3
125 45 3
125 66 1
125 102 1
125 102 3
125 109 2
125 110 2
125 113 1
125 127 3
125 140 3
126 3 3
126 67 2
126 67 3
126 90 3
127 33 2
127 36 2
127 132 3
127 136 2
127 147 1
128 6 1
128 7 2
128 22 3
128 23 2
128 78 2
128 97 2
128 107 1
128 124 3
128 130 2
128 135 1
128 161 2
129 56 2
129 154 3
129 156 2
129 165 2
130 17 3
130 24 2
130 51 2
130 63 2
130 100 3
130 155 3
130 177 2
131 5 3
131 16 3
131 112 1
131 113 1
131 177 2
132 39 2
132 50 1
133 23 2
133 60 1
133 102 1
134 87 1
134 93 2
134 100 1
135 5 3
135 24 1
135 28 1
135 70 1
135 95 3
135 100 1
136 7 3
136 78 1
136 103 1
136 112 1
136 119 1
136 133 1
136 158 1
137 87 1
137 91 3
137 106 2
137 152 3
137 175 3
137 180 2
138 58 2
138 66 1
138 96 1
138 104 2
138 122 3
138 141 1
138 169 3
138 170 2
139 8 3
139 32 1
139 68 3
139 72 1
139 105 2
139 122 2
139 138 2
139 156 3
140 7 2
140 9 3
140 18 2
140 46 2
140 107 1
140 161 3
141 123 2
142 134 3
142 138 1
142 162 3
143 21 1
143 27 1
143 38 2
143 42 1
143 47 1
143 71 2
143 85 2
143 110 1
143 153 2
143 166 1
143 177 3
144 6 3
144 165 3
145 75 1
145 173 2
146 58 1
146 61 1
146 75 1
146 84 1
146 142 2
146 167 3
147 10 2
147 65 2
147 140 1
147 154 3
147 165 3
148 4 1
148 15 1
148 59 3
148 72 1
148 91 1
148 102 3
148 171 3
149 27 1
149 32 1
149 40 3
149 50 1
149 63 2
149 100 1
149 125 2
149 131 2
149 166 2
150 30 3
150 105 1
150 112 1
150 117 1
150 140 2
150 153 1
150 163 2
150 164 2
150 165 3
151 29 3
151 39 1
151 141 3
151 171 3
151 172 1
151 173 2
151 175 1
152 1 3
152 31 3
152 52 2
152 54 3
152 81 2
152 97 1
152 99 3
152 107 1
153 139 2
153 149 1
154 55 3
154 71 1
154 81 3
154 83 2
154 103 3
154 109 3
154 131 3
154 148 3
154 167 1
155 116 3
155 171 3
156 119 1
156 179 3
157 48 2
157 61 2
157 79 1
157 90 2
157 117 1
157 130 3
158 28 1
158 71 1
158 81 2
158 143 3
159 11 2
159 18 1
159 23 1
159 23 3
159 35 1
159 69 1
159 149 2
160 6 2
160 20 1
160 44 2
160 50 3
161 11 1
161 42 1
161 89 2
161 97 3
161 112 2
161 116 2
161 119 2
161 141 3
161 145 1
161 148 2
161 156 1
161 177 1
162 7 1
162 68 2
162 91 3
162 99 1
162 100 2
162 127 3
162 136 2
163 32 2
163 34 1
163 38 1
163 40 1
163 61 1
163 64 3
163 123 2
163 127 2
163 164 1
164 52 2
164 91 3
164 98 3
164 131 1
164 131 2
164 146 1
164 161 2
164 163 1
164 167 3
165 34 1
165 38 3
165 59 1
165 78 2
165 85 1
165 96 1
165 113 2
166 22 3
166 66 2
166 92 1
166 114 1
167 24 2
167 89 2
167 112 1
167 143 3
167 172 2
168 11 1
168 44 2
168 55 2
168 83 2
168 104 1
168 134 2
168 150 3
169 10 3
169 52 3
169 91 1
169 111 3
169 128 3
169 155 1
170 10 1
170 52 2
170 66 1
170 67 1
170 138 1
170 144 1
170 164 2
170 177 3
171 121 3
172 33 3
172 36 1
172 84 2
172 101 1
172 111 1
172 125 2
172 164 3
172 169 1
173 12 3
173 14 2
173 77 1
173 84 3
173 93 1
173 102 1
174 11 1
174 13 1
174 65 2
174 126 2
174 137 1
174 153 3
174 165 3
175 14 2
175 45 1
175 51 2
175 131 3
175 139 2
175 140 3
175 141 3
175 146 3
175 155 3
175 169 2
175 172 1
176 6 1
176 9 3
176 43 2
176 94 3
177 12 1
177 106 2
177 115 2
177 116 3
177 125 1
177 136 1
177 156 1
177 174 1
178 33 3
178 44 1
178 75 1
178 93 2
178 118 2
178 158 1
178 161 3
178 171 3
179 15 1
179 16 3
179 35 2
179 44 3
179 57 3
179 89 2
179 98 2
179 112 1
179 131 3
179 151 3
179 178 2
180 16 1
180 16 3
180 68 1
180 112 2
180 127 1
180 137 1
180 149 3
