3
188 1138
3 3 2 1 1 3 2 3 3 3 1 2 1 1 2 3 3 2 3 2 3 2 3 2 2 3 3 2 3 1 3 2 2 2 3 2 3 3 3 2 1 2 2 3 1 1 2 2 3 2 2 3 2 3 2 2 1 2 2 3 2 2 3 2 3 2 1 3 1 2 1 3 2 2 1 1 3 3 2 2 1 3 2 1 1 3 1 2 1 3 1 1 1 2 2 2 2 1 3 3 3 2 1 3 2 1 2 1 3 2 3 2 2 1 2 2 2 3 1 2 1 2 2 2 1 2 2 3 3 2 2 2 3 1 1 2 3 3 2 3 1 3 1 2 3 1 1 2 1 1 3 3 2 3 2 2 2 1 2 3 3 2 3 1 2 1 1 3 2 2 3 1 3 1 2 2 1 2 2 2 1 2 2 2 3 1 3 3 
1 46 1
1 121 2
1 128 2
1 158 1
1 178 3
1 185 2
2 37 2
2 55 3
2 94 1
2 170 3
2 171 3
3 12 1
3 102 1
3 113 1
3 134 2
3 172 1
4 50 3
4 69 1
4 106 1
4 129 1
4 157 1
4 182 2
5 105 1
5 164 2
5 185 2
6 21 1
6 25 3
6 26 2
6 29 2
6 65 1
6 150 3
7 6 2
7 33 1
7 114 1
7 118 1
7 125 1
8 3 3
8 13 3
8 22 3
8 120 1
8 144 1
9 7 3
9 58 1
9 141 3
9 143 3
10 11 1
10 35 2
10 41 3
10 57 2
10 58 3
10 75 1
10 84 2
10 106 2
10 122 1
10 129 1
10 131 1
10 137 3
10 169 3
10 181 3
11 3 1
11 16 2
11 18 2
11 21 2
11 28 2
11 45 2
11 68 3
11 155 3
11 164 1
12 4 1
12 27 2
12 76 1
12 79 3
12 147 2
12 163 2
12 172 3
12 174 3
13 50 3
13 62 1
13 64 1
13 105 2
13 133 1
14 54 1
14 179 1
14 187 1
15 25 1
15 57 1
15 74 1
15 93 1
15 140 1
15 167 1
16 9 2
16 24 2
16 38 1
16 81 3
16 84 1
16 165 2
16 173 3
17 38 2
17 39 2
17 65 1
17 94 2
17 145 1
18 6 1
18 84 1
18 105 1
18 125 3
18 140 2
18 147 2
18 160 3
19 55 2
19 55 3
19 155 1
19 160 1
20 56 2
20 111 2
20 143 2
20 160 1
20 180 1
21 10 1
21 33 2
21 36 3
21 98 2
21 125 3
21 128 1
21 133 2
21 156 1
22 15 1
22 111 3
22 163 1
22 168 2
22 168 3
23 12 2
23 36 3
23 63 3
23 134 3
23 150 3
24 5 2
24 25 2
24 101 1
24 127 3
24 150 2
24 163 2
24 171 2
24 182 1
25 36 1
25 40 1
25 52 3
25 172 3
26 11 3
26 12 1
26 46 3
26 75 1
26 115 2
26 182 3
27 25 1
27 66 3
27 77 1
27 91 2
27 98 3
27 103 2
27 166 2
27 171 1
27 186 3
28 32 2
28 44 1
28 51 2
28 102 3
28 131 1
28 170 1
28 175 2
29 57 1
29 74 2
29 100 3
29 117 2
29 159 1
29 181 2
30 78 2
30 117 3
30 131 3
30 137 3
30 186 3
31 14 2
31 53 1
31 59 2
31 91 1
31 98 3
31 105 1
31 144 2
31 188 3
32 8 1
32 23 1
32 28 2
32 50 1
32 63 3
32 135 1
32 151 3
33 4 3
33 22 3
33 70 1
33 104 3
33 120 1
33 126 2
33 143 1
34 15 3
34 45 3
34 104 1
34 116 3
34 167 1
35 31 1
35 75 3
35 78 2
35 80 2
35 91 3
35 187 3
36 34 2
36 43 2
36 61 3
36 86 2
36 115 1
37 10 1
37 36 1
37 56 1
37 142 2
38 30 2
38 52 2
39 9 2
39 35 3
39 43 1
39 58 1
39 143 1
39 158 3
39 178 1
39 187 1
40 70 2
40 176 2
41 2 3
41 14 2
41 22 2
41 108 3
41 134 3
41 153 1
41 181 3
41 188 2
42 26 2
42 68 1
42 106 1
42 174 1
43 13 2
43 61 2
43 82 2
43 89 2
43 121 3
43 129 3
43 138 3
43 151 2
43 186 1
44 5 3
44 24 3
44 26 3
44 37 3
44 87 1
44 119 3
45 14 3
45 67 3
45 69 2
45 73 1
45 84 3
45 162 1
45 173 2
46 12 1
46 15 1
46 31 3
46 87 3
46 96 3
46 110 3
46 112 1
46 123 3
46 158 1
46 167 3
47 30 2
47 42 2
47 65 1
47 169 3
48 67 1
48 69 2
48 75 3
48 115 1
48 118 1
48 168 3
48 177 1
48 185 2
49 47 2
49 63 3
49 73 2
49 81 2
49 185 3
50 99 1
50 186 3
51 46 1
51 64 1
51 93 3
51 122 1
51 132 3
51 155 1
51 164 3
51 166 1
51 170 1
52 24 1
52 31 3
52 42 2
52 74 2
52 102 2
52 119 2
52 137 2
53 66 1
53 89 1
53 103 2
53 110 3
53 160 2
53 173 3
53 185 1
54 123 2
54 141 3
54 157 3
54 166 3
54 169 1
54 170 2
54 187 1
55 34 1
55 53 3
55 119 1
55 172 3
56 13 3
56 32 3
56 72 2
56 84 1
56 91 3
56 179 2
56 188 1
57 19 2
57 23 2
57 52 1
57 87 2
57 99 1
57 111 2
58 51 1
58 66 3
58 89 2
58 94 2
59 69 1
59 88 3
59 92 2
59 104 3
59 142 1
60 77 2
60 95 2
60 125 2
60 151 3
61 21 1
61 40 1
61 45 1
61 69 2
61 70 3
61 147 3
61 187 3
62 9 2
62 18 3
62 70 2
63 34 3
63 58 3
63 118 1
63 131 3
63 166 2
64 54 2
64 56 1
64 57 3
64 72 1
64 92 3
64 107 1
64 123 3
64 142 3
64 152 1
65 21 3
65 56 3
65 79 3
65 112 2
65 119 1
65 128 2
66 18 3
66 58 2
66 114 1
66 145 1
66 172 3
67 28 2
67 41 1
67 45 2
67 49 1
67 68 1
67 73 1
67 146 2
67 167 1
68 25 3
68 36 1
68 94 1
68 138 3
68 181 3
69 4 3
69 16 2
69 50 1
69 84 3
69 113 3
69 126 2
70 140 1
70 140 2
70 168 1
71 59 3
71 82 3
71 101 1
71 172 2
72 67 1
72 82 3
72 100 1
72 146 2
72 156 3
72 176 3
73 72 1
73 76 1
73 77 1
73 112 3
73 115 1
73 130 1
73 133 2
73 138 1
73 188 2
74 61 2
74 65 2
74 77 3
74 91 2
74 94 2
74 148 1
74 152 3
74 172 2
75 2 3
75 62 3
75 78 3
75 101 3
75 113 1
75 120 2
75 134 2
75 154 3
75 182 1
75 188 1
76 34 1
76 38 1
76 57 2
76 130 2
77 38 3
77 39 2
77 46 1
77 52 2
77 102 1
77 107 3
77 109 1
77 111 3
78 48 2
78 57 1
78 84 1
78 88 2
78 105 3
78 178 2
78 183 1
78 185 1
79 5 2
79 58 1
79 89 1
79 97 1
79 120 3
80 43 3
80 86 1
80 141 2
81 26 2
81 74 1
81 95 3
81 104 1
81 113 3
81 155 3
81 168 3
81 188 2
82 44 2
82 53 1
82 61 3
82 101 2
82 123 1
82 141 2
82 175 2
82 182 2
83 25 1
83 91 1
83 99 1
83 124 2
83 144 3
83 148 1
83 173 1
84 62 3
84 66 3
84 68 3
84 70 3
84 118 3
84 146 3
84 172 2
84 179 2
85 16 1
85 123 1
85 136 2
85 140 3
85 157 2
85 181 3
86 26 3
86 74 1
86 74 2
86 162 3
86 188 2
87 22 1
87 80 3
87 85 2
87 97 3
87 101 1
87 104 2
87 125 3
87 128 3
87 153 1
88 6 3
88 34 2
88 85 3
88 158 2
89 36 2
89 54 1
89 71 3
89 73 3
89 82 3
89 94 1
89 100 2
89 105 3
89 146 1
89 160 1
90 13 3
90 35 1
90 37 2
90 74 3
90 96 2
90 112 1
90 122 1
90 126 1
90 141 3
90 152 3
90 169 3
91 60 3
91 89 1
91 116 2
91 174 3
91 180 2
91 184 2
92 52 3
92 85 1
92 95 1
93 4 1
93 5 2
93 19 2
93 47 2
93 55 1
93 81 3
93 102 3
93 117 2
93 141 3
93 147 1
93 147 3
93 170 2
94 41 1
94 74 3
94 107 3
94 134 3
94 166 2
95 35 3
95 46 2
95 67 1
95 69 3
95 72 2
95 96 2
95 118 1
95 154 2
96 105 1
96 138 3
96 143 2
96 147 2
96 152 1
96 153 2
96 166 1
97 13 3
97 42 2
97 76 1
97 83 3
97 166 3
98 15 2
98 18 1
98 24 2
98 71 3
98 86 2
98 87 2
98 167 3
98 172 2
98 187 2
99 3 3
99 5 2
99 6 3
99 8 2
99 33 1
99 35 3
99 52 1
99 68 3
99 98 1
99 162 3
99 172 1
100 5 2
100 76 1
100 76 3
100 110 1
100 116 2
100 116 3
100 129 2
100 150 2
100 168 2
100 183 3
101 32 3
101 47 3
101 72 3
101 115 2
101 143 2
101 162 2
102 31 1
102 47 3
102 56 1
102 100 2
102 119 3
102 141 1
103 59 1
103 82 3
103 151 3
104 6 2
104 59 2
104 65 3
104 76 2
104 153 2
104 163 1
104 178 2
105 34 2
105 37 2
105 40 1
105 76 1
105 107 2
105 142 3
105 161 1
106 25 3
106 48 3
107 9 2
107 24 3
107 25 2
107 134 3
107 145 1
107 159 1
108 8 3
108 23 3
108 75 3
108 128 3
108 143 3
108 165 1
109 26 3
109 28 1
109 71 2
109 85 1
109 87 3
109 107 2
109 138 2
109 177 3
110 6 3
110 21 3
110 34 2
110 79 1
110 119 2
110 130 3
110 134 3
111 90 3
111 136 3
112 3 2
112 4 3
112 20 2
112 32 3
112 104 1
112 110 2
112 124 2
113 11 3
113 22 2
113 26 3
113 68 1
114 14 2
114 29 2
114 66 2
114 77 1
114 98 1
114 126 3
114 155 2
114 186 2
115 75 2
115 113 1
115 134 2
115 138 1
115 158 3
115 160 2
115 164 2
115 175 3
115 182 3
116 61 2
116 118 3
116 144 2
117 165 2
118 51 1
118 69 2
118 91 2
118 101 1
118 102 3
118 111 2
118 111 3
118 120 3
118 126 1
119 38 2
119 99 3
119 145 2
119 147 3
119 155 2
119 169 3
119 177 1
120 88 2
120 103 1
120 138 2
120 142 1
120 178 2
120 183 3
121 6 3
121 30 2
121 77 3
121 150 1
121 157 3
121 167 3
122 12 2
122 17 2
122 48 1
122 83 1
122 99 2
122 174 1
122 177 3
123 10 3
123 12 1
123 79 1
123 102 2
123 119 1
123 165 2
124 49 1
124 76 3
124 91 3
124 100 1
124 150 1
125 5 3
126 8 2
126 9 2
126 15 1
126 17 3
126 56 3
126 61 2
126 91 2
126 127 1
127 11 2
127 25 2
127 59 1
127 82 3
127 141 3
127 162 1
127 173 3
128 43 1
128 81 1
128 127 3
128 160 1
128 169 2
129 17 3
129 22 1
129 89 3
129 94 1
129 149 3
129 156 3
129 161 1
129 178 1
130 19 3
130 65 1
130 77 1
130 78 2
130 115 2
131 44 1
131 72 1
131 107 2
131 180 1
132 1 2
132 18 3
132 19 3
132 32 3
132 40 2
132 52 1
132 75 1
132 117 3
132 162 1
133 63 3
133 116 1
133 129 3
133 140 1
133 159 1
134 31 1
134 36 1
134 50 3
134 112 1
134 161 1
134 183 1
135 10 3
135 59 3
135 83 1
135 95 1
135 108 1
135 163 3
136 12 3
136 31 2
136 52 2
136 55 1
136 68 1
136 68 3
136 86 1
136 143 1
136 156 3
137 65 3
137 89 2
137 163 3
137 172 2
138 9 2
138 16 2
138 35 1
138 36 1
138 80 2
138 141 3
138 174 3
139 13 2
139 36 2
139 39 2
139 55 1
139 56 1
139 70 2
139 79 2
139 89 2
139 110 1
139 130 3
139 140 3
139 168 1
140 6 1
140 43 3
140 51 2
140 90 3
140 107 3
140 113 3
140 117 2
140 119 1
140 148 2
141 7 1
141 19 2
141 68 3
141 130 2
141 176 1
141 179 1
142 45 3
142 147 2
143 2 1
143 14 1
143 97 1
143 134 3
143 165 2
143 178 2
143 182 2
144 68 2
144 75 2
144 105 2
144 106 3
144 108 2
144 118 2
144 179 1
145 16 3
145 29 3
145 42 1
145 62 3
145 89 3
145 94 2
145 120 2
145 137 3
145 154 3
145 165 3
146 10 3
146 15 2
146 70 1
146 77 2
146 101 1
146 131 3
146 142 1
146 154 1
146 157 3
146 165 1
147 27 3
147 113 1
147 134 3
148 8 1
148 40 2
148 58 2
148 70 2
148 120 1
148 146 2
148 163 2
148 183 3
148 185 1
149 88 3
149 146 1
149 155 2
149 169 3
150 71 2
150 82 2
150 163 1
150 168 3
150 171 1
150 179 1
151 87 2
151 106 1
151 129 2
152 40 2
152 53 2
152 70 2
152 79 3
152 164 3
153 13 2
153 26 3
153 34 3
153 96 1
154 45 1
154 74 2
154 88 1
154 92 2
154 128 2
155 21 3
155 32 1
155 73 2
155 100 2
155 104 1
155 123 2
156 4 2
156 17 3
156 60 3
156 80 3
156 92 1
156 99 1
156 114 3
156 130 2
156 141 3
156 147 2
156 160 3
156 185 3
157 6 2
157 12 2
157 17 3
157 163 2
158 103 3
158 109 2
159 22 1
159 145 2
159 146 1
160 26 1
160 55 2
160 64 2
160 86 2
160 103 3
160 136 2
160 169 2
161 16 1
161 31 3
161 33 2
161 51 3
161 188 2
162 26 3
162 60 1
162 127 3
162 144 3
162 170 1
162 171 1
162 171 2
163 29 2
163 64 2
164 62 2
164 100 1
164 104 1
164 167 2
165 7 2
165 67 3
165 110 2
165 118 1
165 122 1
165 126 1
165 138 1
165 164 1
165 173 2
165 178 2
165 183 3
166 14 1
166 31 2
166 34 2
166 53 2
166 83 3
167 40 1
167 117 2
167 174 3
167 182 1
167 186 3
168 22 1
168 142 1
169 43 3
169 62 2
169 85 2
169 112 2
169 113 1
169 113 3
169 116 1
169 126 2
169 139 2
169 158 3
169 173 3
170 66 1
170 149 3
170 159 3
170 173 2
170 179 3
171 5 3
171 6 3
171 82 1
171 146 1
172 13 3
172 47 2
172 59 1
172 76 2
173 29 2
173 33 1
173 122 3
173 172 2
174 127 2
174 132 1
175 14 3
175 18 3
175 22 2
175 44 1
175 105 1
175 140 3
175 143 1
175 159 1
176 8 3
176 59 1
176 121 3
176 129 3
176 163 2
176 167 1
177 1 1
177 3 1
177 47 2
177 55 1
177 78 3
177 113 2
177 127 3
177 141 1
177 148 3
178 26 1
178 44 1
178 81 2
179 17 3
179 65 1
179 77 3
179 115 1
180 11 3
180 20 3
180 32 1
180 47 2
180 55 3
180 90 2
180 109 1
180 161 3
181 23 3
181 26 3
181 30 2
181 59 3
181 85 1
181 99 1
181 119 3
181 133 1
181 137 1
182 15 3
182 34 1
183 44 3
183 70 1
183 86 1
183 122 3
183 141 1
183 157 3
183 158 2
184 2 1
185 20 1
185 80 1
185 111 2
185 141 3
185 148 1
185 152 1
185 167 3
185 188 1
186 17 1
186 22 3
186 28 3
186 40 1
186 84 2
187 15 2
187 37 2
187 85 1
187 154 3
187 162 2
188 20 2
188 60 2
188 1113
2 2 2 3 3 1 2 2 2 1 3 3 3 2 3 1 1 3 1 3 3 1 3 1 3 3 3 1 1 1 1 1 1 1 2 2 2 1 3 2 1 3 2 1 3 2 2 2 1 3 2 3 2 1 1 1 3 1 1 3 3 2 1 1 1 3 1 2 3 2 1 1 1 1 1 1 3 1 3 3 1 1 3 2 2 2 2 1 2 1 1 1 3 2 2 1 2 2 2 1 3 3 2 3 3 2 1 1 1 1 1 3 3 2 3 1 1 2 3 1 1 2 2 1 2 1 3 1 1 2 1 1 2 3 2 3 1 1 3 2 3 1 3 2 3 3 2 3 1 3 3 3 2 3 1 2 2 1 2 3 1 2 2 3 3 2 1 3 1 3 3 2 1 2 2 1 2 2 3 3 3 2 1 1 1 3 2 3 
1 112 1
1 115 1
1 145 3
1 153 1
2 6 3
2 49 2
2 55 3
2 79 2
2 126 2
2 129 2
2 137 1
2 173 2
2 181 1
3 100 3
3 141 3
3 169 1
4 25 2
4 54 2
4 61 1
4 98 3
4 115 1
4 184 2
4 188 2
5 8 3
5 26 2
5 121 1
5 130 1
5 140 3
5 156 1
5 158 1
5 162 2
5 171 1
6 19 1
6 39 2
6 187 1
7 21 2
7 27 1
7 35 3
7 73 3
7 74 2
7 131 1
8 6 1
8 21 1
8 41 1
8 43 3
8 65 1
8 100 1
8 100 2
8 109 2
8 147 3
9 30 1
9 63 1
9 125 1
10 42 2
10 43 2
10 52 1
10 89 3
10 98 1
10 173 3
11 28 1
11 34 3
11 49 1
11 57 1
11 91 2
11 153 2
11 174 1
11 175 3
11 177 3
12 6 1
12 126 1
12 170 2
13 66 1
13 106 3
14 13 3
14 21 1
14 35 1
14 78 2
14 81 2
14 108 1
14 114 3
14 137 2
14 149 3
14 154 2
14 157 2
14 167 3
14 173 2
15 5 1
15 45 1
15 188 3
16 31 1
16 60 2
16 118 2
16 127 3
16 165 1
16 177 2
17 11 2
17 43 3
17 49 3
17 61 2
17 108 1
17 118 2
17 127 2
18 14 1
18 32 3
18 54 2
18 72 3
18 114 3
18 125 1
18 156 3
18 168 3
19 63 2
19 101 1
19 111 2
19 172 1
19 185 2
20 7 2
20 13 1
20 56 3
20 67 1
20 75 3
20 79 1
20 98 1
20 117 2
20 154 3
20 162 2
21 1 1
21 13 3
21 66 1
21 73 3
21 88 2
21 89 1
21 105 1
21 112 2
21 154 3
22 32 2
22 53 1
22 103 3
22 111 3
22 185 1
23 56 3
23 71 3
23 141 1
23 167 1
24 1 2
24 75 3
24 140 2
24 175 1
25 92 2
25 109 1
25 134 3
26 42 2
26 42 3
26 108 2
26 111 3
26 129 2
26 152 2
27 111 1
27 121 3
27 178 3
28 25 1
28 29 3
28 51 2
28 87 3
28 98 1
28 138 2
28 139 3
28 150 1
29 9 1
29 79 2
29 81 1
29 136 2
30 50 1
30 142 3
30 144 2
30 175 1
30 177 3
31 14 3
31 64 2
31 76 1
31 167 3
31 182 3
32 9 1
32 15 2
32 52 1
32 56 2
32 64 1
32 68 2
32 75 1
32 95 2
32 111 2
33 21 1
33 28 2
33 35 3
33 95 2
33 96 3
33 133 1
34 27 3
34 49 3
34 53 3
34 72 2
34 109 3
34 111 1
34 120 2
34 131 3
34 164 1
34 177 1
35 74 1
35 95 2
35 112 3
35 117 2
35 182 1
36 4 1
36 6 2
36 7 1
36 32 3
36 72 3
36 81 1
36 82 3
37 14 1
37 35 1
37 86 3
37 95 1
37 101 1
37 102 1
37 105 2
37 134 3
37 153 1
37 164 1
37 176 1
37 177 1
37 179 1
37 181 3
37 187 2
38 32 2
38 84 3
38 103 3
38 152 3
38 163 1
39 4 1
39 4 2
39 11 1
39 19 3
39 37 1
39 107 2
39 140 1
40 110 1
40 137 1
40 174 2
40 185 3
41 52 3
41 124 3
41 180 1
42 6 2
42 7 2
42 19 1
42 122 1
42 186 2
43 22 3
43 83 1
43 97 3
43 133 3
43 137 3
43 148 1
43 159 1
44 5 1
44 21 3
44 29 3
44 33 1
44 75 1
44 122 3
44 129 1
44 148 3
44 156 2
44 178 1
45 35 2
45 128 2
45 164 2
45 165 3
45 172 1
46 14 1
46 36 3
46 57 3
46 70 2
46 79 1
46 144 2
46 188 1
47 37 3
47 57 2
47 62 1
47 84 2
47 94 1
47 147 1
48 1 1
48 14 2
48 38 3
48 50 1
48 74 3
48 95 3
48 114 1
48 161 3
48 169 2
48 169 3
49 42 2
49 65 2
49 66 1
49 89 2
49 159 2
49 160 1
49 172 3
49 182 1
50 23 2
50 43 3
50 130 2
50 154 2
50 187 1
51 38 3
51 99 2
51 165 2
52 28 1
52 41 1
52 51 1
52 80 1
52 95 3
52 139 2
52 146 3
52 170 3
52 182 2
53 20 1
53 87 3
53 92 3
53 124 3
53 140 2
53 146 3
53 168 3
53 176 3
54 59 3
54 60 3
54 124 1
54 146 1
54 150 3
54 178 1
54 181 1
54 183 2
55 7 3
55 72 1
55 77 2
55 83 3
55 182 2
56 35 2
56 37 2
56 91 1
56 162 1
56 169 2
57 4 1
57 74 2
57 100 1
58 30 2
58 45 2
58 80 3
58 92 2
58 99 2
58 122 2
58 157 1
58 173 2
59 51 1
59 100 1
59 120 2
59 123 2
59 152 1
59 178 3
60 2 1
60 21 1
60 86 3
60 128 1
60 167 2
61 52 1
61 99 3
61 168 2
62 17 2
62 44 2
62 97 3
62 121 1
62 133 3
62 167 2
62 181 3
62 186 3
63 7 3
63 123 1
63 159 3
64 18 3
64 95 1
64 142 2
64 158 1
64 183 2
65 8 1
65 130 2
65 162 1
66 50 2
66 84 2
66 105 1
66 138 3
66 151 2
66 184 2
67 90 3
68 25 1
68 75 3
69 5 3
69 7 2
69 38 3
69 103 1
69 116 3
69 118 1
69 124 1
69 138 2
69 164 2
70 29 2
70 101 2
70 129 1
70 133 3
70 182 3
71 13 2
71 24 2
71 29 1
71 59 3
71 65 2
71 104 3
71 110 2
72 6 2
72 48 1
72 94 3
72 106 2
72 152 2
73 13 1
73 47 3
73 74 2
73 131 2
73 135 1
73 164 1
73 175 3
74 161 1
75 113 3
75 126 3
75 130 3
75 140 3
76 74 2
76 93 1
76 101 3
76 143 1
76 150 1
77 22 2
77 32 1
77 170 2
78 42 1
78 126 3
78 157 3
78 164 1
79 28 2
79 81 2
79 98 2
79 111 1
79 117 2
79 148 2
79 181 3
80 45 2
80 146 3
80 158 1
81 26 1
81 42 1
81 63 3
81 118 1
81 122 3
81 127 3
82 11 3
82 38 1
82 71 2
82 72 2
82 170 1
83 52 2
83 56 2
83 59 3
83 103 3
83 126 3
83 133 2
83 139 2
83 177 3
83 179 2
84 41 3
84 49 2
84 99 2
84 182 2
85 43 2
85 50 2
85 51 3
85 66 1
85 67 1
85 96 2
85 141 1
85 160 2
86 38 2
86 62 2
86 74 3
86 98 3
86 115 1
86 139 3
86 177 2
87 49 3
87 79 3
87 90 2
87 126 1
87 127 3
87 165 3
88 8 1
88 27 3
88 58 1
88 67 3
88 81 2
88 83 3
88 161 2
89 36 2
89 39 1
89 112 3
90 2 2
90 6 2
90 97 3
90 115 1
90 126 1
90 141 1
90 181 3
91 67 3
91 92 1
91 114 2
91 119 3
91 143 1
91 149 3
91 165 3
91 167 3
92 27 2
92 44 3
92 54 2
92 68 2
92 75 2
92 87 1
92 97 1
93 16 2
93 81 1
93 85 2
93 119 1
93 132 2
93 163 3
94 26 1
94 63 2
94 67 1
94 87 2
94 158 3
94 165 3
94 172 2
94 185 1
95 71 2
95 79 3
95 101 3
95 102 1
95 103 1
95 132 1
95 179 3
96 9 2
96 25 1
96 37 2
96 45 1
96 56 1
96 128 3
96 180 2
96 182 1
97 17 2
97 45 3
97 60 2
97 61 2
97 108 3
97 113 2
97 148 3
98 11 2
98 18 2
98 21 2
98 74 1
98 86 2
98 103 1
98 107 2
98 138 1
98 147 3
99 94 1
99 128 3
99 157 3
100 4 2
100 45 2
100 92 3
100 105 3
100 112 3
100 130 2
100 160 2
101 23 2
101 35 3
101 71 3
101 76 2
101 98 1
101 109 1
101 117 3
101 133 1
101 142 2
101 145 1
102 47 1
102 56 3
102 86 1
102 138 3
102 153 1
102 153 2
102 161 1
103 22 2
103 37 3
103 76 2
103 107 2
103 120 2
103 147 1
104 45 3
104 55 1
104 76 2
104 118 1
105 65 1
105 66 2
105 171 1
105 181 1
106 48 2
106 65 1
106 98 2
106 182 1
107 16 3
107 22 3
107 97 2
107 113 1
107 114 2
107 155 2
108 69 1
108 188 2
109 2 3
109 29 3
109 36 2
109 39 1
109 46 2
109 107 2
109 167 2
110 62 1
110 118 2
110 141 2
110 175 3
111 133 2
111 151 1
111 165 2
112 113 1
113 20 2
113 45 3
113 50 2
113 52 2
113 70 2
113 91 1
113 166 3
113 174 3
114 26 1
114 34 2
114 106 1
114 119 1
114 130 3
114 157 3
115 15 2
115 62 3
115 74 2
115 83 1
115 85 2
115 94 3
115 98 2
115 136 1
115 140 1
115 168 3
116 18 3
116 40 1
116 45 3
116 60 3
116 80 3
116 81 3
116 91 2
116 94 2
116 102 3
116 119 3
116 152 2
116 162 1
116 183 1
117 26 3
117 29 2
117 83 2
118 27 3
118 77 1
118 90 2
118 95 1
118 139 2
119 1 1
119 33 2
119 68 1
119 110 1
119 129 1
120 11 1
120 50 1
120 50 2
120 147 2
120 150 2
121 22 2
122 11 2
122 31 3
122 126 2
122 127 2
122 135 2
122 147 3
122 160 2
122 179 2
123 25 3
123 116 2
123 124 2
123 130 2
123 156 3
123 162 1
123 164 3
123 175 1
124 6 1
124 13 2
124 76 2
124 82 2
124 97 3
124 114 2
124 138 2
124 165 1
125 43 3
125 87 2
125 88 2
125 116 3
125 135 3
126 18 2
126 103 3
126 109 2
127 11 2
127 14 1
127 26 2
127 38 2
127 47 3
127 57 1
127 61 2
127 69 2
127 80 3
127 124 3
127 142 2
127 182 3
128 27 3
128 79 2
128 102 1
128 178 3
129 1 3
129 40 3
129 50 1
129 59 1
129 104 2
129 119 3
129 127 3
129 135 2
129 156 3
129 161 2
129 165 2
130 55 2
130 71 2
130 90 2
130 95 3
130 168 3
131 33 3
131 39 2
131 43 3
131 135 1
131 154 2
131 183 3
132 39 2
132 64 2
132 114 1
132 124 3
132 130 1
132 166 1
133 4 2
133 42 2
133 46 1
133 54 3
133 129 3
133 131 3
134 14 1
134 19 3
134 52 1
134 53 2
134 138 1
134 188 3
135 26 3
135 69 3
135 84 2
135 114 3
135 159 3
135 162 3
135 174 3
136 25 1
136 39 3
136 99 2
136 107 1
136 112 1
136 170 1
136 177 2
137 18 2
137 23 1
137 34 2
137 91 2
137 132 2
137 149 3
137 161 1
137 176 3
138 45 1
138 97 1
138 102 1
138 165 1
139 24 2
139 55 1
139 114 1
139 140 2
139 180 2
140 23 3
140 49 3
140 128 3
141 99 1
141 102 1
141 120 2
142 8 1
142 43 3
142 44 2
142 47 2
142 55 1
142 72 1
143 9 3
143 86 3
143 96 3
143 105 1
143 137 2
144 7 2
144 58 2
144 79 3
144 81 1
144 91 1
144 115 1
144 167 2
145 49 3
145 55 1
145 68 1
145 82 2
145 150 1
145 170 1
145 175 3
146 24 3
146 94 2
146 127 2
146 149 2
146 183 1
146 188 1
147 4 1
147 150 2
148 113 1
148 185 2
149 82 3
149 109 3
149 141 2
150 51 1
150 106 3
150 124 2
150 125 1
150 172 1
151 21 3
151 52 2
151 70 3
151 96 3
151 167 2
151 188 1
152 1 3
152 28 1
152 34 1
152 47 1
152 57 2
152 99 3
152 149 2
152 177 3
153 17 2
153 29 2
153 32 3
153 81 1
153 130 1
153 150 1
153 169 2
154 1 3
154 42 2
154 51 3
154 114 3
154 119 1
154 156 1
155 11 1
155 26 2
155 68 1
155 84 1
155 87 1
155 103 1
155 145 1
155 170 3
156 30 3
156 65 1
156 81 3
156 128 2
157 91 3
157 92 1
157 92 3
157 99 3
157 153 1
157 178 3
158 3 3
158 26 2
158 41 1
158 115 3
158 136 3
158 156 2
159 19 3
159 39 1
159 47 2
159 74 3
159 89 3
159 175 1
159 178 2
159 183 2
160 7 3
160 74 2
160 78 1
160 99 2
160 138 3
160 141 2
160 177 2
161 33 3
161 39 3
161 113 1
161 132 2
161 138 2
161 149 2
161 154 1
161 166 1
162 49 1
162 88 2
162 97 3
162 154 3
162 171 1
162 182 2
163 100 3
163 146 2
164 65 1
164 71 3
164 152 3
165 8 3
165 33 2
165 52 2
165 177 1
165 185 2
166 51 3
166 81 1
166 92 1
166 112 2
166 186 3
167 35 3
167 37 2
167 58 2
167 102 2
167 123 2
167 146 3
168 32 3
168 35 2
168 61 2
168 69 2
168 121 1
168 125 2
168 162 2
169 11 2
169 18 2
169 64 2
169 71 3
169 150 1
169 173 2
169 185 1
170 78 1
170 105 2
170 107 3
170 108 1
170 109 1
170 136 2
170 183 1
171 23 2
171 61 1
171 103 3
171 143 2
171 153 1
171 176 2
172 78 1
172 82 1
172 123 1
173 77 2
173 98 2
173 104 2
173 116 1
173 122 3
173 127 1
173 140 1
173 179 2
174 32 3
174 85 1
174 105 3
174 144 1
174 184 3
175 34 2
175 100 1
175 102 1
175 122 2
175 128 1
175 138 3
176 91 2
176 125 3
176 159 2
177 36 3
177 47 2
177 119 1
177 169 1
178 25 3
178 44 2
178 46 2
178 55 3
178 91 2
178 105 1
178 127 2
178 139 2
178 162 1
179 29 3
179 43 2
179 127 1
179 134 3
179 159 1
179 160 2
180 24 2
180 70 2
180 70 3
180 91 3
180 97 2
180 105 1
180 131 1
180 161 3
181 22 3
181 24 2
181 30 3
181 54 2
181 66 2
181 80 3
181 174 1
182 22 3
182 59 3
182 67 2
182 96 2
182 106 2
183 22 1
183 29 2
183 54 1
183 69 2
183 91 1
183 117 1
183 158 3
183 166 2
184 13 2
184 43 2
184 92 2
184 128 2
184 163 1
184 168 1
185 18 2
185 23 3
185 34 2
185 38 2
185 46 1
185 64 3
185 118 2
185 122 1
185 131 3
185 171 2
185 179 1
186 8 3
186 13 3
186 14 3
186 33 3
186 82 1
186 97 1
186 155 2
187 6 2
187 17 1
187 55 2
187 117 1
187 134 2
188 18 3
188 131 2
188 138 2
188 146 2
188 1196
3 3 3 1 3 2 3 2 2 3 3 2 3 2 2 3 3 3 2 2 1 1 1 3 1 3 1 3 3 3 2 3 1 3 2 1 2 1 1 3 2 2 3 3 1 1 2 2 2 2 3 1 2 3 2 1 1 3 2 2 3 1 1 2 3 1 3 1 2 2 2 1 1 3 3 2 2 1 3 3 2 1 3 1 1 2 3 3 3 1 2 1 2 2 2 3 2 3 3 1 2 1 2 3 3 2 1 1 1 3 1 3 3 2 3 1 2 3 2 2 2 1 1 2 1 1 2 2 3 2 2 2 1 1 3 2 2 2 1 2 3 1 3 3 3 1 3 1 1 1 2 2 3 3 1 1 1 3 2 3 1 3 2 3 3 3 1 3 1 3 1 2 1 1 3 1 3 3 1 3 1 2 3 2 2 3 1 1 
1 55 1
1 80 2
1 89 2
1 111 2
1 119 1
1 135 3
1 138 1
1 149 3
2 11 3
2 101 2
2 170 3
3 28 3
3 65 1
3 94 3
3 128 2
3 178 3
3 188 1
4 46 1
4 63 1
4 79 3
4 99 3
4 115 2
4 142 3
5 6 1
5 15 1
5 26 1
5 41 1
5 52 3
5 56 3
5 103 1
5 111 2
5 121 2
5 171 2
6 12 1
6 47 3
6 79 2
6 111 3
6 135 3
6 139 3
6 147 1
6 168 3
6 176 2
7 11 3
7 31 3
7 34 3
7 55 3
7 70 1
7 101 3
7 161 1
8 52 2
8 54 2
8 100 2
8 116 3
8 122 3
8 160 3
8 164 2
8 178 3
9 2 3
9 12 1
9 15 1
9 87 3
9 120 1
10 36 2
10 66 2
10 101 1
10 104 3
10 161 3
11 15 2
11 24 2
11 52 2
11 175 1
12 31 3
12 35 1
12 42 1
12 47 3
12 74 3
12 77 1
12 114 3
12 118 1
12 131 3
12 165 2
13 41 3
13 44 3
13 76 1
13 103 3
13 146 3
13 154 2
13 182 3
14 60 2
14 72 1
14 99 1
14 109 1
14 142 1
15 90 1
15 111 2
15 127 1
15 163 2
15 178 1
16 19 2
16 113 3
17 6 3
17 14 1
17 117 3
17 159 2
17 180 1
18 48 1
18 74 3
18 84 3
18 95 3
18 105 1
18 127 3
18 138 3
18 164 3
19 94 1
19 110 3
19 137 1
20 5 2
20 122 1
20 143 3
20 150 1
20 175 1
21 16 1
21 52 1
21 57 1
21 63 1
21 66 3
21 77 3
21 123 1
21 147 3
21 152 2
21 180 2
22 80 1
22 86 1
22 87 1
22 93 3
22 113 1
22 126 2
22 130 3
22 168 3
22 170 2
22 180 2
23 58 2
23 103 3
23 125 2
23 145 3
23 182 2
24 36 2
24 38 2
24 83 3
24 89 1
24 96 3
24 99 3
24 108 2
24 125 3
24 163 2
25 2 1
25 2 3
25 100 2
25 111 2
25 176 1
25 178 3
25 179 3
26 136 1
26 149 2
26 185 3
27 60 2
27 63 2
27 121 3
27 135 2
27 141 1
27 162 1
27 163 2
27 169 2
28 27 2
28 54 1
28 88 3
28 101 1
28 116 2
28 127 3
28 153 1
28 162 3
29 38 2
29 44 1
29 126 3
30 5 3
30 33 2
30 52 1
30 60 2
30 69 1
30 127 3
30 163 3
30 165 3
30 179 3
30 180 2
31 58 1
31 83 1
31 125 3
31 129 3
31 176 3
31 179 3
32 2 1
32 2 3
32 38 2
32 73 1
32 74 1
32 103 1
32 106 2
32 109 1
32 141 3
32 144 3
32 155 3
32 188 2
33 36 2
33 50 2
33 67 1
33 69 3
33 97 3
33 139 2
34 1 3
34 26 1
34 77 2
34 78 1
34 127 1
34 132 2
34 179 3
35 4 1
35 43 1
35 108 2
35 124 3
35 149 1
36 15 1
36 16 2
36 54 1
36 56 1
36 58 2
36 154 1
36 171 2
37 24 3
37 38 1
37 88 3
37 112 3
37 136 3
37 152 3
37 158 1
38 15 3
38 31 2
38 82 2
38 82 3
38 87 2
38 156 1
38 157 2
38 181 2
39 45 3
39 57 1
39 72 1
39 124 3
39 144 3
40 35 1
40 113 2
40 169 2
40 182 3
41 7 2
41 26 3
41 27 3
41 113 3
41 120 2
41 129 2
41 173 2
42 15 2
42 35 3
42 37 3
42 94 1
42 143 2
42 160 2
43 35 1
43 46 1
43 120 1
43 142 3
43 186 3
44 25 1
44 46 3
44 50 2
44 68 1
44 72 2
44 95 3
44 103 1
44 105 1
44 125 3
45 3 2
45 27 3
45 89 3
45 144 2
45 164 1
45 168 3
45 178 3
46 22 3
46 122 2
46 162 1
46 183 3
47 9 3
47 17 1
47 36 2
47 61 3
47 93 3
47 97 2
47 101 1
48 4 1
48 52 2
48 70 2
48 100 1
48 100 2
48 144 3
49 56 1
49 113 1
50 7 3
50 78 3
50 101 1
50 175 3
51 28 2
51 99 1
51 127 2
51 142 1
51 158 1
51 185 1
52 2 3
52 36 3
52 74 3
52 105 3
52 115 2
52 150 3
53 58 2
53 101 2
53 117 3
53 153 2
53 185 3
54 12 1
54 29 3
54 35 2
54 35 3
54 56 1
54 75 1
54 80 3
54 150 3
54 165 1
55 42 1
55 56 1
55 59 1
55 145 1
55 172 3
56 66 1
57 8 2
57 14 3
57 106 1
57 180 2
58 11 1
58 52 2
58 101 3
58 147 3
58 173 2
59 6 1
59 10 1
59 52 1
59 64 1
59 127 2
60 8 1
60 10 3
60 33 3
60 63 2
60 92 2
60 93 1
60 96 3
60 113 3
60 119 2
60 137 2
60 138 1
60 145 2
60 153 3
60 157 1
61 70 1
61 105 1
61 125 2
61 147 2
62 29 3
62 44 2
62 64 3
62 68 3
62 78 1
62 92 3
62 94 2
62 94 3
62 100 2
62 101 3
62 136 2
62 144 1
62 150 1
62 162 2
62 163 2
62 169 3
62 181 3
63 9 1
63 29 2
63 34 3
63 47 1
63 75 3
63 78 3
63 123 1
63 129 1
64 26 1
64 91 1
64 138 2
64 156 1
64 178 3
65 10 1
65 71 2
65 87 2
65 153 1
65 177 1
66 12 1
66 28 3
66 36 3
66 50 3
66 55 2
66 67 2
66 120 3
66 172 2
66 180 1
67 60 1
67 71 2
67 92 3
67 109 1
67 127 3
67 134 3
67 170 2
68 19 3
68 67 2
68 79 3
68 129 1
68 174 3
68 180 1
69 8 3
69 9 2
69 22 1
69 28 3
69 94 2
69 99 2
69 145 1
69 157 1
69 168 1
70 28 2
70 92 1
70 111 2
71 15 3
71 25 1
71 54 2
71 55 2
71 81 2
71 83 2
71 143 1
71 186 1
72 40 2
72 123 1
72 126 3
72 147 1
72 188 1
73 14 3
73 36 3
73 138 1
73 146 2
73 170 2
74 15 3
74 21 2
74 54 3
74 105 1
74 106 1
74 117 3
74 134 1
74 145 2
74 178 2
75 23 3
75 31 3
75 34 3
75 39 2
75 125 3
76 56 2
76 78 1
76 129 1
76 136 2
76 154 3
77 13 1
77 41 3
77 44 3
77 73 2
77 75 3
77 91 3
77 94 2
77 109 1
77 115 2
77 116 1
77 125 1
77 164 3
78 23 2
78 54 2
78 105 1
79 68 2
79 101 3
79 106 3
79 110 3
79 115 3
80 4 3
80 52 2
80 65 3
80 79 1
80 121 1
80 125 2
80 131 3
80 134 1
80 164 3
80 186 2
81 11 1
81 15 2
81 47 1
81 62 1
81 75 1
81 114 3
81 141 1
81 147 2
81 154 1
81 155 2
81 161 3
82 8 2
82 24 1
82 27 1
82 58 1
82 86 1
82 104 3
83 7 1
83 26 2
83 44 2
83 45 2
83 68 2
83 96 1
83 123 1
83 143 1
83 147 3
83 173 1
83 182 3
84 86 3
84 129 3
84 164 1
84 166 3
85 3 1
85 101 3
85 151 3
85 186 3
86 9 3
86 45 2
86 69 1
86 142 2
86 149 3
86 175 2
87 24 2
87 41 3
87 47 2
87 63 1
87 115 2
87 130 2
87 142 1
87 142 3
87 171 3
88 5 3
88 43 1
88 107 2
89 21 3
89 34 3
89 159 1
89 187 1
90 7 2
90 20 3
90 109 1
90 176 2
91 17 2
91 37 3
91 70 2
91 71 1
91 139 1
91 160 2
91 178 2
92 38 2
92 43 1
92 84 1
92 111 2
92 141 1
92 142 3
92 149 3
92 164 3
93 12 2
93 75 1
93 116 2
93 122 1
94 56 2
94 76 1
94 96 3
94 111 1
94 122 1
94 129 3
94 131 1
94 154 2
95 14 3
95 34 1
95 42 1
95 46 1
95 54 2
95 85 1
95 86 3
95 92 3
95 115 3
95 146 1
95 147 2
95 150 1
95 160 2
95 161 1
95 161 2
95 178 3
96 9 2
96 27 2
96 46 2
96 71 3
96 76 2
96 76 3
96 131 1
96 147 2
96 156 2
97 8 1
97 45 1
97 114 2
98 6 1
98 32 2
98 34 3
98 51 2
98 68 3
98 73 3
98 88 2
98 94 1
98 96 3
98 100 2
98 118 3
98 158 1
99 28 1
99 36 3
99 38 2
99 56 1
99 65 2
99 95 3
99 105 3
99 127 2
99 130 3
99 153 3
99 162 3
100 15 1
100 92 1
100 139 2
100 183 1
101 61 1
101 65 1
101 76 3
101 78 3
101 99 2
101 100 2
101 102 1
101 116 1
101 186 2
102 21 2
102 88 1
102 147 3
102 158 2
102 187 1
103 15 1
103 39 3
103 74 3
104 24 1
104 40 2
104 53 2
104 53 3
104 54 3
104 153 3
104 158 1
105 37 3
105 69 2
105 103 2
105 152 3
105 155 2
105 162 1
106 112 2
106 144 2
107 30 1
107 52 3
107 92 1
107 114 1
107 121 1
107 125 2
108 32 1
108 36 2
108 37 1
108 99 2
108 116 2
108 119 1
108 128 2
108 129 3
108 142 3
108 169 2
109 33 3
109 156 2
109 158 2
110 2 3
110 5 1
110 8 1
110 108 3
110 111 3
110 121 2
110 149 3
110 162 3
111 9 3
111 21 2
111 34 2
111 39 3
111 46 1
111 63 2
111 72 1
111 93 2
111 128 1
112 1 3
112 55 1
112 67 2
112 79 2
112 118 3
112 128 2
112 142 2
112 182 2
113 37 2
113 92 3
113 110 1
113 128 3
113 153 1
113 171 1
114 16 2
114 18 1
114 52 3
114 139 1
115 36 2
115 60 3
115 150 3
115 177 1
116 21 1
116 72 3
116 134 1
116 166 1
116 177 1
116 188 1
117 23 2
117 50 3
117 75 2
117 78 1
117 91 2
117 133 1
117 139 1
117 145 1
117 161 2
118 4 2
118 10 1
118 13 3
118 20 3
118 24 1
118 67 1
118 127 3
118 132 2
118 135 1
118 148 2
118 177 3
119 9 2
119 40 3
119 61 1
119 78 1
119 116 3
119 121 2
119 128 2
119 151 3
119 171 1
120 38 2
120 61 3
120 80 2
120 97 1
120 110 2
120 143 2
120 152 1
120 188 1
121 1 1
121 27 3
121 81 3
121 96 3
121 114 3
121 156 1
122 4 1
122 16 1
122 31 3
122 59 3
122 110 1
122 134 3
122 139 3
123 7 3
123 22 3
123 77 2
123 110 1
124 41 2
124 85 2
124 138 2
124 149 2
125 73 3
125 87 2
125 98 2
125 112 1
125 115 3
126 6 3
126 17 1
126 61 2
126 76 3
126 82 3
127 15 1
127 46 1
127 57 3
127 63 1
127 86 1
127 112 1
127 120 3
127 151 3
127 159 3
128 53 2
128 77 1
128 104 1
128 106 2
128 107 3
128 120 3
128 186 1
129 49 2
129 160 3
129 171 2
130 12 1
130 13 3
130 59 3
130 71 2
130 87 1
130 92 2
130 113 2
130 170 2
131 6 2
131 70 3
131 73 2
131 117 1
131 139 1
131 174 2
132 13 3
132 127 2
132 148 3
132 157 3
132 185 2
133 4 2
133 9 2
133 18 2
133 49 1
133 105 3
133 125 1
133 140 1
133 152 2
133 188 1
134 19 1
134 22 3
134 29 2
134 34 1
134 103 2
134 121 3
134 129 1
134 130 2
134 141 1
134 153 3
134 162 2
135 8 3
135 21 2
135 25 2
135 147 2
135 157 2
135 183 2
135 186 2
136 6 3
136 63 1
136 98 2
136 132 3
136 151 2
137 29 2
137 43 1
137 64 2
137 77 2
137 86 1
137 93 3
137 111 3
137 149 2
137 157 1
137 162 2
138 8 2
138 80 1
138 84 1
138 92 1
138 92 2
138 110 3
138 112 1
138 156 2
139 15 1
139 96 1
139 133 2
140 62 3
141 2 1
141 12 2
141 30 1
141 45 2
141 84 1
141 145 1
141 159 1
142 5 2
142 57 2
142 73 2
142 79 1
142 186 3
143 11 1
143 142 3
144 56 3
144 66 1
144 97 1
144 122 2
144 128 3
144 171 3
145 24 2
145 75 1
145 89 3
146 47 1
146 54 1
146 66 2
146 159 3
146 182 1
147 66 1
147 103 2
147 109 3
147 164 2
147 175 3
147 176 2
147 181 2
148 25 3
148 26 2
148 45 1
148 66 2
148 94 3
149 38 1
149 38 3
149 48 3
149 68 2
149 93 1
149 98 1
149 105 2
149 113 1
150 44 2
150 70 3
150 89 3
150 112 3
150 122 2
150 172 2
150 182 2
151 17 1
151 51 3
151 130 3
152 20 1
152 106 3
152 138 2
152 149 1
152 177 1
153 36 2
153 43 1
153 71 3
153 83 2
153 93 2
153 95 3
154 37 3
154 62 3
154 106 2
154 120 2
154 129 2
154 130 1
154 132 2
154 171 2
154 177 3
154 183 2
155 12 1
155 24 3
155 92 2
155 127 1
155 149 3
155 188 2
156 14 3
156 76 1
156 86 1
156 112 2
156 144 2
157 59 2
157 80 1
157 92 2
158 52 2
158 64 1
158 122 1
159 5 3
159 79 2
159 110 1
159 163 3
159 172 1
160 63 1
160 70 3
160 118 1
160 164 3
160 172 3
161 15 2
161 34 3
161 70 1
161 77 2
161 97 2
161 116 2
161 157 3
161 177 3
162 23 2
162 34 2
162 62 2
162 66 3
162 151 1
162 181 1
163 14 3
163 23 2
163 26 2
163 61 3
163 126 3
163 134 1
163 165 1
164 3 1
164 6 3
164 18 1
164 20 1
164 32 3
164 105 1
164 112 2
164 119 2
164 135 2
164 139 2
164 176 3
164 179 3
164 187 3
165 137 2
165 147 3
166 4 1
166 15 2
166 51 3
166 54 2
166 90 2
166 116 3
166 159 1
166 172 3
167 2 2
167 10 2
167 159 1
167 177 2
168 20 3
168 46 3
168 52 2
168 73 3
168 77 2
168 103 1
168 139 1
169 37 1
169 109 3
169 128 1
169 137 3
169 173 1
169 180 2
170 51 3
170 66 2
170 71 1
170 77 2
170 81 3
170 84 1
170 142 2
170 151 1
171 17 2
171 19 2
171 25 2
171 60 2
171 69 3
171 106 3
171 111 2
171 134 2
171 162 3
171 164 1
172 17 1
172 136 3
172 163 3
172 165 1
172 167 3
172 177 1
173 32 2
173 59 3
173 60 2
173 141 3
173 145 2
173 152 2
173 153 3
173 184 2
174 45 3
174 62 2
174 97 3
174 116 3
174 149 2
174 173 2
175 94 3
175 178 1
176 29 1
176 104 3
176 150 1
176 159 3
177 8 1
177 42 2
177 63 1
177 83 2
177 98 1
177 126 3
178 7 2
178 17 3
178 62 1
178 149 1
178 167 3
179 2 1
179 55 3
179 83 1
179 104 2
179 128 2
179 137 3
179 184 2
180 6 3
180 17 2
180 43 2
180 102 3
180 133 2
180 168 2
181 21 1
181 110 3
181 121 1
181 147 3
181 152 1
182 121 1
182 183 2
182 188 2
183 35 3
183 38 1
183 48 1
183 68 3
183 162 1
183 185 2
184 13 3
184 48 2
184 157 3
184 159 2
184 182 3
185 6 2
185 55 3
185 87 1
185 93 1
185 113 2
185 117 3
185 119 3
185 140 2
185 181 3
186 80 2
186 103 1
186 116 3
186 143 3
186 149 3
186 172 2
187 6 2
187 40 1
187 53 3
187 100 2
187 127 2
187 161 1
188 88 1
188 151 3
188 181 2
