2
192 1155
1 3 3 2 1 1 1 2 2 1 1 1 2 3 2 2 2 3 3 3 1 1 2 3 1 3 3 3 1 1 1 2 3 1 1 3 2 3 3 3 2 2 1 1 1 2 1 1 3 1 2 1 1 3 2 2 2 2 3 2 1 2 1 1 3 2 1 3 1 1 2 3 3 1 1 1 1 2 2 3 3 2 1 2 3 2 3 1 2 2 3 3 3 1 1 3 3 1 3 3 3 3 1 3 2 1 1 1 3 2 1 1 2 2 3 1 2 1 3 1 3 2 2 2 3 1 1 1 3 1 1 2 2 3 3 2 1 2 3 3 3 2 2 1 2 2 1 2 2 2 3 1 1 1 3 1 1 2 1 1 1 2 1 3 3 1 1 2 2 2 2 2 1 1 3 1 3 3 2 1 1 3 1 3 2 3 1 1 3 2 1 2 
1 11 3
1 52 2
1 57 2
1 66 3
1 72 2
1 74 2
1 174 2
2 57 1
2 80 3
2 138 2
2 157 2
3 27 1
3 39 1
3 59 2
3 78 2
3 129 3
3 154 2
3 166 1
3 176 3
4 21 1
4 39 3
4 43 1
4 78 1
4 81 1
4 97 2
4 132 1
4 135 1
4 156 3
4 185 2
5 12 1
5 41 1
5 68 1
6 31 2
6 62 3
6 83 3
6 155 2
7 45 3
7 49 3
7 68 2
7 73 2
7 90 3
7 113 1
7 116 2
7 121 2
7 132 3
7 157 2
7 159 1
8 5 1
8 14 1
8 62 3
8 84 2
8 148 1
9 35 2
9 37 1
9 87 1
9 87 3
9 163 1
9 189 2
10 11 3
10 24 2
10 35 1
10 56 3
10 70 2
10 88 3
10 142 1
10 148 1
10 176 1
11 41 1
11 45 1
11 55 3
11 68 3
11 106 2
11 127 2
11 165 1
11 189 2
12 70 1
12 119 3
12 160 3
12 168 2
12 170 1
13 15 2
13 21 3
13 41 3
13 73 2
13 94 3
13 121 1
13 132 1
13 141 2
13 155 1
13 159 1
14 21 1
14 21 2
14 42 2
14 56 2
14 105 2
14 158 1
14 159 3
14 184 2
15 26 1
15 34 3
15 45 1
15 60 2
15 74 1
15 76 2
15 79 3
15 142 2
15 154 3
16 8 3
16 116 3
16 139 2
16 164 1
16 190 3
17 8 2
17 48 1
17 76 3
17 98 2
17 100 2
17 108 1
17 150 1
17 174 3
18 10 3
18 35 1
18 111 3
18 112 2
18 155 2
18 163 1
19 14 1
19 30 2
19 38 1
19 56 1
19 76 3
19 108 1
19 129 3
20 16 1
20 30 2
20 36 3
20 55 1
20 117 2
20 131 3
20 147 3
20 180 1
21 50 1
21 96 2
21 100 1
21 154 3
21 160 2
21 161 2
21 177 1
22 106 3
22 149 1
22 156 2
22 184 3
23 5 3
23 30 2
23 47 2
23 82 1
23 162 3
23 184 3
24 1 1
24 25 1
24 35 3
24 46 3
24 79 2
24 119 3
24 137 2
24 143 3
24 167 2
25 22 2
25 33 3
25 79 2
25 115 2
25 190 2
26 51 1
26 78 2
26 91 1
26 154 3
26 188 2
27 67 1
27 71 2
27 72 1
27 74 2
27 106 1
27 121 3
27 123 3
27 142 3
28 8 2
28 9 3
28 32 1
28 74 1
28 157 2
28 163 3
28 190 3
29 1 1
29 39 3
29 55 3
29 83 2
29 145 3
29 149 2
29 157 1
30 40 3
30 42 1
30 62 1
30 66 1
30 69 1
30 82 3
30 97 1
30 120 1
30 155 2
30 188 1
31 19 2
31 26 2
31 63 1
31 79 2
31 109 3
31 122 1
31 128 2
31 129 2
32 10 2
32 15 3
32 69 1
32 127 3
32 175 1
33 50 2
33 84 3
33 91 1
33 98 3
33 112 3
33 152 3
34 17 1
34 18 1
34 79 1
34 85 1
34 107 2
34 113 3
34 122 3
34 154 1
35 20 1
35 37 3
35 52 2
35 107 2
35 116 1
35 160 1
36 25 2
36 27 3
36 91 1
37 84 2
37 85 3
37 127 2
37 155 1
37 168 1
37 182 3
38 4 2
38 48 2
38 152 3
38 168 1
38 177 3
39 59 1
39 65 3
39 89 1
39 101 1
39 113 1
39 175 2
39 176 1
39 182 2
39 187 2
40 53 2
40 109 1
40 110 2
40 122 2
40 125 1
40 142 2
41 13 3
41 34 2
41 54 1
41 91 3
41 94 2
41 124 3
41 132 3
41 155 3
41 171 1
41 171 3
41 180 1
41 192 2
42 62 3
42 119 2
42 145 1
42 146 3
42 153 3
43 54 2
43 70 3
43 80 2
43 123 3
43 139 3
44 26 3
44 59 2
44 96 2
44 100 3
44 107 3
44 183 2
45 36 3
45 129 2
46 12 1
46 90 1
46 182 2
47 58 3
47 111 3
47 113 1
47 117 1
47 160 3
47 181 1
48 1 3
48 61 2
48 100 2
48 187 3
49 12 2
49 48 2
49 48 3
49 114 1
49 132 3
49 135 1
49 166 1
50 8 2
50 27 2
50 67 3
50 77 2
50 108 3
50 112 1
50 184 2
51 5 3
51 12 3
51 19 1
51 29 2
51 44 3
51 110 1
52 27 2
52 46 2
52 83 3
52 180 2
52 191 2
53 39 1
53 46 3
53 56 2
53 118 2
53 145 1
54 13 2
54 110 1
54 141 3
54 145 2
54 153 2
54 192 3
55 7 2
55 12 3
55 57 3
55 72 1
55 162 1
56 21 2
56 119 1
56 165 1
56 171 2
57 7 3
57 31 3
57 136 3
57 146 2
57 149 1
57 160 3
57 164 2
57 191 2
58 28 3
58 72 1
58 92 2
58 108 2
58 153 1
58 156 3
59 31 1
59 54 3
59 155 2
59 178 1
59 183 1
60 49 2
60 51 2
60 129 3
60 179 3
61 35 1
61 64 3
61 101 3
61 150 1
61 158 2
61 183 1
62 8 1
62 10 3
62 48 1
62 95 2
62 171 3
63 6 2
63 7 1
63 47 1
63 76 2
63 106 2
63 108 3
63 110 1
63 135 2
63 161 3
63 184 1
64 7 3
64 9 3
64 34 3
64 91 2
64 147 2
64 177 2
65 55 1
65 126 1
66 14 1
66 101 1
66 122 2
66 161 1
66 162 3
67 9 2
67 56 3
67 85 3
67 92 3
67 125 3
67 148 3
67 149 2
67 164 2
67 191 1
67 192 3
68 28 1
68 45 1
68 60 2
68 182 3
69 40 3
69 78 2
69 100 2
69 128 2
69 141 1
69 147 2
69 165 1
69 176 3
69 182 2
70 10 1
70 62 1
70 121 2
70 170 2
71 38 2
71 62 1
71 63 3
71 138 3
72 16 3
72 36 2
72 105 3
72 111 1
72 153 1
73 13 3
73 96 2
73 155 2
73 173 1
74 19 2
74 35 2
74 40 1
74 44 2
74 87 1
75 12 1
75 65 3
75 90 3
75 150 1
76 64 1
76 86 2
76 113 3
77 15 3
77 57 1
77 115 1
77 158 2
78 13 3
78 26 2
78 32 2
78 68 1
78 80 2
78 106 2
78 108 3
78 118 1
78 125 1
78 140 1
78 144 2
79 53 1
79 81 1
79 84 2
79 116 1
79 177 3
79 186 3
79 191 2
80 52 1
80 55 3
80 74 1
80 109 3
80 162 2
80 179 2
81 84 2
81 84 3
81 104 2
81 115 2
81 177 2
81 186 3
82 90 2
82 102 1
82 117 2
82 125 3
82 147 1
83 47 3
83 84 3
83 107 2
83 130 3
83 131 3
83 146 2
84 38 1
85 10 3
85 15 1
85 35 3
85 62 3
85 67 3
85 108 1
85 127 1
85 139 3
85 150 2
85 153 3
86 57 1
86 115 3
86 140 1
86 168 2
86 181 3
87 57 1
87 131 2
87 132 1
87 135 2
87 142 2
87 152 3
87 181 3
88 69 1
88 85 2
88 109 2
88 123 1
88 141 1
88 190 2
89 57 1
89 66 2
89 66 3
89 95 1
89 146 1
89 189 3
90 33 1
90 102 3
90 109 2
91 20 2
91 66 3
91 77 1
91 171 1
91 175 2
91 184 2
91 189 1
92 2 1
92 2 3
92 22 3
92 39 1
92 78 2
92 108 2
92 134 1
92 150 2
92 182 3
93 13 1
93 42 2
93 89 1
93 107 2
93 163 3
94 11 1
94 42 1
94 53 2
94 155 3
94 156 1
94 184 3
94 190 1
95 56 1
95 57 1
95 75 1
95 108 1
95 162 1
95 166 1
96 5 3
96 33 2
96 40 1
96 42 3
96 55 1
96 55 2
96 76 1
96 84 1
96 120 1
96 180 2
97 14 3
97 31 2
97 178 2
98 18 3
98 51 2
99 79 2
99 90 2
99 122 1
99 130 2
99 152 2
99 163 1
99 166 1
99 184 2
100 14 1
100 110 2
100 113 2
100 125 1
100 147 2
100 169 3
100 181 3
100 182 1
101 42 1
101 74 3
101 89 3
101 90 1
101 111 1
101 113 1
101 134 3
101 170 2
102 105 3
102 117 1
102 134 1
102 187 1
102 187 2
103 31 3
103 43 1
103 166 2
104 21 1
104 127 2
104 134 3
104 182 2
105 85 2
105 144 1
106 5 3
106 28 2
106 46 2
106 52 1
106 83 1
106 187 2
107 59 2
107 77 3
107 99 2
107 142 2
107 144 2
107 158 2
107 166 2
107 181 2
107 188 1
108 69 2
108 74 1
108 89 3
109 54 2
109 64 3
109 66 2
109 131 1
111 21 1
111 28 2
111 31 1
111 54 2
111 57 3
111 67 3
111 74 2
111 95 3
111 116 3
111 152 2
112 8 1
112 8 3
112 72 1
112 83 3
112 92 3
112 116 1
112 136 1
113 19 3
113 31 1
113 59 2
113 84 2
113 101 2
113 163 1
114 99 3
114 133 3
114 166 2
114 192 3
115 33 3
115 48 2
115 50 3
115 66 1
116 10 2
116 39 3
116 70 3
116 173 1
116 177 3
117 89 3
117 96 3
117 125 1
117 135 2
117 145 1
117 160 2
117 161 1
118 2 3
118 27 3
118 28 1
118 65 2
118 104 3
118 105 1
118 113 1
119 13 1
119 34 3
119 51 3
119 67 3
119 77 2
119 90 3
120 12 1
120 46 3
120 57 1
120 80 2
120 84 3
120 100 2
120 138 2
120 153 1
121 9 2
121 64 2
121 86 1
121 96 1
121 130 1
121 135 3
121 155 2
121 166 2
121 167 1
121 169 2
121 191 1
121 192 2
122 24 3
122 80 3
122 88 1
122 96 1
122 180 3
123 30 1
123 69 3
123 71 3
123 77 2
123 136 3
123 175 1
124 7 2
124 22 3
124 63 3
124 126 2
124 129 2
124 172 2
125 13 3
125 71 2
125 98 3
125 135 3
125 136 3
125 162 2
126 5 2
126 32 3
126 51 2
126 99 1
126 136 2
126 137 2
126 146 1
126 155 2
126 184 3
127 54 3
127 107 1
127 120 2
127 125 1
127 145 1
128 6 2
128 39 3
128 45 3
128 59 3
128 71 3
128 83 1
128 94 3
128 96 3
128 108 1
129 5 3
129 132 3
129 168 3
130 103 1
130 105 2
131 5 2
131 35 1
131 40 1
131 111 3
131 144 3
131 173 3
132 19 2
132 78 3
132 86 2
132 134 1
133 19 2
133 53 3
133 89 1
133 105 1
134 109 2
134 174 1
135 5 1
135 8 3
135 57 3
135 122 1
135 124 1
135 138 1
135 154 1
135 172 1
136 16 1
136 50 1
136 69 1
136 71 3
136 121 1
136 126 2
136 153 3
136 160 3
136 190 3
137 3 1
137 40 3
137 95 2
137 118 1
137 170 1
138 4 1
138 14 2
138 80 3
138 157 3
138 158 2
139 128 1
139 134 2
139 162 2
139 184 2
140 23 3
140 27 1
140 29 2
140 71 2
140 93 1
140 119 1
140 125 2
140 125 3
140 162 1
141 44 3
141 77 3
141 119 2
141 181 1
142 16 2
142 31 3
142 65 2
142 94 1
142 104 2
142 186 1
143 77 1
143 87 3
143 170 3
143 176 3
143 192 3
144 18 2
144 51 3
144 53 1
144 56 3
144 71 2
144 73 2
144 81 2
144 96 3
144 111 3
144 112 3
144 119 1
144 170 1
144 176 1
145 35 1
145 69 2
146 84 3
147 1 3
147 32 2
147 34 1
147 41 3
147 72 1
147 186 2
148 71 3
148 80 3
148 88 1
148 88 2
148 176 1
148 180 3
148 191 2
149 44 1
149 86 1
149 87 3
149 125 3
149 131 1
149 170 2
149 184 2
150 126 3
150 173 1
151 54 2
151 80 2
151 126 2
151 154 3
151 160 2
152 42 3
152 91 1
152 94 1
152 106 2
152 129 2
152 181 1
153 85 2
153 89 3
153 111 2
153 118 1
153 166 3
153 170 3
153 187 1
154 20 1
154 47 3
154 62 2
154 89 2
154 127 1
154 162 1
154 171 2
154 171 3
154 184 2
155 34 1
155 55 3
155 107 2
155 137 1
155 151 2
155 179 2
156 30 2
156 79 1
156 80 1
156 94 3
156 110 1
156 118 1
156 145 3
156 183 2
157 14 2
157 14 3
157 102 1
157 129 2
157 135 1
157 146 3
158 22 2
158 42 3
158 101 2
158 119 2
158 178 1
159 15 2
159 19 2
159 25 3
159 41 2
159 61 1
159 89 2
159 136 1
159 151 1
159 152 2
159 169 1
160 97 3
160 139 1
160 161 3
160 189 3
161 45 1
161 106 3
162 39 1
162 111 1
162 128 2
163 43 2
163 51 2
163 76 1
163 125 1
163 135 3
164 32 3
164 59 1
164 88 1
164 157 3
164 159 2
164 162 3
164 186 3
164 187 3
165 51 2
165 91 1
165 94 1
165 97 2
166 4 3
166 26 2
166 42 2
166 58 2
166 68 1
166 109 3
166 114 2
166 119 3
166 123 2
166 142 1
166 163 2
167 4 2
167 17 2
167 56 1
167 79 2
167 110 2
167 164 3
167 174 3
167 177 2
168 90 3
168 170 2
168 177 3
169 31 1
169 37 3
169 88 2
169 104 2
169 109 1
169 151 3
169 167 3
169 188 3
170 2 2
170 26 3
170 89 3
170 101 1
170 114 2
170 189 1
171 16 2
171 23 3
171 52 2
171 89 1
171 131 2
171 151 1
172 76 3
172 91 1
172 171 3
172 182 1
172 189 1
173 17 1
173 48 2
173 120 2
173 139 3
173 189 2
174 30 2
174 32 2
174 47 1
174 99 3
174 102 3
174 136 2
174 146 2
175 46 1
175 69 3
175 103 2
175 126 1
175 143 3
175 155 2
175 171 2
175 188 1
176 42 3
176 49 1
176 61 3
176 63 3
176 145 2
177 28 3
177 36 1
177 44 2
177 70 3
178 9 1
178 83 1
178 117 1
178 123 2
178 132 3
178 165 2
178 189 3
179 11 2
179 54 2
179 109 3
179 128 3
179 139 3
179 142 2
179 149 2
179 166 3
180 14 3
180 45 2
180 54 1
180 83 3
180 127 1
180 133 1
180 144 2
181 1 2
181 27 2
181 31 3
181 126 3
181 161 1
181 177 2
182 34 2
182 37 2
182 88 1
182 113 1
182 177 3
183 47 1
183 48 1
183 58 2
183 77 3
183 91 1
183 133 2
183 139 1
183 140 3
183 150 2
183 175 2
183 177 3
183 180 3
183 181 2
183 186 2
184 17 1
184 86 2
184 90 1
184 130 2
184 168 3
185 35 3
185 49 2
185 93 3
185 107 3
185 123 1
185 177 1
186 6 1
186 13 2
186 45 3
186 57 1
186 85 2
186 92 2
186 171 2
187 30 3
187 67 3
187 79 3
188 2 1
188 40 3
188 79 2
188 96 3
188 143 2
188 154 3
189 67 3
189 143 2
189 184 1
190 26 3
190 154 3
191 3 2
191 11 1
191 11 2
191 64 2
191 72 2
191 95 1
191 100 3
191 150 3
191 156 3
191 168 1
192 60 2
192 111 1
192 125 3
192 159 2
192 168 2
192 175 1
192 1147
3 3 3 3 1 1 1 1 2 2 3 2 2 1 3 3 2 1 1 1 1 3 2 3 3 1 3 1 3 1 1 2 1 3 2 1 2 3 1 3 3 1 3 1 2 3 2 1 1 3 1 3 1 3 1 2 1 1 3 1 1 1 2 1 2 2 2 2 2 3 3 1 3 1 3 1 3 1 2 1 2 3 1 1 1 1 3 3 1 3 1 2 1 3 1 2 3 3 3 3 1 3 2 2 2 2 2 1 2 2 3 1 1 2 3 2 1 3 1 3 2 1 3 2 3 3 2 2 1 2 2 2 2 1 3 1 1 3 2 2 2 1 3 2 2 1 2 3 3 3 3 3 2 2 1 1 1 3 2 1 2 3 3 3 1 3 3 1 3 1 1 2 2 3 3 3 2 2 2 1 3 2 3 1 3 1 2 3 1 3 1 1 
1 149 3
1 177 3
2 27 1
2 38 1
2 156 1
3 18 1
3 19 1
3 40 2
3 68 1
3 103 3
3 117 1
3 155 2
4 11 1
4 55 2
4 56 1
4 71 1
4 77 1
4 158 2
4 164 2
5 6 3
5 76 3
5 105 1
5 152 3
5 188 3
6 22 2
6 110 2
6 112 1
6 130 2
6 147 3
6 181 2
7 10 3
7 42 1
7 74 2
7 94 2
7 107 3
7 137 3
7 164 1
7 172 1
7 186 2
8 29 2
8 142 3
8 152 2
8 163 1
9 5 2
9 75 2
9 87 1
9 96 2
9 109 1
9 150 2
9 184 1
10 76 3
10 107 3
10 164 3
11 4 3
11 169 2
11 191 1
12 13 2
12 14 2
12 62 2
12 109 2
12 114 3
12 117 2
12 146 2
13 22 2
13 58 2
13 105 2
13 140 2
13 153 3
13 156 3
13 187 2
13 191 3
14 11 3
14 25 2
14 35 3
14 77 3
14 90 1
14 92 2
14 115 2
14 138 1
15 21 2
15 50 1
15 55 1
15 106 3
15 148 2
15 151 2
15 168 3
16 14 2
16 27 2
16 56 1
16 94 2
16 148 2
17 20 1
17 66 1
17 110 3
17 118 2
17 170 2
18 14 3
18 69 3
18 70 1
18 78 1
18 177 2
19 17 1
19 33 1
19 36 3
19 53 1
19 61 1
19 125 1
19 130 1
19 135 1
19 156 2
20 95 3
20 98 1
20 116 3
20 135 2
20 140 3
20 154 3
20 182 1
20 190 2
21 108 2
21 131 1
21 133 3
21 140 3
21 167 2
22 102 1
22 108 1
22 117 3
22 156 2
22 191 1
23 10 1
23 121 3
24 68 1
24 145 1
25 55 3
25 90 3
25 97 2
25 102 2
25 123 3
25 130 1
25 141 2
25 167 3
26 41 2
26 65 3
26 75 2
26 86 3
26 126 2
26 155 2
26 173 1
27 68 2
27 174 2
27 180 1
28 20 3
28 22 1
28 64 3
28 166 1
29 32 3
29 33 1
29 34 3
29 57 1
29 64 3
29 99 2
29 110 3
30 5 3
30 17 2
30 36 2
30 105 3
30 116 2
31 2 3
31 7 1
31 20 2
31 29 3
31 130 1
31 139 3
31 159 3
31 164 2
32 6 2
32 43 1
32 83 3
32 95 1
32 150 3
33 7 2
33 12 3
33 13 3
33 14 2
33 16 2
33 75 1
33 98 2
33 145 2
34 56 3
34 149 2
34 168 1
34 172 3
35 62 3
35 88 1
35 89 1
35 169 2
36 3 2
36 15 1
36 16 1
36 99 2
36 170 1
37 1 2
37 2 2
37 26 1
37 26 3
37 72 3
37 78 2
37 86 3
38 14 1
38 71 2
38 82 3
38 86 1
38 128 1
38 178 3
39 34 1
39 63 3
39 160 3
40 34 1
40 41 1
40 114 1
40 117 3
40 142 3
40 156 3
40 161 3
41 3 2
41 22 3
41 182 3
42 57 2
42 77 3
42 156 1
42 190 1
43 10 2
43 78 1
43 102 1
43 155 1
44 23 1
44 32 3
44 69 2
44 77 1
45 85 3
45 98 2
45 110 1
45 181 2
45 188 2
46 13 2
46 32 1
46 118 2
46 125 3
46 144 1
46 149 1
46 156 1
47 86 1
47 90 1
47 190 1
48 14 1
48 51 3
48 152 1
49 45 3
49 93 2
49 119 3
49 151 1
49 158 3
49 164 3
49 192 1
50 71 1
50 122 2
50 132 2
50 156 2
50 166 2
50 167 2
50 183 3
50 188 1
51 10 1
51 32 1
51 41 2
51 185 2
52 9 2
52 26 2
52 114 2
52 158 1
52 159 2
52 191 2
52 192 1
53 8 3
53 54 3
53 57 1
53 58 2
53 108 1
53 123 1
53 124 3
53 131 2
53 166 3
53 175 2
53 176 2
53 180 3
54 22 2
54 22 3
54 32 1
54 47 2
54 51 3
54 79 1
54 87 2
54 98 2
54 168 2
54 174 3
55 51 2
55 75 2
55 103 2
55 157 2
55 176 1
56 35 2
56 121 3
56 129 1
56 129 2
56 172 3
56 179 1
56 189 3
57 65 1
57 148 1
58 24 1
58 63 3
58 103 3
58 126 3
58 145 1
58 149 1
58 179 2
59 11 1
59 15 1
59 147 2
59 152 2
59 177 1
59 179 2
60 8 1
60 52 2
60 62 2
60 74 2
60 79 2
60 82 2
60 92 2
60 100 1
60 114 1
60 128 2
60 145 3
60 149 2
60 184 3
61 13 3
61 29 1
61 76 3
61 169 1
61 170 3
61 187 2
62 83 1
62 96 3
62 102 2
62 148 1
62 152 2
62 159 3
63 49 3
63 50 2
63 71 2
63 76 1
63 77 3
63 99 1
63 106 2
63 117 2
63 125 1
63 175 3
64 16 1
64 137 1
64 147 2
64 151 1
64 151 3
65 18 2
65 35 3
65 92 3
65 133 2
65 152 2
66 35 1
66 52 1
66 57 2
66 93 3
66 129 1
66 181 1
67 41 2
67 62 3
67 63 2
67 91 1
67 100 3
67 101 3
67 160 3
68 10 1
68 29 2
68 42 1
68 67 2
69 3 1
69 103 2
69 131 1
69 164 3
69 192 3
70 34 3
70 117 1
71 48 3
71 112 2
71 164 2
71 173 3
72 4 3
72 104 3
72 117 3
72 132 3
72 136 1
72 171 3
73 57 1
73 72 3
73 84 2
73 123 2
73 146 3
73 192 3
74 64 1
74 73 1
74 86 2
74 132 3
75 2 2
75 2 3
75 88 2
75 160 3
75 163 2
75 184 1
76 14 1
76 18 3
76 32 3
76 47 1
76 94 1
77 36 3
77 42 3
77 49 2
77 61 1
77 67 1
77 95 2
77 120 2
77 157 1
77 172 3
78 2 1
78 10 2
78 16 1
78 72 2
78 133 1
78 164 2
79 67 3
79 123 2
79 163 2
80 3 1
80 30 2
80 48 2
80 49 1
80 60 1
80 63 1
80 90 1
80 90 3
80 120 2
81 16 1
81 72 3
81 131 3
81 139 1
81 188 3
82 87 1
82 90 3
82 111 1
82 134 1
82 158 1
82 164 2
82 179 1
82 181 2
82 192 3
83 12 1
83 16 1
83 17 2
83 34 2
83 88 1
83 91 1
83 140 1
83 159 2
84 45 2
84 46 1
84 132 3
84 165 2
85 6 2
85 23 3
85 45 2
85 145 3
85 159 2
86 38 3
86 74 2
86 74 3
86 91 1
86 94 3
86 157 2
86 176 3
87 6 1
87 13 3
87 25 3
87 72 3
87 77 1
87 80 2
87 110 3
87 119 2
87 158 3
87 179 2
88 7 2
88 8 2
88 18 1
88 42 1
88 48 3
88 81 1
88 145 3
88 152 2
89 78 1
89 135 3
89 137 2
89 155 2
90 48 2
90 60 2
90 79 3
90 137 3
90 174 1
90 181 2
91 5 3
91 13 2
91 33 2
91 54 3
91 59 3
91 131 1
91 154 1
91 167 2
92 25 3
92 30 1
93 19 2
93 23 2
93 29 3
93 66 2
94 17 2
94 21 3
94 48 2
94 105 1
94 179 1
95 12 1
95 24 3
95 36 3
95 64 1
95 64 3
95 76 2
95 126 1
95 136 3
95 142 2
96 6 3
96 7 3
96 23 1
96 30 2
96 91 1
96 187 2
97 72 3
97 188 2
98 1 1
98 6 2
98 30 1
98 36 3
98 65 3
98 80 3
98 119 3
98 160 3
99 19 2
99 30 1
99 98 2
99 187 3
100 7 3
100 31 2
100 60 2
100 85 1
100 91 1
100 94 3
100 107 3
100 112 2
100 147 3
100 158 1
100 159 1
100 164 3
100 178 1
101 4 1
101 22 3
101 42 1
101 64 1
101 97 1
101 130 2
101 157 2
102 44 2
102 149 3
102 171 3
102 176 1
102 178 1
103 42 2
103 63 2
103 112 1
103 137 3
103 152 1
103 173 1
104 30 1
104 47 3
104 66 2
104 67 3
104 85 3
104 146 3
105 59 3
105 88 1
105 99 1
105 112 3
105 132 2
105 173 2
105 178 3
106 44 3
106 68 1
106 103 1
106 173 3
107 31 2
107 50 3
107 125 1
107 128 1
108 8 3
108 154 1
109 21 3
109 88 3
109 108 1
109 157 1
109 159 2
110 34 3
110 66 1
110 70 1
110 108 3
110 115 1
110 173 3
110 183 1
111 31 2
111 58 2
111 109 3
111 140 3
111 187 3
112 12 1
112 67 3
112 71 2
112 96 2
112 127 2
112 150 2
112 167 1
112 177 1
112 179 2
113 15 3
113 78 3
113 89 2
113 144 2
113 154 3
113 192 2
114 19 2
114 27 1
114 40 3
114 60 2
114 78 2
114 98 1
114 179 2
115 18 3
115 38 2
115 43 2
115 140 1
115 158 1
115 189 2
116 43 1
116 52 1
116 71 1
116 76 3
116 111 1
116 124 2
116 173 3
117 5 1
117 33 3
117 34 3
117 56 2
117 118 1
117 120 3
117 139 1
117 145 3
117 152 2
117 177 2
118 13 3
118 19 2
118 51 2
118 54 1
118 105 1
118 107 1
118 135 3
119 15 1
119 28 1
119 49 2
119 65 2
119 79 1
119 88 1
119 124 2
119 158 1
120 27 3
120 52 2
120 58 2
120 77 3
120 96 1
120 118 1
120 135 2
120 151 3
120 170 1
121 31 2
121 99 1
121 105 2
121 138 3
121 183 3
122 76 1
122 94 1
122 108 3
122 113 3
122 155 3
122 161 3
122 182 3
123 13 1
123 105 2
123 118 2
124 11 1
124 67 3
124 77 3
124 143 3
124 144 3
124 166 2
124 170 1
124 178 3
125 17 2
125 41 2
125 66 1
126 21 3
126 44 1
126 53 1
126 72 1
126 127 1
126 156 3
126 159 3
127 38 2
127 62 1
127 104 1
128 25 3
128 27 3
128 74 2
128 88 1
128 94 3
128 99 2
128 136 2
129 16 2
129 18 3
129 33 1
129 54 3
129 96 3
129 112 2
129 160 3
130 38 1
130 59 2
130 131 3
131 52 2
131 115 2
131 136 1
131 143 1
131 160 1
132 16 1
132 17 3
132 53 2
132 54 1
132 82 3
132 86 3
132 126 1
132 126 3
132 144 1
133 47 1
133 62 2
133 94 1
133 100 1
133 125 1
133 190 3
134 16 2
134 47 2
134 65 1
134 80 2
134 87 2
134 117 1
134 177 3
135 5 1
135 22 3
135 61 2
135 69 3
135 87 2
135 126 1
136 9 2
136 13 1
136 61 1
136 72 3
136 74 1
136 99 2
136 129 2
136 187 2
137 42 2
137 53 3
137 54 1
137 61 2
137 75 1
137 141 1
137 149 3
138 80 2
138 103 3
138 113 1
138 130 1
138 130 3
138 151 1
138 191 1
139 13 2
139 33 3
139 69 1
139 147 2
139 157 1
139 183 1
140 15 2
140 43 1
140 48 3
140 117 1
140 143 2
140 166 2
141 4 3
141 55 3
141 99 3
141 167 1
141 167 3
141 185 2
141 191 2
142 32 2
142 34 3
142 64 2
142 88 2
142 91 1
142 95 3
142 103 2
142 145 2
143 52 3
143 87 2
143 112 3
143 128 2
143 131 2
143 139 1
144 8 1
144 61 2
144 64 1
144 73 3
145 7 3
145 24 1
145 31 2
145 69 1
145 130 3
145 154 1
146 17 1
146 24 2
146 46 1
146 70 2
146 85 2
146 110 3
146 131 1
146 163 2
146 168 1
147 9 3
147 34 3
147 50 2
147 57 2
147 65 2
147 97 2
147 115 2
147 121 3
147 143 3
148 22 2
148 87 2
148 97 3
148 132 1
148 143 1
148 173 3
148 192 2
149 21 1
149 152 3
149 172 1
149 177 2
150 25 1
150 94 1
150 105 3
150 141 2
150 173 2
150 176 3
150 189 1
151 5 3
151 103 2
151 108 2
152 2 2
152 19 3
152 57 3
152 68 1
152 90 3
152 121 3
152 161 1
152 168 2
152 171 2
153 135 2
153 155 2
153 167 1
154 95 3
154 179 1
155 53 2
155 60 2
155 99 1
155 103 3
155 114 2
155 138 1
155 167 2
155 175 2
155 177 3
156 21 2
156 76 1
156 86 1
156 105 1
156 127 2
156 140 3
156 155 2
157 33 2
157 53 3
157 95 1
157 138 1
157 158 2
157 167 2
157 180 3
157 183 3
157 186 3
158 8 3
158 61 2
158 71 2
158 82 3
158 92 3
158 97 2
158 123 2
158 160 1
158 184 3
159 38 2
159 63 2
159 121 2
160 4 1
160 22 2
160 48 1
160 54 1
160 94 2
160 113 2
160 143 3
160 157 3
160 182 2
161 64 2
161 75 1
161 81 3
161 89 1
161 106 2
161 113 2
161 139 2
161 181 3
162 5 3
162 26 1
162 33 3
162 121 2
162 125 2
162 146 1
163 8 2
163 38 1
163 56 1
163 71 1
163 81 2
163 141 2
163 145 2
163 160 1
163 189 2
164 14 3
164 56 3
164 85 1
164 93 3
164 103 3
164 127 2
165 10 1
165 19 1
165 29 1
165 88 2
165 90 1
165 163 3
165 166 3
165 169 2
165 173 1
166 46 1
166 84 2
166 149 3
166 152 2
166 155 2
166 184 3
167 186 2
168 1 1
168 23 2
168 74 3
168 95 1
168 108 2
168 131 3
168 138 1
169 22 1
169 27 1
169 38 2
169 48 2
169 48 3
169 87 2
169 93 3
169 113 3
169 173 3
169 185 2
170 56 3
170 81 1
170 117 2
170 123 1
170 136 1
171 67 2
171 69 3
171 120 3
171 177 3
171 186 1
172 38 2
172 42 3
172 51 3
172 81 3
173 2 3
173 38 2
173 54 1
173 70 2
173 77 3
173 89 3
173 96 3
173 126 3
173 127 2
174 17 3
174 30 2
174 101 2
174 168 2
175 67 2
175 139 3
175 177 3
176 91 3
176 140 2
177 33 2
177 74 2
177 105 2
177 133 3
177 158 3
178 45 3
178 61 2
178 94 2
178 110 1
178 134 3
178 149 3
179 3 1
179 58 2
179 135 1
179 149 1
179 168 2
179 177 2
180 3 1
180 6 2
180 78 2
180 94 2
180 135 2
180 155 2
180 157 1
180 165 1
181 67 3
181 185 1
181 190 1
182 17 3
182 49 3
182 51 3
182 61 3
182 81 3
182 86 1
182 124 3
182 144 2
182 151 3
182 179 3
182 180 2
183 51 3
183 75 2
183 81 1
183 86 3
183 96 1
183 112 1
183 162 1
183 186 2
184 22 1
185 65 2
185 77 3
185 114 3
185 127 1
186 10 2
186 30 3
186 78 1
186 81 3
186 97 3
187 18 3
187 29 2
187 94 3
187 149 2
187 171 1
188 44 2
188 139 1
188 146 2
189 28 1
189 149 2
190 25 1
190 65 2
190 80 1
190 120 1
190 153 2
190 175 1
191 20 3
191 47 3
191 59 2
191 81 2
191 88 2
191 99 3
191 103 2
191 110 1
191 112 1
191 162 2
191 167 2
192 42 3
192 64 1
192 90 1
192 112 1
192 125 1
192 145 3
192 172 2
