3
200 1215
2 3 1 1 2 2 2 3 1 2 3 2 1 1 2 2 1 2 3 1 2 1 3 3 3 1 3 3 3 1 1 2 2 2 2 3 3 1 2 2 3 2 3 3 1 3 3 2 1 2 2 2 1 2 2 2 3 2 2 1 2 3 1 2 3 1 1 3 2 3 1 2 1 1 2 3 2 3 3 2 3 2 3 3 1 1 3 1 1 2 2 1 1 2 3 1 3 2 1 2 1 1 3 2 1 3 3 1 2 3 3 3 1 2 2 1 2 1 2 2 1 2 2 1 2 2 2 2 3 1 2 3 2 2 1 2 2 3 3 3 3 3 3 1 2 1 3 3 3 2 3 1 3 3 1 3 2 2 2 2 1 1 3 2 1 3 1 3 1 1 2 3 2 3 1 2 2 2 1 1 1 2 3 1 2 1 2 3 3 3 2 2 3 3 2 3 1 3 3 3 
1 9 3
1 44 1
1 184 3
1 192 3
1 197 2
2 1 2
2 25 1
2 38 1
2 60 3
2 79 1
2 79 3
2 105 1
2 121 2
2 134 1
3 38 1
3 60 2
3 85 3
3 146 1
4 42 2
4 47 2
4 51 1
4 134 2
4 137 1
4 167 1
4 170 3
5 28 1
5 89 2
5 98 2
5 180 1
5 183 1
5 188 2
6 66 2
6 83 1
6 84 1
6 90 1
6 116 1
6 119 1
6 120 1
6 165 1
7 11 3
7 103 1
7 112 1
7 115 2
7 184 2
8 29 3
8 79 2
9 18 1
9 74 3
9 78 1
9 104 3
9 200 2
10 38 3
10 78 3
10 135 3
10 166 1
11 26 2
11 52 1
11 90 1
11 127 3
11 176 3
11 198 1
12 15 1
12 19 1
12 64 2
12 95 2
12 106 1
12 146 3
12 194 3
13 18 2
13 28 2
13 35 3
13 60 2
13 113 3
13 119 1
13 128 3
13 177 3
13 196 1
14 5 1
14 20 3
14 34 3
14 196 2
15 18 1
15 36 1
15 58 1
15 117 3
15 178 3
16 43 3
16 58 1
16 135 3
17 21 1
17 36 2
17 87 2
17 101 1
17 176 3
17 184 2
18 11 3
18 66 2
18 147 3
18 169 1
18 174 3
18 188 2
19 10 2
19 24 3
19 84 3
19 99 1
20 128 2
20 159 2
20 168 1
20 169 1
21 13 3
21 25 2
21 33 3
21 100 3
22 59 3
22 90 3
22 95 1
22 99 1
22 105 2
22 108 3
22 113 3
22 147 3
22 179 3
22 189 3
23 41 1
23 58 3
23 66 2
23 172 3
23 180 1
24 12 3
24 51 3
24 53 2
24 86 2
24 94 2
24 126 2
24 130 3
24 147 2
24 178 1
24 194 1
25 15 3
25 43 1
25 45 3
25 79 2
25 97 3
25 122 1
25 164 2
26 19 3
26 168 3
26 181 3
27 3 3
27 10 1
27 88 3
27 98 3
27 129 1
27 145 1
27 193 2
28 3 3
28 91 2
28 92 3
28 96 1
28 105 3
29 9 1
29 22 3
29 41 3
29 87 1
29 123 2
29 133 1
29 136 2
29 190 2
30 47 2
30 49 2
30 116 2
30 124 3
30 131 1
30 170 2
30 175 1
30 181 3
31 6 2
31 102 1
31 164 3
31 174 1
31 191 1
32 21 3
32 70 3
32 97 2
32 101 2
32 163 1
32 192 1
33 3 1
33 7 2
33 30 3
33 52 3
33 95 2
33 119 3
33 139 2
33 143 1
34 10 1
34 31 2
34 37 1
34 84 3
34 191 3
35 22 1
35 86 1
35 161 1
36 31 2
36 33 2
36 65 3
36 84 3
36 139 2
36 144 1
37 7 1
37 39 1
37 89 3
37 102 3
37 149 1
37 159 3
37 160 1
37 175 1
38 44 2
38 64 2
38 110 3
38 128 1
38 143 3
38 170 3
39 29 3
39 38 2
39 64 3
39 82 1
39 90 2
39 96 3
39 99 1
39 135 3
39 137 3
40 37 3
40 39 3
40 139 3
40 143 3
40 162 3
41 39 3
41 69 3
41 146 2
41 175 1
41 175 3
42 3 2
42 23 1
42 40 3
42 70 2
42 157 2
42 166 2
43 23 2
43 85 1
43 174 3
43 186 1
43 188 3
44 100 3
44 111 2
44 146 3
45 10 3
45 12 1
45 154 1
45 182 2
46 11 3
46 22 2
46 184 3
46 190 2
47 2 2
47 114 1
47 136 3
47 151 3
47 177 3
47 188 1
48 29 2
48 53 1
49 23 1
49 27 2
49 104 3
49 124 1
49 184 2
50 28 2
50 33 3
50 46 2
50 57 1
50 74 2
50 77 2
50 99 2
50 141 1
51 100 2
51 164 1
51 177 2
52 27 1
52 68 1
52 83 1
52 86 2
52 114 1
52 124 2
52 131 3
52 166 1
52 194 3
52 199 3
53 23 2
53 34 3
53 38 3
53 109 2
54 77 1
54 78 1
54 113 2
54 185 2
54 200 1
55 64 1
55 90 1
55 128 3
55 150 3
55 168 3
56 31 3
57 62 1
57 103 3
57 126 1
57 142 2
57 150 3
57 153 2
57 179 3
57 180 2
58 15 3
58 39 2
58 49 1
58 74 3
58 85 2
58 182 3
58 194 2
59 6 1
59 52 3
59 95 1
59 200 1
60 30 3
60 189 2
61 21 2
61 51 3
61 100 3
61 105 1
61 136 3
62 42 1
62 48 3
62 64 1
62 71 3
62 77 1
62 100 2
62 126 2
62 126 3
62 183 2
63 22 2
63 36 3
63 44 2
63 50 1
63 106 1
63 126 1
63 156 3
64 111 3
64 154 1
64 180 3
65 95 1
65 159 2
66 39 1
66 64 2
66 73 1
66 89 3
66 97 3
66 116 1
66 131 2
66 139 2
66 186 2
67 60 2
67 124 1
67 146 2
67 152 2
68 33 1
68 56 1
68 74 3
68 109 1
68 128 1
68 171 3
69 46 1
69 80 3
69 102 1
69 124 2
69 125 3
69 161 2
69 189 3
69 192 2
70 27 2
70 37 1
70 92 2
70 165 3
70 167 1
70 200 2
71 16 3
71 37 1
71 72 2
71 83 1
71 141 3
71 180 1
72 91 2
72 107 1
72 110 2
72 178 3
73 1 2
73 5 1
73 64 3
73 152 1
74 16 3
74 35 1
74 114 3
74 123 1
74 129 1
74 155 3
74 156 2
75 27 2
75 42 1
75 73 2
75 107 2
75 118 3
75 183 1
75 187 3
76 45 1
76 47 3
76 101 2
77 1 3
77 31 1
77 64 3
77 93 3
77 96 1
77 134 1
78 42 1
78 66 3
78 96 2
78 111 2
78 153 2
78 155 1
78 173 3
79 1 3
79 40 3
79 54 1
79 80 1
79 85 3
79 123 1
79 137 2
79 154 1
79 157 3
79 167 1
79 172 2
80 15 2
80 86 1
80 102 1
80 107 3
80 147 2
80 189 1
81 4 3
81 13 3
81 75 3
81 83 2
81 105 3
82 13 1
82 57 1
82 65 3
82 109 2
82 141 1
82 187 3
83 68 3
83 95 2
83 122 1
83 145 3
83 147 3
84 1 2
84 92 1
84 108 2
84 117 1
84 127 3
84 154 3
85 3 1
85 17 2
85 63 1
85 114 3
85 187 2
86 35 2
86 110 1
86 128 1
86 157 1
87 18 1
87 30 3
87 166 1
87 172 1
87 177 2
88 22 3
88 28 2
88 71 2
88 136 2
88 153 3
88 170 1
88 198 3
89 46 3
89 60 2
89 114 2
89 121 3
89 135 3
89 136 1
89 168 1
89 188 2
90 5 2
90 28 2
90 53 2
90 58 3
90 124 2
90 149 2
90 171 3
90 178 1
91 82 1
91 126 2
91 149 3
91 194 2
91 198 3
92 4 3
92 54 3
92 55 3
92 59 1
92 153 2
92 173 1
93 14 1
93 18 3
93 28 1
93 34 3
93 63 1
93 75 3
93 96 1
93 126 1
93 146 1
93 165 1
93 173 1
93 176 2
93 176 3
93 183 2
93 193 2
94 15 3
94 27 3
94 118 2
94 125 1
94 168 1
94 175 3
94 189 2
95 25 3
95 35 1
95 46 2
95 46 3
95 51 3
95 63 1
95 71 3
95 87 2
95 153 2
96 28 3
96 32 2
96 50 2
96 72 2
96 84 3
96 86 3
96 106 1
96 115 1
96 116 1
96 117 3
96 166 1
97 5 1
97 62 3
97 86 2
97 100 1
97 136 3
97 140 1
97 196 3
98 17 1
98 52 3
98 78 2
98 105 1
98 180 1
99 15 3
99 30 3
99 101 1
99 103 3
99 163 2
99 171 1
100 35 1
100 83 2
100 115 1
100 159 1
100 172 2
100 176 3
100 187 2
100 192 3
100 196 3
101 15 2
101 85 2
101 109 2
101 141 1
101 165 1
101 183 2
102 17 2
102 39 3
102 58 1
102 89 3
102 126 3
102 152 2
102 156 2
102 176 3
102 180 2
103 47 2
103 69 3
103 164 1
103 173 3
103 175 3
103 179 1
104 49 2
104 127 3
104 137 3
104 154 2
104 162 2
104 176 1
104 184 1
104 186 1
105 18 1
105 26 1
105 69 3
105 79 3
105 123 3
105 199 1
106 12 2
106 34 2
106 69 1
106 157 3
106 161 1
107 17 3
107 70 1
107 100 2
107 114 2
107 190 1
108 113 3
108 141 2
108 188 1
109 80 1
109 115 2
109 128 3
109 130 3
109 135 2
109 150 2
109 200 2
110 7 2
110 22 2
110 36 3
110 136 2
110 149 2
110 184 3
111 11 3
111 25 2
111 69 2
111 86 3
111 163 1
112 98 2
112 111 1
112 113 2
113 47 3
113 61 2
113 124 1
113 141 2
113 182 3
114 10 3
114 15 2
114 32 1
114 47 2
114 53 2
114 111 3
114 131 2
114 153 3
114 185 3
115 1 3
115 47 3
115 66 3
115 84 3
115 116 1
115 152 1
115 174 2
115 184 1
115 192 3
115 199 3
116 110 1
116 155 3
117 53 3
117 159 3
117 164 2
117 185 3
118 72 3
118 125 1
118 143 3
119 33 3
119 37 3
119 121 1
119 128 3
119 167 3
119 179 1
119 184 1
120 61 1
120 73 3
120 93 2
120 162 1
120 199 3
120 200 1
121 22 3
121 45 3
121 60 2
121 67 2
121 99 3
121 161 1
122 6 2
122 17 1
122 25 3
122 42 3
122 61 2
122 65 1
122 77 2
122 106 2
122 120 3
122 180 2
123 14 3
123 56 3
123 78 2
123 95 2
123 98 3
123 195 1
123 195 2
124 13 2
124 35 2
124 91 3
124 103 1
124 120 1
124 139 1
124 159 1
125 64 3
125 67 2
125 75 2
125 83 3
125 199 1
125 200 1
126 64 2
126 70 2
126 79 1
126 88 1
126 106 1
126 113 1
126 190 2
126 199 3
127 46 3
127 149 3
128 129 3
128 138 1
128 175 1
129 12 2
129 29 3
129 58 2
129 62 3
129 183 1
129 188 1
130 87 2
130 148 2
130 180 1
130 190 1
131 17 3
131 40 1
131 40 2
131 51 3
131 106 3
131 157 2
132 23 2
132 119 1
132 130 3
132 144 2
132 194 1
133 69 3
133 123 2
133 140 3
133 170 2
133 178 1
134 84 1
134 86 2
134 103 3
135 69 2
135 107 2
135 108 1
135 180 1
136 27 1
136 94 3
136 143 1
136 150 2
136 151 1
136 151 3
136 185 1
136 199 3
137 12 1
137 76 1
137 79 3
137 114 1
137 197 1
138 58 3
138 117 2
138 125 3
138 145 3
139 12 2
139 29 2
139 34 3
139 74 1
139 77 3
139 86 2
139 100 1
139 112 1
140 40 2
140 87 3
140 158 2
140 186 3
140 197 2
141 23 1
141 62 3
141 116 3
141 124 2
141 126 3
141 152 2
141 173 3
142 36 3
142 90 2
142 101 3
142 137 1
142 151 1
142 153 2
142 172 3
142 179 3
142 194 3
143 60 2
143 95 3
143 132 1
143 141 3
143 145 1
143 152 1
143 155 1
143 161 2
143 165 3
143 168 3
144 20 2
144 22 3
144 61 2
144 96 1
144 106 1
144 181 1
144 184 2
145 16 1
145 44 1
145 56 1
145 66 3
145 101 3
145 146 2
145 185 3
145 200 2
146 30 2
146 62 2
146 66 3
146 94 3
146 121 2
146 147 1
146 176 1
146 199 1
147 50 1
147 70 2
147 77 2
147 120 1
147 128 1
148 5 3
148 89 3
148 119 2
148 188 1
149 16 3
149 80 3
149 110 2
150 43 3
150 47 3
150 63 1
150 109 3
151 28 1
151 103 1
151 140 3
151 177 1
152 52 3
152 103 1
152 147 3
152 168 2
153 33 3
153 75 2
153 96 1
153 148 3
154 75 3
154 119 2
154 170 2
155 3 3
155 12 3
155 47 1
155 55 1
155 75 1
155 111 3
155 117 1
155 119 2
155 125 1
155 170 3
156 8 1
156 11 3
156 20 3
156 27 3
156 33 2
156 35 3
156 43 2
156 48 3
156 58 1
156 62 3
156 109 3
156 115 1
156 118 2
157 38 1
157 39 3
157 54 3
157 120 2
157 126 2
157 133 3
157 154 1
157 169 1
157 171 2
157 199 2
158 51 1
158 71 1
158 109 2
158 133 3
158 151 3
158 199 2
159 25 1
159 117 2
159 122 2
159 132 1
159 136 2
159 161 2
159 173 3
160 12 1
160 62 1
160 87 1
160 94 1
160 110 1
160 116 2
160 122 2
160 167 1
161 55 3
161 73 1
161 145 3
162 8 1
162 13 2
162 28 2
162 62 3
162 85 3
162 100 3
162 102 3
162 118 1
162 169 1
162 173 1
162 178 1
162 179 3
162 180 3
163 44 3
163 56 1
163 58 2
163 60 1
163 64 3
163 93 2
163 109 3
163 140 2
163 150 1
163 166 2
163 192 2
163 198 2
164 5 3
164 116 1
164 181 2
164 187 3
164 199 1
165 40 2
165 50 1
165 121 3
165 151 2
165 164 3
165 167 1
165 172 1
165 172 2
165 182 1
165 194 1
165 198 3
166 66 1
166 66 3
166 100 2
166 110 1
166 159 1
166 193 3
167 13 3
167 26 1
167 39 3
167 112 2
167 197 1
168 30 1
168 32 3
168 45 1
168 121 3
168 151 2
168 178 1
168 181 1
169 172 1
169 197 3
170 85 2
170 110 3
171 36 1
171 54 1
171 127 2
171 168 3
171 196 3
171 199 2
172 16 2
172 115 2
172 127 3
172 140 2
172 152 1
172 173 3
172 176 3
172 198 3
173 43 1
173 151 2
173 175 2
173 176 2
173 191 2
174 10 2
174 38 1
174 51 1
174 143 3
174 159 2
175 39 1
175 103 1
175 153 1
175 161 1
175 166 2
175 176 1
175 176 2
175 191 3
175 200 2
176 58 1
176 106 1
176 193 3
176 199 2
177 13 3
177 49 3
177 59 2
177 62 3
177 69 2
177 80 3
177 96 2
177 200 3
178 35 1
178 98 3
178 108 1
178 118 2
178 142 2
178 153 2
179 4 3
179 17 1
179 64 2
179 64 3
179 94 1
179 132 1
179 139 2
179 169 2
179 183 1
179 200 1
180 29 2
180 65 2
180 120 1
180 185 3
180 186 1
180 186 3
181 33 1
181 43 2
181 47 1
181 77 1
181 84 3
181 132 3
181 159 2
181 178 2
181 189 1
181 199 2
182 6 3
182 112 2
182 128 3
182 133 2
182 149 1
182 160 1
183 5 2
183 5 3
183 11 2
183 19 3
183 33 1
183 97 2
184 16 2
184 68 2
184 84 3
184 98 1
184 118 3
184 135 3
184 139 3
184 154 1
184 157 3
184 176 2
185 3 2
185 33 1
185 62 3
185 100 2
185 134 1
186 5 2
186 116 3
186 130 3
186 158 3
187 7 3
187 48 1
187 71 3
187 73 3
187 108 1
187 109 1
187 122 2
187 135 3
188 23 3
188 93 2
188 118 3
188 132 1
188 146 2
188 172 1
188 193 2
189 25 2
189 112 1
190 86 2
190 121 3
190 129 2
190 165 3
191 63 3
191 74 1
191 75 2
191 91 2
191 165 2
191 171 3
192 54 2
192 77 3
192 91 1
192 123 1
192 146 2
192 148 2
192 195 3
192 197 1
192 198 3
193 40 3
193 52 2
193 68 1
193 84 3
193 141 2
193 162 1
193 168 2
193 172 1
194 24 1
194 35 3
194 100 3
194 124 1
194 148 2
194 157 3
194 165 3
195 57 3
195 64 2
195 198 1
196 89 1
196 94 2
196 97 2
196 125 1
196 127 2
196 129 3
196 176 3
197 7 2
197 60 3
197 73 1
197 110 3
197 115 1
197 118 2
197 118 3
197 131 3
197 143 3
198 17 2
198 88 3
198 121 1
198 170 3
198 191 2
198 194 3
198 197 3
199 4 1
199 7 3
199 114 1
199 151 1
199 185 2
200 12 2
200 40 3
200 162 3
200 179 3
200 181 2
200 1168
1 1 2 2 1 2 3 1 1 3 1 1 3 3 2 2 2 3 3 3 1 1 2 3 2 2 2 3 3 3 2 3 2 3 2 2 1 2 2 3 1 1 1 1 1 2 1 3 1 3 3 3 1 1 3 3 2 2 2 3 3 1 2 3 2 3 1 2 3 3 3 1 1 3 2 1 2 3 3 3 1 1 3 2 1 3 2 2 2 3 1 1 3 2 1 1 2 1 2 3 2 2 2 2 1 2 2 1 2 1 2 1 1 2 2 1 3 2 1 3 3 1 1 1 3 3 2 2 3 1 1 3 1 1 3 2 2 3 3 2 3 2 2 3 3 3 2 1 3 1 2 3 3 1 2 1 2 3 2 3 2 2 3 2 2 1 1 1 3 2 2 1 1 1 2 1 2 3 3 3 2 2 2 1 3 3 1 1 2 1 2 3 3 2 2 1 2 1 3 1 
1 19 1
1 29 2
1 58 1
1 84 1
1 117 2
1 143 2
1 170 2
2 28 1
2 33 3
2 81 3
3 133 1
3 140 3
3 169 3
3 183 2
4 30 1
4 93 3
4 130 1
5 23 3
5 117 2
6 82 1
6 96 2
6 127 3
6 149 2
6 156 3
6 185 1
7 1 1
7 16 1
7 25 2
7 77 2
7 78 3
7 155 2
7 173 2
7 184 3
8 21 2
8 39 3
8 70 3
8 89 2
8 114 2
8 120 2
8 178 3
9 27 3
9 85 1
9 86 1
9 103 1
9 106 2
9 132 2
9 150 1
9 161 1
9 177 3
9 180 2
9 188 1
10 18 1
10 27 3
10 72 1
10 81 1
10 130 2
10 163 1
10 182 2
10 188 3
11 95 3
11 114 3
11 126 2
11 140 1
11 148 1
12 10 1
12 21 2
12 23 2
12 46 2
12 57 3
12 84 2
12 129 3
12 141 3
12 197 2
13 84 3
13 131 3
13 134 2
13 138 2
14 6 1
14 12 3
14 99 1
14 100 2
14 117 2
14 130 3
14 170 3
15 34 1
15 89 1
15 122 2
15 163 2
16 46 2
16 153 1
17 66 2
17 128 1
17 175 2
17 193 1
18 22 1
18 78 3
18 91 3
18 97 3
18 196 3
19 34 3
19 113 1
19 133 2
19 147 2
19 157 3
19 191 2
20 7 3
20 10 1
20 71 2
20 79 2
20 141 3
20 146 3
21 19 3
21 24 3
21 39 1
21 139 1
22 52 2
22 60 3
22 69 2
22 84 2
22 107 3
22 116 3
22 168 2
22 175 2
23 7 3
23 17 1
23 43 3
23 53 3
23 55 1
23 83 3
23 180 2
24 78 1
24 138 1
24 148 3
24 183 2
25 4 3
25 28 1
25 41 2
25 50 3
25 55 2
25 68 2
25 92 2
25 133 1
25 143 2
25 152 2
26 71 2
26 148 3
26 155 1
27 19 2
27 26 1
27 50 2
27 58 1
27 74 1
28 7 2
28 17 1
28 32 3
28 129 3
28 138 3
28 142 1
28 186 1
29 12 1
29 110 2
29 158 3
29 192 3
29 193 2
29 195 2
30 25 1
30 126 1
30 163 1
30 176 1
30 177 2
30 193 3
31 30 2
31 65 2
31 160 2
32 69 2
32 80 2
32 92 1
32 198 3
33 34 2
33 37 1
33 39 1
33 98 1
33 131 1
33 132 1
33 157 2
33 160 1
33 174 2
33 183 2
34 17 1
34 47 3
34 91 3
34 128 3
34 136 2
34 152 3
34 195 3
35 10 3
35 70 3
35 80 3
35 81 2
35 102 1
35 121 3
35 130 1
35 157 2
35 177 2
35 194 2
36 81 2
36 142 3
36 150 3
37 10 3
37 108 2
38 8 1
38 9 2
38 94 2
38 116 3
38 128 1
38 136 1
38 198 3
39 13 3
39 102 1
39 117 3
40 10 2
40 48 3
40 57 3
40 113 1
40 125 1
40 135 1
40 143 1
40 183 3
41 47 1
41 56 3
41 110 2
41 112 3
41 179 2
42 18 3
42 26 1
42 40 1
42 99 1
42 108 1
42 108 3
42 111 2
42 191 2
43 4 3
43 45 1
43 50 3
43 66 2
43 107 3
43 113 2
43 152 1
43 167 2
44 9 2
44 14 3
44 42 3
44 72 2
44 95 2
44 106 1
44 177 1
45 61 1
45 77 2
45 158 2
45 160 3
46 37 2
46 55 1
46 59 2
46 106 2
46 133 1
46 144 3
46 187 2
46 190 2
46 199 3
47 40 1
47 59 1
47 72 2
47 85 3
47 87 1
47 138 2
47 141 2
48 20 1
48 65 1
48 65 2
48 176 1
49 30 3
49 59 1
49 115 2
49 161 3
49 170 2
50 27 1
50 40 1
50 56 1
50 71 3
50 132 1
50 198 2
51 11 3
51 112 2
51 130 2
51 153 3
51 195 1
52 104 1
52 151 3
53 38 2
53 172 1
53 194 1
54 19 1
54 99 2
54 108 2
54 128 1
54 155 3
54 163 1
54 190 3
55 14 1
55 31 2
55 64 3
55 167 3
55 169 3
55 171 3
55 175 1
56 17 3
56 63 2
56 111 1
56 116 3
56 148 2
56 190 3
57 41 3
57 46 2
57 97 3
57 109 3
57 116 2
57 130 1
58 22 2
58 23 3
58 32 3
58 62 1
58 184 1
59 14 2
59 19 1
59 20 3
59 42 1
59 107 1
59 125 2
59 144 1
59 165 3
59 192 1
59 194 1
60 32 1
60 51 3
60 65 2
60 150 1
60 159 2
61 24 2
61 110 1
61 133 1
61 160 1
62 67 2
62 93 1
62 121 3
62 144 2
62 184 3
63 70 2
63 86 3
63 105 2
63 131 3
63 134 3
63 185 3
64 39 1
64 43 3
64 51 2
64 62 2
64 125 1
64 155 2
65 7 2
65 58 3
65 59 2
65 176 2
66 8 1
66 26 3
66 114 2
66 178 3
67 5 3
67 13 1
67 27 2
67 32 1
67 60 3
67 200 1
68 33 1
68 34 1
68 71 3
68 81 2
68 159 2
69 21 1
69 137 2
70 84 1
70 93 1
70 95 2
70 99 3
70 182 1
71 6 3
71 45 1
71 58 3
71 73 3
71 127 2
71 171 3
72 19 1
72 51 1
72 62 3
72 99 2
72 103 3
72 129 2
72 164 2
73 9 1
73 56 3
73 92 3
73 107 3
73 196 1
74 29 3
74 59 1
74 65 1
74 116 2
74 192 2
75 1 2
75 30 3
75 46 3
75 64 1
75 85 2
75 147 1
75 191 1
76 22 3
76 45 3
76 50 1
76 81 3
76 97 1
76 148 2
76 150 1
76 171 3
77 37 2
77 47 3
77 54 3
77 80 1
77 122 1
77 123 2
77 125 2
77 145 2
77 164 2
78 20 1
78 25 3
78 62 2
79 2 2
79 51 1
79 116 2
79 124 1
79 127 1
79 153 2
79 192 1
80 45 2
80 74 3
80 89 1
80 114 3
80 116 2
80 142 3
80 170 3
81 15 1
81 33 2
81 44 3
81 79 3
81 119 2
81 121 2
81 125 2
81 137 2
81 196 1
81 198 2
82 55 2
82 73 3
82 107 1
82 121 3
82 126 2
82 131 2
82 141 2
82 161 1
82 181 1
82 192 3
83 39 1
83 56 2
83 91 2
83 93 1
83 101 3
83 136 1
83 136 3
83 169 3
83 200 2
84 2 3
84 52 1
84 61 1
84 122 2
84 131 2
84 151 2
85 23 2
85 25 3
85 51 3
85 117 1
85 144 1
85 145 1
85 181 1
85 182 1
86 23 1
86 45 3
86 50 3
86 116 3
86 154 1
86 161 2
86 165 1
87 49 1
87 61 3
87 63 2
87 107 3
87 120 2
87 128 1
87 128 3
87 154 1
87 190 2
88 97 1
88 152 3
88 173 1
88 180 1
89 18 1
89 36 2
89 198 2
90 84 2
90 89 2
90 196 2
90 200 3
91 8 1
91 41 2
91 115 3
91 144 1
91 150 1
92 4 2
92 63 2
92 93 2
92 95 2
92 113 3
92 123 3
92 132 3
92 168 2
92 190 2
93 12 3
93 23 1
93 49 2
93 100 2
93 105 3
93 188 3
94 15 2
94 168 2
94 186 1
95 17 2
95 67 2
96 25 1
96 43 1
96 47 1
96 109 1
96 116 1
96 140 1
97 22 3
97 24 3
97 34 3
97 84 1
97 127 3
97 129 2
97 131 2
97 134 3
97 168 2
98 38 1
98 170 2
98 191 1
99 59 2
99 90 2
99 160 2
99 169 3
99 193 3
100 30 2
100 76 3
100 87 2
100 96 1
100 183 1
101 44 1
101 145 1
101 162 2
101 174 3
102 3 3
102 68 3
103 14 1
103 28 3
103 35 3
103 50 2
103 53 1
103 71 1
103 175 1
104 132 1
104 195 3
105 14 3
105 16 2
105 34 1
105 96 3
105 122 3
106 68 1
106 101 2
106 112 3
106 121 1
106 148 1
106 154 1
107 93 2
107 125 2
107 161 1
108 112 2
108 150 2
108 165 1
108 195 3
109 10 2
109 65 1
109 169 3
110 77 1
110 90 3
110 132 1
110 134 3
110 149 1
111 4 3
111 41 1
111 63 3
111 66 2
111 102 1
111 163 2
112 16 1
112 38 1
112 78 1
112 146 3
112 156 1
112 185 2
113 88 1
113 181 3
114 25 3
114 54 1
114 162 3
114 167 3
114 168 1
114 184 2
114 185 1
115 21 2
115 47 1
115 112 2
115 169 3
116 115 1
116 185 2
117 16 2
117 23 2
117 27 3
117 38 1
117 52 3
117 65 1
117 67 2
117 85 3
117 105 3
117 175 2
118 41 3
118 51 3
118 103 2
118 125 3
118 132 1
118 185 2
119 5 2
119 26 1
119 65 3
119 79 1
119 95 2
119 109 1
119 111 1
119 150 2
119 189 1
120 16 1
120 38 2
120 46 3
120 53 1
120 59 3
120 154 2
120 160 3
120 168 1
120 178 2
120 187 2
120 200 2
121 31 1
121 102 3
121 124 3
121 171 3
121 173 2
121 181 2
121 196 2
122 97 1
122 111 1
122 120 1
122 152 2
123 10 2
123 50 1
123 56 3
123 77 1
123 98 1
123 133 3
123 149 2
123 182 3
124 6 1
124 24 1
124 41 3
124 54 1
124 58 1
124 91 3
124 104 1
124 185 3
124 192 3
125 1 1
125 14 2
125 89 2
125 100 1
125 139 3
125 151 1
125 192 1
125 199 2
126 9 3
126 85 1
126 112 1
126 134 3
127 26 2
127 82 3
127 115 3
127 156 3
127 170 3
127 173 2
128 10 1
128 101 3
128 164 1
128 176 2
129 37 2
129 40 2
129 53 2
129 70 3
129 144 1
129 149 2
130 40 2
130 53 3
130 74 2
130 100 2
130 146 2
130 175 1
130 192 3
130 194 2
130 199 2
131 123 2
131 125 3
131 155 1
131 157 2
132 46 3
132 58 1
132 99 1
132 123 3
132 135 2
132 153 3
132 156 2
132 192 2
132 196 2
133 15 1
133 126 1
134 17 2
134 22 2
134 27 2
134 42 1
134 53 2
134 62 1
134 68 1
134 91 3
134 100 1
134 142 1
134 155 3
134 169 2
135 5 2
135 61 2
135 108 2
135 130 1
136 4 3
136 32 3
136 116 3
136 131 2
136 132 1
136 132 2
136 158 2
137 19 2
137 99 2
137 107 1
137 115 2
137 125 2
137 177 1
138 72 1
138 73 1
138 105 1
138 107 3
138 119 1
138 140 2
138 146 1
138 191 1
139 27 2
139 46 1
139 60 1
139 76 2
139 110 2
139 140 3
139 172 2
140 39 2
140 77 2
140 126 1
140 158 2
141 117 2
141 145 3
141 173 1
141 180 2
141 184 3
142 55 2
142 60 3
142 79 2
142 127 3
143 15 2
143 24 3
143 63 1
143 98 2
143 110 2
143 110 3
143 155 3
144 24 1
144 82 3
144 97 3
144 109 3
145 17 2
145 132 1
145 165 1
145 166 3
146 23 3
146 36 3
146 115 2
146 139 3
146 157 2
146 170 2
147 9 2
147 29 2
147 85 1
147 134 3
147 154 2
147 179 2
148 25 3
148 71 2
148 71 3
148 81 1
148 107 3
149 5 2
149 59 3
149 64 2
149 86 3
149 155 1
149 175 2
149 180 2
149 195 1
150 10 1
150 64 2
150 105 1
150 127 3
150 143 2
151 23 1
151 37 2
151 42 2
151 45 2
151 57 1
151 70 1
151 81 3
151 153 2
151 184 2
152 54 1
152 65 1
152 114 3
152 148 3
152 156 3
153 42 3
153 57 3
153 70 2
153 76 1
153 125 3
153 133 3
153 157 3
154 79 1
154 80 1
154 107 2
154 112 2
154 137 1
154 168 3
154 182 2
155 61 1
155 72 1
155 94 3
155 114 3
155 116 2
155 190 1
156 4 2
156 29 2
156 47 2
156 66 3
156 105 1
156 106 2
156 123 3
157 7 2
157 21 1
157 29 3
157 80 1
157 97 3
157 145 1
158 43 2
158 43 3
158 79 1
158 107 1
158 126 1
158 144 1
158 146 2
158 159 1
158 181 2
158 198 1
159 118 2
160 98 3
160 132 2
160 159 3
160 168 2
160 181 3
161 18 2
161 193 2
162 34 3
162 35 1
162 65 3
162 80 2
162 149 2
162 151 2
162 159 3
162 188 3
163 2 1
163 2 2
163 98 1
163 184 2
163 192 3
164 11 1
164 63 1
164 84 3
164 127 3
165 77 2
165 79 1
165 137 2
165 151 2
165 190 1
166 30 1
166 74 1
166 102 3
166 118 3
166 121 2
166 122 3
167 47 1
167 76 2
167 110 1
167 129 3
167 133 1
167 150 3
168 8 1
168 35 3
168 39 3
168 61 1
168 88 1
168 92 2
168 97 3
168 132 3
168 146 2
168 188 2
168 199 3
169 32 2
169 99 3
169 138 3
169 170 2
170 59 2
170 104 1
170 134 2
170 151 1
170 179 2
171 21 1
171 35 1
171 64 2
171 67 1
171 126 1
171 133 1
172 7 3
172 32 1
172 57 2
172 71 3
172 115 3
172 129 3
172 148 3
173 19 1
173 79 2
173 88 2
173 114 3
173 140 1
173 141 1
173 152 2
173 153 1
173 169 3
173 180 1
174 4 3
174 6 3
174 42 1
174 49 2
174 114 1
174 116 3
174 117 3
174 122 1
174 145 2
174 162 1
174 171 1
175 147 3
175 149 3
175 150 3
175 154 1
175 160 1
176 19 1
176 35 1
176 37 3
176 192 1
177 59 2
177 83 1
177 176 2
178 59 3
178 98 3
178 154 1
178 160 1
178 184 2
179 88 2
179 135 2
179 140 2
179 192 3
180 26 3
180 70 1
180 106 3
180 134 2
180 136 2
181 7 3
181 131 1
181 136 1
181 156 3
181 187 3
182 40 3
182 73 3
182 150 2
182 178 1
183 21 3
183 39 3
183 79 3
183 98 3
183 139 3
183 146 1
184 34 1
184 37 2
184 46 1
184 50 1
184 95 2
184 101 1
184 129 3
184 144 1
184 157 3
184 158 2
185 38 1
185 104 2
185 143 1
185 186 1
186 30 2
186 35 2
186 58 2
186 74 2
186 89 1
186 92 1
186 128 3
186 150 3
186 175 2
186 176 3
187 7 2
187 72 2
187 77 2
187 153 1
187 182 3
187 186 1
188 59 1
188 61 1
188 68 1
188 81 2
188 128 1
188 173 2
189 2 1
189 11 2
189 27 2
189 76 3
189 137 3
189 138 1
189 180 3
190 24 3
190 120 1
191 1 1
191 10 3
191 23 1
191 44 2
191 84 3
191 96 2
191 104 2
191 108 1
191 194 1
192 8 1
192 37 1
192 50 1
192 58 1
192 86 3
192 97 3
192 98 2
192 103 1
193 78 2
193 90 1
193 150 1
193 165 1
193 170 1
193 171 1
193 179 2
194 39 1
194 75 2
194 122 2
194 162 2
195 19 3
195 20 3
195 21 2
195 31 3
195 58 2
195 95 3
195 104 2
195 161 2
196 26 1
196 57 1
196 111 3
197 7 2
197 12 2
197 25 3
197 55 2
197 124 3
197 134 1
197 139 2
197 146 3
198 27 2
198 75 3
198 115 2
198 119 3
198 134 2
199 147 2
199 150 2
199 192 3
200 30 2
200 60 3
200 76 2
200 93 3
200 110 1
200 150 2
200 158 1
200 1192
1 3 1 1 3 1 3 2 3 1 3 3 2 2 3 2 3 3 1 1 1 1 3 1 2 2 2 2 3 3 2 2 2 1 3 1 1 2 3 2 1 2 3 2 3 2 2 2 1 3 1 2 2 3 1 1 3 3 3 2 2 3 1 3 2 2 2 2 1 3 3 2 3 2 1 3 3 3 2 3 3 1 2 1 1 2 2 1 3 1 1 3 2 2 2 1 1 1 2 1 3 3 2 3 1 3 3 1 2 3 1 2 1 3 2 2 1 2 2 2 1 3 2 3 3 1 3 1 3 1 1 1 2 3 3 1 3 2 3 1 1 3 3 2 2 3 1 1 3 2 3 2 2 1 2 1 3 1 2 1 1 2 2 3 3 1 1 1 3 1 1 1 2 2 1 3 1 1 3 1 2 3 1 3 1 3 2 3 3 1 3 1 3 1 2 2 1 2 3 3 
1 12 2
1 33 2
1 117 3
1 139 3
1 148 3
1 198 3
2 16 1
2 52 1
2 133 2
2 151 1
2 173 2
3 2 1
3 75 1
3 84 3
3 116 3
3 129 1
3 158 2
3 178 2
4 5 3
4 29 2
4 48 2
4 87 2
4 95 1
4 137 1
4 149 2
4 151 3
5 23 2
5 51 2
6 17 3
6 45 2
6 54 2
6 70 3
6 84 3
6 119 1
6 179 2
7 73 1
7 81 3
7 92 1
7 113 3
7 183 2
8 31 2
8 74 2
8 88 1
8 131 1
8 159 1
8 182 1
9 3 2
9 66 1
9 81 1
9 131 1
9 139 1
9 154 3
9 159 2
9 161 1
10 12 2
10 30 3
10 58 1
10 60 1
10 70 3
10 103 3
10 152 2
10 196 3
11 40 3
11 63 2
11 79 2
11 114 3
11 117 3
11 128 2
11 151 1
12 16 2
12 79 3
12 92 2
12 117 1
12 138 3
12 152 3
12 164 3
12 172 3
12 180 3
13 24 1
13 47 3
13 166 1
14 9 3
14 26 1
14 97 2
14 112 1
14 158 3
15 33 2
15 166 1
15 170 2
15 184 3
16 43 2
16 111 2
16 173 3
16 184 1
17 1 3
17 39 2
17 80 1
17 86 1
17 98 2
17 128 1
17 195 1
17 195 2
17 199 2
18 5 1
18 13 1
18 79 3
18 117 2
18 156 3
19 108 1
19 140 3
19 143 2
19 168 1
20 26 3
20 31 2
20 45 2
20 106 2
20 169 1
20 200 3
21 4 2
21 37 1
21 40 2
21 104 1
21 173 2
21 178 3
21 186 1
21 195 3
22 14 1
22 25 3
22 39 2
22 40 3
22 66 2
22 79 3
23 69 2
23 86 1
23 97 3
23 105 1
23 106 3
23 191 2
23 196 3
24 30 3
24 45 3
24 105 3
24 142 2
25 62 3
25 83 3
25 134 3
25 180 2
25 191 1
25 195 1
26 2 1
26 10 1
26 14 2
26 33 2
26 41 3
26 53 2
26 129 2
26 134 2
26 150 3
26 151 3
26 162 1
26 170 3
26 188 2
27 12 1
27 22 1
27 31 1
27 51 1
27 91 3
27 105 2
27 106 3
27 112 1
27 128 2
27 146 2
27 167 3
27 188 3
28 14 3
28 60 3
28 81 1
28 89 3
28 140 2
28 149 3
28 155 1
29 15 3
29 17 3
29 34 1
29 77 2
29 85 3
29 129 2
29 181 3
29 189 1
30 15 1
30 23 2
30 53 2
30 63 3
30 71 1
30 150 2
30 185 1
31 6 3
31 42 1
31 69 2
31 72 2
31 104 2
31 109 1
31 111 2
31 144 3
31 179 2
32 8 3
32 12 1
32 112 1
32 169 2
32 184 1
33 31 1
33 42 2
33 72 1
33 90 2
33 90 3
33 113 1
33 143 1
33 161 1
34 69 1
34 95 1
34 103 1
34 151 3
35 96 2
35 111 3
36 18 3
36 42 3
36 66 3
36 68 2
36 85 2
36 185 2
37 27 1
37 51 1
37 57 1
37 68 1
37 124 2
37 125 2
37 159 2
37 171 1
37 176 1
37 184 2
38 18 2
38 100 3
38 129 3
38 135 1
38 148 3
38 150 3
38 153 1
39 15 1
39 106 2
39 139 1
39 157 2
40 62 2
40 72 2
40 149 3
40 152 2
40 183 1
41 20 1
41 76 1
41 83 3
41 137 3
41 185 2
42 1 3
42 23 1
42 33 2
42 70 3
42 96 2
42 111 3
42 167 3
42 188 2
43 11 3
43 13 1
43 19 2
43 23 1
43 94 3
43 140 3
43 200 2
44 6 2
44 33 2
44 56 3
44 91 2
44 103 1
44 166 2
44 196 3
45 36 1
45 59 2
45 160 1
45 186 2
46 35 1
46 75 3
46 109 2
46 115 3
46 131 3
46 146 1
46 147 1
46 149 2
46 168 3
46 174 3
47 48 2
47 54 3
47 148 1
48 8 2
48 55 2
48 75 2
48 100 3
48 151 1
49 17 2
49 47 3
49 65 1
49 69 1
49 158 3
49 176 1
49 193 2
50 12 2
50 62 3
50 93 2
50 114 3
51 30 1
51 71 1
51 127 1
51 145 2
51 152 3
52 2 2
52 92 1
52 124 3
52 199 3
53 87 2
53 89 3
53 101 2
53 139 2
53 170 1
53 184 3
54 41 1
54 128 3
54 178 1
54 190 3
54 192 1
55 51 2
55 73 1
55 89 2
55 114 2
55 136 2
55 182 2
56 40 3
56 66 3
56 70 3
56 99 3
56 128 1
56 156 2
56 189 2
57 16 3
57 38 1
57 56 1
57 120 1
57 178 3
57 194 3
58 15 1
58 45 2
58 140 2
58 143 2
59 46 3
59 85 1
59 171 1
59 172 3
60 20 3
60 21 1
60 53 1
60 78 2
60 140 1
60 144 1
60 180 2
60 193 3
61 54 3
61 103 1
61 117 1
61 128 2
61 170 1
61 186 1
62 12 2
62 13 1
62 20 2
62 44 3
62 60 1
62 87 2
62 105 2
62 186 1
63 9 1
63 40 2
63 44 1
63 58 2
63 77 1
63 79 1
63 132 3
63 173 3
63 193 1
63 194 3
64 75 3
64 101 2
64 121 1
64 180 2
65 15 2
65 26 2
65 32 3
65 58 2
65 101 3
65 140 3
66 24 2
66 41 1
66 153 2
67 3 1
67 42 3
68 83 3
68 131 3
68 139 2
68 154 3
68 176 3
68 189 2
68 190 1
68 197 2
69 2 3
69 11 2
69 15 1
69 17 3
69 72 2
70 50 2
70 82 1
70 98 2
70 137 2
70 139 3
70 141 2
70 161 1
70 186 1
71 61 3
71 110 1
71 111 1
71 157 2
71 167 3
71 171 3
72 3 3
72 19 1
72 34 2
72 45 3
72 144 1
72 183 2
73 34 2
73 47 3
73 92 3
73 104 2
73 112 1
73 163 2
74 40 1
74 46 2
74 47 2
74 54 1
74 146 1
75 11 1
75 58 3
75 62 3
75 188 1
75 200 3
76 38 1
76 64 1
76 97 1
76 109 2
76 160 2
76 178 3
77 14 1
77 22 2
77 27 3
77 58 3
77 94 3
77 106 1
77 132 3
78 6 2
78 121 3
78 144 1
78 150 3
78 177 3
78 193 2
79 69 2
79 106 1
79 140 1
79 151 3
79 189 1
79 195 1
80 56 1
80 76 2
80 97 1
80 166 1
80 174 1
80 181 3
81 26 2
81 39 1
81 41 2
81 130 1
81 163 1
81 165 1
81 194 2
81 196 1
82 28 2
82 47 2
82 52 2
82 72 1
82 83 1
82 99 2
82 120 2
82 124 3
82 191 2
82 192 3
83 31 2
83 42 3
83 65 1
83 68 3
83 69 3
83 86 1
83 129 1
84 35 2
84 82 2
84 161 2
84 186 3
84 199 3
85 31 2
85 39 2
85 120 1
85 191 1
86 54 3
86 98 1
86 111 1
86 161 2
86 180 1
86 182 3
86 188 2
87 7 3
87 18 1
87 70 1
87 101 2
87 123 2
87 135 3
87 194 1
88 44 2
88 54 3
88 107 1
88 120 1
88 121 2
88 128 3
88 183 2
89 54 3
89 70 3
89 81 3
89 111 2
89 120 1
89 139 3
89 152 2
89 195 3
90 15 3
90 23 1
90 129 2
90 129 3
90 150 1
91 90 2
91 126 2
91 142 1
92 4 2
92 71 2
92 85 2
92 121 1
92 160 1
92 161 1
93 5 3
93 8 3
93 15 2
93 47 1
93 49 2
93 65 3
93 94 1
93 103 3
93 147 2
93 183 1
94 72 2
94 80 2
94 108 2
95 19 3
95 62 1
95 124 3
95 165 2
96 3 1
96 52 2
96 90 2
96 170 1
96 175 1
96 194 3
97 10 2
97 64 1
98 6 2
98 6 3
98 8 3
98 12 2
98 91 2
98 190 3
99 7 3
99 110 2
100 9 3
100 13 1
100 37 2
100 88 2
100 132 2
100 143 1
100 151 3
100 163 1
101 137 1
101 143 3
101 152 3
102 1 3
102 73 3
102 88 1
102 115 2
102 117 2
103 47 2
103 85 1
103 112 1
103 119 3
103 167 1
103 175 3
103 187 3
103 194 2
103 195 2
104 54 3
104 152 3
105 46 2
105 54 3
105 67 2
105 73 1
105 74 3
105 90 2
105 150 1
106 6 2
106 11 1
106 41 2
106 71 2
106 139 2
106 164 1
106 184 2
107 5 2
107 7 2
107 24 2
107 35 2
107 68 1
107 137 2
107 174 1
108 62 2
108 134 2
108 135 1
108 141 2
108 184 1
109 20 1
109 38 3
109 41 1
109 51 3
109 108 3
109 131 2
109 161 2
109 187 3
110 50 1
111 102 3
111 132 3
111 136 2
111 154 2
111 170 1
112 5 2
112 50 2
112 74 1
112 97 3
112 100 3
112 130 2
112 142 3
112 145 1
112 190 1
113 73 3
113 162 3
114 105 3
114 115 3
114 131 3
114 158 1
115 75 1
115 99 3
115 162 1
115 199 2
116 13 2
116 23 2
116 36 3
116 42 2
116 65 3
116 74 3
116 119 1
116 143 3
116 146 3
116 174 1
117 109 3
117 181 1
118 12 3
118 93 2
118 102 3
118 125 2
118 129 1
118 164 1
118 167 1
118 172 1
118 182 1
119 23 2
119 103 3
119 123 2
119 128 1
119 186 1
119 186 2
120 15 3
120 154 3
121 10 3
121 21 3
121 36 2
121 64 3
121 89 2
121 91 1
121 159 2
121 182 3
122 25 1
122 38 1
122 149 1
122 166 1
122 181 2
123 24 2
123 47 3
123 72 1
124 45 1
124 49 3
124 86 2
124 96 2
124 97 1
124 107 3
124 109 3
125 93 3
125 94 1
125 112 2
125 144 3
125 166 3
126 13 1
126 39 2
126 88 2
126 132 2
126 150 2
126 161 1
126 178 1
127 33 3
127 68 1
127 75 1
127 83 3
127 91 1
127 136 1
127 141 1
127 173 2
127 175 3
127 177 1
128 3 3
128 69 1
128 111 3
128 136 1
128 193 2
129 76 2
129 92 2
129 114 1
129 149 3
129 187 2
129 188 2
130 35 2
130 48 3
130 49 1
130 56 2
130 59 3
130 69 2
130 84 2
130 113 1
130 127 2
130 167 1
131 34 2
131 64 2
131 69 2
131 103 1
131 117 1
131 134 1
131 135 3
132 2 1
132 26 1
132 33 1
132 48 2
132 52 2
132 62 3
132 91 1
132 116 2
132 119 2
132 122 2
132 185 2
132 195 2
132 198 1
133 5 3
133 80 3
133 113 1
133 160 1
133 188 1
134 15 3
134 109 1
134 142 1
134 173 1
135 24 1
135 84 2
135 128 1
135 151 1
135 190 1
135 198 1
136 9 2
136 17 1
136 46 1
136 76 2
136 151 3
137 4 2
137 21 2
137 37 1
137 39 1
137 57 3
137 62 3
138 24 3
138 33 1
138 34 3
138 57 3
138 63 2
138 93 2
139 1 1
139 56 3
139 69 1
139 200 3
140 58 2
140 88 1
140 139 3
140 159 1
141 7 2
141 39 3
141 49 1
141 54 2
141 58 3
141 118 1
141 129 3
142 5 2
142 18 1
142 24 1
142 53 1
142 94 3
142 179 1
143 93 2
144 23 1
144 58 3
144 121 3
144 139 2
145 87 2
145 109 3
145 130 3
145 156 3
146 24 1
146 25 3
146 68 1
147 67 2
147 156 1
148 10 1
148 17 3
148 39 1
148 63 1
148 89 3
148 115 2
148 123 3
148 147 2
148 153 3
148 164 3
148 166 2
148 184 1
149 32 3
149 81 2
149 135 3
149 190 1
150 58 1
150 77 2
150 113 1
150 122 3
150 132 2
150 145 3
150 152 3
150 174 2
151 23 1
151 58 1
151 73 1
151 83 1
151 126 2
151 126 3
151 131 3
151 133 1
151 138 1
151 153 2
151 167 3
151 175 2
152 11 1
152 62 2
152 95 3
152 120 3
153 28 3
153 105 2
153 147 3
153 184 2
154 13 3
154 21 3
154 39 3
154 70 2
154 71 1
154 111 1
154 115 2
154 183 2
155 71 3
155 114 2
155 120 3
155 126 1
155 137 1
155 140 3
155 176 1
155 180 2
155 200 3
156 17 2
156 37 2
156 43 3
156 45 2
156 135 1
156 138 1
156 144 3
156 172 2
157 41 1
157 94 2
157 96 2
157 161 2
157 199 3
158 49 3
158 95 2
158 144 3
158 195 3
159 31 2
159 56 2
159 132 3
159 155 1
159 180 2
160 67 1
160 72 2
160 87 1
160 104 2
161 67 3
161 79 3
161 84 3
161 110 2
161 110 3
162 1 1
162 82 1
162 105 3
162 119 2
162 183 1
162 187 3
163 1 2
163 23 3
163 30 3
163 55 1
163 74 2
163 137 1
163 146 2
163 150 3
163 195 1
164 49 1
164 108 1
164 146 2
164 174 1
165 8 1
165 37 2
165 47 1
165 58 1
165 94 3
166 55 3
166 62 2
166 81 1
166 131 2
166 162 2
166 176 3
167 1 1
167 32 2
167 40 3
167 60 3
167 71 1
167 120 2
168 115 2
168 188 3
169 64 3
169 67 1
169 93 2
169 99 3
169 142 2
169 155 1
169 165 3
170 24 3
170 73 2
170 165 3
171 24 3
171 55 2
171 70 2
171 81 3
171 127 3
171 175 1
172 12 3
172 99 1
172 111 3
172 115 3
172 128 2
172 183 2
173 5 2
173 39 2
173 55 2
173 110 3
173 129 1
173 133 3
173 167 1
173 200 3
174 38 1
174 115 1
174 116 3
174 124 1
174 126 3
174 165 1
174 166 3
174 175 3
174 190 2
175 40 2
175 48 1
175 129 2
175 158 3
176 3 3
176 26 1
176 75 2
176 147 2
177 45 3
177 72 2
177 73 1
177 100 3
177 109 3
177 152 1
178 49 1
178 52 3
178 54 3
178 78 2
178 83 3
178 115 2
178 199 3
179 45 2
179 132 1
179 150 2
179 155 1
179 157 3
179 170 2
179 177 1
179 198 3
180 45 2
180 94 1
180 166 1
180 169 1
180 196 2
181 29 2
181 37 2
181 137 2
181 142 3
182 56 1
182 70 1
182 93 2
182 115 2
182 121 3
182 163 1
183 58 1
183 109 2
183 126 1
183 131 1
183 136 2
183 192 1
184 13 2
184 41 1
184 79 3
184 94 1
184 120 3
184 129 2
184 197 2
185 13 3
185 50 1
185 69 3
185 103 1
185 106 2
185 119 3
185 134 3
185 150 3
185 163 1
185 168 1
185 184 2
185 190 1
186 4 1
186 34 2
186 35 1
186 89 2
186 142 3
186 145 1
186 148 2
186 169 2
186 191 3
186 192 1
187 76 2
187 176 3
188 48 2
188 71 2
188 99 1
188 107 2
188 130 1
188 162 1
189 37 3
189 38 3
189 97 3
189 120 3
189 131 2
190 24 1
190 63 3
190 99 1
190 108 2
190 129 1
190 161 1
191 7 3
191 39 2
191 51 3
191 57 1
191 74 2
191 77 1
191 110 2
192 16 3
192 26 2
192 56 2
192 59 3
192 78 2
192 124 1
192 133 1
192 145 2
192 168 1
192 191 3
194 45 2
194 89 1
194 157 3
195 60 2
195 69 2
195 73 1
195 166 1
195 196 2
196 64 1
196 85 1
196 108 1
196 118 1
196 184 1
196 186 2
197 4 3
197 5 1
197 19 3
197 47 3
197 95 2
197 99 3
197 125 3
197 135 3
197 177 2
198 106 2
198 108 1
198 140 1
198 196 2
199 10 2
199 66 2
199 102 3
199 144 2
199 188 3
200 5 3
200 22 2
200 60 1
200 70 1
200 85 3
200 97 1
200 102 3
200 189 3
