45 222
10 18
43 16
42 4
45 6
6 14
22 23
7 12
40 38
39 3
22 9
36 21
11 21
8 33
2 20
39 17
19 41
5 45
34 22
22 16
35 41
30 34
16 10
17 25
44 43
2 38
42 45
32 38
3 16
43 42
18 9
44 9
43 9
24 10
24 22
28 35
9 16
7 13
24 9
16 39
4 34
40 7
22 10
45 25
18 5
29 42
19 31
45 30
29 17
5 14
10 42
18 6
34 9
15 37
14 4
24 18
14 17
43 26
16 42
29 30
39 6
42 25
21 2
13 21
44 22
1 11
42 24
23 26
39 24
20 40
34 14
43 24
8 19
9 39
29 39
34 42
24 5
24 25
6 3
24 45
22 4
10 17
2 1
5 25
29 9
26 25
36 7
39 30
32 15
24 3
42 6
9 30
37 40
23 25
5 44
40 21
41 31
22 39
43 22
43 4
18 17
34 17
20 7
20 11
18 43
4 30
5 34
3 29
10 26
27 12
45 44
4 18
4 23
31 8
9 4
27 20
45 39
25 18
42 17
3 22
32 20
31 35
45 16
26 45
18 29
40 15
3 44
14 43
14 23
3 43
4 10
10 9
17 9
38 37
2 37
26 4
45 18
36 1
14 9
11 2
16 23
11 32
23 42
13 40
3 34
30 10
23 44
15 21
6 25
39 4
27 40
25 9
42 22
44 18
2 32
3 9
44 34
29 16
5 3
29 24
36 32
5 26
13 38
18 42
22 25
42 5
17 30
34 45
20 13
17 22
27 2
2 7
44 24
43 17
15 11
24 30
38 21
44 10
35 33
18 23
7 1
17 26
3 25
30 44
41 8
17 45
2 12
6 44
26 42
26 34
30 22
3 10
12 11
29 10
44 17
36 11
43 39
26 44
27 37
44 25
38 27
12 13
17 3
29 45
30 16
33 31
32 27
14 45
43 5
9 42
23 6
23 34
19 35
38 36
14 22
39 44
6 34
10 5
11 40
8 35
18 16
29 26
4 29
