44 149
9 1
32 21
5 37
27 13
12 4
8 40
19 13
31 28
34 5
43 29
20 18
27 6
22 21
34 40
16 11
6 19
1 19
16 43
29 3
7 9
20 3
24 36
10 5
29 24
15 37
15 23
11 24
26 13
7 34
39 12
26 7
30 24
25 38
42 15
39 32
30 20
29 20
42 37
31 29
6 40
10 19
6 13
6 44
19 23
9 13
1 5
9 40
14 18
42 41
41 9
41 34
6 26
28 14
43 3
33 24
7 23
31 30
14 43
37 23
42 26
16 29
11 31
2 32
36 18
41 15
23 5
23 1
28 18
29 14
44 27
33 3
1 10
34 26
35 12
6 5
8 10
18 31
13 42
11 36
10 9
8 41
7 44
27 9
13 8
42 19
32 38
21 2
31 20
8 5
25 22
34 9
26 15
9 37
10 41
15 1
34 37
27 42
39 21
6 41
16 14
38 35
10 42
1 7
6 8
29 36
11 20
44 41
15 34
43 24
35 25
30 36
32 12
28 20
24 3
9 42
9 26
15 9
30 3
32 17
8 37
31 43
21 35
29 11
19 27
12 17
22 38
40 19
36 20
17 38
37 26
44 15
27 7
37 41
19 44
44 10
18 29
22 32
23 34
17 25
27 15
5 26
12 2
41 26
23 6
5 44
33 18
6 34
24 20
32 4
