146 221
70 41
53 128
37 103
32 44
38 11
132 53
131 34
66 59
52 8
65 111
5 62
8 88
109 110
6 105
85 59
85 91
118 5
59 18
146 130
57 115
127 57
83 135
42 124
124 77
21 138
48 104
3 37
103 3
75 115
145 71
142 34
74 4
35 40
111 97
137 54
30 92
52 88
130 47
7 123
97 101
94 112
45 128
106 97
42 46
73 86
111 13
105 115
125 82
81 11
43 145
75 127
136 101
133 23
121 117
97 65
127 105
93 116
16 55
18 51
109 107
50 81
129 79
72 29
91 51
138 102
64 140
15 76
27 93
107 110
129 124
66 51
142 132
101 65
103 70
69 95
74 1
115 6
62 139
68 86
80 103
52 116
5 139
134 60
25 89
131 45
115 127
128 34
15 49
25 78
122 58
22 74
106 136
122 64
43 135
79 42
128 132
56 79
135 96
14 95
57 105
58 120
63 144
83 145
123 98
97 13
125 5
92 122
96 71
132 131
111 106
84 126
104 39
31 68
88 27
44 143
72 24
116 8
24 28
128 131
29 24
13 101
132 34
35 15
62 118
101 106
85 18
37 70
99 35
124 46
73 31
1 22
117 14
70 80
14 69
55 112
45 53
141 137
40 49
88 93
82 5
135 71
3 80
18 66
116 88
22 2
95 117
52 27
60 108
80 41
7 67
70 3
84 119
50 11
95 121
111 101
127 6
114 39
71 83
125 139
50 38
86 12
92 64
69 121
9 26
74 61
2 4
87 110
93 8
2 1
96 43
136 65
41 103
97 136
48 114
93 52
142 128
33 23
59 91
113 19
125 118
113 98
90 17
123 19
28 29
92 120
3 41
89 78
136 13
13 65
145 135
23 63
12 73
32 36
81 38
22 61
71 43
21 102
27 116
34 53
39 48
23 10
27 8
75 105
58 30
61 4
106 65
142 45
57 75
104 114
23 20
118 82
12 68
26 17
2 74
83 43
141 54
58 64
36 44
72 28
100 36
139 118
