139 323
79 123
90 102
72 78
31 4
114 98
27 116
131 4
28 59
71 87
107 44
27 22
2 19
22 116
82 54
31 131
74 20
127 136
137 17
119 72
54 84
5 27
112 65
7 131
2 59
61 86
38 137
122 113
61 89
96 58
69 48
24 13
13 21
95 79
28 2
1 26
85 119
128 16
46 107
79 124
35 115
64 83
94 70
31 7
13 80
55 75
32 93
106 2
133 37
37 16
72 4
115 86
131 98
134 3
61 9
39 6
103 87
96 92
80 102
128 2
26 45
7 98
89 12
23 132
115 12
123 40
55 80
114 72
96 110
119 131
111 89
29 1
93 128
18 25
119 98
118 44
64 65
120 122
73 32
18 130
60 48
71 89
4 78
87 101
2 93
34 71
50 90
86 121
88 129
121 71
115 61
86 87
89 121
63 76
12 71
115 71
131 85
115 34
24 55
130 42
40 124
30 105
12 35
27 88
106 128
5 116
74 33
21 75
61 101
56 109
127 41
90 75
34 111
111 86
57 137
26 49
89 103
34 89
116 100
34 86
82 104
89 35
85 31
129 5
13 102
35 111
35 9
71 86
71 35
112 83
116 129
1 45
11 8
31 72
21 102
30 79
133 19
72 85
34 61
131 78
60 69
78 31
90 13
34 101
120 57
51 120
87 35
121 12
16 36
7 4
98 31
64 43
14 106
99 109
29 26
98 85
89 9
135 66
115 121
28 36
11 102
106 36
50 13
112 69
67 15
87 121
19 14
59 14
71 111
61 71
115 103
67 113
12 86
114 31
103 9
14 133
67 122
115 101
130 136
121 103
16 28
36 14
87 111
111 115
84 82
115 9
14 93
111 61
108 84
9 34
38 6
97 56
85 114
37 59
106 73
17 122
86 89
63 132
16 106
138 116
78 119
87 12
122 51
102 117
114 119
65 48
29 49
47 18
81 91
49 45
98 78
7 78
9 12
95 124
98 72
114 4
86 9
85 78
90 21
35 103
113 57
8 80
52 62
113 51
69 83
71 103
14 16
69 65
76 3
43 69
121 9
130 46
34 12
109 97
128 32
87 9
24 75
114 131
107 126
127 118
55 8
1 49
105 40
61 35
5 88
68 81
35 101
7 119
123 95
7 85
12 103
12 101
30 40
28 106
86 35
112 43
126 53
73 37
101 71
60 64
85 4
32 14
23 10
111 103
10 3
32 19
115 87
101 111
131 72
100 22
19 73
34 121
136 126
133 59
98 4
105 123
89 101
51 38
12 111
89 115
103 101
56 99
60 112
63 134
31 119
8 50
29 45
100 138
121 111
117 24
75 13
37 28
73 133
121 35
62 92
17 120
135 77
106 93
60 65
28 93
4 119
7 72
51 67
125 62
101 9
62 96
21 55
6 15
91 68
86 101
117 75
25 44
9 111
61 121
102 55
114 78
113 6
133 128
114 7
86 103
2 36
63 99
95 30
139 70
