139 218
57 11
99 15
28 33
16 70
57 109
134 75
133 69
130 49
125 4
14 97
47 110
1 114
104 124
134 30
132 131
126 119
115 132
52 76
54 96
120 67
52 48
10 8
112 41
122 40
42 54
24 136
59 119
89 45
56 92
55 81
39 76
127 78
48 39
26 28
112 93
126 5
121 39
44 19
139 36
47 46
64 103
19 87
100 25
26 110
91 31
125 74
131 36
66 83
55 127
10 31
86 51
135 37
25 102
139 131
4 90
38 86
24 70
110 27
91 8
63 74
46 26
112 128
47 27
113 135
27 22
13 111
46 22
118 68
82 49
111 17
115 131
100 11
109 25
14 107
90 74
71 44
37 49
51 38
117 108
59 126
9 126
40 106
104 54
96 43
116 85
77 6
121 48
33 26
85 94
117 104
45 21
113 37
38 137
96 124
91 10
34 7
16 136
65 98
117 96
53 107
20 38
26 22
112 58
69 73
95 115
81 127
137 86
20 51
103 12
108 124
110 46
86 20
102 79
104 108
33 46
99 93
70 129
54 43
37 130
21 89
117 54
83 3
28 27
75 30
105 2
108 42
61 88
7 67
110 33
124 54
1 21
88 84
41 15
47 28
13 17
82 130
23 81
57 102
35 15
100 79
90 125
117 124
81 78
29 129
99 35
1 18
45 18
94 116
106 122
80 138
60 80
65 77
62 19
118 73
59 9
58 128
100 57
102 11
117 43
128 41
127 23
96 108
109 79
119 5
101 118
22 28
1 89
57 25
97 107
63 90
99 41
47 26
66 3
123 136
29 123
94 72
43 108
121 76
33 22
76 48
78 55
137 51
47 33
119 9
39 52
22 110
104 43
46 27
97 53
28 110
93 41
27 26
124 43
37 82
20 137
65 6
42 43
4 63
16 29
93 58
4 74
114 21
23 78
49 135
15 112
41 35
98 6
24 16
72 85
44 56
58 15
61 84
63 125
34 120
96 42
42 117
16 32
50 2
