50 51
950286 43604 637087 54247 198404 799914 741212 250436 616012 629017 372020 326108 878665 637991 220672 432954 542740 96973 57862 980936 129948 210587 705084 971779 353399 192567 305178 20045 899978 486149 814234 754977 965841 74083 85519 460065 349260 355147 414623 336715 629575 556828 917023 727306 123012 466418 409289 685289 634822 894641 
999440
0 2 192785
0 5 258157
0 12 878547
0 27 429558
1 12 768959
2 3 299881
2 4 351284
2 26 527131
3 9 400010
3 22 476098
4 6 918762
5 15 923902
5 27 837742
6 7 865365
6 8 567385
6 18 546013
7 10 877957
7 14 841748
8 37 294616
9 11 237265
9 21 933966
9 22 877020
11 13 616077
11 41 584440
12 17 312767
12 19 866215
12 34 386945
12 47 409415
13 25 42486
13 29 465164
14 16 573828
15 24 866630
15 30 167703
17 20 543265
19 44 736602
21 35 512016
21 36 724011
22 23 918687
23 28 744036
25 33 978914
27 31 966357
29 38 204576
30 32 189991
31 39 696760
32 40 103411
32 43 681039
34 45 740891
40 42 278791
41 49 117380
45 46 995085
45 48 354983
