50 52
704016 465837 579791 911204 151121 362302 848470 100814 484356 332664 228601 477555 468819 946021 924577 587516 592972 309333 257206 416692 314014 926078 767538 652270 387839 89262 20753 228882 985968 734760 90980 452872 485400 179363 757125 531328 296717 42907 418021 741147 166642 582481 14465 203257 998586 988070 65715 481696 163339 174544 
993477
0 2 872382
0 6 760051
0 12 856675
0 17 890539
0 18 145336
0 39 222345
1 9 793772
2 3 240269
2 5 103763
2 7 334792
2 15 924242
2 36 641367
3 4 688591
3 23 380578
4 8 872203
4 20 477308
4 46 633369
5 10 36272
5 16 923704
5 23 736767
5 32 841608
6 13 540518
8 9 314217
8 42 853887
9 14 390586
10 11 721852
10 22 707226
10 27 641652
10 30 950778
10 36 848753
11 19 967317
12 21 55587
12 48 905591
13 34 975122
14 24 680207
15 47 614485
17 38 838038
18 28 1902
20 37 16113
23 26 725940
23 33 904207
23 43 515207
24 25 462807
24 31 610882
24 41 773155
24 44 979161
25 29 282830
26 33 176462
29 45 382912
31 40 660307
33 35 302264
42 49 397660
