50 52
992655 92065 107852 20234 686184 160158 40666 882936 907129 362155 266051 497876 275647 841601 986226 832375 966473 227800 470541 159661 246640 776730 40450 312124 319541 502393 116329 670852 622837 244252 691862 855810 778571 844084 501311 950126 844418 375918 900804 691781 940661 698369 389471 383009 525830 201382 386217 267715 834359 901032 
995107
0 20 991626
1 27 133794
2 3 677791
2 5 847338
2 8 315720
3 4 940006
4 6 587541
4 11 18507
4 35 869070
5 46 85258
6 7 475180
7 15 979683
7 18 457556
7 25 104140
8 9 941466
8 10 593863
8 21 874727
8 23 749996
8 37 937559
8 48 763734
10 13 610217
10 14 792922
10 20 962935
11 12 632066
11 32 53561
13 16 242244
13 20 191857
14 39 862601
14 42 962584
15 17 682199
15 47 38846
16 19 379942
17 22 141683
17 24 212339
17 30 286234
18 26 309646
18 43 965464
18 49 629306
19 28 608616
22 27 834411
23 33 684256
24 29 172144
25 34 852681
26 40 829263
26 43 485118
29 31 62357
32 38 990413
35 36 631948
35 44 848181
37 41 747301
39 42 80827
43 45 787259
