50 130
3641 72718 27767 5465 53 40588 9 1435 19970 16 71 402 6805 13 65872 149590 40201 201451 37384 322209 625467 68 596 1 6 56470 77883 170 13 326242 8 27 391076 4338 2 95 2 15409 15 1 12699 30997 14 11 54 322428 206 1 3298 134086 
996713
0 9 67
0 19 494776
1 5 852040
2 3 148702
2 5 194624
2 6 306448
2 7 18
2 9 41
2 18 52
2 23 364971
2 35 32934
3 4 260
3 10 662108
3 33 874110
4 11 988602
4 18 271795
4 22 1
4 29 826853
4 49 972983
5 24 909477
5 30 766770
5 32 72752
5 38 731179
5 43 966737
6 12 912130
6 15 490013
6 16 705133
6 18 359030
6 19 989694
6 22 481646
6 35 418826
6 49 498888
7 8 43
7 12 1
7 13 6
7 28 145451
7 32 335127
7 36 924956
7 39 948256
7 41 725663
8 14 1679
8 19 428295
8 21 1
8 42 17
9 11 48521
9 31 155
9 33 935374
9 48 454222
10 12 853843
10 20 194056
10 29 23
11 17 391916
11 37 932934
11 45 1317
12 15 3169
12 17 251
12 27 960445
12 34 121498
12 46 282862
12 48 876707
13 16 4
13 17 355671
13 18 868976
13 37 901025
13 43 623068
13 44 30784
14 23 864177
14 24 857977
14 46 25458
14 49 987116
15 25 615499
15 35 740396
15 36 1
16 21 82635
16 30 501752
16 32 554991
16 41 775413
16 43 819353
16 46 886324
17 24 5
17 28 240977
17 30 529823
17 34 604758
17 36 329268
17 46 48018
18 24 99926
18 26 462985
18 35 436136
18 46 345011
19 25 289
19 27 2092
19 40 624874
19 45 598895
21 37 907381
21 39 564691
21 46 443497
22 31 316907
23 31 944201
23 35 793827
23 43 22914
24 28 204638
24 32 344798
24 33 263841
24 42 486555
25 26 907
25 27 151686
25 44 725158
26 30 2
26 32 808526
26 44 989202
27 32 788432
27 39 106983
29 31 831730
31 41 826098
31 44 774398
31 46 973578
32 33 724715
32 35 977976
32 41 996699
32 45 393662
32 48 2
33 38 4
33 41 992550
34 39 714164
34 48 630642
35 37 832596
35 42 451394
35 49 905733
36 47 8764
36 48 954726
