50 57
174878 907950 482457 868867 922208 7838 588569 939544 594815 541642 338912 790120 566973 757121 280211 625005 505766 996596 804710 351065 347137 975022 321895 966424 33138 226912 555812 24248 378287 830682 624891 998501 882653 733462 265404 612685 586118 782127 382524 827426 454009 720047 476537 911166 246783 403205 981413 86880 942133 424917 
992851
0 9 720620
1 29 980203
2 3 659433
2 6 432406
2 19 318596
3 4 684186
3 5 423319
3 8 294733
3 14 510655
4 12 744018
4 48 66262
5 13 928692
5 16 858376
5 17 295756
5 38 729832
6 7 267309
6 10 350478
7 9 279010
8 13 30194
8 15 486775
8 16 50181
8 20 969158
9 11 270826
10 18 703718
10 22 613646
10 25 244189
10 31 456603
10 33 772727
10 45 853248
11 42 462284
12 21 502425
12 44 740614
13 14 873040
13 28 16406
14 16 944501
14 24 505593
14 30 801787
15 28 904671
15 37 758384
16 20 887814
16 35 48173
16 49 175314
17 34 843227
18 32 483821
20 23 395706
20 27 157185
21 40 143520
22 25 959843
22 26 451102
23 29 179329
25 33 424460
27 39 787486
28 36 548474
31 41 285825
33 46 384479
37 43 240472
43 47 956619
