50 55
701351 520036 579863 766529 682780 52020 921357 839099 569854 598980 731980 576306 171887 748173 759956 59180 677369 24293 159127 72110 715427 395430 881177 616629 818214 900990 936560 678992 904378 321235 708075 906136 430473 279441 231503 127630 469701 984529 799228 520975 89301 983463 850863 664310 573930 581256 703457 718542 742192 817302 
998604
0 13 170187
0 19 763424
1 34 929974
1 43 557807
2 3 997623
2 8 381663
2 11 864754
2 23 629310
3 4 962386
3 5 577159
3 6 549844
3 7 632472
3 9 159989
3 12 273073
3 14 940218
3 21 6049
4 48 700686
5 20 974516
5 22 943104
6 12 839303
7 10 753388
7 12 908784
7 13 114036
7 19 346293
7 26 610996
8 34 568054
9 15 726872
9 32 374606
10 24 45569
10 30 70813
11 16 538623
12 17 284387
12 41 808032
13 26 479222
15 35 376006
17 18 669633
17 38 537716
17 40 69061
18 27 10643
19 25 777767
22 29 62886
24 31 706002
24 39 943623
26 28 501290
27 47 511066
30 37 825406
31 33 575008
34 36 719109
34 43 350472
36 42 63040
38 44 454656
38 45 257001
38 46 919959
44 46 86908
46 49 427113
