16 73
8131 12392 4152 7482 124208 1 1800 19 33791 2 4970 635157 7089 194 279 162627 
985516
0 2 885843
0 5 948680
0 6 814375
0 7 254140
0 9 965704
0 11 950391
0 12 2234
0 13 666704
0 14 757770
1 4 233
1 5 850136
1 8 792847
1 9 62147
1 13 872680
1 14 827511
1 15 253774
2 3 4831
2 4 63
2 5 660053
2 6 1079
2 7 379766
2 8 681543
2 9 910853
2 11 871528
2 12 587492
2 13 762963
2 14 3761
3 4 346262
3 5 147581
3 6 881103
3 8 426200
3 9 39902
3 10 915751
3 11 293781
3 14 722019
3 15 394147
4 5 395608
4 8 972273
4 9 855758
4 10 423924
4 12 974268
4 15 931000
5 6 831319
5 7 76
5 8 53136
5 9 422896
5 11 12626
5 13 220080
5 14 321058
5 15 6
6 7 510462
6 10 926807
6 11 659470
6 12 702857
6 13 855566
6 14 719994
6 15 868043
7 10 821770
7 13 216703
7 15 758397
8 9 267740
8 10 772522
8 13 279514
9 10 24592
9 11 680535
9 12 624855
9 14 132484
10 15 869307
11 12 28
11 13 493421
11 14 590457
12 14 316607
13 14 542254
