50 100
89756 555850 735600 161 688 1 4128 117 23 78 59 5207 633 15387 10 125623 1976 2 13080 4191 35 16 42 457567 3002 2453 44 48 6 11687 83 200868 66 189820 2430 440727 165183 14305 570350 4054 254 624 30544 1 205757 38 609 991957 1 778721 
999629
0 2 409
0 4 4
0 7 25315
1 19 200214
1 31 638956
2 3 36175
2 6 7
2 14 41655
2 15 47
2 32 876028
3 9 47461
3 10 193659
3 12 429700
3 24 130879
3 33 4937
3 45 90281
4 5 982346
4 8 889439
4 14 648158
4 16 142
4 26 845498
4 35 676
4 36 8718
5 19 3615
5 21 92007
5 31 600334
5 41 630098
5 48 8268
6 15 541210
6 26 493122
6 33 485385
7 8 673883
7 11 359963
7 22 482889
7 34 842142
8 23 949596
8 30 98
8 40 26525
8 43 38
9 10 5555
9 11 3356
9 13 560893
9 14 836892
9 16 732624
9 32 516785
10 13 66033
10 34 556831
11 18 7
11 36 711475
11 49 728063
12 17 258532
12 26 6487
12 33 687388
12 34 40517
12 45 614527
13 16 629127
13 17 967470
13 22 808872
13 24 507
13 28 309106
14 23 458
14 28 765832
14 34 569093
14 35 715592
15 17 980401
15 19 997277
15 39 96
15 44 993460
16 22 468036
16 26 790953
17 20 1
17 27 2090
17 29 463906
17 36 828908
18 22 86071
18 28 16958
18 34 568724
18 38 7
18 40 908443
19 42 23
19 44 22
20 25 184304
20 46 698643
21 31 605
21 37 1492
21 41 4
22 38 545105
23 32 855795
24 45 517037
26 32 2
26 36 693223
26 39 482290
26 46 320930
27 47 728753
28 43 973080
29 47 17
32 33 883612
33 49 454694
36 48 999543
37 42 924161
