50 53
665377 265554 990377 462297 549150 444318 371746 121401 952543 158236 660706 808693 19724 441701 255441 271509 938621 509297 624942 621435 38326 704080 667488 380124 142337 357172 317722 513324 68839 154214 864169 861720 893322 104921 574045 988205 884386 512220 316114 197206 344914 828200 7706 243202 820454 317209 797320 762596 822252 210362 
990839
0 2 141100
0 3 140775
0 4 914394
0 24 416274
0 38 251582
1 30 297466
2 7 808799
2 42 901470
3 5 230815
3 6 850614
3 8 801701
3 9 594175
3 24 195129
4 11 76185
4 13 69414
4 19 810781
5 7 72443
5 10 290175
6 12 804105
6 16 622265
6 25 793698
6 45 624120
7 17 557421
7 32 409626
7 42 147636
8 15 686704
9 33 987028
10 14 895944
12 21 585619
13 18 153257
13 30 101665
13 43 854128
14 20 793851
14 23 43650
14 37 434578
15 22 885139
17 31 883790
19 41 488869
20 26 714286
20 28 78901
20 35 965376
20 39 952207
22 29 198912
22 34 556655
23 27 417854
23 44 987787
28 36 801517
30 43 79904
33 40 198242
34 49 119074
36 48 249762
37 47 615403
45 46 392984
