50 66
573423 912343 898873 329720 428226 790725 90246 911075 607484 977129 652067 276638 283601 102081 74566 233871 752404 421883 276882 396752 662686 138025 413832 561852 483079 434401 146717 15257 804113 975604 729830 373218 985125 482185 133167 28079 844405 730325 983084 425667 800256 388665 365191 447154 620084 570103 537304 85933 285229 696786 
999603
0 2 995480
0 4 15642
0 8 418178
0 12 877995
0 21 688315
0 26 303854
0 27 217646
1 32 23370
2 3 178892
2 33 996689
3 39 478918
3 48 569975
4 5 926670
4 6 284168
4 8 528189
4 12 961190
4 13 11110
4 27 941164
4 28 40771
5 7 342457
5 10 140449
6 23 419731
6 26 929603
6 27 708079
6 43 608125
7 17 471178
7 35 996657
8 9 687050
8 16 209962
8 18 257387
8 20 197002
9 18 994706
9 30 353730
9 32 203445
10 11 558680
10 14 177652
11 29 147590
11 49 961923
12 15 622142
12 28 943267
13 18 979264
13 22 801169
13 37 206468
14 35 149987
14 38 764381
16 22 117466
16 37 875009
17 44 62888
18 19 547159
18 24 498937
18 28 755690
18 37 913609
20 24 954524
20 34 511696
21 37 942994
22 25 538125
22 47 944884
23 40 976462
26 31 509722
27 45 626772
28 45 35340
29 49 729423
30 36 619740
30 42 401829
31 46 694100
34 41 894828
