50 59
756200 77304 932771 686353 127603 620683 299901 938269 120227 910471 664546 644390 202222 575238 623834 701436 320330 423981 680250 957378 305104 140459 52309 50430 17404 332686 191506 349887 949905 267073 928025 198827 555673 126310 227303 401380 624586 8524 312578 495767 389701 135373 703110 80033 449079 33223 577181 528349 884194 525941 
998369
0 2 286629
0 4 874027
0 14 9991
0 15 733048
0 20 11932
0 27 991968
0 38 770844
1 7 666937
2 3 239551
2 4 828830
2 29 77974
3 4 143507
4 5 232616
4 6 782532
4 7 550157
4 21 997024
5 17 897218
5 21 453980
5 24 121731
5 30 956601
5 34 148823
6 8 411280
6 9 94358
7 10 982758
7 11 30026
7 26 696357
7 34 949352
9 12 257059
10 13 262757
10 44 358618
11 33 39105
12 18 193943
12 42 611596
13 16 371460
13 31 106829
13 32 309137
13 40 716421
13 44 718923
14 20 175187
14 23 196261
14 27 954365
15 19 589529
16 35 467984
18 28 690796
19 22 515926
20 38 971781
23 38 25844
24 25 985928
24 48 721499
25 37 783619
26 39 937411
30 47 696118
32 36 363893
37 43 245800
39 41 20356
39 46 832950
41 46 894526
43 45 687605
47 49 192461
