50 59
714733 664138 85697 864309 145658 905706 605139 175722 305038 376173 155655 465889 253036 711049 214087 44951 547499 345214 308104 307114 676387 595488 764482 294120 6657 128898 698269 433619 727547 234177 958119 280884 130397 849962 189506 258392 916097 175561 622683 572587 793756 307087 569556 647280 42037 219167 473796 20571 3570 275445 
997564
0 2 143827
0 3 121676
0 8 504638
0 13 826865
0 16 4402
0 24 293917
1 26 654805
2 4 76311
2 9 990749
3 27 308002
4 5 888743
4 7 177049
4 10 797491
4 22 986530
4 24 797040
5 6 507260
5 11 670825
5 14 992601
5 20 129875
6 12 98055
6 38 975123
7 8 104443
7 10 249438
8 19 383803
9 23 194507
11 14 295908
11 17 559200
11 25 497093
11 30 110517
11 34 483664
11 35 307713
13 26 817369
13 49 198509
14 15 543678
14 37 966261
15 46 878483
15 47 516431
16 18 599581
16 22 630367
16 24 754185
16 29 971762
16 33 849897
17 30 922984
17 37 56880
17 43 608957
18 21 66934
18 40 890450
19 28 528121
21 48 123094
22 31 827228
25 42 762335
26 32 991487
28 36 624976
29 45 489298
30 34 248934
32 41 638617
34 35 759828
36 39 695722
42 44 76745
