50 122
237701 21 786692 12345 80920 120198 148885 545 66 19 11917 9 1 2 207208 186924 8422 9115 29942 229349 14021 153 142 340487 629 117557 15 1085 1683 5383 447 344778 75 3 1105 498751 4 34928 13 2 18 160510 2 93 2788 30 585613 8735 97 2353 
999756
0 18 999669
0 19 107344
0 27 957806
1 6 757843
1 12 899587
1 25 580412
2 3 259871
2 4 7
2 6 530006
2 13 771273
2 22 574219
2 24 36973
2 26 44668
2 40 775315
2 49 9591
3 5 1106
3 7 2331
3 10 4708
3 14 663333
3 16 714001
3 24 614260
3 26 309885
4 17 325704
4 44 939281
4 49 377441
5 8 819941
5 14 938326
5 15 5
5 16 1
5 21 59184
5 29 6310
5 49 849393
6 9 40
6 14 983222
6 24 954117
6 32 951672
7 11 2664
7 13 884846
7 24 743112
7 32 946773
7 34 6
7 40 840513
8 20 118
9 12 1
9 13 64
9 15 888387
9 22 19255
9 32 963298
9 42 32412
9 49 992981
10 14 65686
10 19 704340
10 24 622939
10 32 698991
10 41 71313
11 22 907650
11 37 136497
11 39 2
12 27 275
12 38 134728
12 40 981371
13 18 56986
13 35 973331
13 46 637638
14 29 929821
14 30 668850
14 38 996637
15 16 519978
15 19 5818
15 20 906562
15 23 4
15 30 733312
15 40 482005
15 42 826997
15 44 972346
15 47 21128
16 34 58158
16 39 515098
17 46 858675
18 24 935584
18 25 780
18 34 856105
18 49 991848
19 21 817925
19 38 959486
19 41 793958
19 46 999199
19 47 92501
21 40 925626
23 35 508318
23 49 939660
26 28 800934
26 30 82014
26 32 375726
26 33 936453
27 35 738581
27 44 413602
27 46 1131
28 33 8
28 43 11
28 45 1
28 49 885783
29 32 982474
29 47 953792
30 31 103
30 35 846669
30 40 135
31 35 41
32 42 985917
33 36 28
33 43 714595
34 37 4
34 39 902014
34 48 956687
35 37 447341
35 39 694090
38 40 815638
38 44 296
38 48 948379
39 41 305165
41 49 387932
42 48 89854
