999999935
999999920
39
999999844
999999729
999999891
1000000002
284
999999832
999999840
999999605
999999899
1000000003
999999972
999999972
310
999999978
251
999999973
999999731
999999861
0
891
642
446
1273
682
378
1803
813
1150
1210
1816
1183
52
305
349
349
634
1011
264
999999984
265
559
177
999999590
999999908
120
55
999999667
999999793
999999837
224
152
876
35
1464
2527
2200
980
760
908
668
618
831
2404
596
1347
1123
315
1720
262
1469
1000
1205
1360
40
1296
1120
999999806
999999679
999999610
158
999999821
999999498
999999876
999999984
999999688
999999715
42
