5000
4625 4466 782 381
3477 3445 1125 1027
3267 1444 196 3105
525 4064 930 1203
2670 2391 1138 2718
4587 3156 4263 1964
4530 4544 1332 4100
3803 3895 97 4798
3842 2585 2879 3303
233 2924 3071 2080
4006 2418 4890 3601
4616 3940 941 4185
1245 552 4011 3225
666 3942 1799 1584
3301 2592 879 1675
3670 1449 2716 3797
750 3662 1809 2147
462 2368 1237 2322
2354 1214 1805 397
845 3577 3584 1293
1127 428 2996 446
2717 1358 1082 528
2787 4847 2808 189
1662 4597 1424 4222
4394 3480 4051 2221
296 45 4034 2242
3986 4667 4893 4380
1765 3285 2812 1822
2057 2828 1103 133
4712 2908 2775 2116
4275 3671 3239 882
3654 1594 1828 1407
94 3197 2847 3653
4447 3175 825 2695
1174 4680 2156 4269
909 2700 2945 3529
2595 1083 4077 1980
3553 438 1028 2831
1584 4128 2167 1575
2333 4759 1937 2440
107 1046 3736 2272
1186 2556 2364 3339
4453 4076 1038 4214
4471 1974 869 2178
1001 1605 651 4525
4737 761 2986 416
1592 2595 784 4015
270 4439 3045 827
3425 4536 241 3324
480 3999 1979 2045
4811 4890 2932 37
3605 3753 3658 1732
4588 867 859 1559
3555 4381 3423 4391
1141 895 1556 195
1085 4583 252 3239
945 170 3149 3837
3592 4994 3094 2510
1416 1678 568 3892
350 2930 4427 3070
4466 2132 3411 252
4847 168 2808 371
1363 2666 51 977
934 3745 3278 3445
2309 2244 4717 629
1989 1158 4158 4004
1681 1731 80 708
1484 4567 764 3869
3069 23 834 1256
449 2644 4411 1884
4661 1554 1668 3497
1316 470 4629 1860
4657 3571 2944 395
3865 1334 2418 4150
2424 491 3395 402
4981 1819 1387 729
1026 1345 3729 1144
161 1160 4197 3665
178 2188 229 4909
3859 4711 4415 1920
4836 2678 1713 1012
2944 1218 4493 344
1800 1525 435 4741
1595 637 3572 1919
3106 1755 2736 4830
3999 2692 1462 3216
3706 220 4269 3237
3425 852 2033 4393
972 2992 3943 4226
274 2177 1115 3310
3391 4666 309 542
1821 654 2416 123
4712 4467 4512 3
2971 1168 3070 613
3946 2125 1942 847
2192 2853 356 2286
3520 2044 51 4560
746 3903 232 4022
1369 4154 4868 2090
2217 3993 2726 4871
2000 3925 352 4241
1824 2236 1541 2532
1807 2093 3852 4199
2774 691 2884 1759
3648 4768 100 2096
262 992 4959 4904
3855 1401 4228 4780
2598 2765 3996 1245
4147 281 3108 2328
1005 1633 1549 702
2467 2874 2074 605
205 3599 2976 4203
446 2968 787 2393
3754 693 1653 4542
4851 3773 2926 1182
4791 1505 1747 3673
2367 4432 258 1200
1540 3824 646 2274
1839 3050 1059 3751
2898 2850 199 4774
4059 2800 40 1235
2235 1336 4794 2512
1285 1657 4576 4167
4761 3771 912 1683
1303 3799 259 3194
1400 2975 4418 1391
1225 15 2927 688
3505 3423 4408 3436
462 751 2368 3053
1763 4249 3067 3012
851 1546 447 2618
3684 2651 854 4370
2122 3371 1865 896
848 4394 3001 4629
1983 4507 3851 4445
3299 3067 2286 327
4911 1160 4115 1681
1967 96 4255 2858
60 4918 3749 1138
1432 952 2231 3823
4137 643 303 4036
4512 4712 3575 3641
3500 1412 1750 4352
4838 2833 1003 2236
2262 319 2584 3139
704 3305 1624 3073
3596 4990 1184 2819
1918 1974 869 948
2070 4505 2795 4961
4728 1573 2875 787
3741 1813 1789 4724
2415 2100 4751 253
3820 880 2543 2978
3742 448 1575 1261
4493 2835 4028 2992
505 4443 1862 4344
659 370 1120 2847
381 1023 1594 743
979 1056 452 4624
4620 1591 4083 4995
1302 3438 186 4098
387 1018 2659 3875
1396 3926 2935 2522
4701 1887 2233 2920
362 2439 3900 1163
2991 329 2725 3896
4707 3189 3350 4412
2441 1729 3853 4769
238 838 87 2808
3332 4137 435 4608
4387 4199 406 1035
679 3940 941 1522
1514 1923 3550 133
754 102 1911 3481
1544 3471 4242 77
3533 1984 4653 3736
873 830 4960 3191
792 4215 948 3680
1109 2352 2533 143
1105 4853 2391 4717
214 2165 215 2048
4283 2817 4570 1962
1127 59 246 970
4305 862 918 3544
1587 671 1179 1185
2881 2571 3462 2465
1022 3953 2359 6
3310 3345 1254 320
1018 3853 3083 605
358 3562 242 3113
2564 3754 604 3734
3339 4019 2797 1236
2981 1407 1299 3120
837 1530 4764 1384
2526 4179 729 260
3003 2775 4030 1323
4600 2251 931 1149
3370 177 932 2
2242 580 4404 4392
932 177 1390 296
3304 3442 1576 1067
1120 350 2326 1744
942 1297 2195 1419
4343 2059 88 979
1814 1470 3193 3356
864 4749 2121 4746
1162 324 251 2893
4228 533 4091 4957
1458 1299 2558 1
4419 2760 2659 4357
1643 1700 4077 4381
4334 2833 2251 2402
2276 783 4212 1761
3405 2772 4200 2684
1842 185 3611 1585
1747 1513 1759 4649
4174 570 1912 399
1209 932 651 4210
4671 1270 1720 126
1526 578 524 775
4460 2298 4922 215
4595 2572 4349 1565
3079 4901 2867 2689
2440 1382 218 3566
1218 2944 4 1967
4175 1012 2622 1860
2007 4818 3185 3595
2085 1629 3696 3803
4490 1083 4261 2748
2567 4829 3401 3451
1962 3010 3157 4077
4392 1051 2187 4246
279 4526 1201 697
411 3451 4493 4080
4113 342 169 4832
451 4834 3911 4415
3821 2231 952 654
4662 930 1717 3598
2934 3770 4982 2079
1190 1923 3244 2899
1069 1852 3977 1861
2162 3402 3508 4153
3325 3346 2894 3453
601 3009 1458 1962
167 379 2835 3571
3194 4432 3071 2039
2028 4716 3896 3875
1486 4579 3265 507
4917 1148 3702 4801
71 3409 2797 888
1699 3531 4618 4327
2718 1098 4270 714
2972 1708 1924 1435
4414 1597 4522 3800
3853 3238 1080 4654
1527 1623 446 605
152 1240 1377 4624
191 321 434 1649
829 2268 896 1709
2209 3280 3286 2723
1541 3970 1278 408
1915 1568 3917 3987
4205 240 228 230
3187 766 2380 223
3659 522 1477 2977
2620 2384 1893 4796
485 2034 3066 4985
3870 2682 5 4850
2659 4826 4725 4446
176 4700 294 3162
1753 2704 424 3401
3321 1931 2689 2313
1744 3525 2072 4594
3596 3222 4533 3699
4930 4461 3607 4406
408 4917 292 2463
842 1222 4890 2774
2861 4091 3358 960
2349 961 3507 2842
3984 18 1071 1610
2951 1807 4749 4597
3790 1714 3382 3265
176 3512 1100 4096
4380 3641 4630 3619
3643 816 1792 4798
1069 4947 1571 4454
3721 2682 1770 4162
4077 1700 660 651
734 4784 3535 1279
3992 2542 4616 4522
3534 3250 1162 925
2142 4951 2209 1518
644 2591 3638 2819
2415 49 1007 2996
2315 4624 4697 1773
2461 4077 2419 2017
274 1115 4356 2693
4769 3190 2468 2254
1134 86 2072 3568
3088 1327 1116 2258
4229 3658 4913 3857
4200 3500 3405 1994
194 4919 2148 1162
815 740 2940 2846
390 4233 185 411
4977 1231 2882 3409
2354 4694 1968 1761
3432 4739 2713 3638
537 2837 4752 424
1120 3498 4279 1799
3687 1872 165 4293
2745 3514 2742 3734
3977 4947 2832 1237
1044 632 2445 4755
1556 4260 2238 2513
1175 1286 198 503
658 4143 4969 4784
4242 980 3471 3155
4387 4199 471 268
4925 3333 3720 4385
1911 1629 2349 279
1575 4089 1107 2584
3434 2860 3219 3297
2544 2266 4127 11
3939 4413 2405 39
3462 1116 4650 3659
4814 263 1546 3407
1574 4945 3916 3926
1432 647 1566 4715
1531 3459 2443 2297
4284 3293 567 2676
4318 2621 3253 2499
159 376 4577 111
3364 1659 1079 2916
3388 998 1318 1260
448 2291 1146 729
642 4444 1943 4638
436 3851 2604 4894
1820 1785 4523 3713
729 4519 3706 3346
4036 3739 4665 3342
1594 1108 2568 1107
2074 2616 3941 430
4611 2762 4596 4317
2195 3388 676 1307
364 1369 1483 552
1556 2057 4424 1611
3593 932 3218 1133
1208 2083 3062 4362
1981 4175 1012 939
2796 374 3923 642
3403 2708 4875 3808
2926 2090 1251 3918
3994 2395 498 971
2174 3220 1784 4071
1787 3978 1364 744
3246 2688 2531 3068
2156 4686 1174 4867
3939 2271 2405 586
416 2103 1961 4324
3892 2329 2151 3273
2657 2590 732 1806
3400 3447 3947 868
3998 1352 1728 873
974 2166 109 1616
2428 4471 3026 4379
4682 1444 3231 1772
2278 3321 3058 2575
3907 2896 4845 1809
717 3634 435 4295
511 4352 1867 2948
718 2512 965 3283
73 123 4907 1864
971 1028 3042 1516
929 3680 596 2034
3798 1416 4253 2712
4938 3437 568 2868
2969 3979 4237 2413
1870 4276 2373 3537
2125 4069 3236 212
1960 3783 2136 4501
4911 1056 2734 1158
3670 1310 1449 441
3614 384 3558 2042
341 413 3400 822
3543 1147 3540 2419
2706 3968 2543 1407
3797 836 1259 4090
1738 2881 3462 4301
1573 2690 1224 3780
3652 3599 2976 2586
2873 2632 510 1897
73 2995 4907 4680
3689 3736 1046 1635
3528 944 1897 2147
4668 2416 563 371
4416 889 90 4703
506 2805 1922 3202
2150 3369 138 4174
2410 917 1169 2282
2219 1800 435 2714
1572 596 402 3173
2902 1507 324 2325
1678 4253 1416 2583
175 3332 3370 4692
22 2119 4615 4721
3374 4327 1028 1573
1363 172 2663 2425
3434 929 1028 4339
168 4370 1608 2462
2113 1780 3557 1581
3441 3181 4250 3336
3224 317 1139 3368
2920 1788 4996 3579
2517 2175 4877 68
1297 1995 2306 3182
1374 1639 1127 4606
583 2380 274 1236
3747 1687 2363 2111
460 1000 566 1510
3400 1227 1907 2339
910 3783 3673 4815
1360 1607 594 3956
4746 332 4714 651
4580 1386 731 3280
1409 2669 4935 4663
1532 1186 1682 3924
1797 4352 2205 34
3863 3898 1603 1352
2380 274 1149 1656
261 2816 2225 3558
66 1988 3551 4470
4561 359 636 1628
932 1390 2212 3664
1894 1524 2758 2392
1286 2008 4465 928
206 533 2338 4820
435 3634 1462 2984
3037 2381 808 2944
1533 3081 2977 650
2901 2390 1046 1155
4364 337 1215 857
3200 4285 4946 4115
3138 3776 3576 354
4596 2448 2955 3719
13 3045 1943 3330
3311 3565 4822 134
365 3987 4078 3652
1028 3434 971 3213
1279 3623 3300 1565
4804 3239 3912 364
4716 4524 3707 4400
200 2988 609 4694
4338 68 4223 402
3215 3726 3695 4605
3569 3893 2220 1490
4066 227 1670 2768
1884 2899 2725 2384
661 4778 3125 3184
2222 103 3680 287
1737 444 3557 3413
4240 2282 4052 1791
2475 722 1706 1798
3275 2238 4719 1082
4821 1480 1831 3481
1727 2142 3949 569
3769 443 3367 4701
3967 3767 4979 1100
4974 2016 3910 612
2805 506 4643 1033
1025 1707 3872 3890
4790 4732 2163 656
1416 2173 612 3307
3354 3772 4136 2301
3792 4727 1695 2263
4755 1290 4531 1746
198 2257 1175 3047
4273 816 198 547
3957 2441 3853 1892
934 3278 4678 3316
3944 1260 630 1520
2061 2987 2826 284
4231 4380 4436 4474
4239 2146 4382 1003
1055 2731 1640 3713
1526 3802 524 2829
2797 71 4570 2028
2495 3136 1974 2060
2864 21 2874 4343
1187 994 16 4518
614 4815 3606 2103
4296 3218 932 3462
4862 4828 996 4497
2054 2181 3889 4419
3312 3971 2266 272
1566 1308 3620 4714
1846 56 3006 4373
3534 351 3091 3170
2072 1134 4393 3349
4456 2701 3786 3344
1000 1900 566 4219
820 2281 534 2027
2184 2695 3704 130
3468 2667 4713 1351
1173 2947 3732 728
1333 1086 2512 109
2549 1667 4049 4040
507 2796 2496 1254
565 2199 3266 939
1233 3429 4189 1380
1980 131 1560 629
4419 3037 4119 668
1046 3959 2901 4092
4699 3156 4095 2830
315 4997 4266 984
3069 13 23 4607
723 1302 4177 2680
1112 1490 3362 3995
1491 2604 3851 1100
1503 1713 3744 2387
957 1604 20 497
94 2847 1137 3830
4659 4173 189 408
300 4375 4824 1029
388 2108 1225 4411
4209 2429 2067 3611
147 2922 3247 40
921 4940 1590 942
496 3752 530 1933
1656 2335 4882 804
3871 3777 3247 3806
2245 3759 848 2741
3310 882 4176 2170
4589 4520 4022 4395
713 4444 642 3962
4136 1228 828 2658
2674 3917 1568 2712
2269 437 3658 2927
247 792 4923 1129
3280 2842 2209 843
571 1251 2090 2138
4026 1907 2398 2341
4279 1120 1905 3298
4342 3076 1816 3582
3273 3204 4317 3245
4952 300 4099 1735
594 1607 800 818
2794 3375 3382 3277
2521 4099 4889 3610
4472 3770 4982 3726
4358 3534 4792 1526
1954 4240 3800 2976
2807 4765 4732 2425
1099 2071 4695 3334
2579 1585 844 2515
2901 427 1652 4619
2591 2815 2765 3651
4750 2086 4038 4908
4805 4193 2785 987
2525 762 2978 3162
2765 2598 3481 1807
4095 3156 4587 3489
218 1911 4371 2913
397 2566 1128 2019
1387 4080 4293 2975
263 1511 2807 231
2426 1301 1787 4162
2829 4700 294 1372
4619 4671 1110 1023
1603 1823 504 1292
3534 3490 2178 3376
4838 502 4624 1670
4929 3240 2482 2318
4373 3963 3275 4254
4232 1568 3966 4833
2474 3826 4641 2968
102 754 602 1028
2451 4929 3240 1590
1515 1213 3237 3562
3939 1734 3225 4905
3883 1891 2637 1723
3572 2432 3113 1470
2553 1162 251 847
1595 4887 4264 1625
1961 416 823 4010
2658 2888 3944 4855
1909 3861 3674 1266
4397 2886 4090 3359
4665 1524 3387 1322
3004 2583 345 4332
462 3146 1276 2909
417 95 2353 1324
1136 2029 4309 2699
1906 181 3020 2516
983 3021 2399 3111
2202 1855 843 3539
2302 776 4875 703
581 3952 2379 3064
1536 4321 1221 3684
496 530 3560 2563
2978 50 762 3582
1199 512 4088 3291
3361 2428 4727 3130
3342 1910 865 4751
1047 2383 1295 4278
1219 361 993 526
3400 1227 3635 1100
1295 4906 2383 1835
2957 2415 2100 2784
2095 3500 2024 979
1612 367 1964 3389
1498 1166 1504 2067
4040 4235 1326 4961
4962 3512 3270 3876
1577 4901 1213 4211
1851 2059 2050 4021
828 3354 4958 1629
2394 4569 926 4690
3606 614 3218 4039
4150 540 3218 438
2964 2498 4671 4154
3321 1931 2497 4738
2997 1120 4739 963
4636 2740 3262 3994
2646 1381 522 1619
3666 783 1147 751
1146 1575 448 3244
820 538 534 1951
929 3019 3124 169
3300 432 185 2719
169 4113 1565 989
16 2760 2175 3492
4019 2797 3462 2629
3754 428 3832 4708
1729 4757 3083 463
2710 1748 4241 751
578 769 1768 1310
1908 730 1523 1624
4109 2313 1910 3869
3301 1147 4212 442
4039 4494 2876 1507
4270 2981 2357 1917
4422 2768 1997 4852
5 2493 2587 4352
1114 2781 2523 1051
2026 1839 2739 3730
2007 1299 3185 4841
1450 2492 2625 3283
1829 4011 1969 503
4785 3412 166 2418
3116 3264 1879 3087
31 1921 1822 1290
4991 2222 4027 1291
2682 3870 2506 729
3638 1368 2009 2699
4789 676 2195 4743
3281 1790 4627 1429
4511 1010 3926 1132
4032 167 3532 306
1066 3867 162 37
217 3944 2658 2099
874 1455 4997 1211
1851 4780 2325 1570
839 1328 1654 2032
169 2693 2745 2795
4692 459 3702 1879
3709 2464 2153 2077
693 4359 1585 1974
3588 1294 320 1129
2515 639 2351 2572
4901 2867 1199 3549
1160 1482 2996 2188
4269 4518 729 3085
4696 2700 3313 3297
4901 3079 1869 3803
934 4754 802 1821
2797 3462 2466 975
3370 175 3545 2147
4997 315 701 3218
1092 3060 1763 3244
4855 3817 760 4452
3201 2149 2187 3237
4731 4605 4159 4118
2459 517 146 711
4464 2405 4413 1115
2594 2243 1974 2170
4233 185 4803 1506
4101 4175 4511 315
2280 4366 3778 647
4956 3336 669 190
2890 2074 2874 1774
4067 2775 742 3171
3356 2155 981 1113
1576 1606 3442 4656
4263 2249 698 852
3173 3119 1830 3560
3586 4737 626 4399
2428 4576 117 1697
3707 4616 4346 3154
691 2774 3149 4194
1913 2794 2139 3128
4983 616 1756 4475
4449 1143 3141 2919
2011 506 4643 1846
1797 2685 1867 3298
4136 3705 681 4506
172 3305 704 634
2380 766 1458 784
274 2177 1149 2570
2882 2765 2591 4450
1112 1654 1490 3934
2125 4521 2926 3606
2150 2639 3369 2422
159 4672 376 2207
3423 2272 191 2860
467 3209 872 1990
3865 433 1334 3116
1559 1518 517 3785
2387 4497 3193 3958
2640 1672 3263 4464
3116 4138 3443 223
3402 2261 3893 12
1183 4720 2596 4587
419 163 2950 141
2383 1632 1436 3869
2834 804 2193 3272
3380 860 2622 3352
2097 3099 2185 2852
2251 2335 4600 692
3560 1451 1557 1979
1051 4301 2187 345
3718 2145 2776 1537
3709 3189 1982 3038
4987 4995 3271 4036
1315 2125 3946 4635
1311 52 4294 4729
881 4724 2604 3086
3259 2404 753 1721
2374 3134 4238 551
380 3710 682 3303
3073 4667 3444 2761
4191 460 3130 3607
2578 1490 4609 1823
2371 3102 2329 2739
1185 835 1354 4755
515 1810 2895 718
4779 2889 3538 4546
1958 4731 3743 4642
346 2435 743 769
2342 4572 3610 1200
4219 2193 871 4631
2243 1974 4582 2504
562 4947 3849 3507
583 274 4722 3110
4892 4461 1541 3568
3554 1379 3794 2807
4968 3588 1267 3539
4366 3778 3751 983
1068 3939 2362 590
3316 4550 3208 3958
3530 4636 3024 4122
1937 4002 2947 1440
2510 2742 2745 1631
2417 2016 3910 4936
4909 4731 4262 4864
2511 1427 3592 4662
2972 1968 4694 2032
1568 4232 4225 4015
3794 1416 3618 4468
4466 3614 967 3732
2596 1183 4615 698
1143 4657 4449 1204
3183 1780 2113 4071
4474 2021 4318 3479
494 524 3802 4662
3057 357 2469 2667
3878 4382 1786 2761
1386 777 1054 2434
3176 2059 592 1671
4707 144 3103 1782
4591 1569 101 572
1127 2996 242 3955
1464 420 166 2018
4458 4690 869 3080
3803 2873 2632 446
2447 2158 78 4888
1060 228 4205 2794
3893 67 1531 3171
4072 473 4222 4816
3213 4526 431 3787
4679 791 635 527
2131 4086 593 776
3721 4802 2259 1331
4471 1735 869 633
2225 3023 953 2266
1159 2145 4622 4472
1463 4046 3056 3005
2079 4911 4115 4059
4660 2282 633 4364
1590 921 2251 112
1404 3558 768 3487
398 324 251 3350
4745 4997 701 2388
4436 4380 1919 801
3131 4331 434 4607
2675 793 2020 2530
1287 2193 3315 546
1799 4039 2876 1890
2732 1416 612 2251
4649 1929 1829 1440
1530 1854 4764 3861
2586 4955 694 4855
3181 1271 4984 2637
1789 1314 1826 1637
3930 3841 2288 4231
4391 3861 1110 3495
1838 23 834 3332
3093 684 17 558
2359 3678 1453 4583
1736 880 4455 1815
4294 581 52 4044
212 1149 327 2675
1661 2784 1552 577
500 2774 605 3881
2717 3081 2977 797
4215 4639 247 1295
1703 3692 2014 4070
3986 4752 3073 3932
3584 1620 2963 2983
882 1662 1424 2150
830 1075 4558 3647
67 2574 1531 23
4972 3485 2421 1934
473 313 4072 2991
3160 3442 3327 2199
497 4985 1975 4560
4014 3382 4608 2680
1476 4395 1818 2963
609 4228 697 2812
192 2832 2972 1615
1103 3032 4914 3974
614 2565 3218 2322
3677 1675 2614 4241
42 3723 974 3409
4125 3119 1038 2518
1272 1231 1930 3642
1021 2512 1194 4384
533 1452 1093 2049
1522 4293 1387 857
2250 4602 2284 4269
1336 1689 1305 3747
2352 1941 1109 377
1287 2193 2586 3254
3999 1066 1847 2285
2962 1604 2576 789
3713 1822 2073 2418
895 1556 293 3248
1446 1389 4149 4763
655 4694 1427 4907
2355 1502 1210 3115
546 1347 1437 1889
3908 4378 191 1935
1246 2741 2330 3785
4006 685 287 3446
1515 1869 65 4643
1504 1375 1166 4622
4550 1149 2145 3696
2811 1941 2352 3588
4970 4485 140 4198
505 2952 3901 2726
1030 4961 4344 46
334 2644 4411 1956
632 4946 514 267
4514 1766 2807 933
1630 3355 797 3810
1654 1876 839 1120
1632 1422 591 2257
472 3240 1987 336
328 4836 2678 3089
4054 1813 4246 1379
683 912 74 4315
3500 4239 1991 2199
2728 1508 4580 4105
3810 4248 2161 1722
645 1995 2306 1747
4480 880 4455 4128
2760 4419 16 2200
1277 1989 3288 4851
4523 4525 2649 1322
2539 4269 4518 2078
418 3054 2599 40
2670 682 4596 3977
4759 2333 840 1723
1200 521 298 1098
2892 1670 2304 511
4197 1160 3500 1161
3193 521 1200 4512
2244 1259 1952 1477
4870 2695 1731 4054
3908 191 2272 4371
1822 2482 1579 2274
4531 703 4631 624
366 2622 1823 4131
4676 4521 3564 1182
4802 3721 2682 359
185 472 3300 387
2360 3510 2489 1880
1629 4144 1911 1067
4222 3249 2313 3401
678 934 3235 4883
2815 1113 4096 2316
963 4225 2974 3689
3621 4250 3766 554
4493 762 2835 4563
552 1740 1245 4303
791 635 1912 3246
796 4445 1689 1057
1498 3765 1166 3084
3517 21 4518 374
3730 1576 4187 4547
4511 1753 1742 3061
2815 1113 2591 1077
913 2012 2870 3472
4212 2438 1058 437
1515 4613 65 1097
1272 3583 3518 4308
925 1169 3715 1757
1565 3534 351 52
1299 4743 2007 4145
1139 1376 317 3594
4423 2864 1249 1066
2453 3401 4715 4446
4895 2711 1413 3453
4098 2284 4457 2817
2248 732 1375 3618
3055 1599 954 545
122 3473 3741 3177
2527 4005 748 289
3238 2365 3853 3434
4433 77 2070 941
4784 3400 1907 3332
2480 2675 1923 1955
2820 3089 590 3103
1991 835 325 3760
3498 826 4279 1074
4171 1249 2104 2285
1046 2769 3959 3936
2737 4421 3682 771
1173 4257 3732 2452
582 3352 4224 3894
3859 4415 4681 3909
55 4806 2036 2015
1272 1940 1231 4227
2600 4336 2149 1210
3296 2284 827 189
1110 4671 1055 4956
4571 2688 4388 2001
2784 3827 4130 331
14 769 4593 3548
3505 4048 4889 2767
2576 4834 2962 2462
1394 4207 2838 2035
3239 4009 2863 624
1537 3565 4163 2447
4501 4972 3485 1114
1310 1380 1765 2803
4799 4109 789 1447
3722 2244 4717 4077
2559 1613 4647 1604
1556 4260 34 4905
576 639 3184 1717
4580 3474 1508 4955
2345 1206 1504 1919
4919 3469 4930 4819
4964 574 3616 2562
3213 431 3093 111
4911 4200 3500 11
4450 4752 537 2746
4494 2871 4872 612
3727 2558 3322 4477
3084 3701 3844 195
3382 2794 4014 4946
2879 1070 4141 2017
4136 828 3354 3427
3491 2770 3531 80
290 3319 4999 4464
2396 1962 3157 1761
2413 1690 4656 4796
3251 4618 3531 3088
3801 1973 28 1668
931 4600 758 814
2997 2618 3432 1134
1125 4874 3477 4050
4554 1216 2334 1363
621 172 3095 2407
255 1078 3876 870
2775 1552 4712 2981
826 3393 3121 1219
3045 1943 4439 1865
522 3659 2646 2268
1395 4769 3190 2536
1141 4615 2743 268
4383 1116 1055 4058
2960 2549 629 44
4263 4587 1986 4106
1193 1804 456 4931
4234 1836 1776 1223
1414 4660 633 2785
2124 3937 4211 2457
2251 3547 1583 1387
2831 17 684 3634
252 3431 3713 4114
3301 4212 2069 3049
4769 268 1395 3093
2961 3415 3911 1528
4995 2389 2801 2214
4817 1599 3055 4718
390 1822 31 4471
2055 1604 2068 3529
2626 4171 1896 2360
4499 2727 383 3557
2964 3845 3068 4743
4470 4897 468 4515
147 2792 3247 2194
4176 1240 152 2060
4176 3252 4360 2634
4006 685 1711 3245
2483 1044 291 123
4951 3949 2142 1001
2258 1910 2752 3769
191 1047 3423 4136
3886 818 373 2512
4259 972 4711 3052
904 2553 1384 3760
800 4685 2146 3309
4964 4845 3907 1020
3185 1153 687 4188
1838 3169 834 3834
2911 2165 214 2340
3972 1707 2449 2174
2570 659 4739 1880
3533 4712 3904 1489
537 2837 2987 3660
147 870 3576 3040
59 1011 3089 4502
2084 2702 2675 1498
986 2518 4177 3770
693 3243 4359 4346
3398 2170 2070 2566
3566 2687 1047 2851
3022 1489 4045 2684
1061 3172 1696 114
74 4173 912 1146
4871 4001 3755 2559
3939 1068 1734 70
2405 1442 4464 2292
2672 4763 4476 188
752 1237 1459 350
1108 3654 1594 3047
3791 715 2196 2098
4980 1281 638 3385
4707 85 2111 1502
66 589 3756 1031
4592 2118 2852 1336
2188 1690 311 4500
633 253 2538 243
2035 4535 2177 3182
1604 230 353 2445
2377 122 3741 4475
4242 4137 1544 665
974 3503 2241 873
2083 2827 4372 2161
2479 1245 1740 3
3038 1670 4066 2293
3345 119 3310 1411
1468 1122 2096 1401
2175 927 2747 162
1143 4657 4493 4371
4340 3089 1011 2460
485 1534 4116 875
3487 4086 2131 4234
1450 4491 1007 1992
2676 4800 4041 1765
1398 4837 2774 574
3835 4304 3062 3764
2325 1851 2059 1352
3296 661 1189 4957
3975 3687 648 614
4019 4695 477 2036
1811 4985 1861 2417
1789 3741 2997 4732
1922 2001 4892 3175
4090 2886 2017 3491
1668 1238 1467 1623
4420 2356 1101 1108
2387 4556 4978 3688
2162 1076 817 4536
3652 3599 2181 2714
4015 600 204 445
833 2962 1604 4162
2284 661 4778 2777
2858 3697 4816 4935
3981 2576 1604 1277
974 2913 2241 4808
3512 1100 799 3589
4671 1055 3637 1841
2594 600 204 4869
2958 1287 3315 4308
1223 924 2005 1638
4946 291 816 3582
795 4447 3631 128
2125 4069 4521 2021
3450 351 897 130
312 741 3023 3118
3599 235 3338 3620
4309 4013 1136 1878
3088 1116 4068 1026
2315 931 2833 472
2798 1315 3071 2816
2465 4116 1534 134
4502 1259 2244 298
2913 1619 4797 3609
1670 3091 2892 3036
2529 3600 1139 2170
4252 1487 17 3046
3369 138 1774 2754
218 1911 754 4587
2361 4538 2954 1806
1599 3498 826 3206
2962 2400 1256 2699
1832 2 218 1963
185 3072 4803 547
1164 4237 776 2380
4684 4455 4390 4404
2538 4352 511 4433
1966 612 2722 4218
644 2591 3951 2400
1489 4180 305 2897
742 5000 4683 3372
3738 4581 1527 2143
1063 4959 2655 2228
90 889 3366 2856
4211 2432 2230 3021
4429 2083 3062 1850
754 218 2899 1133
930 1562 1034 175
3501 3988 1064 4244
4370 2505 254 2848
688 7 4949 338
4422 1997 2755 2646
2922 1831 4821 4760
4513 869 1918 791
4601 2990 3936 343
4334 2251 1288 3722
3858 2517 2175 192
2876 4872 4494 3600
4919 3915 3469 130
75 2691 4111 4855
329 2899 2725 2335
2717 2167 3391 3458
2466 4734 2797 4846
1263 3581 3380 1113
2274 2692 3634 1961
3882 4181 2994 36
1554 3576 147 969
4421 2783 3682 1081
1527 4576 1657 2249
139 1969 33 3782
3602 326 3683 3615
4985 2996 2964 1477
2466 1116 2873 4519
694 213 3837 3603
3764 324 398 3998
2992 972 4062 4982
4004 2009 1368 4038
524 1768 578 2678
665 3319 1844 969
3464 2797 3339 3471
1937 4320 2947 1361
1331 538 1170 232
2271 2362 493 3166
976 7 71 1360
3423 2272 1274 2760
4704 2583 4099 3503
177 134 613 3062
3866 1215 4200 4400
1067 52 1736 2216
4983 616 511 4156
2927 1873 1225 1200
3622 4423 2864 4632
3486 2334 2103 4333
1374 2721 1127 275
1014 2357 4774 4614
3378 1611 3403 1510
3180 169 273 1438
3317 371 761 3043
2796 1874 172 184
2384 4716 1893 4761
2478 4464 4413 4239
1892 2373 1320 946
2569 4520 4432 3811
3279 2481 1860 1615
1999 2073 3177 3549
772 218 3924 232
527 1934 1511 883
4662 3077 4981 642
3679 3841 3223 2200
994 16 2003 1599
2357 4774 2321 1527
4638 2378 4577 3558
217 2923 4354 2184
2015 4892 786 1799
336 3264 1879 500
3332 4107 4903 2521
1120 809 3498 523
2614 1978 1675 2722
4343 2059 2325 3758
1225 1761 2108 425
1372 3967 4979 2515
1133 2390 4155 3560
1569 1362 4591 3503
2793 3608 2102 2958
4616 4549 2866 4340
2882 2765 1120 2287
1194 3428 3333 4229
442 2013 3228 3204
801 2306 3783 3437
3264 3116 2251 2396
2384 4846 4716 4409
2931 3586 3184 4682
2109 3563 3354 4993
4397 3273 2752 1483
4886 1900 1000 3678
2299 1463 4111 133
152 4176 120 231
1782 3999 1462 2909
566 3350 2076 1671
779 2874 1323 4744
1359 1042 3207 623
4693 3808 431 421
2584 711 2262 4799
3627 2609 726 2427
1710 3298 2475 117
4833 1667 629 3103
2450 733 4021 3334
4106 1147 2592 3913
4126 3997 4760 3663
2711 850 2591 3766
4903 3332 2652 4119
2835 167 4947 1666
1218 4493 1880 3017
4392 2149 4689 4221
753 3213 2404 581
3490 3091 3534 1165
4866 3870 2557 1408
4094 1552 1984 462
2595 2275 1578 2895
3390 3853 3776 4962
1258 3706 539 477
3582 3436 4046 2295
2121 4749 2951 1543
301 2739 2114 1331
3726 2137 1095 3971
263 4286 1511 1812
4581 662 1527 4128
1283 975 2744 2545
827 1601 3046 1395
3556 958 2546 2043
847 2796 3931 1639
1453 2996 4813 3447
3984 1682 1186 251
2664 1846 3805 3432
3275 4373 774 4243
3020 3158 2696 2467
2292 995 1736 1666
4246 3473 1813 670
4540 3686 4091 4336
1749 904 3653 1351
509 4046 3056 4202
1834 2293 918 1174
2461 1592 1375 1278
791 2273 1912 1909
622 1980 3479 3752
3909 3797 1259 4486
876 2909 3905 2233
4696 3258 2735 1230
766 3009 1458 597
4908 2971 316 554
1695 2544 2428 2867
766 1434 1411 1020
4707 460 566 302
278 1734 99 3343
2491 3578 2686 76
1305 1336 1678 4483
1919 3641 4380 1448
1635 4497 2387 327
1659 1979 4149 4695
4781 351 1565 1384
2678 3728 1713 2936
4645 2380 2771 4159
680 1547 2420 420
886 3267 2560 4874
3343 123 4907 3856
911 2253 4766 2620
3148 1058 2401 1988
2892 4134 1041 4326
2582 558 1151 924
4516 598 4140 1346
3170 2684 97 2415
192 2088 2366 2174
4059 2800 19 4234
3071 1315 258 2888
367 4386 2635 2771
1162 2178 2553 1645
957 1604 353 2393
71 133 788 4314
3129 3185 4818 45
4733 778 612 667
4700 176 208 2194
1726 3809 4857 601
1170 3793 991 1156
4560 4185 4825 2375
3649 1365 2796 2493
572 3433 3546 2069
4320 4759 2536 740
4700 722 1300 1518
4203 4557 1540 4790
3744 1713 511 1002
2005 663 1879 1874
936 2339 3886 3057
4926 279 3213 116
3869 3643 816 4830
338 1894 2758 1663
85 2283 1369 1964
904 1881 1384 4163
1709 4346 57 4532
893 2823 2819 1374
2862 46 2807 3876
4561 3224 217 4791
3262 2170 2070 3663
239 1363 1117 1416
1692 1169 3925 526
4145 4577 376 1491
4099 4889 4952 2706
2700 1264 3313 2256
3542 1229 782 2700
2664 3546 56 3295
1165 2167 2717 3288
2659 3414 4725 1054
524 307 190 4526
232 1961 231 111
3509 3981 2870 3326
20 2055 1760 2067
3708 2719 2040 4145
2043 2164 314 4633
626 360 606 1039
2668 1604 3981 4891
4834 4348 2994 741
21 2864 121 3657
1018 4419 3853 2569
4501 2938 4972 2234
1552 4655 2784 1685
237 4569 1748 4450
4550 2776 2145 493
1890 717 4118 3098
2661 23 13 3265
2858 461 2821 2662
3842 2879 1029 2071
428 3832 136 2308
2430 4741 3851 4076
1654 2950 1876 1467
4636 2740 3024 2784
2073 4497 3193 1828
3116 2203 3048 702
1858 62 4249 113
2060 4551 153 4437
2772 2135 1472 4241
4596 2670 1752 1987
109 2166 1016 4812
2199 4424 1556 880
949 4646 2534 3291
3546 56 355 1755
1162 2178 3534 1711
1595 4887 4211 2324
3487 4029 4905 1175
3442 1226 2429 2336
2334 2103 4217 1071
2952 2695 3901 1878
3404 1215 4200 3630
1155 350 1905 4431
2399 4509 983 4589
3209 467 3770 3455
3537 1975 4985 2985
4752 1797 3073 4239
3078 2413 3418 3263
3018 3997 3927 3272
242 1127 3562 3158
1139 2211 3224 3277
3123 4911 4200 2250
2867 4586 3694 243
167 3532 652 3397
3070 690 4416 94
491 4685 2138 3585
4383 3815 4412 3532
692 1524 4403 4340
3671 1067 1736 3642
4948 3579 4895 1411
4723 3577 845 1812
283 218 772 1256
596 4338 4541 15
4455 1545 4480 3866
4420 1101 1068 709
1256 451 4834 2159
1130 4902 1988 2393
2897 2633 13 3302
4090 1296 3273 2189
1912 2273 2303 4542
3851 4741 4748 1948
2462 3863 2264 2825
2238 3502 3548 2833
4296 4303 3365 1650
2173 1812 1371 4152
4414 217 2575 3287
505 1000 460 4865
1926 2269 3753 2545
3128 3933 4046 4487
4290 843 1253 1682
3576 3776 2920 283
3403 1611 3725 533
848 4394 2245 3221
4324 4121 520 1871
1486 1589 1510 2810
1372 2042 3870 4506
3731 1947 2464 443
1578 2275 4878 4125
124 2351 2515 4303
3520 1262 2857 3930
2925 4434 2788 3250
4207 1394 4681 429
3647 976 4920 4602
3843 756 389 2618
2945 1785 3307 2458
388 4102 4970 2599
4880 430 84 65
2155 1255 1514 4157
194 112 3768 1094
544 1355 2046 3107
974 3503 3723 2238
1515 1213 4901 1718
75 3918 2691 369
152 1676 2883 2220
2728 1973 28 2340
2102 295 3608 3107
635 1263 209 2639
687 3185 2768 1003
3213 4132 1204 4717
2167 2242 4574 480
2345 1504 3886 4894
128 3854 61 2102
2421 2006 184 1259
3893 4631 2220 1369
2036 4806 4406 1067
4561 3224 2486 17
3612 4863 3091 2590
2840 2839 1798 2028
4501 4258 3485 1788
4828 4862 1450 1716
13 2897 256 616
3454 3047 2390 2386
4434 3114 2925 2199
3762 3705 86 544
4603 2834 804 4694
185 2454 4346 446
2361 2738 3881 2612
3462 3743 2072 764
989 498 1260 3669
2285 115 3311 3805
524 105 494 357
3694 3749 2867 4340
2228 69 4040 4346
926 3818 3822 2191
708 966 2487 2540
451 17 3911 4344
4959 992 3719 3635
4325 1599 4817 2931
1988 4902 3288 3427
3875 3035 4184 1361
3321 2689 1978 1638
4222 3948 4072 2317
1463 3005 3719 901
3161 4385 3300 3282
3348 3728 4897 4585
2100 2423 1725 1625
1718 2810 2630 2295
2840 3049 4664 668
4869 1978 2689 2487
4383 2680 4157 4062
3400 3447 4844 3996
1953 2353 2045 4153
153 1456 2209 3841
1111 91 3593 2663
4325 63 3121 1357
776 2708 4875 1197
779 1323 4534 2951
384 3558 3834 4008
3691 521 3814 4704
4983 1756 1378 3365
757 3526 1933 2076
2103 231 2406 4579
2977 1358 2080 105
4099 1140 3356 4769
2870 913 3075 1954
579 832 3788 1978
1610 2108 3991 2483
3652 2878 4715 35
694 2586 905 1937
2110 2662 627 2085
1234 3318 8 895
4067 93 4873 1132
1573 2690 4362 1504
3275 774 1141 4004
4664 2839 2840 1672
3686 4860 2735 3340
4348 2994 2724 3208
46 710 4898 3507
3377 1493 673 3330
4448 2693 4792 3940
3552 4665 4403 2539
693 1585 1781 713
50 2307 2978 1125
420 166 3829 2975
1108 2083 730 4895
4454 4942 4020 2693
3589 1138 128 672
2282 4660 38 2115
4838 4624 2833 1154
2770 3491 3655 647
3353 2695 3704 4105
533 1452 4228 4418
2428 3361 3230 4630
2796 2496 3649 4826
1795 1127 599 4582
4510 4044 1183 2555
54 3512 3270 4021
4351 89 4180 978
2134 4957 3547 1652
4631 4881 1090 2263
800 2146 2069 533
1984 3533 4712 3277
720 58 1464 4182
1869 65 2843 4909
1701 231 232 3694
975 3258 2744 3326
220 2535 3162 4530
3303 3803 671 3871
2175 4888 377 3699
2695 1681 1731 4629
1623 4801 2099 4825
2026 2114 2739 3446
2794 2139 3375 1406
1662 4176 882 4236
3750 3267 4265 449
586 1049 2224 4609
336 3264 2157 22
2572 2118 2383 3103
3238 248 469 4263
534 2281 3887 710
4945 4974 4631 2224
1989 1737 3557 2320
2277 3199 4096 1148
4223 68 2208 289
2141 3827 1265 1588
815 2940 3954 4335
3750 4731 1444 1682
198 4273 584 4791
816 3516 1792 1182
4228 1401 609 1397
4523 3307 4525 1323
961 3668 3065 526
3422 4820 436 3702
2700 3449 1264 1993
843 4584 3321 4134
4511 3926 1697 2953
3761 2973 1144 3588
3404 4364 1215 4892
4524 4346 3707 4112
1997 2755 2914 4313
3289 4030 3003 2041
3852 4749 1807 38
2171 3337 3159 3031
3946 83 1315 4471
4476 3840 4763 4028
2386 3870 1887 4894
1256 451 53 4936
4558 2284 1151 1125
182 2610 2566 3873
2215 1075 830 988
3735 3279 1860 458
32 2920 4216 1274
580 2242 2245 520
233 1299 2154 2624
2600 64 3515 3915
1111 2143 2900 2593
930 2410 525 1144
808 4119 3037 861
1922 146 517 962
2798 1299 3071 1979
1490 3175 4609 1500
4009 618 39 906
4546 1809 1154 448
1344 410 234 324
2217 2021 4318 4030
2526 729 4518 222
2935 1084 1010 999
400 4182 2099 4453
3353 1647 2409 4498
261 2225 953 3016
4295 162 1066 4330
2344 2171 3688 1890
4487 414 4959 2942
3083 1492 1707 3764
3678 3659 1453 3281
3104 635 4174 4395
2055 1604 20 3793
560 4925 3333 1294
2235 1336 3724 4987
1259 4785 2270 251
3029 3404 4364 3335
4326 1773 1797 3174
1985 3949 1727 472
533 2735 3686 746
1924 4694 2972 3783
3039 2869 2673 1884
1830 2428 3119 4914
2856 3959 339 4524
3737 3079 193 2389
3640 4459 1048 1190
1785 1820 1057 1836
1451 4742 4849 256
3975 4379 2879 3686
4164 4451 223 4829
2797 4570 4734 4499
750 1809 3913 4169
4554 4452 2608 2372
2582 2490 2320 3814
3235 2547 547 301
3652 3254 3889 1119
2491 2686 4841 4373
2483 1192 2992 2935
3666 3543 1147 3959
4387 406 619 4693
1714 2355 1210 2149
1922 4504 841 3027
1464 3828 1546 3225
4919 4282 4161 1872
4338 402 68 1389
2547 3745 3235 1421
1580 4968 3588 4934
4719 4508 1235 897
3239 3114 2925 1012
2955 2040 4687 4879
3392 3028 1236 4430
4479 1759 608 617
2760 2352 1161 1698
423 840 1094 3161
4554 2608 1216 1518
3466 2498 2964 4380
460 2952 505 3119
4359 2579 1585 3855
3189 4707 1369 3346
1832 218 2440 2639
20 1615 1760 4606
3286 2209 3630 2277
4489 3263 4559 2854
3405 835 1185 4718
3083 1025 1707 3902
2538 3586 4352 82
4688 3336 669 3030
4141 3687 2879 3229
550 4883 4037 1705
4785 2270 812 4625
1473 478 4599 1737
2682 2506 3860 1566
3479 2946 1874 3580
550 2794 664 2153
3888 2132 967 1176
2639 2781 3682 4410
1517 4517 4005 2607
830 2284 4519 621
1664 1685 1871 2495
1956 4671 1720 1500
3103 460 4707 4834
2662 627 3712 2237
380 3710 3625 1746
4013 2347 2917 696
740 1307 3305 2673
3999 2047 480 4132
4025 1684 616 4544
2640 388 3263 4325
4236 460 3103 561
4077 1643 1083 915
4718 1598 3578 4329
2252 4212 3148 3689
2317 1765 3475 3167
2166 1763 384 1637
2470 29 3080 4868
3892 210 1464 441
4933 1402 1266 4076
3423 4381 4408 3420
1983 1937 885 3955
2931 3333 3720 1211
4768 3648 1791 803
3089 4280 4340 554
2340 4558 1075 591
1730 4901 512 1926
3045 299 270 4300
3295 2267 4923 4506
4034 5 3870 46
2805 1922 4459 4525
3046 3296 4350 673
2728 2545 28 577
3000 892 1841 1808
1567 3594 3310 3936
1726 3809 2483 4718
2722 234 4923 4672
2949 1360 3539 261
670 3181 4984 4736
2565 4150 3218 1171
4652 2198 3728 3286
3097 1648 2765 3919
1149 3274 2177 3878
4644 1118 651 179
146 3356 786 3871
1368 603 3638 1120
3434 3680 929 2922
3293 1825 4735 4672
1320 4579 1510 4916
4553 1476 1818 4249
146 3356 981 3672
3720 3184 639 3881
2717 2193 2190 3298
3676 2376 989 3719
4239 1289 2146 1468
1527 4808 285 473
1047 1039 2383 4074
2918 420 1464 531
2160 3383 616 2009
3038 1474 1670 4117
3909 3987 4078 2575
2642 1315 2798 4972
1023 3127 1637 1253
1483 1370 1369 2578
514 4353 4500 2391
2670 3489 1752 4157
1375 1053 4055 4035
1122 1468 2350 1381
4064 525 2002 2516
485 1044 3066 2013
2203 3116 2251 3238
3323 2772 4200 2579
4681 2397 4207 2304
546 1971 1437 2954
4019 3560 1219 1336
2532 3771 4173 745
300 4099 1140 4317
144 888 3103 3575
21 2196 3090 1353
4879 4511 4175 4890
4234 1836 445 3537
4648 1624 3305 99
1230 956 1037 3591
534 2355 538 658
4834 2962 1256 3380
2071 4019 4695 4792
3380 4345 1998 2821
611 2215 1075 701
2062 1320 1892 3690
898 2159 218 1464
2446 2817 4283 2313
4134 849 1762 2677
1495 4276 1337 4238
2738 2361 4538 2721
3859 1394 2287 2336
2667 4834 4713 2384
4290 2082 1855 3561
1914 2836 3698 4058
4126 3997 3927 1101
2781 1114 2077 1359
4292 474 4692 3737
247 3472 3295 3615
1538 3296 4350 2425
3306 2135 2772 2254
3369 3111 3080 947
675 663 2005 906
108 1604 2668 692
3494 3463 2658 1496
1120 457 2326 2122
4277 2805 4459 1142
2860 2898 2749 2041
3483 2069 2038 2852
4794 1336 2912 94
371 761 4120 3086
1586 2127 2710 1619
4796 843 2278 2770
1929 1829 3825 4534
1549 1431 1005 4393
3927 1668 4777 2118
4943 1257 4212 3049
3284 4155 4840 2407
1922 4663 555 2488
1398 781 3665 4169
3385 2326 4807 1750
2660 1249 2864 461
3514 1721 2742 3923
4377 3198 2903 1441
923 3108 1360 2894
1007 2415 1188 1357
687 4422 2768 2908
4931 1056 452 1743
342 3126 1660 3759
4300 456 1804 1048
3751 4486 3516 3137
2645 3994 2471 1019
96 3928 4255 1915
3025 2544 2648 4533
2069 1959 4788 2241
45 2587 3567 3133
2416 703 2220 4433
359 1233 1621 2755
2900 2140 1359 3242
4196 3037 2381 4210
3614 4466 782 716
1897 3528 887 2629
3958 1012 1823 2529
4575 285 4620 4395
2781 1062 2077 4351
3059 2758 692 2930
3646 1979 4073 2396
2174 2293 2920 537
4243 3744 511 949
1736 3820 2748 286
884 4200 3960 4577
4152 1692 3715 2364
1500 1526 3802 1612
2407 1125 3445 1088
2308 3484 1297 1434
2844 2604 4967 4985
2278 4796 1757 662
2907 1540 3232 2224
2429 3442 3160 4480
1237 4254 4737 813
932 3593 3370 3702
1002 3694 3749 734
89 305 4180 3129
200 1401 609 1471
4070 4929 2482 1088
4208 4066 3038 4706
3076 4762 4342 2924
2644 4211 1535 2242
4975 2214 2068 3138
1518 1922 517 2295
3380 4345 3581 2910
197 4273 584 3329
4550 2322 1898 4367
1547 1120 809 3182
4683 2775 742 917
350 2930 2913 4270
1578 784 2595 4097
1504 525 2002 214
989 4210 630 2343
4167 3910 3559 1878
3984 2364 3115 1849
3188 4772 2931 45
4140 4414 217 887
100 3648 1324 2126
511 1867 1933 2694
2187 4392 2149 1010
2351 4462 702 2733
1230 1658 2318 2821
2088 4669 2366 4742
169 689 3180 2092
527 4898 1511 1719
3380 366 2622 3985
4778 2164 314 4735
2197 2522 560 1666
3600 1139 1376 1821
3702 474 3435 2933
3628 4492 3488 1370
2765 1120 3996 2324
989 4628 498 2303
3750 1444 3267 3690
3303 2873 3803 1086
3332 4137 2652 2866
836 4003 1969 1426
1903 879 2592 1981
2913 350 974 458
3614 1550 782 1943
3838 2425 2298 4603
1244 4539 4488 2830
2795 4433 2070 1378
1516 1397 3473 2918
1385 2100 1485 2132
1656 2059 2335 437
1159 2213 4908 3219
4513 4458 869 3605
600 3109 2594 4717
4083 2494 4620 3249
891 2206 3300 3674
2622 13 3045 2535
3515 2122 2600 1316
2360 4694 2354 3425
4272 2236 1541 1857
1494 2007 4818 4751
1657 4481 1622 83
467 2830 872 4436
3205 1320 2897 4729
4890 226 3010 1286
2688 3586 626 3586
2514 3944 2888 4965
2735 3228 4860 4219
695 4879 1010 1682
95 1953 2353 3651
2482 1822 3240 89
3637 4383 1055 4252
4874 1910 4109 4471
1542 1258 4166 2269
1025 1018 3083 579
1302 186 847 4283
1276 3536 462 2335
2387 4556 4165 3639
289 4524 1955 2118
683 1454 912 3678
1996 1177 3006 595
1122 3300 4609 3432
3597 3248 992 4520
894 324 2902 476
3119 1038 2428 2689
914 4488 4539 2944
3318 3660 628 1931
3925 1169 2410 4795
4269 729 3706 1883
2345 3076 1816 3379
1184 111 4533 932
472 185 1822 3530
362 2439 4016 4346
1004 712 2699 2309
2150 2781 2639 1505
1780 4621 3557 809
3382 1714 3375 1609
2819 2540 2698 3230
2534 1655 2516 3619
1808 125 2548 765
4234 4688 4389 1021
2399 1426 4509 3977
4419 1894 16 2884
3276 3099 2097 3114
1818 1968 2354 2570
2435 1467 1238 3246
2217 4318 3253 2633
2251 3881 3135 4008
856 2279 2832 4989
3783 3439 3168 4409
4093 169 2745 1489
1804 1193 1969 1322
884 1501 4476 412
3593 3606 3207 4504
3192 4620 1527 3398
1504 2002 1206 1331
1451 2075 1557 3509
1197 4818 3129 2035
12 1110 4619 1683
353 634 2733 2036
1339 792 4923 3711
1879 663 2846 4515
3925 2410 2000 3249
2752 4418 2258 202
3015 1734 99 4900
298 3381 521 4226
276 1182 3083 4537
4850 434 4331 2054
4996 3220 2920 3846
1753 1135 4511 2992
1033 3155 1370 4247
1361 1026 4559 504
3391 2717 125 2667
3606 3207 2509 4499
4172 50 4060 2561
1764 3592 2511 3515
1265 4130 3827 2020
2146 1443 1616 2490
3344 2785 4148 4259
3819 1630 3355 4162
4960 830 2168 4611
3379 1529 2159 4109
1246 3098 1052 4409
586 903 1967 2602
189 2532 4173 175
4461 1541 4272 4006
2898 1464 3828 37
3776 3138 629 234
4362 1573 340 3505
3403 2708 1194 2425
3815 2654 4383 1791
3942 973 4039 2108
1644 4640 616 2298
2964 2996 428 121
4568 2357 4270 4153
676 3388 1318 1681
3526 3011 1867 727
3522 525 4205 1568
4951 2434 2209 2324
3603 2879 4555 1949
2945 909 129 4534
2383 2572 4595 4751
2448 2777 4611 1770
629 3776 2709 2033
2176 3639 899 1227
3698 3143 2836 496
4783 2333 1402 2405
2783 4421 1769 2626
3774 937 185 2519
608 1759 646 3966
4148 4606 4830 951
2308 1297 1995 1326
230 3856 1604 4147
874 4225 4997 4434
308 283 218 2156
4745 4997 1455 876
460 4191 1673 1964
4429 1108 2083 1489
4130 1661 3368 4127
4140 1597 4414 2763
4166 1542 3574 161
2622 1012 1823 2779
4775 1436 3598 645
2379 4294 581 2350
473 4776 36 4166
4016 4129 2439 2216
1297 3783 2306 2513
4455 4767 4357 2851
2961 2746 3415 816
1607 919 1360 3980
1815 2842 1191 4668
181 3020 3158 4198
3249 4222 4776 3094
3886 936 1375 3691
4989 538 1331 4471
3187 4908 2380 1754
4536 158 3425 3506
4296 651 932 1119
1785 2945 4472 845
1147 3540 1850 4953
4124 4466 4625 21
1375 936 1561 2615
2038 409 3483 4437
3551 3557 426 3421
2532 2196 3771 3223
4370 2330 254 4786
1437 3068 3453 1627
3006 1846 3847 2117
1875 4036 3552 3070
3099 3152 2297 4560
3304 1357 1576 3265
1868 2732 2869 172
2821 2858 578 1522
2867 1199 2413 685
3846 1004 2699 964
73 1255 257 1988
3279 3252 961 3484
4138 1879 2005 1968
1517 4005 3573 11
1617 179 111 2789
2300 4036 3739 509
96 4007 1967 1718
4851 1251 2926 2739
4911 2079 1056 3656
4889 880 2543 3970
2072 3525 3743 4414
926 4569 1114 3983
3920 2600 4314 4600
3297 4647 219 3484
29 523 3080 3995
2642 2775 4030 2061
4183 1665 4895 2251
1005 2048 2403 3745
1754 3513 4064 1926
3400 4784 413 3177
740 3305 4005 1711
4935 1409 2189 2252
279 3213 4526 4338
2602 4280 3089 3774
1839 1317 1059 216
1763 3067 1092 3742
473 4222 4776 2028
1794 2522 1194 3068
4143 4969 80 3356
575 878 4471 3973
4217 2203 1759 1525
1508 1930 2006 3842
3014 462 1899 1064
1488 2348 1114 2842
1231 4371 1940 3286
2869 612 1207 2974
3488 3628 2708 3097
4531 332 2928 635
4705 1553 3648 1465
2827 2083 1208 1449
4177 4845 4131 761
1541 1824 3935 4277
4415 764 4567 396
3022 4180 1489 3064
1928 1839 1317 3524
2629 646 4057 3332
1818 2354 2436 3957
3241 378 4191 375
2288 3264 2251 4580
3586 4352 4710 3956
3427 59 246 3431
1269 375 1930 3121
3929 903 46 1858
2251 2452 714 599
3638 819 2009 3097
1631 4877 2175 3917
390 548 4233 4659
1902 1645 497 1369
1623 662 1527 3645
4415 4711 4567 3933
1966 1297 234 3839
2477 2869 422 2308
2823 754 2899 1519
4871 2310 1673 581
380 1138 1248 3468
3026 2428 3230 3329
33 1245 2519 3605
596 149 3124 3450
1445 542 4122 4103
2418 1962 3010 4044
4974 4532 1275 4757
1725 2423 738 4028
2875 1224 1573 3497
4046 3846 304 4504
2025 4063 3135 597
2602 2820 3089 1657
1752 3708 4596 535
4974 896 829 3849
2711 4895 3951 2911
3020 4128 2167 2346
1676 152 479 2500
2119 1183 4615 1841
920 208 4700 3217
3135 1288 2025 1162
2591 2711 3951 55
1403 3284 2191 3025
3018 3927 2786 2157
1481 3069 13 332
2906 3460 2237 329
1779 1533 2977 3718
4947 4028 2835 1443
1315 3120 3446 4509
4389 3336 4688 453
2892 3612 4134 244
3392 4747 1236 2656
84 4880 4046 3575
2328 2550 498 1799
2956 3838 4398 4893
827 3296 3046 3176
4318 404 4474 4836
4859 1016 500 3669
207 2062 4812 1048
904 3034 3653 3104
2251 4793 921 404
1723 2373 1325 3164
3197 94 4909 4576
3457 1165 4971 321
3068 3845 1437 759
747 4916 1091 1142
4576 117 4614 77
2343 3089 1795 3435
2726 2217 2021 3874
2708 1794 1194 4360
3003 3830 1552 3688
3870 3967 1372 684
1991 835 3405 2333
4530 2193 4935 2043
2355 538 1494 4854
1970 3669 1463 385
3560 3191 3064 373
2898 2850 407 2210
4113 3178 1565 451
2808 2787 3490 2485
964 513 4736 3328
3239 4009 39 2106
2968 446 1527 4645
1664 3373 2854 2351
3909 3797 4078 4404
1299 2981 641 2089
1297 3939 4413 2000
2762 4596 1976 2825
3623 1142 4609 1528
3541 1734 1068 137
1281 3735 3279 2834
2181 632 514 2539
2688 2538 3586 3000
963 2929 1391 4725
3588 1355 1743 3511
2889 2336 4353 4690
4169 4194 1362 4844
2058 2987 537 4305
3911 3016 1715 2150
1108 3642 3654 3467
3056 3669 1463 4031
4238 2421 1930 1904
4455 1545 4390 3117
2964 1728 3466 3601
4275 3461 306 2622
2105 434 297 3460
1762 3785 492 175
2394 1019 926 1907
323 1566 1432 1501
2314 3891 1916 2908
967 4466 2132 325
1974 2594 4471 3140
3248 3719 3372 1489
538 1494 4989 2088
3593 3218 3606 2045
1522 1387 4981 1513
4977 3052 2882 1918
668 278 99 3251
4550 1898 1149 1569
765 4575 44 1237
44 765 855 4249
1150 1061 4586 1376
1146 2427 1575 2712
2971 3070 3187 836
130 2019 2423 3413
1813 3741 3473 571
2729 4738 351 28
1933 757 3527 3923
599 1920 1127 2779
4934 4169 1362 4139
2203 822 2251 4833
4424 1156 2199 1774
1672 2640 4288 2459
1945 4038 4750 4805
2413 4656 3418 4505
3067 1273 4800 2448
4589 4432 2367 4705
2879 4555 1029 1010
3792 2707 1695 1416
2028 4333 4716 4889
3726 2414 2137 2386
4149 1446 939 3810
1681 1843 4969 4649
4665 3739 3813 3478
4353 215 3920 4771
1193 836 1259 2830
3369 2915 4335 4092
927 16 2175 3684
4941 3497 567 4825
1606 3351 1809 1870
290 1818 665 3615
4046 3005 1463 2271
1225 1873 1761 669
2488 3108 1360 405
1605 651 475 3359
3930 592 2059 219
2367 2943 4589 2285
761 3317 3014 2299
233 1299 3071 3592
3949 4324 4121 4252
3274 1149 327 2276
2769 964 1802 1565
2030 3153 1273 3216
880 1736 3820 1348
1994 1893 156 4341
4937 1192 2483 2126
4006 2418 3865 564
2900 160 4810 2144
3680 3955 2860 3117
1623 445 446 4520
1112 2382 1950 1429
3783 3226 2319 2134
2655 4959 4487 4070
2203 3048 4554 1313
3027 4986 1451 583
196 4682 2128 639
2380 1149 4908 3806
3729 1026 1672 1386
3681 1776 1586 675
612 2173 4733 773
4475 3797 836 587
1435 4926 279 1534
4770 3940 679 3104
1210 4435 3790 2611
3997 3018 3499 1764
1217 2717 3457 4250
2483 3206 1479 3479
2098 4692 459 1572
1055 2731 9 3946
1233 4189 359 1087
4889 3233 4952 256
3038 1474 4251 2429
1976 4596 2910 4569
1315 2125 2775 2248
366 1823 1603 4287
123 6 73 545
1686 1527 3192 2608
586 1049 1967 2398
1223 4138 2005 1943
4784 1470 3193 2132
1221 2030 1536 2411
4216 2920 706 4668
196 3267 886 44
478 1473 4231 2698
3557 1989 3551 2868
4174 570 3885 2841
3057 3074 1917 2986
4181 4482 4834 520
4646 964 513 912
1475 294 1220 4047
2329 3892 3102 810
2667 3587 2427 4821
2631 655 4694 484
395 36 473 3963
1900 4886 1669 3419
4685 2424 491 1999
773 4884 1507 3010
531 1460 1001 991
1183 4044 4720 1510
2544 956 2318 959
3695 4876 1693 3004
4712 1552 1984 3488
3657 3291 3434 3160
1032 1561 4798 4438
4221 2889 235 4942
3413 1776 4560 4581
1690 2413 229 3322
1867 3526 1933 2557
3634 2692 1462 4938
2385 4517 4005 4811
566 2076 157 856
2658 2888 1100 982
2917 3870 1136 250
2116 1583 2251 2528
4865 1354 1806 3305
907 630 3944 2376
4388 626 2688 1140
5 4034 2587 493
3490 3091 4413 717
472 1822 3240 2291
3076 3492 711 2091
2657 732 4055 4231
567 3293 4028 3862
989 2432 831 1954
3776 866 2573 4785
3263 1672 4559 125
990 234 1344 4141
2183 2638 671 4358
4732 2807 2163 3787
378 3241 3787 2345
1331 3 4989 3900
2155 667 1255 340
3086 438 396 1909
3916 4631 4945 1919
1566 3620 2282 3707
3093 3911 2961 243
1678 4253 1305 2100
4594 1537 3565 3388
626 3139 4388 702
2867 1383 3079 3815
1556 2238 3275 4558
1795 3357 2343 2388
2380 1074 2771 1359
131 1980 2946 1401
840 2333 1094 3256
1427 2360 3592 1106
937 2454 185 980
1231 293 1930 3166
3930 3679 535 530
4578 2751 3463 4885
717 3615 1890 3913
2264 1603 3863 1607
1219 993 4019 567
3294 4246 4054 3744
634 957 353 4289
2195 4789 265 3223
4691 4980 3735 4762
1890 3615 81 14
1297 3783 234 3621
3566 1047 3521 980
2682 3860 4802 3657
550 1913 2794 1001
3344 4097 4830 1781
4403 4665 1524 4952
3681 1586 1293 2829
1837 729 2284 4796
4611 1126 2777 3552
2043 2998 314 2978
2931 3720 3184 2693
849 492 1762 4424
4123 3506 2815 557
2920 32 1080 4944
635 4756 4679 71
2965 2725 838 813
4888 1132 2169 4774
2854 1664 19 2714
3641 2701 4456 631
1507 324 1162 260
302 2409 2049 2939
4576 4973 1473 2653
1380 4731 4909 282
2000 4205 2410 4736
3515 2122 394 4672
1980 2946 3479 170
2239 1411 766 806
1932 3309 2007 1266
3559 3101 3257 3821
2518 3370 2941 4573
2296 1046 107 3328
71 976 4570 4836
4488 4545 2514 3525
408 3956 1646 1068
3204 4905 3462 3587
823 4786 416 2665
2056 4339 2702 1664
2376 831 989 335
1270 3637 4671 2287
4133 321 191 3372
1708 2092 2972 3605
2355 534 1714 3408
2989 1790 3440 618
248 1119 3876 1390
3252 4176 961 2208
3110 1694 97 4863
1983 1402 2290 3585
1930 2421 2006 3706
4719 2238 3502 4668
252 1458 3322 651
1809 3730 4546 4370
4776 959 3249 3920
830 4519 873 3045
1431 1 501 182
3394 2288 3264 4685
2735 3228 2013 522
3425 2383 1436 4184
3534 2693 4792 3285
218 2 2301 1311
117 2375 4471 1860
1755 4729 4899 4911
4692 474 3702 4995
2997 2882 1120 665
2071 2580 1901 1441
4169 1351 4934 1002
3370 434 2941 2843
4970 388 2640 1807
4594 3565 3311 4879
1348 221 3163 2901
3834 3008 3558 3546
4438 96 4298 3915
4224 1884 4081 1511
1899 3014 137 792
1614 1741 1824 3737
3391 725 2063 2454
2503 86 3204 176
1292 4848 2527 4908
1587 3803 671 4469
826 3121 1599 305
4108 1907 4562 2846
2600 1612 1964 3808
1553 198 4705 975
2362 1068 1101 2077
4028 4947 3293 2883
2909 876 3083 4323
4527 3386 3637 3178
1808 125 1096 571
118 2261 3893 2576
2754 2887 2427 3231
2518 4177 2225 3760
963 4225 1391 3780
3014 1237 761 1929
2129 1718 2979 1519
4472 206 3770 4013
2413 709 3078 4666
3605 4399 174 3546
964 2534 2769 1980
2617 2512 4610 620
3369 4299 1774 3516
3940 4616 4346 918
308 218 545 3142
4398 3838 3036 3183
2514 4488 3944 2579
2717 3081 1217 626
3063 3748 609 3256
3947 863 3311 2901
2320 1497 2582 2819
2196 3771 715 2820
4387 485 619 3472
1721 2742 2500 225
4228 2210 3855 3929
180 1571 3632 4893
4206 3472 4204 656
3794 1071 3554 3635
1730 2393 4901 1393
3279 961 3065 4259
3875 3167 705 4610
2284 1151 4323 393
3508 3893 3402 4193
4205 525 2410 1602
650 610 2472 4100
4527 3637 4383 1037
4750 2879 1543 3063
4751 130 2245 2906
2330 1073 2741 742
4401 4422 2755 1230
3440 4431 1363 4350
4696 2700 2945 3435
2149 1612 2600 4206
740 748 4005 217
708 4076 2036 433
3949 4951 4121 4683
4153 129 2066 2407
2148 4930 4919 3266
2952 2156 794 889
4879 4511 1010 2139
436 2844 2041 218
94 4909 1380 2948
4663 1922 2793 4386
3503 2891 3723 2243
3800 2282 4658 4126
1579 252 1822 475
1557 1704 3064 2561
4704 1949 2583 4639
2260 3452 1734 1593
1118 651 1460 3348
3965 1820 4523 2624
1523 730 1108 4723
1568 1915 4997 4686
3093 431 4693 2543
114 1619 2913 2294
11 108 236 2743
972 4529 4711 926
4148 3160 3327 2893
1668 3576 1554 2062
1584 2848 4128 1914
1370 1369 4868 2043
3245 887 3528 1428
243 5000 4683 2886
3142 4430 4640 3324
4885 3257 3559 4054
4862 556 1280 3985
2538 2531 2688 1353
4459 1922 2102 389
1190 2094 1923 2289
3208 1522 4550 1779
4406 4806 2520 4233
470 4629 2729 2585
3077 1754 4064 2440
761 4737 1237 100
1065 2951 3716 3508
4005 3573 4932 3030
2586 1096 4473 59
1402 1266 4783 2273
4670 1865 2122 2526
4276 1495 1870 4641
4099 4704 3356 765
763 4759 3040 774
2455 4459 2102 3900
1939 4831 2765 3014
4928 3405 2772 93
1302 847 2796 362
1836 1623 445 2412
198 2323 1553 1771
2487 708 4076 3928
4621 1623 3700 3914
4428 4594 3311 2634
1261 4696 3989 4599
3282 3648 4705 1158
985 4719 3502 3890
1185 1354 1806 172
3706 4166 1258 3874
418 4268 697 3332
3994 2550 2645 4939
176 294 1100 463
3286 3280 391 3003
1722 4176 120 157
501 2075 1005 3695
4855 2979 4528 2811
3942 1799 4039 3388
1067 2221 581 50
4631 3823 2016 2596
1778 4649 221 1953
3193 2951 2387 2024
4930 3469 1349 4633
1736 52 4455 2619
3620 2523 2282 4336
2101 183 2945 839
1524 692 2758 1563
1453 2359 739 1386
1566 2282 4658 3127
2487 3171 4076 4426
2609 3942 666 1940
1275 3044 4974 1563
904 759 2553 2249
4694 1427 2360 4362
4460 578 769 2331
115 3311 4822 1795
2750 2876 4872 2838
2195 3388 1297 2779
755 2552 2620 1348
188 2409 3704 4107
1064 1362 4934 4125
3819 1630 1543 1267
4889 2543 2521 4593
1295 1047 3423 3696
2640 2614 4970 1141
4425 4249 62 4937
3181 1580 4968 4496
1859 3023 2809 458
578 3175 4190 1795
3891 2245 2557 648
2831 4252 17 1355
1231 2997 2882 570
609 4499 1252 1602
620 3490 2808 39
4126 4496 1238 4582
4160 507 1593 536
1491 4724 4673 772
816 1580 3181 31
1326 2228 4040 1023
1106 2667 3468 2222
2992 354 4062 3186
1626 702 4462 4842
1330 3565 4822 3408
3359 3645 1594 1847
2702 2353 2480 2937
4173 3771 912 2172
3093 4410 3213 3701
202 4665 3813 4740
2646 3659 1453 1403
1838 23 1319 4227
2920 2174 3220 4926
1879 4138 3116 335
2807 851 2518 3445
4731 3750 4262 3326
4570 4283 2650 3109
4344 1030 3899 3392
1289 2024 3500 31
4983 3348 3033 3125
1331 3793 3523 1755
4696 2735 2945 4583
4675 1444 4316 4366
300 4824 4035 480
3866 4200 3960 1332
1481 330 4220 4141
2323 3181 198 3765
248 1119 2365 3578
2125 4067 2775 2540
3401 2567 3652 3032
2717 125 2193 2813
2815 2765 1648 283
3763 3829 4785 1866
3132 2514 1606 3425
3707 4716 1564 19
4312 847 3931 2105
4750 4896 1945 4588
1912 4174 635 2928
1339 2722 3836 2894
3648 4442 1324 4598
4520 4589 4432 4714
2071 4019 2580 1911
1314 735 2997 4716
3610 4572 1120 3106
4681 4415 2004 4840
2150 2781 2282 1805
166 672 2037 3988
4947 2832 3293 2933
4900 1235 4719 2592
2693 1565 169 2300
1355 320 3588 4513
4751 2133 2245 1742
1673 378 4740 3240
2807 2862 2163 4318
1833 2095 2024 3059
1469 1339 792 3131
3740 883 1534 293
2768 3747 3185 3069
2438 2369 3483 1399
39 4804 3239 920
128 2447 1248 4744
325 3656 1991 358
2677 2910 4596 943
2852 1039 2383 4685
1966 1691 612 3752
4355 4951 4121 3786
3442 1232 4503 2864
3312 4127 2266 686
1884 4081 41 3173
1760 2055 4867 4987
478 2223 4231 4209
3941 2074 2890 4790
3747 2558 1299 563
992 3719 3248 758
4748 987 37 238
1993 2784 4634 655
3159 2951 2387 4984
503 4005 3408 3989
4419 1018 2659 3702
130 4751 2100 2253
1902 4985 497 3672
4886 1746 1000 1657
1151 4323 3938 533
2346 2095 3500 726
4245 2351 124 945
4861 2429 1226 1885
1038 4076 2428 1315
4231 4973 1473 1006
4175 1481 13 2021
1530 4495 1609 2300
3699 3605 3658 2812
1874 2539 2196 1500
4827 353 2733 888
3397 1384 251 107
2670 1138 682 1037
2475 722 4700 1570
106 2458 289 1070
2919 4644 651 3930
1923 3244 4766 1584
2490 1944 2582 468
113 2602 2671 3400
3139 360 626 1943
2251 1448 714 2526
1755 3020 3959 4884
2136 3783 3874 2755
1647 211 2904 4255
3937 4211 2644 1422
466 4067 742 2545
2150 2538 511 2938
3992 3707 4616 1921
3794 4938 1416 4303
4485 4970 4102 3605
4363 2343 3277 3305
3268 351 4781 4284
217 4354 636 1067
16 1524 2003 2005
515 2003 1524 2562
725 2245 2242 2593
1009 322 4226 1135
3961 1172 3146 360
3610 1120 271 1837
2370 512 3229 700
4250 670 1284 4077
527 1145 3703 1091
2354 1805 2436 1911
522 1381 960 1148
2073 1822 1040 1393
4238 1930 2723 1574
4001 4871 4740 4293
767 1988 589 1971
4181 4834 2994 4506
217 2658 3224 3423
1457 1814 3193 921
2352 2175 1123 879
4561 636 217 2054
2644 2637 334 2759
609 498 2988 90
956 1230 2318 1190
3146 751 462 3716
3935 1541 1278 4714
3680 3955 3202 985
3978 1787 3626 2073
1930 2728 1508 3394
3919 3403 3378 1732
1125 4109 4799 520
172 3305 2796 1864
618 2588 4009 7
595 723 1234 428
4278 2078 2346 1027
3440 1363 1790 3440
2687 1047 4202 2355
612 2722 778 239
1943 4263 642 3433
4682 1444 196 1701
4051 4394 3001 4310
2750 4872 4891 4982
4291 4176 4365 844
3420 3847 3006 1574
1543 4379 2879 1187
3985 1249 2104 1284
3689 1046 3284 2738
2055 2214 2068 3394
2464 3709 3731 1628
1136 3870 260 3822
165 4402 3687 1828
1556 3275 1141 4321
1776 3681 388 4524
840 3043 423 60
4494 1793 4039 236
2360 3865 4006 1776
4779 1815 2889 4928
4593 769 1768 3317
2932 4811 4744 1221
3483 2438 2069 2359
1052 1246 2330 4222
1132 2175 4888 647
4802 98 3860 3992
62 1239 1858 419
1780 1758 3183 1246
1238 743 2265 1051
736 4170 3301 3525
725 2557 2245 3168
1660 4113 76 4658
2256 4137 2652 3694
2837 699 4787 1557
679 3964 900 1021
2196 3791 1418 4792
293 1231 3741 3095
4232 1391 4225 4728
969 3181 2323 4366
2705 1536 2030 2769
1534 4226 2293 999
3978 3269 1364 1841
1481 3270 4879 3932
1310 2317 1765 2998
4983 1378 2463 2300
2925 1736 3239 2590
2837 1797 2205 2974
4268 697 1452 1433
1162 1321 1507 3505
3969 2294 833 73
1594 3123 4200 4373
860 1263 635 129
3079 193 1869 525
3390 3776 3481 3713
2108 3921 4612 2062
3851 1491 987 3949
2199 34 1556 4681
1375 732 4055 265
1959 1607 3210 2306
846 4480 2854 3610
363 1818 4395 2660
1074 4230 1299 4703
2679 857 483 4426
1952 1493 1259 2054
482 1354 835 2752
3324 2634 3462 3633
2538 2150 2282 3791
2961 3093 4693 4575
4395 3690 1476 582
3401 2453 4330 1152
2693 1565 3534 9
1184 1617 111 32
412 3085 2355 1436
43 1523 1108 2317
1703 532 4341 114
1028 4327 3553 3224
506 1922 3511 367
3559 2990 3910 2389
2941 2225 2518 1458
2069 800 1959 1436
2057 4318 404 2455
2163 2862 536 3936
2771 1074 4915 3954
3588 1580 1294 4087
3141 1143 3407 3304
1131 4546 3730 3702
1184 2188 178 320
1066 3999 2692 232
2155 1923 1514 2277
3705 1228 86 412
2003 1810 4084 2648
4460 3697 2858 3374
1249 4074 2182 1061
1398 3665 1016 3141
4968 3181 3441 4615
1314 1789 2997 359
4921 3328 1064 3424
4574 2167 1584 742
697 418 2599 3568
4486 1683 3516 2473
1483 1555 4771 267
4531 4746 332 578
2992 3631 4447 2886
4834 4713 2845 1800
2979 4855 760 4203
1049 4198 696 4186
1606 368 2888 2623
4754 934 678 3660
2915 807 4335 816
378 4440 3787 3982
3096 1369 3731 4449
4270 2981 1098 2745
3403 1194 2512 2319
2042 4866 3870 3798
2062 207 2897 1377
3281 1363 1790 1959
3776 2709 866 2851
1076 3099 2162 1079
782 4625 3542 4269
4419 4100 3853 2352
2992 1192 4447 334
3493 3213 1204 1499
3026 4471 878 2041
4537 4836 1713 2120
3089 1127 1795 2052
3612 4134 1762 2771
218 2643 898 1202
4945 4974 896 3711
2703 4239 1991 1906
3436 450 4674 1766
1343 176 2152 1285
2715 1375 2392 207
4652 1052 3728 3425
3619 3662 1809 111
918 2293 4305 2984
1822 252 3713 2228
4720 1801 443 1344
1288 2251 3135 898
3845 1437 1347 2147
2095 1642 4728 225
1315 3446 83 2596
3547 1583 2134 343
408 4917 1148 4649
4558 1151 2582 3349
742 5000 4721 4505
440 4346 1709 3823
147 389 1554 1524
1160 4911 3500 669
357 2295 3057 4792
4497 1999 2073 2808
129 249 1521 1439
933 4595 1632 753
2069 1581 4788 4319
4268 267 418 1365
1506 1067 2221 87
4983 1713 3728 856
3559 1441 4075 3101
3434 3291 971 194
4273 3516 816 4385
2155 2601 1923 4908
2760 405 1161 1786
1642 4377 2095 3624
816 1580 291 1931
2656 223 4764 2325
1548 2326 457 3010
3804 698 3156 851
2735 3258 4376 2184
2653 2316 1152 1490
791 1176 2273 2682
1907 4562 4784 4146
2568 1594 1023 791
3746 4102 388 3070
2799 4065 1055 998
2878 587 4715 319
760 2818 1718 3320
3299 3067 4114 1540
741 3023 1859 4900
3051 279 1435 1700
3262 4505 2889 4561
485 1534 4387 753
1125 4874 4109 3676
3041 1604 3834 4494
1286 4705 2088 3763
352 4864 3925 2598
588 1249 2182 4114
4945 1574 3833 978
2161 4348 4834 146
4306 319 2262 4509
1363 4431 1117 4584
4586 1024 1462 2970
116 129 615 2887
119 4607 3310 4918
4276 1325 2373 3767
3891 2314 490 1841
4217 416 2103 3119
2597 3283 1092 1428
3006 2697 1177 3716
3995 2208 68 4785
1148 1646 408 461
990 234 3783 51
3789 1473 2120 4299
3312 2581 3971 2214
636 1621 2868 3418
4296 651 475 2412
3154 1680 4800 2949
1448 2251 3862 620
4883 550 1913 3212
2450 3441 4250 3254
2349 4365 4371 1002
2084 4339 2702 4426
2297 3508 2162 549
3168 3226 3783 2284
670 3181 4250 4937
1458 1091 252 4717
2681 2457 4272 2882
3853 3390 2040 4421
3219 2860 2898 184
244 2907 3232 3384
4997 1568 4225 290
200 4484 1401 3351
4641 1109 2533 768
4892 1922 786 4598
1575 2887 2427 4443
4811 4890 4033 691
2725 838 2991 1417
3612 3091 2892 2593
4809 1755 3106 3572
3036 2016 2298 1616
3768 2148 194 1544
3332 434 435 2660
724 1139 2529 2308
3421 2747 377 2844
376 3973 3339 4529
4840 3795 3693 978
3292 305 3147 3036
1516 4581 662 2241
396 929 1028 4852
2880 4723 3577 3165
4389 1776 4498 3545
3290 4439 4263 3432
1563 3115 3984 19
3793 653 2936 2591
2311 4626 4246 3789
2945 4472 206 2876
1837 729 4218 1162
3906 3273 4418 1317
662 1780 4730 3877
3342 1910 3922 1949
3062 1208 1651 1158
1670 470 3091 4153
3709 3189 1369 1348
3661 158 3425 3818
3914 4758 2915 905
74 4173 2761 1931
1922 1864 841 266
1645 497 2589 4904
4837 3419 170 3712
2071 4308 1901 1851
4769 1407 2981 667
3790 1212 3382 3317
2090 4067 2926 4818
2253 1923 4766 2544
369 2599 92 593
2328 3796 498 4353
649 1498 1504 1880
4169 3561 1351 4074
1615 335 1760 1495
3401 4715 3652 2080
4371 1911 2349 512
4113 1660 342 2875
331 435 1525 4306
1259 4502 1193 2824
2920 2293 4305 2647
2839 4664 3219 3464
3967 2506 3870 3421
760 2922 389 4202
629 127 2709 510
429 2411 3108 1414
3682 2783 2639 1439
2251 2335 2288 4494
2614 4970 1978 3699
3360 2483 1726 968
3605 4580 2728 526
2284 661 3296 3482
4235 272 1423 3601
3775 1543 1630 282
2204 24 151 944
1074 2380 1299 3093
191 4202 4133 4303
2946 1874 2196 334
33 4011 1245 4644
2695 3353 1681 3859
277 245 1518 521
159 4638 4577 871
3149 1618 945 3626
3083 333 984 2288
94 2812 1765 469
2639 4335 3369 1610
1750 3500 2346 3080
458 2173 1812 710
4082 3490 1297 888
4319 4576 1285 2049
799 2144 2751 3445
3658 3753 2269 1269
2247 1552 3830 2535
3481 3390 2765 3248
4065 1055 1640 1188
75 4959 2179 2469
1493 1259 4785 3145
3861 1430 2240 1843
1821 654 3595 931
192 3702 4917 3406
260 3891 490 4675
2577 191 3107 470
1742 2704 1753 3077
1936 1695 2707 3374
4961 1181 3568 2657
3184 3586 4379 589
3082 4472 1785 902
3870 2557 3891 3081
2146 2069 4542 2803
2173 2641 458 4991
2941 434 321 1174
1002 3749 60 2602
4901 512 1199 3292
4416 90 3147 2211
2475 2829 2694 13
1734 278 2260 4826
3371 286 785 551
2551 1931 2689 2345
4468 1920 1663 1843
4468 1920 599 417
2764 2032 4516 4631
3369 523 3080 850
4432 258 3071 2120
4461 4930 2148 4440
4375 1140 300 4911
1688 1030 3641 1596
455 3577 1338 1765
4665 3552 4036 1447
4471 2594 4651 3243
2652 4903 3816 4171
439 3590 3232 705
7 71 3726 3134
2921 1623 3084 4831
453 779 3517 490
2972 192 1968 2509
4982 4472 3460 2591
1030 1919 4961 1561
4524 3072 4346 2592
729 4519 2284 3515
191 3131 434 1903
3396 4890 4033 2069
3733 4934 1351 2776
3519 542 1384 3304
4385 3300 432 2729
3097 4831 2765 4533
3939 3484 1297 567
4617 1443 3894 2395
3064 1679 4995 656
3379 2159 898 125
3745 3235 934 587
1989 3551 1988 265
4176 4291 1240 1537
4704 3356 786 357
702 2351 3203 3115
2601 2155 981 802
3591 1910 4222 1770
1750 2346 2528 2037
957 3416 20 68
1180 4221 235 4006
4646 2534 964 3002
4935 4040 2669 3243
3792 1948 3831 602
4834 2845 2576 4371
630 989 1260 2870
1443 2146 1289 711
3782 3656 325 2909
4034 2587 45 2611
1623 2099 400 1087
4845 4131 3616 2787
2562 2695 958 3804
1604 108 2166 672
75 978 2179 638
3912 3239 1322 1670
1909 1342 1110 4542
724 343 1139 3118
259 3747 2558 3562
3716 2951 521 3218
260 3891 3870 4533
796 1336 2912 2228
2284 4778 314 103
4586 1696 2867 3115
2751 2658 799 1913
519 438 3553 3290
1350 2317 3475 230
4739 1120 659 372
401 1922 4504 1646
4992 3505 4408 1639
4093 169 689 1627
1185 1877 1806 4664
4892 4564 3232 4137
4263 1986 642 4240
2245 3759 3891 2480
4734 2817 4570 3682
1398 500 2774 2128
259 3017 1303 4020
4616 2542 4832 2796
3874 3144 2136 4724
3861 2240 4391 2702
4454 3980 4942 802
1858 1763 2052 1703
725 2557 505 3005
4441 3664 1305 651
3982 2915 4758 4397
4019 2064 3462 4344
3458 1821 3211 184
2282 2781 2523 3848
166 1464 1353 4937
1768 307 1845 125
4895 1665 3951 730
2984 2526 4518 3741
4192 2220 654 151
854 4323 2284 39
2022 1330 4822 3843
2360 4337 2489 2922
1628 4046 304 3248
868 1910 2258 4549
4889 3505 3423 2996
3005 1628 821 1121
4365 2349 961 4909
4227 3042 3601 1276
765 4620 1591 4881
3012 1902 1861 2946
4650 1116 2654 4568
3008 3558 768 2730
3434 3219 4281 4121
3113 2234 2613 783
2807 46 1511 3533
4184 3875 3167 731
4731 1444 4316 575
1179 968 1587 3553
98 4802 349 1581
4170 3301 879 3556
4624 2833 2315 4761
2677 4596 2456 4370
3586 1543 4379 1252
4282 4201 194 4248
1360 923 2949 3124
2802 4859 2782 1562
4041 1732 1447 4536
1054 4580 3699 2373
2695 2156 2952 1300
465 2923 4140 3849
2352 2760 2175 861
3883 2644 3585 423
4686 2156 2695 4381
4311 3110 1587 199
2901 2856 3959 3055
4645 657 2380 576
926 982 1114 193
4077 2595 1592 597
1081 2807 1766 1588
2318 2544 4604 1598
529 2279 4565 2962
3326 1616 1443 64
109 1016 4859 2313
4757 1827 1729 4875
813 2798 2642 140
1272 1650 2791 1196
1587 3110 97 420
2992 2483 3943 859
1511 1934 4105 385
2784 1993 3827 4881
3722 2244 1952 4547
2287 3859 151 1909
1336 1689 796 1836
2096 2373 3300 2480
2518 177 3663 387
4720 4256 443 4441
2351 3720 3203 3991
4773 320 1294 235
4953 1192 4447 1479
4198 1967 4255 3952
2922 147 389 1929
3490 4082 264 4166
439 3232 1888 3812
2026 1776 4560 2239
2313 2872 1097 3200
2494 4083 3465 2590
828 4958 1304 1034
1776 1839 2026 2174
2951 3159 3688 3921
743 2435 1238 827
4924 4879 695 561
4503 1882 3304 1227
2740 2889 2209 1797
3321 4970 1978 3813
392 1704 1641 3348
1836 3263 1776 652
71 3695 3726 377
4946 632 1044 1173
306 3671 4275 4100
4284 3293 1825 3994
2428 4576 1830 4863
3959 1755 339 532
3218 4296 4303 1731
2740 2813 2142 1384
3500 4239 1289 1235
1617 178 1184 3652
3595 1528 654 1949
3037 2332 2176 1589
903 1967 4112 1839
1071 3794 4959 192
4833 629 3138 2429
3438 186 4703 2239
3133 2150 625 3527
2609 457 3942 1982
1964 64 2653 43
1273 4041 2030 1591
3123 381 1594 404
596 402 4338 3980
4981 1522 3932 3038
4441 4253 1305 4867
4390 1545 104 766
559 2707 318 3061
4383 1116 2654 4
2162 3402 2779 1968
1184 3672 2188 862
2373 3300 2206 2575
2193 2586 1096 3183
658 4969 526 2393
4256 2596 4720 3892
2326 11 4573 2979
4887 1535 4211 2240
686 1234 986 579
1169 1692 3715 4372
1923 348 2601 3738
3845 2964 4985 45
19 3633 744 1613
1318 676 4310 3401
1369 364 2283 4134
2613 2432 3376 1326
2113 3557 3341 2171
503 4005 4932 2820
2428 4471 117 259
1362 3484 1064 3514
2038 1581 2069 904
3547 2251 3862 3800
16 1894 1524 1261
2433 4483 381 2641
3231 4682 3974 2070
3034 904 759 2046
2695 4686 2546 3214
367 1964 2635 4767
670 4984 4566 3201
1944 2582 4558 464
4153 2983 1767 75
31 390 1195 2187
4620 1527 285 414
3296 3945 1189 3911
1925 3498 1599 3340
3865 3510 2360 3628
3399 3031 3551 379
4958 3354 2109 3185
811 4358 4792 3882
2778 1556 293 4118
2218 3050 1059 4269
3988 3328 1064 51
2373 3251 3531 2253
4898 527 1145 3519
3273 2752 4418 2007
4116 2483 2627 312
1571 562 4947 3787
4819 3065 3279 3921
3754 428 1127 892
4852 462 4056 1089
2353 806 2480 3881
889 4416 3187 3082
2924 3071 528 3621
1962 915 2418 4585
2402 4905 3487 1067
3743 3462 455 839
1054 777 1478 4225
2695 3346 4870 3224
1661 4130 2784 151
389 760 2818 1012
564 4613 65 3380
3980 4942 110 3720
2899 1884 218 1797
2902 4884 1507 4889
2925 1856 4400 1918
2710 1748 2077 832
2064 3462 1738 355
4274 4620 487 4267
4854 3000 1841 686
4550 2322 1522 3471
1964 721 2316 2135
2266 4156 3971 110
444 3990 3234 655
2083 730 4698 2741
4657 2944 4493 3021
2869 612 2732 4763
3823 4631 4531 2946
2173 1416 3798 1357
4275 3239 1322 560
1005 501 1431 3155
1252 4499 383 2440
3442 3304 4503 2139
682 1138 380 4783
2475 2694 1710 132
2585 4750 2879 1695
2620 1893 2552 2323
665 290 3319 3624
1308 647 1566 4428
1751 2837 2205 4724
4633 1874 3479 2096
3214 2241 3503 2687
2728 375 1930 4515
1679 4995 3271 2780
170 4837 2774 4916
1542 4515 1258 3277
952 3821 3875 222
3743 4316 4731 3964
1486 1589 2623 1105
908 2062 1892 3462
4231 4380 3529 1843
892 1055 4391 2195
1196 2058 537 1260
735 2605 2997 4716
731 1386 1965 1117
4016 362 837 4126
2898 407 3828 235
2301 218 1884 40
769 2016 4460 929
3373 1685 1664 4112
552 3880 4011 4482
86 3204 3462 164
4910 260 1136 4093
2854 4059 19 2154
2985 2740 3024 2051
1015 4099 2583 3218
4709 3056 509 4165
4879 4175 1481 109
2882 3052 1425 1113
1005 2075 1451 4393
1091 252 1085 4981
3335 1281 3252 4672
1787 2426 54 3494
2049 2409 1647 77
2057 1556 4318 4990
550 4050 664 959
4771 3155 1370 375
4826 2659 2760 4355
717 434 435 4279
2127 1008 1839 2794
3433 3546 2664 1530
1534 3740 2293 3457
250 1623 3084 3954
4672 3464 3151 2377
2193 4219 4530 1413
951 3226 2319 3451
33 1969 4011 4443
2731 9 2491 3247
3807 3071 3194 6
2593 4365 4371 2175
2416 4668 703 364
1567 1254 3310 1581
594 1360 3539 4149
4535 2177 1115 3515
4579 2358 2096 1403
629 1667 2549 2690
2503 86 950 2419
4711 454 4567 1978
305 3147 89 3537
1272 3583 3780 574
3758 2760 4856 900
3300 3877 1279 200
4424 1156 1817 2810
1259 481 3909 3352
1920 1639 1341 4636
2745 4093 4894 4616
1759 4479 3848 2052
1149 1159 2145 4002
1202 4577 2378 799
3747 3799 259 2433
3944 914 4488 1849
4346 3072 185 560
2874 3517 779 4397
1109 1941 3685 1465
919 1607 2999 2828
4030 2642 288 1224
589 1988 66 1050
2715 1375 2461 2194
989 4628 2432 677
262 992 2767 4936
2600 4368 215 4630
3577 455 3324 4021
1673 4740 4871 3919
1331 1170 3793 4150
697 609 1252 1944
3487 2131 2402 2265
2194 3744 1503 2579
3122 1231 2159 794
840 1138 2391 3849
2931 4772 3333 2304
428 1352 2964 4372
2922 3777 3247 2821
3649 2087 2496 3138
201 498 569 4819
4001 554 3757 4798
2227 1114 2348 202
934 3605 3753 3061
2331 1262 2857 1338
2695 3346 3303 90
151 2204 3859 1978
3975 476 4379 102
2432 803 831 3335
1620 2507 3577 3293
278 488 2260 2106
1944 2490 3165 2813
1080 2920 3776 84
780 4784 3535 3217
1606 1226 3132 284
3884 1703 68 1009
2229 1273 3153 1011
4598 25 2731 1533
1561 1592 1375 4338
2839 3219 2898 1207
198 2257 4950 3879
3711 248 3876 4987
4367 4843 553 584
4314 3371 286 3254
1053 2392 1375 3994
1340 1629 2865 754
2869 3039 2216 3825
499 1688 1030 3137
4574 1853 1584 1986
3706 3162 220 2307
1570 4350 1408 156
4923 234 3389 4273
132 4162 3681 60
545 218 1382 2696
2858 4460 578 4268
3926 1697 4151 4692
696 4328 4198 1140
97 3803 1587 4487
2897 207 2633 1549
4654 3710 682 3427
3560 1705 1219 1141
1393 2391 2670 4862
1055 3491 1892 4463
711 2345 3076 2465
1672 4271 4288 1639
4367 2635 126 3700
3592 2360 4994 183
108 2166 974 3478
2950 419 1490 2241
3179 3720 4925 709
4899 1755 875 4187
946 1594 3645 1641
434 717 297 3837
2775 2908 1121 2186
1870 2206 2373 3889
1416 568 4938 3802
1828 1045 3359 1360
4696 2226 975 4475
1358 2717 2977 4409
727 2166 1763 831
1453 2646 4813 1117
4905 3462 4650 3595
3284 4840 3693 2722
276 3083 984 999
4632 2115 4700 3939
4086 3487 3879 4956
2825 2349 3507 2698
152 1440 1377 3765
566 997 157 1280
2150 3196 625 3163
1490 578 3175 3261
3661 999 158 140
192 3683 4917 1522
4584 1253 843 1681
4416 3147 89 3346
13 1943 2633 3694
931 2251 2833 2915
350 2790 4427 2390
1968 1530 1818 3605
3093 3911 17 222
4875 3919 3403 1208
1178 1853 1584 1616
1016 1398 500 1203
4200 1594 3404 4659
3223 3679 2186 793
1649 735 1314 3926
3436 450 4046 4321
3999 2408 1782 4665
135 3560 1451 1560
2095 1415 4377 3604
2600 2122 3371 103
529 2279 2832 1733
697 1417 2599 1780
223 4016 4764 1475
2789 1500 3802 1125
4495 1530 4553 3171
350 108 2326 2365
1171 1427 2511 4525
3853 1729 3083 2060
3949 4677 1985 1472
3237 347 1515 2721
32 4216 1849 1311
3981 2668 2012 1433
1973 3605 2728 3316
2600 3371 4314 355
1116 2466 3462 3761
650 3868 4000 1942
841 3260 4504 1485
4759 4320 1937 4312
1874 172 621 4701
3910 4974 2990 1522
2926 3564 4521 116
3981 224 3509 1731
2361 3881 2251 3899
290 1818 2436 838
1943 2633 3314 3505
1910 2313 4222 3784
1776 2127 1839 1840
2808 168 1052 944
4859 500 2802 3893
1782 3694 4586 79
2869 1868 2216 3781
4062 972 3261 14
3113 2432 2613 725
4946 1044 291 1800
1481 4962 3270 4541
4752 1797 2837 602
536 4297 2862 1422
1495 1870 2937 183
4244 3168 3226 4519
2541 2901 1904 4107
3442 3327 1236 11
1067 581 52 683
1857 4728 2875 118
4254 1237 858 4623
1905 350 1120 2951
1543 3819 4737 2983
3187 2485 889 3466
2955 3708 4596 2130
1788 2920 3576 4857
1836 1623 2921 1244
3411 4466 607 1392
1704 1557 4135 3339
19 2554 2800 2411
4091 3686 533 1058
1100 294 3651 504
2667 2161 4248 1878
2158 128 2447 3367
1359 27 4168 1647
892 1055 9 1963
1465 1667 4833 1337
1163 498 2988 3801
2887 4089 1575 3971
1919 4961 3568 2143
4270 4568 2803 1023
3102 4993 4176 863
2766 263 4286 1478
498 2550 3994 1023
1948 3792 2707 345
3927 1238 1668 4465
2016 3823 769 1481
3594 3310 4993 4423
508 4409 29 4597
1610 132 388 3815
1620 3584 3577 1583
1887 3870 4701 548
1673 4191 378 1317
412 2007 1494 371
3325 2933 3346 1841
2796 723 2539 1377
4800 4041 1273 215
1366 299 3045 2481
3747 3799 1687 3937
538 3779 1170 3883
1823 4225 3897 4617
2317 1310 2232 3960
846 880 4480 4769
3308 2436 543 3821
1071 3984 2179 486
1046 2769 1655 2341
4908 2971 3187 76
2924 233 1992 3940
1967 901 4007 4740
152 173 479 449
4178 1080 3238 4440
1028 396 438 3853
1556 4318 2714 909
2125 2926 4067 3310
993 2580 4019 2549
2374 2723 4238 2850
3522 240 4205 2313
66 3031 3551 4931
2181 2889 4353 4385
4254 626 4737 1528
2889 356 4505 2946
2955 3708 2040 4986
1951 3175 1122 2477
2408 1782 1043 3447
3738 4576 4614 4219
213 4092 905 3422
84 450 4046 2564
1659 1979 4073 3565
1948 559 2707 4815
3751 3516 3778 3128
1127 246 3754 2616
4451 223 4016 571
1266 4783 4976 3878
2996 3570 242 3401
1160 3962 161 1107
137 832 1243 1369
1260 217 3944 1287
4703 4795 3438 4380
2057 3032 4424 4839
1247 3631 2992 506
2437 1772 3397 2938
3754 1712 246 4127
2298 3838 3036 1322
1432 2231 4912 3775
3300 472 3877 1108
87 2991 4023 2210
2932 4890 1222 1907
810 2261 3402 2631
2095 2078 1519 247
1670 4043 1474 143
2416 654 2220 3753
393 3456 867 3150
875 4809 1755 1740
1821 3211 2416 3326
1791 3648 1553 4695
3490 2178 2787 2437
843 3321 2278 3693
4769 2444 3613 2206
1467 1788 3576 2328
692 2312 56 1457
3463 2658 2751 86
807 382 4335 583
3832 3243 693 1046
2936 2324 653 1860
172 2666 3095 4810
1601 3046 1335 529
2051 4100 4419 2615
667 1255 2967 2146
447 1464 1546 1259
4042 4355 4951 3837
4584 3321 4970 1416
670 399 1284 359
443 4256 3367 445
2765 3390 906 2669
1172 3146 751 4573
1098 3182 2981 428
1796 251 3397 2666
247 3295 4923 527
2108 1610 388 1915
4631 703 2220 137
2596 1141 895 2023
1996 585 3059 3326
1410 2214 2055 800
4596 4611 2448 2903
4686 3186 2546 772
3699 1054 4332 4038
1250 873 4519 2299
801 1960 3783 887
4103 3217 650 306
2371 4176 1722 1171
204 2594 4651 1465
2140 1359 27 918
1160 2996 3570 1161
4807 2326 2023 723
1047 191 4202 3170
118 67 3893 4174
926 674 3818 3900
4935 4235 2193 4375
3130 460 2952 749
3799 1303 1144 1184
905 1287 2586 4171
263 851 1546 4220
4028 1143 4493 4538
3927 4126 1238 3539
4315 1443 1289 1747
4226 4387 1009 4553
3876 255 4647 2970
174 3605 3544 3838
4024 4269 220 4714
1445 1384 3397 4569
357 577 2295 1753
1297 1050 942 1589
2117 3959 2769 1722
3426 2453 4715 4960
2155 3356 770 1372
1490 2950 1654 652
4905 1698 4650 2211
1518 1922 245 1407
4487 2655 150 3884
792 247 4215 2024
3164 1788 4996 3294
1005 2048 1451 2068
1035 2308 2422 3030
1823 504 874 451
4176 3310 4993 1516
1527 3738 4576 4720
54 1787 1364 3894
2542 3992 1312 4328
398 2939 251 1654
3495 4384 2480 1621
1249 3985 4423 1743
692 3059 56 4407
2508 2383 3425 3776
643 4242 4137 3031
3135 4063 4313 3937
1089 3391 935 2333
4905 2402 3204 3607
971 3042 1102 1755
1784 269 3220 2114
4509 824 3203 1355
4662 930 3077 3770
1514 2995 73 3270
1829 3825 1625 1437
860 635 4756 3416
3105 3794 4959 2667
1590 2116 195 1532
2030 1732 1221 297
1551 1527 4808 1797
3557 3234 444 3681
2409 3704 3353 995
2030 4041 1732 3052
1775 1915 3917 3303
2969 776 4237 13
4480 1600 4059 4228
2713 2327 3432 3636
3328 2200 4053 1336
229 2188 1690 895
721 2316 10 2994
4746 4531 1290 4616
897 351 3268 4333
832 1243 579 2108
2544 1695 4127 187
2768 3747 1466 4971
3728 468 1052 1648
2909 3083 1492 2910
4076 2428 4406 3927
2307 50 4172 4753
1543 805 4896 4336
4973 4231 4436 3839
176 1167 2152 4383
3096 3731 282 4972
3853 2040 4100 978
2364 3984 1186 2244
548 484 4233 1747
215 2336 2165 3576
1680 4012 4800 1417
691 3149 2780 2094
337 1215 4563 4968
4753 4399 174 2585
1300 4700 4632 572
2972 4477 2092 4852
3872 2449 1707 1699
686 628 3806 1630
3491 3531 1892 995
4225 874 1823 1617
3893 3569 3508 3217
465 4516 2764 546
4874 1129 868 49
4942 3242 3176 3190
215 2600 3920 4171
1551 1657 1527 4892
2925 1736 2292 270
1160 3570 4115 1364
623 4456 3641 1913
1967 4198 1049 2230
3490 1297 4413 447
3824 1540 3232 1673
665 4506 1818 4187
4391 3424 892 1049
1119 1613 4547 2896
1703 532 3692 4473
3728 468 4897 1889
2537 4529 3859 227
596 3680 4027 3931
3834 384 2166 4814
1922 3511 1864 2692
3442 1236 2603 4269
4784 413 1470 4010
1120 4572 1547 3378
3751 716 4486 2498
192 3702 3890 581
3059 1996 3006 3353
3682 2781 489 3378
3159 3688 2171 4051
1309 2622 2966 1724
3107 3131 191 4018
3875 952 3035 3626
1080 3776 3853 887
4146 4096 2815 3540
435 4137 1544 165
3940 4346 440 180
4553 1818 1530 2264
402 549 68 220
4672 3339 376 2218
3533 4653 386 3439
4156 3667 2266 2349
2336 2165 3624 1048
1346 4430 4640 1273
2957 2100 1385 1151
4395 3690 2201 1648
4214 862 918 693
4892 35 3232 2914
3859 4711 4529 728
2667 2427 4248 4316
125 4666 3391 126
3074 1586 2710 4236
4797 2913 557 2568
2899 3644 30 985
3541 1734 3452 3275
17 451 1895 4318
3347 1066 4295 4575
356 2853 2889 816
369 2599 3054 3698
3207 2900 3593 1648
2170 3448 3262 1382
4249 1763 1858 3880
4447 3175 795 4179
2882 2591 3638 4513
735 2605 155 979
3013 2646 1381 42
4560 4825 2026 2291
2062 2897 1320 2354
4825 2263 2026 2382
3559 1441 3101 56
775 2841 4398 2090
1124 4966 2480 1605
4678 934 3753 612
3959 3020 1405 1684
2839 1464 2898 3215
783 1147 4212 918
1653 3754 604 3869
3761 922 1144 2160
2852 2118 2383 378
2922 4821 3430 392
4235 2193 272 116
3331 4429 3835 3834
895 3741 293 4014
3027 1451 573 3672
1110 3861 1909 3220
3821 1724 3875 30
145 2307 2978 4051
1662 4139 4176 3726
2745 3514 2693 457
3926 1010 2935 1974
871 2193 2834 4037
905 213 694 2069
309 4018 4666 1853
3892 58 3102 4480
3258 4696 975 502
2615 4499 3063 512
652 2504 3532 204
3580 1673 460 1632
1231 218 2159 1089
2727 2039 4499 286
4247 1082 2717 3916
829 4532 4974 88
1968 4705 2088 2000
1127 1639 1920 2978
2271 2362 3939 2568
4969 1681 80 2467
3272 2555 3089 2961
4531 4755 1886 2202
1642 3198 4377 2005
3062 3835 4429 1803
1188 1450 4862 4320
2905 4247 2717 3972
3204 3906 2503 346
667 2155 4708 1674
4369 1440 152 1822
756 389 2804 1130
2061 2837 2987 3970
1302 4131 4177 2763
2337 2244 2309 4701
3472 247 4204 1284
748 4848 2527 4668
4021 3441 2450 2398
1768 524 307 3865
3926 4151 4543 4281
1302 3438 72 3164
647 2877 1308 1686
4580 3699 3605 4709
974 350 108 4042
1983 3851 436 970
1991 3656 225 1455
4782 4441 4253 3000
3893 3459 1531 2396
4588 3661 3425 3373
2333 1937 1402 2482
4005 2796 2561 2060
3352 4224 3873 1272
2015 4461 4892 4982
673 3763 4785 3512
1096 2193 125 2579
3614 3558 967 2662
2412 2498 3466 1997
803 831 3329 3761
1306 2962 2294 2709
523 3914 2915 1167
1462 435 331 647
188 2611 3704 3509
3238 248 2365 920
4823 2564 3754 2890
1919 1030 3641 2367
4784 3193 734 3387
206 467 3675 4358
3154 3067 4800 111
3517 2874 21 1732
3673 3783 2319 4194
2241 114 2913 675
3504 2204 3859 4955
3322 2558 1458 508
1363 172 2666 4749
2747 2175 377 1364
961 4176 4365 3061
666 3627 275 4537
2330 168 1052 3856
1339 2722 4923 3796
4845 4417 4177 3762
1683 495 3516 195
71 133 3695 3448
2857 1363 3520 1229
2614 2640 1935 2068
4389 3336 1291 1707
2635 553 4367 2732
610 650 4103 2436
3063 609 4499 1819
2391 4853 840 232
4975 2501 2214 3781
3681 1293 372 751
890 2352 1161 2899
1623 1780 662 1314
1020 681 3705 2191
216 4434 3114 4461
631 3586 2931 1991
3112 3203 824 3869
2785 3327 4148 4083
2969 3628 776 1002
1785 3307 4523 405
3057 2295 2077 1273
3596 4533 1184 506
2196 2539 21 650
4926 753 3213 3069
4407 1329 2427 3598
2653 2316 1964 1852
4235 4040 4935 2377
3213 3493 3478 4014
3073 4667 3986 1286
3898 1603 4637 482
1937 1983 1402 3287
314 4186 4098 2891
1490 2821 578 1220
2627 3206 2483 2802
4820 436 885 394
374 507 2796 3169
2717 3457 1165 937
3193 734 3713 283
2091 4982 3460 2847
2294 2962 833 3203
4046 3933 988 3671
2382 1205 1112 2452
1210 3790 1714 1154
3874 3783 910 3690
3575 4712 3904 579
1511 46 4898 2800
2203 1540 646 3318
1654 1112 1950 1944
56 3059 3006 3689
1488 982 1114 2048
4111 1463 75 2458
4995 2389 1704 4471
2255 3979 4237 922
1606 2514 2888 1233
200 2988 4835 2015
2543 3968 3820 3465
2679 2231 857 4125
3067 3154 1092 3251
4623 4097 3344 2857
560 1194 2522 3141
3014 1237 462 2426
3460 4472 2906 1389
2468 3190 1848 114
132 3681 388 90
2901 1652 2856 3102
3196 2150 511 4920
4400 1883 2292 755
3932 3077 4981 3014
3175 1951 795 438
4147 3108 923 374
2604 436 2844 2819
1100 745 2888 828
1657 1551 1388 4193
4985 1509 3845 584
771 588 2626 4640
1103 2057 3032 3576
2964 1352 1728 3965
1027 4485 4102 4964
3349 2620 2384 4135
312 4177 2225 4402
4064 930 3077 3888
696 1049 4936 2470
1336 1678 48 2448
4541 596 4027 2043
412 3309 2007 1300
3934 679 941 804
2343 3089 2555 3838
3005 4046 1628 2578
4816 4361 3697 1610
523 2915 3369 3922
1811 4985 2996 4520
597 1241 729 682
1741 2236 1824 781
289 4524 4716 4525
4938 3105 3794 2556
1263 3380 860 2547
3020 1755 1906 1106
799 3512 54 2990
2756 2084 1211 3651
3473 4626 4246 4364
1742 4101 4511 2948
3275 887 3976 2470
1988 3288 1989 1982
4716 106 3896 1593
1061 4586 1696 564
3089 59 1127 3327
1562 930 2410 3959
3348 3728 4983 3196
1717 3255 4662 4196
4384 2480 1923 4109
4705 198 1286 1483
2722 1966 234 3559
1234 3318 686 4024
2629 646 3824 281
2264 4552 1603 3398
208 176 1343 202
4028 1143 3470 3441
2103 231 1961 4552
2225 3023 312 1709
799 1364 3007 1545
591 933 1632 438
1989 3698 1737 2276
113 2602 4280 1125
4964 3616 4845 1198
2991 87 838 3396
302 2341 2409 1259
3624 4927 2336 3087
4394 2245 2133 4702
3984 1682 2179 1615
624 2409 188 4444
4641 1109 1745 3389
51 3520 1363 3459
3100 3135 4313 2211
4319 1285 1399 3118
3344 2785 4805 1708
3696 1340 1629 4239
728 624 2409 3681
1547 2420 809 2536
1393 3320 2670 4123
3614 1803 384 778
3037 4419 1894 4297
851 263 2807 1190
2889 2842 2209 3552
166 3412 672 1381
118 2261 2970 4077
1407 1299 4743 1293
3911 3016 4834 873
2163 4307 536 1276
4679 791 677 128
2484 721 1964 1261
2048 1104 4849 3580
2016 4974 4631 3565
2561 3923 2796 437
1206 2065 2002 4030
1147 3301 2592 2576
507 2496 2207 3385
3133 2150 3784 4527
4389 4234 1776 3482
206 3770 467 1620
2972 2832 3977 4524
3891 1733 3759 4207
3615 297 717 3177
2027 4415 764 422
172 4117 4426 2690
1035 4591 2308 3996
141 2928 4531 1456
1615 20 3195 2797
4588 2033 1420 2634
348 2020 2675 4380
1272 3780 1650 3252
4250 2450 3621 3167
4621 3557 3234 2559
2084 2756 2675 524
2923 4140 217 3402
3052 4977 266 3221
4461 2015 2148 3266
1718 2979 760 48
4620 4274 2494 4143
4597 977 1662 4088
2880 3577 3324 814
2088 4465 1286 1044
530 3560 4019 4891
1083 4490 2595 652
4944 1155 1905 3753
3629 3758 405 3129
2238 3548 2942 4770
2996 1482 4813 3508
3346 2894 1116 2132
3451 762 4493 1911
4995 1704 3064 131
1364 54 799 3990
4586 1462 1782 2790
2889 3599 2181 4567
3462 86 2072 1178
3572 1595 2432 2780
3256 239 1363 4305
2513 1739 647 4978
3050 2739 1839 4644
1899 1243 137 4392
2996 1811 4302 2936
1189 661 719 398
2665 4499 2039 3541
2107 4662 4981 534
1915 2849 4997 1511
3191 496 3560 936
786 1922 146 2515
2901 427 2541 1197
4890 2418 3010 906
2975 3717 4418 2319
2966 3045 2622 4654
4748 3851 987 1231
1144 2499 3799 995
4895 4183 3579 2481
674 926 1019 485
3702 3890 459 2067
1828 1594 3359 4038
3091 2729 351 3076
3311 3635 4428 1238
4518 21 2539 1602
2209 2740 2142 2108
2275 4878 2372 2909
3812 3384 4952 3635
1432 952 647 746
4188 3465 2494 2614
3423 880 4889 1675
2334 4217 4554 3107
1644 3142 861 1462
3757 4740 518 2067
3942 1392 457 1981
1077 2466 2873 1973
2313 1097 4109 4024
3778 1282 3516 3847
1695 4727 2428 4731
4959 1063 3105 3558
1055 4391 1110 1134
1483 1370 4771 4543
9 3578 4718 2941
2807 2518 4514 4722
3327 2785 2018 2990
498 1260 1163 1688
1923 2253 4384 221
4437 782 1229 55
4364 425 3029 4616
986 1234 723 1212
3370 177 2518 1563
4153 129 2983 909
272 2190 2193 2035
1588 1602 4996 1901
4731 1380 4605 1859
3088 1990 4068 1539
682 1072 4596 1987
359 1621 636 1422
1872 3687 4141 3492
249 129 2983 2970
3151 4322 4672 265
3983 3524 4528 4485
3434 2860 3680 4877
464 301 2739 822
986 851 2518 3812
1623 400 250 3247
4564 1541 4892 3147
4816 2858 463 273
4228 1452 697 1784
4369 2883 152 4372
1933 616 511 3643
1902 1861 4985 1373
1595 2432 4211 3207
2258 928 868 3355
2819 3644 2899 552
3092 413 1470 1895
3943 4529 4396 697
4949 2753 7 3367
166 3829 4785 3069
4518 3517 3216 4571
2827 1208 3061 519
2226 3989 4696 1701
97 3170 1694 263
2351 1268 4245 2560
2293 4226 2174 1057
2289 1386 777 2949
403 4619 2964 1031
2740 2889 3262 4575
2642 1315 2775 3078
1247 2992 187 2695
429 281 3108 2374
1286 4110 1175 3652
3977 1069 4947 4490
4010 440 1709 2109
4405 2824 4720 3637
1380 222 1449 1438
1897 650 4719 469
2563 1700 1643 1492
310 4903 3816 2562
640 1959 3210 4271
2512 2617 1333 2664
4020 592 3176 4457
4554 4217 2203 4830
1473 142 2120 2114
495 3516 486 3429
1558 4872 4891 322
1472 2772 3323 518
4685 2146 2424 3752
3678 1022 2359 3357
4785 673 1493 1245
2680 4383 4412 2594
934 4399 3605 4287
2292 4400 2925 3121
4874 868 1910 2570
3344 4830 4148 2019
2052 2759 1763 3180
1486 1510 4579 3992
2250 827 2284 4777
4975 2068 1938 1585
3636 84 430 391
3423 1295 880 1582
1298 3703 527 498
2859 4353 3920 3435
1154 3913 1809 1509
2414 7 3726 3789
2355 1494 412 695
2675 2480 2702 2340
4480 4059 2854 4490
29 523 4329 3669
3601 3042 1028 1687
3217 4103 2123 3570
2658 799 1100 109
2678 2953 2720 106
4123 4146 2815 665
2712 2206 1870 2109
2048 4849 1451 581
819 2882 3638 2383
3512 4962 2566 479
3145 1585 844 3405
656 1857 2875 1943
4142 531 1460 820
4046 3582 988 1575
1463 75 4959 4179
3309 3287 412 268
4530 4544 4935 4122
876 3083 333 812
693 3832 3754 3529
2383 4595 1632 1024
3416 20 4839 2538
2566 397 182 406
4706 2576 2845 2223
4248 1863 2427 1310
4292 1972 474 1025
865 1910 344 154
3014 2246 137 4351
2672 4476 3960 4708
1114 4569 2077 1830
1071 2179 4959 4600
2991 2530 329 4520
1624 704 2814 2048
4267 454 4567 1924
2343 2555 3277 3529
2101 615 2945 3101
4785 1520 3412 602
3102 2730 58 3580
585 1996 3864 1132
2976 3652 2567 4300
2549 853 4049 2214
3025 2544 2266 1270
1436 3425 852 1931
4988 3071 3807 552
4382 2146 3878 2436
4083 3467 3465 424
68 1703 3995 1891
131 2946 1636 2367
4407 1146 2427 4378
3531 1892 2373 2267
963 4195 2929 112
3834 2166 1604 717
1079 4149 1659 3902
1897 3275 4719 2453
957 3416 3781 1851
3064 1557 3560 1541
1499 90 3147 4181
4996 3220 4079 4438
837 1968 1530 3304
3892 1464 58 2211
2024 3714 1833 641
2041 1438 2844 1628
2558 3609 259 1964
4631 4087 3893 780
3512 2566 2610 435
4551 2434 153 3876
4688 1242 669 4903
4590 2735 2013 2551
3886 1375 1504 595
3927 2442 2786 3941
3641 2701 617 1727
3045 2966 4904 934
3280 79 2842 185
1737 1914 3698 4860
2651 4323 854 4312
3400 3947 3311 4243
2511 3476 1764 3938
2286 3067 1273 2320
2252 4212 3330 754
2346 2095 2078 1470
4962 2566 2628 1285
2546 2695 958 2553
753 1878 4926 3394
4191 3241 962 3575
2161 4834 2667 1771
4684 4767 4455 1552
2720 2678 3728 4501
2959 300 4952 4000
3405 1185 2757 4559
4418 1400 3906 3087
1621 3850 1233 127
2096 1122 3300 4120
516 1961 4998 3254
3893 3459 4702 3234
976 4920 7 268
725 3391 2167 695
2231 2679 3821 2168
252 1579 3322 4051
4626 3473 1516 2607
4947 652 167 3853
4098 314 2284 4679
470 1670 227 3001
4553 4495 3137 371
3922 3591 1910 1190
1363 3281 2857 4261
4438 3928 96 440
1897 3217 650 4047
1384 2553 251 1343
1310 1380 1449 3249
1000 2557 505 597
3823 1886 4531 697
3942 973 1439 413
4061 2964 3068 4224
1900 3150 566 3613
531 4142 902 2468
1236 1638 3327 3479
1231 2997 3741 2940
505 700 4443 1491
2130 2947 3732 1319
3680 4027 2222 745
3284 3693 2191 73
2160 4025 616 3237
1613 3876 1119 1287
3749 2867 229 4052
1489 305 3174 4676
428 1352 1017 2812
3339 4019 530 4929
2692 3867 1066 244
1348 221 1969 4056
144 203 4707 646
347 1406 1515 4089
1966 3388 1297 4349
1573 2855 1642 3460
2067 4861 2429 161
2893 3565 4163 2401
2641 3087 2173 2233
3713 3193 2073 4790
2964 4671 4619 2680
2492 1450 4828 4838
1103 4914 280 1567
3284 2390 1046 3471
3229 4088 512 4587
4959 1463 3719 2062
4469 3380 366 2114
1138 763 4759 1709
3065 1471 4819 2718
134 177 1390 128
651 1001 1460 71
624 3734 188 1701
3983 4855 4528 182
4783 2126 2333 1046
210 1464 447 3213
2354 4006 1711 2385
3084 2921 3701 3426
4588 2033 3425 371
1713 511 4983 2507
1369 85 4707 1068
1389 4149 1979 4196
1122 4609 3175 1116
4663 2180 555 3712
2176 1674 1894 4147
320 2046 1355 4976
444 3902 3990 4915
3099 2185 385 4821
3858 2175 1132 4822
2277 4096 1113 340
521 3691 3381 2095
2821 1490 419 30
1930 293 2723 3305
221 4649 1829 4831
609 498 569 4576
4737 3586 1543 4947
1116 3346 3303 4394
2285 3311 4963 3917
4626 1516 4581 2339
3212 2307 4172 4041
2254 406 2431 2424
1237 858 752 3588
641 2798 1299 3410
1359 3207 2900 2563
2785 4347 4193 3027
2475 2829 4700 1178
3215 3695 4876 4934
617 1688 3641 4879
4391 2240 82 4989
1473 4599 3789 3796
1797 1867 4352 1527
1969 1348 1804 1580
1927 3270 4879 1890
3000 2460 892 1920
533 2945 2735 2818
3293 2832 3650 232
148 3237 1213 3385
486 3516 3363 3788
4240 3800 2282 219
679 900 3934 2372
2245 130 3002 2563
4212 2069 2438 2693
1704 2389 392 1675
1719 1979 1389 1532
436 885 1983 3683
4569 1748 2077 1323
2077 3074 3057 539
3193 2951 521 696
2476 3612 1762 411
4459 3640 2455 569
3960 4476 884 3706
746 1961 232 1503
3462 3324 455 3633
1831 2922 760 945
2480 806 4966 2649
3995 1703 4341 209
1479 2483 3809 2600
1561 1592 1032 3097
2682 26 1770 3589
3379 3302 898 2236
3353 211 1647 4059
521 970 3716 3790
3883 2644 2637 1330
367 1612 1373 1830
3020 2619 2167 3747
748 2081 2940 1208
1576 1606 1809 3058
814 1966 3388 4696
650 4719 3868 227
1255 1514 73 4081
2468 4769 3712 4700
291 2483 3943 1945
1371 4733 2173 4674
4509 983 702 1525
3889 3652 2181 1779
64 1964 2600 2033
2839 2918 1464 1170
2275 2595 284 543
178 2624 1617 609
1586 3074 2172 3857
4826 4725 4954 2321
2491 3578 9 3694
4508 3868 4719 3581
2284 4558 830 204
137 832 1835 159
4017 2838 4207 576
1946 1592 1032 2992
313 4072 1013 3353
3921 3991 2108 4259
2874 2890 1323 453
542 1445 1384 241
381 1023 3127 1142
4609 3300 3623 3753
1874 2539 2796 3654
4728 1573 1642 2378
3224 317 2658 1285
4580 1054 1386 3580
8 2980 1234 4452
1058 3148 4212 4633
4213 367 4386 1724
198 3181 816 902
3456 4588 867 1491
555 1922 2001 2203
498 201 3796 617
4636 2089 3604 1198
3857 4364 337 3987
4176 3102 2371 699
4689 1612 2149 3166
2835 50 762 1975
1585 3145 1771 3112
2349 1629 2085 4646
1765 94 1380 2506
3339 3464 4672 1276
1522 4293 3208 678
1862 505 725 1718
3689 4058 737 2376
422 2869 2673 2925
3003 2775 1552 2343
4117 2663 172 3084
1141 4615 2596 3910
4651 2375 4471 3244
903 586 46 2439
4353 215 2336 2064
748 2940 740 31
3456 1420 4588 426
1922 2102 2793 1857
4716 289 106 4013
2538 2282 633 2721
3853 2365 143 3770
2796 1302 723 1680
3730 1809 1576 680
1407 2662 4769 3617
2483 485 4116 4959
2213 1885 4908 3876
4505 3262 2070 4104
3047 2390 2901 246
192 2832 529 2473
2583 1015 345 2062
326 3683 192 4020
2388 3532 2504 4682
1808 1096 3118 769
3358 4091 4228 3871
3698 1989 4158 882
3981 2870 2012 2647
256 2897 4585 1341
596 3124 929 3183
3720 2982 3203 3719
1111 3593 2900 2322
3273 4090 4397 2626
1313 3413 4560 1355
1671 3316 4550 3773
1590 2251 2116 2040
3156 4263 698 3268
899 2332 2176 4656
2774 3149 170 513
2945 615 129 4602
3701 2921 2683 864
619 406 2431 4306
4750 1543 4896 1664
804 1428 2193 533
2899 2823 2819 1850
3203 4509 702 3670
3350 4707 566 2045
3851 2763 2430 4793
3301 2069 1582 2937
2288 3930 2059 2624
2851 3775 1543 4223
1855 843 4290 4013
2818 2810 1718 3577
4046 1004 3846 2239
4446 4926 1435 3865
1829 221 1969 2451
2297 2162 3099 2719
1907 2398 4108 452
3326 1443 3894 2415
3758 405 2760 4804
1708 1924 1433 1432
1586 2172 1627 4289
3328 3988 2200 1876
2387 3159 4978 1283
4289 4422 687 2502
4941 4028 567 3016
1369 3709 3731 4264
1964 1421 2484 1947
3720 2351 639 1924
3651 1475 294 2528
3484 1362 2308 1737
4128 2696 3020 2270
2010 2195 942 217
3811 4239 4382 2303
2088 192 1968 3815
1797 2112 1840 4185
707 2945 3307 4653
2354 2360 4006 599
7 4920 2753 308
1839 4463 1928 3110
922 1303 1144 816
1292 1087 2527 2976
1535 2644 449 1659
1512 230 353 3923
3587 2754 2427 4391
4406 4076 2036 2786
2698 3417 893 4005
1943 4439 4263 2940
892 3424 1841 1027
247 4204 1963 1508
2035 790 2177 4787
1736 3239 3671 3462
4962 330 1481 3026
529 3890 192 1671
4352 3227 2205 990
128 2158 61 4621
4610 2512 718 4160
1064 171 4921 4200
1445 1772 3397 4292
2622 13 4175 1523
2181 4353 514 3410
2345 2262 3886 3930
117 2106 2375 1542
1795 2636 599 678
2308 4591 1362 2064
4171 2626 1249 2868
972 3943 4529 2319
1450 1188 1007 2184
2638 671 3303 4558
366 4637 1603 2369
418 2647 267 4480
46 586 2862 1692
1491 4724 2604 3108
1367 326 192 341
1248 1138 128 2267
2361 4793 2251 3218
3909 1419 3987 2235
533 2945 206 3067
156 4716 1893 4330
2336 2853 2889 4347
3090 2532 2196 4096
3859 1394 4681 23
1983 938 4507 427
3688 3406 1807 905
4097 4830 3482 1385
4405 1157 4720 4102
3032 3410 4914 2283
1194 3333 560 2028
2981 2357 1014 654
4728 2095 1833 2842
507 374 4160 2109
2568 1108 4429 1636
1111 4642 91 1740
1711 685 1977 2276
3659 3678 1889 3042
3152 385 3099 3978
1461 2335 4882 4359
4067 466 93 371
616 4640 3383 4663
4001 3757 4740 2243
740 3053 1307 1829
185 3611 3774 1173
384 1763 3060 4607
3930 3679 3841 2455
1036 3591 4222 3026
2326 2023 1548 2382
3121 1599 4325 2292
1888 421 439 483
1228 1134 86 91
3936 2990 4974 2096
1086 3403 2512 3235
3839 4576 1473 2639
3252 1281 3279 1613
2796 3305 4005 1222
4085 148 3237 2121
833 1604 2068 3458
2483 1044 485 3524
1847 1719 3999 3644
3030 2192 356 854
2404 3213 4132 2524
1517 1702 3573 1033
1655 2502 1046 1340
909 2066 129 2899
2602 2820 4287 4484
381 4483 3123 2782
4616 4832 4549 440
3906 3273 3204 4479
1592 2461 4077 3950
4273 3363 3516 1882
1969 1193 836 2167
582 2725 4224 1181
4016 837 4764 767
3187 766 1434 2678
1716 1445 1772 1595
1690 415 4656 3505
4387 4226 1534 4003
2199 34 565 4007
990 1344 3617 3636
2096 1320 4579 3661
2841 4398 3036 1422
1706 722 47 3873
3284 4155 2390 3025
4020 4942 3176 1532
4855 2053 3983 1011
854 2284 4602 3631
1898 3117 2322 3045
4516 4140 465 1090
2996 3549 1453 1364
2262 2993 4306 1508
2561 1198 3923 228
986 4177 723 639
3508 3569 154 2554
2626 1249 588 177
2769 1655 2534 1027
3658 4913 3699 2236
2710 2077 3074 1774
4996 1588 4079 590
1069 3632 1571 4181
462 3536 4852 4127
1586 2127 1776 3499
749 4200 884 4102
3176 88 2059 2593
1661 1552 2247 3151
164 388 1225 60
3140 4142 1460 4365
3824 3232 3590 2105
3628 2708 776 2370
2822 109 4859 1602
4647 219 2559 571
4842 215 4368 2811
4058 3284 3689 2432
1747 1505 1759 3398
1116 3303 2873 112
3598 1436 1632 4341
816 4946 3200 53
857 2231 2607 530
4502 1203 2244 4522
1607 800 1959 1976
2003 515 1810 401
3091 470 2729 2829
1906 1755 4729 833
2345 2262 711 1528
1751 4787 2837 2295
3432 4739 2997 3792
1923 2675 348 4057
1797 2112 1773 4723
1451 4986 4742 2288
457 3996 2609 971
974 109 3496 580
916 1449 2716 384
4980 3735 1281 1443
2773 4720 1157 2499
2695 3901 3303 1224
3060 3283 1092 1098
893 2819 2698 1807
1138 1539 3589 1865
3484 1064 3501 3166
1777 3212 2307 2330
2444 4769 2981 3211
2889 1815 2842 3413
3442 1606 1226 2404
3340 2421 3485 528
3633 19 1664 4080
3975 3687 2879 185
3406 2806 3688 2659
662 4374 1516 56
3187 3070 4416 359
4238 4972 2421 225
4008 2323 969 3358
1783 2265 1238 2743
3793 3523 653 2747
3996 457 1120 167
3396 4006 4890 1705
3594 1567 955 3018
176 1677 3512 278
4272 4461 2457 1673
2143 2900 160 1376
2362 493 3760 248
4993 551 3102 3543
4769 2662 3712 3396
2209 153 2434 2006
1644 1933 616 3694
3712 2916 627 281
2330 4370 168 3381
3708 1752 4047 4868
1280 1188 4862 1073
4952 2959 3384 1566
4087 4631 1090 1813
1869 1515 4901 4524
2754 2887 3455 128
1622 1285 1657 4238
647 2877 2513 4536
4104 1071 2524 270
1894 3037 2176 142
2436 3308 290 4832
877 1068 4420 340
844 4548 3145 4026
1666 1504 525 4091
3136 1974 4582 958
1003 2833 2606 4056
1231 218 4371 3702
3688 1807 2951 4990
541 4313 4063 2050
4973 1830 4576 262
664 2794 2473 892
3766 4250 3950 2683
2533 2474 4641 2713
725 2167 2242 569
1320 2096 2373 3471
1188 2415 4751 1236
1467 3576 1668 1748
434 3370 3332 4099
390 1822 185 1767
4013 1136 2917 4074
3886 2262 373 4303
3107 4965 3131 1953
1228 3705 4136 1593
130 2423 2100 619
4275 3461 1866 3017
3622 2874 2864 2784
4701 3870 4034 3625
887 3275 1897 4429
4320 1173 2947 3801
3283 3060 4478 4881
1159 1149 4908 3716
3400 3635 3311 4788
1644 3142 4640 4735
1780 4621 1623 1230
931 441 758 441
3559 2990 4075 4940
4166 3162 3706 1909
4282 194 4919 747
4335 947 2639 4540
798 3637 1270 1132
2079 979 1056 1778
1797 4326 3073 3089
1458 747 1091 1786
3743 4316 455 225
3793 2936 70 2616
3500 3405 1991 3637
4333 4716 156 2769
840 4759 1138 1243
4895 4948 4635 4425
2838 1006 1394 2261
3848 1759 1505 1618
2380 1458 1299 762
943 730 4698 4733
4350 3046 1570 1823
2016 4460 2298 2680
2524 18 1071 2239
645 2306 2031 4924
29 508 2470 2959
4007 96 1356 3586
2874 3622 1496 1536
4005 2385 2527 3795
56 1846 2664 1995
4896 1634 1945 3024
3876 1613 4647 3123
2089 4636 3262 807
1888 3232 4564 827
4726 1836 3263 3142
1540 4203 2203 1754
2752 1910 2147 500
4068 3491 1116 3378
1026 4559 1672 175
2635 1964 553 4553
1044 2445 4071 1609
2609 3627 666 554
1055 1116 3491 1550
2288 2059 2335 4763
2040 4687 3390 4523
41 1884 940 2840
3356 1031 1140 1504
823 516 1961 1084
3747 1299 3185 1502
235 2889 3599 913
4747 1236 1638 2487
956 2428 2544 2669
765 4575 4620 4812
2749 561 2860 4837
1373 1612 2885 605
2731 4598 2491 3209
628 3318 686 3112
2413 229 2867 2378
4939 4427 2930 4720
1596 1790 4627 3252
388 1776 3263 1605
4858 4293 3208 1631
935 3391 309 3151
4234 4688 2612 796
3878 2146 2424 2589
3026 3221 878 575
4628 2432 3376 3100
1272 3518 1930 1898
632 3166 2181 4450
3999 1979 1719 2883
2203 1759 646 2768
2878 1957 3652 2640
956 4031 2428 4593
4720 2773 1801 4233
1004 4046 4880 610
3334 2876 2750 3612
1123 2352 2533 16
1088 4272 2681 1864
3330 4212 1257 4602
1014 2444 2981 2997
2305 2808 4652 4525
2702 417 2353 2281
1429 2108 4612 3155
1846 2948 3847 4170
729 4218 1241 3339
108 2326 11 2023
1554 2804 389 4874
1884 2725 4224 1879
2808 4652 1052 2283
