502
92 354 467 171
33 434 127 142
269 408 133 494
1 445 389 218
259 15 302 63
489 144 127 437
264 442 75 100
389 345 41 139
38 467 101 110
133 388 229 175
436 467 324 291
178 148 133 276
467 222 105 1
253 133 21 428
127 215 434 364
481 127 463 34
53 133 8 340
368 133 464 348
467 428 37 385
46 127 444 145
426 263 281 32
186 127 448 97
196 389 4 355
82 133 318 363
15 112 147 478
354 467 179 110
389 183 104 201
29 127 163 479
95 281 240 117
133 447 51 485
127 87 442 262
296 415 127 83
127 211 235 156
124 467 292 158
322 467 158 274
167 121 281 18
308 110 442 434
492 447 210 101
5 480 467 172
127 144 411 142
133 218 67 446
389 312 295 60
161 133 96 457
389 146 347 59
243 166 15 144
28 127 226 112
242 467 300 291
118 420 133 11
137 133 360 458
237 346 15 210
344 133 270 498
151 465 127 140
127 319 66 49
396 389 221 307
347 389 501 218
260 440 461 472
349 343 440 498
336 389 49 455
467 455 234 104
218 361 133 187
39 252 133 276
228 467 493 320
148 360 133 323
99 127 235 97
60 281 419 220
245 15 277 253
281 36 78 286
15 346 394 209
15 70 6 113
133 175 51 244
185 133 430 419
467 316 105 1
127 213 449 184
133 413 40 228
157 131 15 470
443 371 467 87
22 63 281 32
470 466 133 170
389 396 1 31
169 127 321 364
370 442 281 272
157 285 15 296
448 197 127 252
75 43 442 100
338 447 330 84
305 70 15 113
66 212 127 243
13 207 133 460
495 15 233 176
339 389 280 46
46 127 341 123
195 125 127 449
297 96 133 444
15 45 248 314
127 267 284 80
467 320 326 483
133 423 388 91
17 281 42 100
202 467 455 483
289 133 416 91
60 30 281 117
193 395 467 414
370 42 281 286
326 467 443 483
425 457 127 57
133 293 272 428
281 496 240 32
431 15 147 478
442 359 332 262
389 502 54 321
429 31 467 331
88 127 85 390
103 15 402 303
127 486 180 447
386 311 389 248
389 133 475 85
154 237 15 210
127 239 163 479
15 342 113 192
387 97 467 331
231 192 467 268
98 364 467 48
449 127 397 252
412 389 133 85
15 136 329 71
467 437 364 338
7 15 317 16
207 412 133 399
385 352 127 416
127 331 268 183
127 331 262 156
120 133 142 423
442 16 378 145
467 92 38 289
127 85 356 447
15 123 14 195
295 389 345 60
127 268 73 479
187 127 425 477
127 130 23 49
11 184 15 192
133 477 376 444
389 165 418 480
484 292 467 382
446 178 133 323
133 69 420 91
127 486 88 447
290 49 389 469
467 404 84 405
102 389 24 355
189 359 442 262
358 340 467 382
389 232 450 43
28 463 127 148
15 131 399 296
275 287 440 409
44 389 183 89
192 111 467 433
59 304 127 162
467 363 188 357
23 127 239 49
467 242 452 158
313 467 31 399
314 142 133 486
270 133 459 163
27 278 133 164
249 440 47 409
260 488 440 299
440 47 382 389
440 133 447 163
389 200 475 187
133 272 500 187
322 467 168 274
250 238 15 92
252 133 408 323
51 447 164 283
15 204 281 449
15 134 365 71
479 447 149 495
436 467 421 147
15 468 497 146
2 133 120 423
332 132 442 213
127 226 288 451
376 269 133 494
336 209 389 455
59 127 472 34
410 15 432 92
342 166 15 2
236 198 127 105
203 15 394 141
116 397 127 426
133 13 56 399
63 281 496 215
15 123 337 195
452 181 467 320
15 403 317 2
286 195 127 83
71 380 389 136
114 133 335 419
367 467 391 394
61 133 219 124
389 129 162 300
422 213 127 112
485 467 77 287
210 447 141 495
179 9 467 110
83 467 208 172
389 453 311 89
19 227 440 336
191 402 15 449
389 72 414 355
216 328 127 156
204 395 467 478
171 127 109 97
127 279 457 34
190 417 440 101
501 389 79 59
117 389 162 31
182 477 133 276
401 222 467 382
124 172 467 287
3 467 138 171
202 467 320 408
464 133 114 348
133 498 8 170
55 423 133 175
494 440 499 389
400 127 224 162
48 440 417 485
474 281 205 230
15 302 303 168
15 103 126 210
37 84 467 385
91 133 241 457
78 281 94 220
389 482 64 455
139 467 306 172
113 15 7 144
174 467 409 227
15 261 245 360
68 127 230 112
50 133 175 244
362 447 492 495
15 305 134 470
25 467 374 408
126 325 15 360
281 22 282 18
127 244 469 83
462 279 127 451
133 357 50 118
377 133 299 498
127 375 217 390
382 440 499 336
10 389 307 201
164 479 447 283
430 470 133 462
15 154 439 141
378 43 442 133
467 484 358 158
127 301 444 123
68 406 127 148
81 133 61 124
489 169 127 80
456 323 440 208
30 95 281 215
467 174 407 289
64 373 389 300
5 467 57 268
328 73 127 183
442 132 274 213
389 458 129 136
170 306 467 404
467 107 273 404
100 389 71 139
467 138 32 357
230 127 116 426
467 57 273 334
89 329 15 71
145 451 389 321
156 133 55 175
440 473 390 17
356 127 411 437
467 122 247 313
197 127 109 140
184 15 58 2
225 467 409 211
467 115 480 268
334 214 133 486
133 159 91 457
214 368 133 348
156 405 133 460
431 204 15 63
227 343 440 163
435 440 93 472
460 15 243 144
185 133 143 419
229 220 133 283
372 127 33 142
136 15 6 253
439 135 15 209
281 94 223 18
427 15 135 209
15 52 438 168
284 465 127 140
127 372 310 364
467 485 201 287
483 110 442 434
121 281 251 387
267 127 212 80
133 119 182 228
152 247 467 126
348 467 404 385
413 159 133 494
389 24 383 458
254 234 467 104
139 208 467 334
467 256 155 404
467 412 276 338
15 58 298 314
454 190 440 101
224 127 194 148
403 11 15 176
170 467 369 405
393 440 494 114
282 86 281 215
389 366 445 307
76 15 238 146
398 467 228 1
334 314 133 486
127 29 216 183
133 350 219 363
253 361 133 446
127 187 469 477
265 389 102 43
199 389 221 307
405 133 118 11
115 231 467 433
80 488 440 299
467 316 340 291
277 15 476 195
391 467 155 394
41 380 389 60
421 77 467 147
82 355 133 20
106 255 447 84
416 133 220 118
424 15 191 180
133 478 119 444
206 467 25 246
45 52 15 314
467 101 122 313
217 127 321 390
283 467 294 126
446 133 392 39
281 36 263 272
393 287 440 114
74 281 474 230
467 153 3 211
262 211 127 184
389 290 117 469
173 456 440 208
333 473 440 17
127 375 215 437
18 389 451 201
428 168 467 171
307 389 104 224
127 352 271 213
447 48 440 208
310 127 271 416
141 447 149 244
133 490 299 288
487 333 440 389
389 12 54 224
93 65 440 99
80 435 440 299
291 133 2 423
100 389 373 469
133 143 498 170
181 172 467 320
442 160 264 286
200 389 414 85
152 467 283 126
261 15 337 360
366 389 471 218
281 87 15 141
339 386 389 46
468 76 15 146
441 15 259 115
389 467 412 224
442 189 483 434
440 133 315 288
389 471 418 480
442 160 353 145
15 285 250 253
15 438 62 168
133 289 357 118
17 281 426 117
188 467 32 211
133 81 90 363
167 281 34 387
133 40 478 228
467 98 276 48
389 209 79 59
133 53 297 340
389 482 458 300
401 467 493 246
384 193 467 115
387 324 467 338
437 467 313 48
15 35 14 303
400 481 127 162
111 467 348 433
130 319 127 243
127 301 385 416
288 472 127 451
384 467 140 414
467 367 327 394
106 338 447 84
315 459 133 288
171 99 127 184
241 161 133 340
137 133 39 39
379 450 389 401
407 467 294 289
281 34 74 104
127 309 341 123
440 487 176 409
379 389 257 136
90 490 133 20
62 441 15 63
248 15 233 176
244 236 127 57
86 251 281 87
442 127 274 133
69 133 266 11
127 304 462 477
112 15 303 115
419 223 281 220
440 390 461 17
427 15 424 180
467 254 374 408
349 440 249 336
440 454 128 472
392 133 246 428
265 389 4 43
410 15 177 92
15 399 432 296
87 442 281 272
467 398 206 246
275 176 440 114
9 467 351 313
491 89 15 113
133 344 377 124
383 72 389 458
225 467 153 227
278 266 133 164
133 56 381 164
258 389 10 248
467 97 429 331
194 127 406 426
495 15 298 192
318 350 133 20
21 293 133 446
151 180 127 243
389 44 18 357
128 173 440 485
256 369 467 405
108 67 133 401
133 335 466 462
20 460 15 16
145 502 389 321
87 125 127 57
308 16 442 133
491 15 476 180
257 312 389 139
281 371 467 87
433 389 150 31
258 389 453 89
389 165 146 480
199 150 389 46
467 204 281 230
15 177 20 16
196 389 232 401
246 500 133 39
300 201 467 147
422 127 186 252
127 415 198 105
35 325 15 303
351 158 467 274
467 83 107 334
133 27 381 460
433 389 280 248
440 65 323 99
497 365 15 470
467 363 389 227
296 127 286 105
291 355 133 462
447 330 362 99
26 281 205 387
