15 20 4
20 19 18 17 16 15 14 13 12 11 10 9 8 7 6 5 4 3 2 1
19 20 16 18 17 13 15 14 10 12 11 7 9 8 4 6 5 1 3 2
16 18 20 15 19 17 10 12 14 9 13 11 1 6 5 7 8 2 4 3
18 15 17 20 10 16 11 19 2 13 8 12 14 3 9 1 7 6 5 4
14 17 19 16 15 2 7 20 18 3 1 13 12 10 11 8 9 4 6 5
17 16 11 13 14 19 1 9 20 18 3 15 2 4 8 12 10 5 7 6
15 11 10 19 5 14 13 18 16 1 17 20 4 12 3 2 6 9 8 7
4 14 12 2 1 20 18 17 6 19 16 5 13 15 10 3 11 7 9 8
11 12 5 14 7 18 19 16 8 20 6 4 3 1 17 13 2 15 10 9
9 4 6 1 20 3 2 15 7 5 19 17 18 16 12 14 13 8 11 10
6 5 13 4 18 8 17 1 19 14 9 10 7 2 16 15 3 20 12 11
1 6 15 7 9 11 3 5 4 2 20 8 19 17 18 10 16 14 13 12
5 7 3 9 6 4 20 8 11 15 2 18 10 19 1 17 12 16 14 13
12 3 1 5 8 7 9 10 13 6 4 2 16 20 19 11 17 18 15 14
8 2 14 3 11 6 5 7 9 17 12 19 20 18 13 4 1 10 16 15
