40 50 5
50 49 48 47 46 45 44 43 42 41 40 39 38 37 36 35 34 33 32 31 30 29 28 27 26 25 24 23 22 21 20 19 18 17 16 15 14 13 12 11 10 9 8 7 6 5 4 3 2 1
49 50 46 48 47 43 45 44 40 42 41 37 39 38 34 36 35 31 33 32 28 30 29 25 27 26 22 24 23 19 21 20 16 18 17 13 15 14 10 12 11 7 9 8 4 6 5 1 3 2
46 48 50 45 49 47 40 42 44 39 43 41 34 36 38 33 37 35 28 30 32 27 31 29 22 24 26 21 25 23 16 18 20 15 19 17 10 12 14 9 13 11 1 6 5 7 8 2 4 3
47 40 44 49 39 48 46 50 41 45 28 43 35 42 32 37 27 36 34 38 29 33 16 31 23 30 20 25 15 24 22 26 17 21 10 19 11 18 2 13 8 12 14 3 9 1 7 6 5 4
48 47 39 40 50 41 49 45 36 46 35 42 43 44 28 29 32 38 37 33 24 34 23 30 31 18 17 22 27 26 25 14 21 19 15 2 7 20 16 3 1 13 12 10 11 8 9 4 6 5
43 42 49 50 45 37 48 33 46 44 47 38 40 34 41 39 29 25 36 24 35 31 26 17 32 27 23 11 28 20 30 16 22 13 14 21 1 9 18 19 3 15 2 4 8 12 10 5 7 6
44 46 47 38 48 33 35 49 45 50 36 40 41 39 42 32 43 37 31 27 34 23 25 24 29 20 30 28 11 13 19 10 26 16 5 14 22 21 15 1 17 18 4 12 3 2 6 9 8 7
45 38 41 39 40 49 50 34 47 37 48 46 44 30 43 28 36 42 17 35 31 22 33 19 12 32 21 27 29 4 26 24 25 2 1 23 16 15 6 20 18 5 13 14 10 3 11 7 9 8
40 41 45 46 44 39 43 36 35 34 38 47 33 50 49 48 42 32 26 25 18 24 2 37 21 23 27 16 31 28 14 6 5 30 20 29 19 22 11 17 4 3 7 1 15 13 12 8 10 9
37 45 42 44 27 36 47 48 38 40 39 32 46 49 30 50 28 34 20 41 16 43 18 35 24 19 33 5 17 25 31 22 3 29 2 26 23 1 8 21 12 6 15 9 7 4 13 14 11 10
41 44 34 43 42 50 39 47 24 36 46 49 31 40 19 38 23 27 48 37 26 35 22 1 45 29 32 13 33 6 5 3 28 25 30 20 8 7 4 2 9 14 16 18 21 17 15 10 12 11
42 30 36 41 43 46 34 40 50 49 25 35 20 48 45 22 38 47 44 29 23 9 37 26 28 8 39 19 24 31 32 4 27 6 33 7 17 5 21 14 15 10 3 2 18 16 1 11 13 12
38 43 35 33 37 42 36 46 31 48 32 29 50 47 44 34 22 39 30 40 12 11 41 4 6 5 49 45 26 9 3 27 24 28 8 25 21 19 1 7 23 16 17 15 20 10 2 18 14 13
39 31 43 42 41 27 37 22 49 47 30 50 23 28 17 45 40 48 38 36 44 13 32 34 35 46 5 33 7 10 1 29 8 24 25 3 2 26 19 4 6 20 21 11 12 9 18 16 15 14
30 35 24 34 36 44 41 38 28 43 42 1 48 46 31 49 19 17 47 45 40 37 6 50 8 33 9 7 13 39 18 32 4 26 29 10 5 2 23 27 21 25 20 22 14 11 3 12 16 15
35 33 40 36 38 34 42 41 23 32 44 27 29 2 50 11 45 20 6 49 48 46 47 39 1 10 43 3 8 7 37 21 30 9 24 12 25 31 28 18 14 4 26 5 22 15 19 13 17 16
34 36 38 37 35 28 33 39 48 2 50 45 49 31 46 3 26 10 9 1 27 47 30 7 13 43 8 44 6 42 11 40 32 41 23 4 12 29 22 25 19 21 5 20 16 24 14 15 18 17
36 39 37 29 33 40 38 20 43 35 49 12 47 45 48 7 2 21 42 34 15 41 46 10 9 1 44 50 5 32 28 30 11 4 27 31 3 16 26 23 24 8 6 25 13 14 17 22 19 18
33 34 29 35 31 38 32 37 39 26 45 30 42 24 10 47 8 16 50 13 6 49 3 46 44 40 15 48 43 14 41 11 12 5 9 28 4 25 7 36 2 23 18 21 1 27 22 17 20 19
1 37 32 4 15 35 30 31 34 38 29 48 45 43 47 18 14 46 24 22 36 6 8 49 41 50 7 10 3 44 33 2 13 42 12 40 28 11 9 5 26 27 25 17 23 39 16 19 21 20
32 14 11 5 30 1 10 27 37 4 34 44 36 41 7 46 3 13 43 2 49 12 48 45 47 16 50 9 40 17 8 15 39 35 38 42 33 23 29 6 31 28 24 19 26 18 25 20 22 21
11 15 31 26 34 32 18 9 3 14 33 6 37 10 40 2 41 44 46 8 50 20 7 48 49 4 47 43 16 1 38 13 45 12 42 5 36 27 25 39 30 17 35 29 24 19 28 21 23 22
2 32 7 17 16 5 22 12 13 31 37 36 18 35 11 1 15 50 49 6 8 44 43 9 48 14 40 34 42 30 46 41 47 39 4 45 26 3 20 29 38 33 10 28 19 21 27 25 24 23
28 26 3 16 32 8 4 10 2 29 7 34 5 33 13 43 46 49 1 12 47 48 9 11 17 6 45 18 50 22 40 42 15 14 37 44 41 39 31 38 36 19 27 30 35 20 21 23 25 24
19 4 33 32 29 23 21 35 6 1 31 10 3 11 2 41 49 15 45 16 7 50 44 8 43 42 38 12 46 34 47 9 14 48 13 18 37 28 17 22 5 36 40 39 27 30 20 24 26 25
15 17 16 2 21 19 13 32 1 33 14 3 4 12 5 42 7 18 39 9 43 45 11 47 50 44 6 46 37 8 23 25 10 49 35 48 31 36 38 40 20 41 29 34 30 22 24 28 27 26
14 19 1 20 4 17 6 25 8 18 10 16 7 21 39 44 50 11 3 47 9 42 15 38 46 2 48 29 49 12 43 5 31 23 22 37 35 41 33 24 45 40 30 13 36 32 34 26 28 27
8 3 21 19 18 9 20 17 16 25 5 33 1 7 22 40 47 12 11 48 41 14 39 44 4 15 46 37 45 50 24 49 6 10 43 36 32 38 13 35 42 30 34 23 2 26 31 27 29 28
18 2 19 22 5 12 16 15 14 3 9 21 6 13 1 8 48 4 41 46 45 17 50 43 40 7 10 39 20 47 42 36 44 38 26 33 27 35 37 49 25 32 11 24 34 28 23 31 30 29
27 11 4 18 10 24 8 1 25 7 15 5 2 17 37 20 9 14 13 3 46 36 21 16 42 12 41 49 47 35 45 44 50 43 28 6 39 32 34 26 48 22 19 40 38 23 33 29 31 30
21 1 5 23 6 16 25 11 15 10 12 17 13 14 4 9 44 45 40 19 38 39 20 41 7 22 36 47 48 49 2 46 33 27 3 8 18 42 24 34 29 37 50 26 28 35 43 30 32 31
20 23 8 24 7 21 9 19 4 6 3 11 16 1 15 13 10 43 5 44 22 38 35 18 25 17 14 31 2 27 48 12 46 50 40 49 42 30 45 28 39 47 41 37 29 36 26 34 33 32
22 7 12 6 3 11 5 29 19 9 1 14 8 27 16 15 25 41 23 50 42 40 17 21 10 47 2 30 44 46 13 48 49 32 18 24 20 4 39 45 28 26 43 38 31 37 35 36 34 33
3 16 13 25 20 7 24 28 22 11 18 26 21 4 8 5 33 40 10 14 2 15 19 12 36 49 37 42 1 48 9 50 29 46 47 38 6 45 43 31 44 39 23 27 17 41 30 32 35 34
13 8 9 28 1 3 14 26 27 16 21 15 10 25 18 24 30 7 19 5 39 4 49 20 38 37 42 40 41 2 12 47 23 34 6 11 45 17 46 50 22 44 48 31 32 43 29 33 36 35
5 20 14 30 17 25 19 16 7 28 8 18 9 15 26 6 39 22 21 10 3 2 1 13 11 48 12 35 4 45 27 23 42 47 31 50 29 34 49 43 46 24 38 44 33 40 32 41 37 36
12 6 23 9 8 26 17 3 29 27 13 24 11 22 20 16 31 30 18 28 10 21 40 33 14 36 25 41 19 5 4 45 1 7 50 34 47 44 48 15 32 2 49 43 39 42 46 35 38 37
10 22 18 27 24 13 23 30 32 5 4 7 12 26 21 25 20 29 8 15 1 3 42 14 2 11 16 17 34 41 6 31 19 45 49 9 44 48 35 47 43 50 28 36 46 33 40 37 39 38
26 9 17 8 14 22 28 5 30 13 11 20 15 29 6 10 12 23 27 42 19 1 45 2 3 21 18 4 36 43 50 34 41 31 7 16 49 24 32 44 33 48 37 35 47 25 38 46 40 39
9 27 15 13 11 29 7 6 20 21 17 19 22 8 23 26 4 24 2 39 14 28 5 3 18 45 31 1 12 36 49 35 48 33 44 46 30 43 50 10 47 42 32 16 25 34 37 38 41 40
