87 129 5
1 71 18 34 53
71 6
74 53
61 19
6 29
85 40
29 14
57 67
49 61
82 32
11 55
72 39
63 76
75 12
23 30
52 22
35 77
77 28
7 37
25 83
12 80
43 8
34 69
78 47
20 35
5 40
9 59
87 26
32 4
72 85
56 53
4 79
24 61
21 57
42 67
79 68
15 85
80 7
59 39
57 2
1 71
46 52
42 2
43 72
81 73
2 76
11 17
41 25
49 68
76 24
16 4
3 36
23 21
59 87
8 10
31 23
27 64
14 12
19 44
74 16
48 50
29 13
54 87
18 49
41 45
78 60
62 84
75 70
18 63
31 11
65 54
51 67
44 86
40 82
45 80
43 31
84 35
69 73
22 27
72 34
15 18
6 75
18 78
26 47
37 5
47 70
68 39
85 42
78 73
38 20
67 60
20 44
63 7
83 53
70 56
30 81
58 30
60 13
48 74
6 65
42 79
71 9
28 2
86 3
22 64
65 62
1 15
13 14
52 64
9 38
9 8
17 64
33 62
83 5
10 33
64 66
45 24
1 43
55 21
16 40
69 47
39 50
36 27
15 48
73 54
71 41
50 58
66 51
17 46
46 64
