13 13 242
-4618 -4751 10102 -6146 1776 2004 365 1014 -10863 8178 9542 9151 6509
4337 4198 -2334 10278 6062 11128 -1182 -9666 7895 -3828 -8498 4833 9976
-7854 -4957 -4537 1694 3813 8945 7288 1519 -684 4013 -1049 -2086 -1058
10939 6391 -1111 5371 -1959 3221 -7992 -2866 10521 1834 -6891 -700 6515
-6948 -7481 -8705 -960 -8905 397 2853 7259 -8562 -839 7314 7656 -4352
1621 9673 4604 985 -10620 9405 -545 -9791 -8820 8069 3755 -7318 4023
7296 -5353 785 -1924 -10495 -2006 -5534 7352 -8951 -8864 -3520 -5731 -4894
7966 -4351 6148 10259 -2458 -5917 -7819 10527 8612 10137 9185 -7608 9776
4620 -2219 9330 -1976 -4721 -1706 9230 9621 -10254 9564 -8580 -4062 5263
3290 -10204 -6862 2233 -3030 1470 -8603 -8412 -3519 -8415 -10467 -10681 694
-6412 -843 -8432 -7357 -9403 3589 1443 -3537 -4111 -9624 -3439 -6824 -6707
9780 9305 3534 5421 7450 1675 1114 9138 -3762 5549 5704 11018 9121
-3975 -10509 8954 6300 2512 4824 -1961 -4481 -8376 -1874 -9314 -9676 -10612
2 10 12 13
2 1 7 11
1 9 7 10
8 1 12 4
7 13 8 13
7 1 12 13
7 1 7 5
6 9 9 11
1 13 11 13
4 3 11 10
6 3 7 9
9 4 10 7
6 10 7 10
6 11 11 11
13 12 13 12
3 11 5 12
1 1 11 5
7 12 8 13
2 7 6 8
11 1 12 6
3 2 12 6
5 2 7 13
6 13 11 13
11 12 11 13
5 13 11 13
10 11 10 11
2 1 4 6
6 12 11 12
3 1 12 6
11 9 11 10
6 5 8 12
5 8 9 9
10 3 10 3
13 10 13 12
1 2 12 6
13 6 13 13
9 4 12 10
9 1 9 9
2 7 8 10
6 12 10 12
9 11 12 11
2 1 4 4
8 6 11 7
6 9 9 10
11 1 12 8
12 3 12 13
8 1 12 12
5 6 9 12
6 12 13 13
2 4 10 6
12 8 13 9
8 8 12 11
5 8 8 10
5 13 7 13
4 8 12 9
10 11 11 11
13 4 13 6
7 10 8 10
13 10 13 12
11 5 13 9
4 13 6 13
7 4 12 4
1 12 7 13
12 1 12 6
8 5 10 5
3 2 11 11
12 7 13 10
2 2 5 9
1 10 8 10
2 4 2 12
12 2 12 4
10 3 13 7
12 13 12 13
3 10 13 11
5 12 8 13
11 9 12 10
7 8 9 8
10 6 11 8
5 9 5 12
7 13 10 13
11 13 11 13
1 2 1 3
11 9 12 9
8 4 13 5
4 7 13 11
8 4 10 11
4 9 6 13
3 1 11 11
5 5 6 7
1 12 11 12
13 1 13 8
7 4 7 11
8 12 13 13
11 4 13 7
2 3 11 11
6 12 10 12
8 3 10 11
8 4 13 8
8 7 13 8
3 5 12 7
13 9 13 9
9 11 11 11
4 4 9 9
5 12 11 13
10 13 11 13
12 13 13 13
1 4 4 13
2 7 9 9
11 4 12 8
1 7 11 11
4 6 8 8
7 8 10 10
13 1 13 13
5 6 10 9
5 6 12 10
2 10 11 11
7 7 11 12
9 6 10 6
10 5 12 7
8 11 13 11
8 2 8 12
13 13 13 13
10 2 11 13
2 1 9 6
13 1 13 11
6 6 7 9
13 4 13 9
12 5 12 5
12 6 12 9
2 11 5 11
9 5 12 8
2 10 4 11
3 2 10 13
11 6 11 7
10 9 11 10
5 1 11 11
11 4 11 6
1 13 4 13
5 8 8 9
12 9 13 11
6 2 12 11
7 9 11 11
4 13 13 13
3 5 10 6
7 1 9 4
10 5 10 10
12 7 12 10
10 4 12 7
2 8 3 9
10 8 13 10
8 13 9 13
3 8 11 12
5 7 7 13
3 8 7 10
11 2 11 6
10 2 11 9
13 7 13 13
13 8 13 12
13 12 13 13
9 8 9 10
12 13 12 13
9 10 13 10
13 13 13 13
13 9 13 13
11 6 11 10
1 5 2 9
12 10 13 11
9 6 10 10
5 9 6 13
5 5 6 11
5 5 12 5
1 1 2 5
4 8 4 13
4 1 11 2
4 5 5 10
5 3 11 10
13 3 13 5
2 6 10 10
9 8 10 10
12 6 12 9
3 12 6 12
6 1 11 9
11 2 13 3
6 7 6 9
1 8 12 11
11 7 11 11
12 4 13 10
13 3 13 6
9 9 11 11
5 5 13 11
9 2 12 8
9 2 13 4
3 7 9 10
7 10 12 13
3 10 8 11
1 4 6 12
7 10 9 11
7 12 11 12
8 10 13 13
11 6 12 13
1 3 10 3
12 12 13 12
7 3 10 13
8 13 13 13
6 1 8 1
6 4 8 7
8 4 12 9
4 8 7 13
10 2 13 9
8 3 13 3
4 7 9 11
7 4 10 12
5 3 5 11
12 4 13 5
13 3 13 5
3 4 3 8
12 13 12 13
6 10 9 13
3 10 10 12
13 8 13 9
13 7 13 9
4 5 13 9
12 4 13 9
4 7 8 8
10 12 10 12
3 3 13 8
4 3 4 12
8 13 9 13
8 9 13 9
12 7 12 7
10 13 13 13
8 3 12 3
9 2 11 3
12 3 12 3
7 11 9 11
12 1 12 9
3 4 7 6
3 11 3 12
11 3 11 11
6 1 12 2
11 11 11 11
2 10 7 12
