36 39 1519
-181505 643125 24903 -332635 703619 -701661 123287 -625766 525823 613643 117555 -423277 -279205 -225111 2774 368561 -418466 -171688 -518205 546644 -222730 -679807 -621244 -516969 594264 -370992 -259027 402040 -27206 501013 -226045 605063 -295343 409754 603540 -630311 -497527 -686501 -584313
-88135 -449579 572759 227194 -564408 617365 -124319 -590020 -450672 -108910 -647364 -41367 503089 535552 2510 358851 -388839 115457 -632784 -361767 232276 -390361 -396562 261912 -283180 263508 -7197 -610301 -293236 -481775 -54816 343268 -107842 616147 -404086 149139 519290 295505 -373014
626708 -459089 83150 -184395 290326 -622340 -420753 496172 -542771 -565064 245406 -452754 151785 111832 -478931 -590830 285903 200114 -591156 -219112 -364338 -199920 511399 -93596 -51027 -692682 602475 -126376 -425365 265925 -15289 379944 -606373 343716 15090 -283955 -475746 -584475 -293045
8958 -79583 66775 -415621 672062 -563172 -427980 -463023 291257 -540823 -70332 705359 -330291 -10090 376083 -573628 441886 -277555 622852 380717 135878 -230195 -459863 -321907 -416908 610340 -263464 -120267 -494408 64093 646179 -197735 -546841 159404 154356 -676767 -181451 91121 -477698
-148318 304794 -287373 624733 -350993 -156931 296961 -655813 -501529 -282232 317488 -618812 -311508 -201497 -28559 -127581 -297877 36344 -696078 -619435 -212333 335152 -181247 207089 -448955 -595158 -457736 -439220 -568275 648086 -686613 30383 -631206 267802 -354999 596944 -101722 616218 -186533
-216597 -674964 -27785 348661 186650 -193682 6630 592954 121851 -291229 150310 -207886 513955 351617 -449304 -138797 -475356 -460103 378062 162182 178095 649549 90957 286907 250605 -698915 696301 627994 253456 -170708 369802 -665664 -481157 707351 -414471 4208 -116580 544384 223548
-362009 213088 171619 -7692 26471 248247 -504033 -212173 189120 -696469 347488 -528342 139753 476893 37447 -404849 -623673 261210 -287615 -588531 422164 484424 -1577 -371345 -261237 -186636 -34798 -567228 21061 -330184 -322674 702915 -266005 51825 -268495 525846 -576866 232604 -624229
98973 159246 667915 -366052 169625 86320 192858 -321711 424773 -135110 34038 -344912 -593834 72837 331981 186930 657913 514847 -495322 526551 109834 -87862 -206016 -348567 -322086 463898 315276 157481 552013 218899 590060 -144901 44021 -651075 112963 98363 18917 -617076 554240
-389017 -93956 -505159 102878 390226 -38141 90925 -580169 615735 47445 487296 446655 138893 292087 -386530 33817 379950 355603 469420 -213111 -213954 60250 -334794 607909 -302579 91352 -229868 -82325 -640979 -316154 -676440 83810 343911 -515999 657404 525182 -512775 -689017 -286804
-124103 -563054 -289491 -109987 432604 -421931 578430 -440247 -580623 -560421 -199533 -281094 -613034 -665894 -80875 311222 -104759 109234 220017 125933 8216 -372906 141311 29580 129081 164128 279965 191922 380529 676364 73071 427453 -21237 115915 406185 -396472 -642829 -12418 -326355
238237 -469774 174033 -133881 106325 202008 -243061 -51750 298891 332453 364055 336942 272894 -122706 -339056 -243501 57959 -291886 375123 527963 661403 -672500 533068 -594078 595145 -410110 -492415 173054 -513159 -263154 -132952 611833 484050 246813 585360 231315 443382 -5687 -570997
436182 -546155 333767 407856 472430 485566 -457602 -2798 -461094 -15542 -339634 332680 50282 -473224 -330214 -606373 23945 623932 242881 -379638 -369091 -60832 -538704 160926 -587892 -80571 -469744 -431335 604129 -202875 257994 194453 300698 644633 15891 99466 166556 -267495 -285039
3868 573077 -204901 591092 -603454 -337998 -200848 -446580 -148158 2504 -361512 435516 -280459 481026 62097 -670652 -561731 64261 97775 562851 -344638 -43495 293859 -294598 -397345 575886 8528 -273951 -160766 237570 593428 96697 -162421 -433665 -34760 495311 664070 -157543 484254
48811 525679 -406770 370453 -290113 696274 -257633 -40795 -685713 440495 -198996 -643640 -463442 597177 497866 309822 21219 385125 489347 -183675 635790 520259 567481 -273538 606168 -226233 -174500 -415745 -183568 236475 -197343 -199410 -11970 542585 -630908 -611234 -110464 397174 176923
-260639 425582 -614282 -94970 -32784 -59850 -161940 133478 -480351 -325019 -53346 -244555 -480432 -4947 108440 -609758 -552930 -476739 -385813 -586199 -591555 -494806 181922 79262 -561989 334281 564976 -93600 -655719 -216901 428223 -114942 394965 424553 393470 388708 254033 697670 -560974
-207347 -422725 -492107 219464 -326952 -85143 -204816 -571278 314887 -270674 63781 428285 647312 -332898 -112799 -291770 369105 -446384 -481230 529616 531149 -539027 397133 640208 -684592 313282 -644273 191353 -374338 -1375 -705463 -60418 695607 165279 -41309 -289772 508776 663012 68793
690740 -496815 -259777 255025 337457 43504 564991 -681243 258283 -241912 -163870 129209 450203 -151442 -153452 621462 -330350 243559 148573 -380235 92619 236508 289453 -558112 525679 -697976 41470 10175 177230 613763 547349 -519511 145665 454243 492758 -365473 206739 -84947 -358131
-602969 670426 263658 -108491 -381166 -385060 -402781 -557718 -265550 447011 516604 -274925 -196004 -319478 -489182 -469832 696675 211350 388384 560683 -445058 435050 -515754 -663946 297273 400004 -518928 -648339 -640411 280449 -431110 -563399 327438 -590248 -579188 -103145 389195 668003 -247268
64773 -100054 50748 410570 -85007 396350 679151 393675 -433648 133969 522767 -319339 692652 474980 -382720 -480946 430735 340457 -640479 -33671 348097 622949 485179 -78105 -583696 433717 -215239 -565404 -43053 42614 291990 -239569 45711 502757 -389884 -204175 548050 230309 675976
468668 -555184 -31969 -579883 549334 -495852 -178363 527903 -498043 -282091 409529 -169887 557325 34523 451469 -417105 -449737 466584 -221327 280608 100872 -162409 -309938 -306880 -270669 -192396 -553336 336455 -252600 -383737 134096 -455902 611128 313756 208257 -315863 -278615 -380913 -441022
-335038 -66616 436110 176335 93183 552453 337784 -331577 24920 276620 397290 -245282 4405 491745 537710 302995 -501084 449136 610192 -59256 679109 46743 -537486 586130 -329585 111822 -352258 543676 447166 359188 241309 -67411 239818 142981 -334683 -250279 85855 -473991 163827
-614521 -327377 -240584 53919 -633226 462048 219705 -134010 652007 115374 595598 -401526 -227923 -507576 434813 14297 -500163 -565299 276341 -329518 280914 190850 121046 193705 -381538 533247 672557 -192231 103510 529476 388032 -4132 8520 477410 -504616 277874 272530 -31363 669320
356283 238873 -362082 652998 533747 313509 320958 47732 216945 -196969 570674 -416677 -612826 592688 -680645 253820 -394014 -557832 -516150 -233077 -654488 -463203 -315978 555098 -35605 -408687 619280 -347484 339062 136832 610096 356853 -556516 -701007 279786 -175013 128542 -261582 -236840
-474861 -640065 -400259 -509140 -696439 211800 23441 144890 409652 -6553 -665397 -611960 -467951 616372 -333851 522511 -536921 -654879 241870 -248737 -502329 -489884 234582 132368 -463134 364211 249323 -414263 671559 94039 -139647 9305 -148372 78461 489761 226528 518945 95879 391329
-424674 -3619 -557924 239316 -76256 395499 109994 -542121 -388401 678327 26630 -670322 -169886 558324 -443472 -369168 -110659 -527589 -425327 -660547 -385478 269923 215022 -685806 265274 329194 623035 -39961 583483 -308010 -440026 335532 111400 -323152 -55839 -429590 541921 545413 590855
-478492 -470651 274420 47181 401187 493165 110791 8328 -273072 -8034 624688 -303969 -707454 -469597 461513 -57271 309815 92857 383899 -685604 -239384 229793 143677 -287909 -516292 478992 5263 -668283 -452142 516198 -657984 356036 -435246 -679747 -122989 21165 -483472 -383962 -189225
164054 -646496 685404 525582 -295045 199937 -380316 420217 454108 -375510 323938 369132 -356467 54819 -606938 345669 228520 -36752 14494 -609935 323930 491918 79774 356960 617537 664512 466127 168572 -87837 -201428 450297 -500508 -83654 -97271 398410 286263 70878 59453 501296
623897 -264959 -493143 -536443 -15404 -56220 75973 504837 -180708 261610 -550418 -482303 -379543 -247393 -472340 -617196 616985 -125918 58337 -263736 203605 -97448 -344768 460671 390195 149592 -685512 -613333 -256061 -114649 297166 -331599 -581527 -614373 -685993 -79570 -669017 -559995 -344606
604730 -416988 306377 -561581 131374 309704 274740 406673 -532125 136150 143327 -495666 357852 148187 101614 26037 505662 699735 -338609 494223 437002 -105301 273295 169293 -131888 -427491 -293941 -78720 71174 -410343 -541771 395173 -664908 379722 693337 -474436 392732 156789 450062
483362 240016 533378 -211330 440967 336864 -549383 -393438 93383 -573563 -90740 -335526 -25308 -417433 -642095 -174233 539956 -105659 209425 -643476 -70149 -228699 581774 438662 561541 580139 -504574 -284040 -456756 632156 77585 -610776 464886 77799 162982 -85713 -516753 380390 -291248
694480 641508 225090 610166 209829 99325 -403995 -22070 -210712 240153 -562758 -69762 523606 -402647 429149 -400280 331911 370315 -357783 -55959 -395553 380087 -66595 -439040 178553 269506 314512 -195039 -674315 -128545 512699 117644 400292 -675578 246379 -457748 118469 -347153 493599
-452622 -583414 -380468 174964 105864 -216195 445397 -94925 48912 -64584 456555 419939 -676665 -140285 -86433 -259062 275002 -251759 626114 -250116 -439403 155050 -362116 -573031 141626 175437 -424430 66730 542871 -591749 -44238 323382 -171746 -486428 -47981 -412078 363218 -280107 231181
537666 -202274 520838 -384780 -581482 -532676 -196207 127597 -414604 -562665 16099 154990 -111414 -383544 -457545 456852 -485319 -315352 -273104 -672612 137921 11893 203999 -361163 654875 389904 289594 -175557 524842 288162 345837 -132833 -616680 691430 -526753 673061 501355 569299 -621148
101963 611164 -587615 92628 212386 -285090 -214331 -592950 -344851 288023 -120991 641945 -153084 -537413 3651 -414934 531591 57355 -636211 95282 -519394 -434719 -452644 481318 -248121 -36969 -602104 -471916 255759 118866 456772 -240478 581204 -166959 -465708 -485455 615439 456801 123370
-507991 -53332 366647 27927 -303611 -349724 341583 -565605 -226230 -524827 274845 -270746 703721 593637 439193 625144 110301 660181 -75755 329871 129196 -552415 255964 116108 -1760 -108779 487096 658153 -183431 100162 -35593 -396662 610235 -224420 214483 -213755 105616 103997 127716
-298773 274284 -105697 -221272 334983 -65748 484782 358363 314071 42478 -244715 -615832 342474 -213322 299068 16944 78224 -376382 -297607 36096 688382 421130 70511 -107710 104848 -613208 -299129 414787 -366349 -198176 -690248 344342 106388 -691975 -118280 20861 -392325 -448719 189361
2 32 27 38
15 20 21 21
6 32 12 33
5 26 5 29
31 15 32 31
8 35 19 36
17 35 17 36
5 36 19 39
1 17 5 33
7 25 31 33
25 1 31 8
7 9 14 23
32 31 33 32
18 10 22 17
6 12 35 31
9 16 11 35
34 38 35 39
10 21 17 23
28 26 35 30
34 14 35 31
8 20 10 21
2 19 5 22
25 30 32 30
14 36 35 36
14 11 23 27
29 11 36 17
26 5 29 25
33 35 36 39
36 16 36 29
19 35 28 38
7 6 14 33
36 25 36 28
31 29 36 31
28 37 35 39
9 30 17 39
29 15 29 33
16 6 24 18
7 7 16 25
21 30 33 36
10 3 29 27
1 34 30 37
25 19 26 37
20 31 29 33
35 31 36 36
19 36 28 37
6 12 23 29
36 25 36 27
15 18 15 19
13 23 31 35
12 17 34 24
27 12 31 39
31 39 32 39
23 8 36 30
12 35 34 37
17 19 36 32
36 24 36 24
21 16 28 35
26 21 33 24
23 23 23 32
32 37 36 38
20 9 29 35
2 5 2 30
3 39 6 39
19 37 23 39
29 4 31 33
31 18 36 18
32 19 33 27
26 36 33 38
17 5 36 17
21 9 29 29
36 15 36 38
21 23 30 36
15 25 29 39
19 25 23 38
7 20 8 38
20 14 23 14
21 7 32 33
27 23 28 31
2 12 10 27
14 3 22 27
10 28 23 29
3 13 9 26
32 26 34 33
5 5 21 30
9 3 24 9
13 11 15 32
25 4 28 26
4 22 23 27
2 3 29 8
1 30 27 31
24 25 34 28
11 30 19 36
10 36 27 37
2 18 30 18
35 30 36 31
28 36 34 38
18 6 33 28
30 33 36 36
31 28 34 35
20 19 20 33
29 20 33 33
25 30 27 36
3 31 6 31
22 35 30 37
12 36 23 38
11 39 21 39
23 12 23 29
27 6 29 24
26 28 28 31
30 1 33 7
3 20 36 31
4 11 20 12
7 29 28 38
36 29 36 32
31 25 35 33
10 34 31 35
16 11 34 31
7 33 29 37
13 2 28 18
4 27 29 30
6 26 30 39
19 5 20 24
4 35 20 35
15 22 26 29
29 28 32 28
15 21 17 25
25 26 32 33
20 13 34 37
26 31 33 36
28 8 29 27
32 33 32 36
15 30 25 39
34 30 34 30
10 11 18 15
31 20 35 30
8 22 10 37
34 29 35 30
34 17 36 31
2 10 10 34
13 26 18 30
17 3 19 23
23 18 34 30
36 11 36 25
3 28 35 34
11 27 35 38
14 25 36 26
5 6 12 6
9 17 33 33
28 1 34 10
17 5 34 28
27 7 34 14
35 32 35 32
35 39 36 39
13 6 20 28
13 18 29 25
3 2 4 7
7 25 8 26
30 8 35 30
14 16 27 21
31 29 32 29
31 24 36 34
5 10 17 32
7 12 15 21
19 8 19 29
2 16 10 19
13 7 16 30
11 33 34 36
26 38 27 38
19 37 22 39
7 9 26 36
16 5 18 23
4 5 12 36
34 16 34 31
13 39 18 39
23 18 23 28
30 24 30 30
22 21 25 34
24 39 26 39
22 13 26 32
21 28 23 34
23 38 24 38
27 31 29 32
36 7 36 9
29 14 35 26
19 23 25 29
14 33 19 39
12 1 32 39
32 5 34 34
10 12 27 20
7 19 23 19
1 36 16 38
35 36 35 39
21 4 34 35
10 29 25 31
15 36 33 39
11 39 29 39
20 34 34 35
16 15 19 37
33 36 35 36
1 15 36 28
31 4 35 27
17 20 18 31
18 23 22 23
34 29 36 30
3 20 30 28
18 33 30 34
33 21 33 22
27 14 29 37
9 34 9 34
25 17 31 18
1 25 36 27
8 17 36 19
6 38 10 39
15 33 20 38
2 34 25 36
20 23 29 32
7 37 16 38
28 6 33 12
8 37 23 38
19 9 30 36
2 16 6 33
34 13 34 32
1 33 34 39
12 14 20 37
27 10 34 19
4 35 24 38
2 28 4 30
29 29 29 29
20 4 36 25
1 19 25 19
17 27 27 39
8 10 25 22
4 17 19 19
24 20 33 23
9 17 35 38
2 16 25 35
19 20 21 25
3 21 29 24
30 21 31 25
27 32 28 36
1 10 29 15
9 23 34 30
31 11 34 37
22 33 29 34
31 16 32 28
10 11 21 25
4 6 19 34
18 21 24 30
35 23 36 29
11 1 18 27
14 39 29 39
25 13 36 37
8 24 21 38
22 26 27 29
3 36 6 36
27 29 28 37
21 16 26 26
9 38 35 39
22 24 32 26
24 35 31 35
32 9 36 30
18 25 30 34
21 7 25 12
21 29 34 37
9 24 14 28
36 18 36 27
24 10 33 12
8 30 35 35
30 21 34 37
2 36 10 36
24 34 29 39
33 12 35 31
25 10 29 20
33 31 34 36
10 23 31 27
26 38 27 39
4 35 22 38
23 13 34 28
5 22 28 37
4 1 10 9
4 18 14 38
19 32 28 34
1 26 19 34
26 2 27 39
33 25 33 35
21 38 24 39
30 16 32 23
25 30 34 35
10 36 25 38
4 4 22 13
15 1 19 26
30 3 32 33
22 12 28 34
6 12 6 28
21 25 35 32
15 3 20 17
8 17 12 26
2 27 6 31
34 5 34 13
5 23 33 38
4 17 22 30
25 11 30 24
4 2 25 32
24 34 24 38
25 19 26 33
26 34 29 39
19 4 31 21
10 13 27 28
19 8 24 37
16 6 18 39
22 13 25 26
25 11 27 12
33 11 35 31
20 37 29 39
16 34 34 36
16 27 36 36
13 23 33 31
5 5 30 5
27 27 34 39
29 17 30 28
21 31 23 38
3 19 28 27
2 25 2 29
26 23 33 23
22 14 26 16
11 34 16 38
12 6 17 8
8 4 36 20
18 28 19 36
20 10 28 17
27 31 35 39
30 17 30 27
3 13 16 30
25 2 29 17
32 30 36 36
21 16 33 21
1 3 29 10
2 1 25 23
20 9 23 9
8 3 10 9
2 2 15 21
29 21 31 29
24 2 32 22
29 8 33 10
32 30 35 36
23 20 26 24
7 3 19 11
30 7 32 31
15 34 21 38
15 32 28 33
19 1 34 9
22 9 24 17
27 22 30 25
26 5 32 5
8 31 31 38
10 10 20 19
2 12 34 18
24 20 36 35
2 38 36 38
4 21 25 34
5 20 22 29
22 1 30 6
18 16 22 21
8 34 26 34
21 38 34 39
5 15 7 16
29 9 35 23
27 6 33 21
18 9 23 15
9 38 10 38
29 11 34 23
18 15 29 19
35 2 36 36
19 34 35 38
26 15 26 23
25 35 33 39
30 26 36 38
14 1 33 20
29 39 30 39
2 36 25 36
24 31 30 34
32 17 32 37
32 16 33 23
18 34 29 37
9 37 17 39
22 33 22 33
31 32 35 37
30 39 35 39
23 15 36 27
11 30 12 31
3 9 17 36
34 36 35 38
26 37 36 38
16 18 24 33
2 33 12 39
5 14 36 39
28 12 29 39
10 22 32 35
5 1 28 22
4 19 13 30
31 18 36 19
24 8 30 20
31 26 33 34
9 32 36 36
3 9 9 27
9 33 29 34
34 28 35 35
16 6 24 17
21 36 29 36
5 20 6 35
15 3 18 31
14 22 27 30
17 39 29 39
16 2 30 4
33 35 36 37
35 37 35 39
13 31 31 34
27 21 31 30
30 30 34 36
4 34 36 36
31 2 33 6
33 20 35 33
32 7 33 12
27 32 31 39
19 28 34 33
33 22 33 32
20 14 26 34
26 3 31 39
25 17 36 27
30 37 36 39
1 32 3 39
36 10 36 23
28 39 28 39
17 22 28 28
23 20 27 38
1 5 29 19
15 24 23 26
24 29 35 32
26 26 29 29
25 24 30 37
25 24 33 32
29 17 31 24
21 36 36 39
17 7 23 35
30 23 35 39
34 35 34 36
3 4 30 34
20 21 33 37
34 3 36 30
15 7 33 26
16 6 25 24
28 26 35 38
19 37 24 37
1 29 31 36
5 2 31 10
2 4 25 16
15 29 29 32
36 27 36 33
28 28 31 38
30 32 35 37
23 8 32 16
15 8 36 30
20 24 27 33
2 21 22 26
9 31 10 32
25 34 31 34
13 19 33 28
18 26 34 37
5 1 30 12
20 36 31 39
17 26 28 30
31 31 32 32
6 4 22 15
10 24 27 29
18 32 21 35
26 15 26 31
12 15 35 17
18 19 30 34
35 29 36 29
17 35 30 36
6 39 13 39
24 9 33 9
11 29 16 29
26 5 34 23
3 8 29 23
30 4 32 24
18 29 31 29
16 4 35 38
25 32 29 32
10 33 10 35
17 13 35 33
26 8 29 10
22 28 25 38
27 29 28 33
35 33 35 35
1 8 5 38
32 32 36 33
19 28 25 33
12 8 31 18
23 23 27 38
33 31 34 32
28 35 35 37
3 26 6 27
10 9 28 17
12 18 15 32
11 2 21 32
28 8 31 17
28 26 35 38
25 36 27 37
23 35 32 37
14 32 23 38
17 36 24 39
19 16 33 25
30 38 30 38
2 35 30 35
35 6 36 22
35 30 36 34
34 14 36 23
13 13 34 16
19 16 29 35
25 15 34 15
15 38 15 39
35 1 36 39
2 24 16 30
15 12 18 19
26 5 35 27
9 2 35 15
14 26 33 30
32 10 35 29
26 11 29 35
28 38 32 38
5 36 16 36
18 28 31 29
35 28 35 30
33 16 35 21
12 18 24 25
23 28 26 39
27 23 32 32
35 27 36 38
6 2 36 34
33 27 34 35
5 4 35 37
34 1 35 14
3 16 22 31
26 10 28 37
33 25 33 26
35 5 36 29
4 27 5 31
25 28 34 30
15 22 33 29
6 23 8 36
6 20 32 28
7 39 21 39
2 34 3 37
32 17 34 35
11 21 17 32
18 15 32 18
28 20 31 25
18 19 19 33
1 28 5 37
11 6 21 35
24 15 34 15
1 9 9 27
22 27 32 28
33 37 35 37
25 36 29 39
29 32 34 35
12 38 26 39
36 23 36 30
32 2 32 6
14 1 30 9
36 17 36 26
18 30 20 34
20 32 28 32
2 31 5 38
33 19 36 24
7 39 16 39
14 31 21 32
4 10 20 23
13 11 26 38
23 35 23 37
19 8 32 38
22 23 32 25
7 11 22 15
16 29 21 36
25 34 31 37
34 10 35 31
31 30 36 37
36 13 36 23
12 33 24 35
21 14 30 38
18 21 23 24
6 13 35 18
21 14 35 30
14 32 16 38
20 30 25 30
25 21 36 39
1 6 5 9
3 15 13 35
9 8 31 20
36 20 36 39
12 20 14 27
7 18 33 25
19 24 26 25
9 18 23 26
31 12 35 15
2 1 20 26
14 35 27 39
29 4 32 20
28 12 34 33
22 24 32 36
23 11 28 33
29 15 29 26
34 1 36 15
20 35 21 35
35 18 36 29
3 29 25 30
1 33 8 34
3 22 19 27
27 12 33 27
20 4 35 35
19 33 21 35
26 1 32 31
25 36 32 36
34 15 36 25
9 37 30 38
15 27 20 33
8 29 31 36
8 6 13 18
2 35 24 36
25 28 27 31
25 29 33 36
19 2 22 38
12 18 24 24
12 16 17 30
8 12 28 16
26 31 26 38
2 9 30 29
30 33 34 37
4 10 13 20
20 11 31 30
27 11 35 30
14 14 31 22
30 32 33 36
23 32 32 39
21 26 26 28
10 36 32 37
28 5 36 9
27 6 32 33
2 35 33 36
4 21 33 27
2 13 25 23
7 24 34 35
22 24 25 30
14 16 21 32
27 17 35 29
7 4 32 7
34 29 36 33
6 38 24 38
5 13 13 14
22 8 34 14
14 15 30 37
8 7 29 38
24 20 30 28
4 10 34 33
31 31 34 36
36 13 36 27
5 30 12 37
29 20 32 32
18 36 26 37
14 8 23 12
20 7 34 37
5 24 31 32
5 37 22 39
1 11 14 36
32 29 33 36
35 28 35 35
26 33 30 36
34 19 35 19
24 33 25 35
11 19 22 21
8 39 11 39
18 29 29 36
23 39 32 39
24 6 32 39
33 3 33 17
11 28 27 32
26 26 28 29
29 13 34 25
27 15 31 29
12 1 19 6
13 17 24 24
16 26 19 38
2 24 14 34
22 15 28 28
35 11 35 20
23 19 24 33
5 4 18 19
23 28 28 28
17 27 29 28
26 21 34 23
4 31 11 38
4 35 8 39
35 20 35 31
7 15 25 32
32 17 33 33
15 38 36 39
29 39 33 39
29 10 36 12
2 14 31 30
8 9 22 23
6 20 31 39
30 38 36 38
6 5 20 33
15 9 19 35
23 28 25 31
8 19 17 27
34 9 36 32
20 9 26 9
5 26 29 38
15 20 23 35
14 21 23 25
27 10 33 25
4 26 35 36
23 3 27 29
24 31 24 32
22 38 32 38
26 26 26 38
34 14 34 22
19 27 31 35
4 6 22 31
2 15 12 36
31 29 34 29
12 14 18 28
33 25 33 39
12 17 28 39
34 33 35 34
31 14 32 31
25 14 26 14
25 38 28 38
33 1 33 4
26 21 31 30
22 27 33 28
25 25 27 30
13 12 27 24
30 14 35 35
32 35 32 36
28 16 31 25
26 1 33 9
7 4 25 21
13 15 24 25
9 5 10 24
26 24 29 38
22 18 30 38
10 24 20 37
21 3 30 14
34 23 36 33
25 1 28 32
8 31 20 32
10 39 31 39
24 21 26 37
35 22 36 29
35 23 36 25
6 33 23 35
12 26 17 39
35 35 35 35
20 1 33 33
34 15 35 15
9 24 23 37
24 22 36 33
9 30 22 35
18 23 28 39
15 10 27 19
13 1 23 3
24 27 27 29
28 15 31 29
26 35 34 36
4 8 26 23
18 2 30 26
30 13 35 14
2 9 35 12
35 29 36 30
1 36 35 39
30 1 33 37
30 32 34 37
6 3 18 8
12 24 18 35
2 17 3 29
7 2 17 23
15 28 22 32
7 37 31 37
21 6 26 21
28 18 31 23
5 4 36 9
31 32 34 37
19 8 29 14
13 4 21 7
12 29 24 38
36 37 36 37
25 35 32 36
10 25 30 37
10 3 11 35
14 16 21 31
6 7 10 22
19 14 24 26
26 8 36 36
10 13 20 28
31 4 31 31
33 2 33 26
6 12 30 24
26 7 26 11
15 3 35 21
6 17 16 20
22 7 27 10
20 38 33 38
28 18 30 37
19 21 29 24
31 24 36 37
22 36 26 37
12 35 15 36
4 37 16 39
13 29 27 32
20 4 31 19
4 29 15 35
10 10 17 11
10 10 21 23
33 39 33 39
6 21 31 36
8 16 28 37
30 21 32 29
31 3 34 19
34 35 35 37
21 34 31 35
24 18 26 30
18 23 25 30
35 32 35 38
31 5 35 38
22 25 26 31
15 21 24 22
8 4 14 8
1 1 4 17
12 33 27 37
10 21 23 39
13 24 26 28
11 26 32 37
23 8 29 38
18 13 31 31
2 8 3 35
30 8 33 13
9 6 12 23
25 25 36 34
1 34 12 36
21 23 30 25
20 10 35 10
14 36 19 37
34 35 35 37
25 11 27 27
20 16 31 27
6 22 20 26
20 33 21 36
25 1 31 2
2 11 16 14
33 18 33 30
22 20 35 32
16 15 35 26
13 19 13 24
9 18 9 28
21 19 36 27
18 35 34 38
20 16 29 37
13 4 23 7
36 27 36 31
15 10 35 38
21 38 21 39
16 1 20 8
8 30 11 35
15 16 17 20
11 10 11 39
1 30 23 30
14 7 21 26
6 30 21 31
4 8 13 19
24 39 33 39
36 6 36 32
2 32 26 32
17 35 18 38
15 32 31 39
1 14 32 14
8 8 19 22
33 30 34 34
25 16 26 35
13 36 23 39
9 28 19 30
33 23 34 27
14 5 14 8
7 38 32 38
36 33 36 37
11 20 30 37
2 22 31 29
4 5 26 18
26 14 28 16
9 8 25 26
31 22 34 37
35 5 36 8
20 5 30 9
1 7 35 21
16 14 29 28
32 7 32 16
8 34 12 39
14 20 14 31
23 1 28 3
30 30 31 33
3 22 14 31
1 37 10 38
19 5 27 21
25 24 25 24
6 11 9 37
35 39 36 39
36 39 36 39
26 37 36 38
34 37 35 38
21 13 32 24
8 38 23 38
16 38 16 38
14 16 19 23
5 15 16 26
9 25 18 37
3 13 22 18
30 21 31 29
18 32 35 39
16 25 29 26
27 5 30 32
13 39 16 39
12 24 29 34
27 27 36 27
26 11 36 30
19 29 33 33
31 2 34 3
16 21 22 29
20 32 23 39
4 15 25 32
25 29 31 39
21 2 34 34
9 18 9 39
15 12 26 16
11 31 36 32
13 37 26 38
6 3 22 39
24 9 27 34
28 15 28 38
18 7 19 39
36 21 36 33
27 3 35 7
12 36 15 38
21 34 25 35
11 39 34 39
19 24 20 35
14 16 31 39
27 9 32 38
9 20 32 36
19 17 33 39
33 16 34 20
18 38 35 38
15 23 18 34
8 5 10 19
15 15 35 26
7 35 17 37
36 8 36 34
2 33 5 35
29 28 31 38
9 19 23 25
11 4 16 30
3 2 3 9
17 13 17 20
20 6 25 36
10 3 24 34
21 5 21 15
31 2 32 30
3 30 34 38
20 16 34 26
4 9 22 9
2 39 31 39
12 16 27 24
35 30 36 33
26 21 30 38
34 4 36 31
31 11 34 18
19 36 29 39
1 5 9 17
24 10 29 10
11 4 36 36
15 13 34 24
10 7 26 13
10 30 30 36
32 34 33 39
30 38 32 38
36 15 36 23
18 25 30 34
34 32 36 33
15 28 25 37
17 13 19 16
1 6 16 26
7 32 33 38
5 27 18 39
22 3 34 14
8 2 16 4
9 15 29 23
12 21 12 34
12 5 12 31
6 35 27 35
16 5 25 37
2 33 24 37
30 38 35 38
5 27 15 32
33 2 33 4
18 21 32 30
1 26 36 27
29 36 31 38
1 5 32 11
7 39 18 39
18 13 27 37
19 21 22 23
16 7 32 28
28 14 33 37
14 19 19 24
11 26 20 33
8 4 20 29
4 6 10 26
12 32 16 36
20 33 28 38
26 1 29 35
30 38 34 39
26 21 32 28
17 19 31 28
36 3 36 22
26 2 32 5
21 34 29 37
4 13 22 30
33 8 34 23
7 3 21 15
14 5 14 5
24 31 25 33
5 28 16 30
5 9 33 9
18 34 27 39
36 2 36 6
13 36 36 37
33 2 35 9
2 24 4 32
33 16 36 21
6 35 23 39
30 36 33 37
6 26 16 38
28 18 31 30
20 37 24 37
22 19 28 38
32 5 33 8
35 36 35 38
24 27 36 28
29 1 34 13
20 10 28 28
36 15 36 26
35 16 35 26
21 27 23 34
33 21 36 37
31 17 31 36
20 9 33 12
20 28 23 39
29 12 35 23
2 7 17 14
1 34 26 36
34 8 35 21
21 24 21 25
7 2 23 33
33 1 35 34
4 30 17 34
36 27 36 32
3 27 27 38
8 1 18 34
32 23 34 26
21 13 35 21
2 37 8 38
1 9 23 16
20 34 35 39
23 34 29 38
6 1 21 9
15 5 28 36
18 9 21 23
9 30 14 35
10 4 15 5
13 7 17 20
28 29 33 30
35 4 36 29
32 10 34 38
33 23 34 23
24 22 32 28
10 9 25 26
31 37 31 38
9 16 24 38
31 32 33 36
10 17 30 19
9 19 13 31
7 3 8 26
2 26 8 38
16 33 18 34
9 19 36 28
25 12 34 37
23 34 33 38
9 23 14 33
16 13 29 18
5 1 15 28
31 14 34 22
32 32 32 34
18 31 29 31
7 7 22 32
36 23 36 33
7 39 34 39
7 14 15 36
13 37 31 39
18 15 34 38
31 26 32 34
21 32 24 37
8 25 17 38
24 3 31 28
27 14 36 15
13 22 18 32
11 38 33 38
33 37 34 38
18 15 27 23
27 16 27 21
4 20 15 26
23 35 34 36
29 16 36 22
6 38 7 39
20 12 31 36
32 21 34 32
17 15 21 20
18 3 23 39
14 23 24 25
16 23 33 32
19 22 24 31
21 10 27 21
16 35 26 36
15 32 15 36
19 39 33 39
27 9 31 14
10 11 21 33
15 6 23 20
5 19 14 28
36 34 36 38
32 34 35 37
32 21 34 22
28 8 35 30
15 18 24 34
33 15 35 28
14 28 36 35
9 7 22 12
26 29 32 32
3 32 16 36
31 13 32 37
22 1 24 24
30 23 35 35
13 13 30 36
23 27 24 30
2 36 33 37
33 34 33 34
35 35 35 39
17 20 32 38
21 31 33 33
11 7 11 23
34 36 34 37
17 22 29 35
20 39 21 39
35 24 36 36
10 11 31 26
14 35 27 35
36 37 36 39
9 37 28 39
1 10 26 10
10 36 34 39
6 14 14 21
22 14 22 27
2 3 5 34
21 28 23 28
22 6 22 23
29 29 32 30
1 19 1 29
23 11 33 13
7 34 30 38
22 35 29 36
28 4 33 32
5 22 21 33
23 7 35 9
6 21 12 34
29 13 32 27
5 20 5 26
7 31 9 31
15 16 27 22
20 5 27 17
1 28 16 32
11 13 14 13
28 6 32 37
8 14 35 34
3 15 33 28
29 1 35 33
24 30 25 32
10 16 29 21
21 35 21 36
10 11 23 18
25 28 27 29
1 27 7 39
21 32 23 39
3 23 5 33
10 38 28 39
27 18 27 39
16 30 28 37
9 2 29 20
18 17 24 30
23 36 23 37
7 32 34 35
1 37 31 38
1 35 29 38
8 12 15 21
30 17 35 21
32 29 33 36
3 8 9 22
15 33 15 39
36 13 36 25
3 26 33 38
33 30 34 30
1 16 1 29
33 8 36 31
36 7 36 16
8 3 23 4
16 21 19 27
7 37 10 39
2 7 33 33
6 25 27 30
23 38 30 38
21 36 25 39
1 34 12 36
27 11 35 11
25 22 25 29
10 29 30 37
6 4 27 16
17 4 21 28
12 3 35 10
15 13 35 23
30 7 34 33
4 4 17 38
14 27 16 31
30 14 31 31
26 12 27 13
22 31 33 38
16 6 19 38
4 18 23 22
8 5 12 32
31 32 33 37
16 5 19 5
3 31 36 34
9 13 18 28
1 33 25 39
2 12 21 36
15 19 32 33
1 35 13 39
2 1 36 23
7 34 20 38
31 17 31 30
26 18 32 30
18 23 35 25
13 21 33 39
23 12 28 33
32 18 35 36
35 35 35 35
33 23 33 34
20 39 32 39
25 18 31 35
23 26 34 26
29 38 29 38
8 4 25 34
22 19 30 25
5 35 15 37
22 13 23 25
22 15 28 27
6 7 10 14
1 35 7 35
13 7 17 9
19 22 30 37
8 31 35 36
30 8 30 39
36 32 36 37
5 11 33 30
26 17 33 17
30 2 32 13
18 7 27 33
9 14 26 29
22 1 26 19
22 6 29 24
10 38 20 38
9 24 35 25
23 39 36 39
16 33 25 39
28 18 36 32
8 38 30 38
31 31 32 35
26 20 30 21
6 39 29 39
27 14 34 22
30 28 36 29
30 6 36 38
27 21 29 38
20 25 35 29
30 14 34 25
25 18 33 33
21 18 31 27
14 31 31 32
14 30 17 36
21 36 24 38
18 27 18 37
1 5 11 31
9 39 32 39
16 16 23 39
1 22 2 37
16 26 24 39
11 28 18 31
9 26 20 26
30 23 36 37
13 18 16 27
3 30 4 37
14 28 34 33
25 29 31 33
5 15 11 26
15 33 18 35
6 21 29 38
24 36 25 39
5 16 22 32
36 22 36 27
23 2 25 8
1 27 9 27
30 20 31 20
28 8 29 15
17 15 24 29
3 22 6 24
14 27 26 33
24 38 31 38
4 14 12 15
7 16 28 36
21 26 22 37
23 18 36 33
27 8 32 10
18 30 30 30
18 9 34 24
19 16 28 30
31 28 36 29
26 8 34 32
19 2 24 35
14 26 19 29
35 19 35 20
18 38 27 39
19 29 31 30
29 35 29 37
10 11 11 20
9 22 26 32
2 7 25 26
15 4 15 22
15 8 15 37
18 12 24 17
4 39 17 39
26 7 32 21
24 29 32 30
20 30 27 34
19 20 31 23
3 22 13 27
21 5 27 8
21 19 33 33
27 25 35 30
22 2 24 6
26 4 26 14
21 9 23 15
7 28 26 35
36 22 36 39
7 4 21 31
4 37 24 38
10 17 16 37
9 18 32 19
2 2 16 27
3 38 24 38
3 11 25 37
12 18 34 37
31 21 31 39
20 21 36 32
30 1 33 34
17 30 18 37
21 8 28 11
35 2 36 28
18 31 27 31
2 12 19 28
36 12 36 39
20 28 29 34
15 9 34 18
10 15 23 32
32 25 33 26
28 34 28 37
15 26 29 31
32 29 33 34
33 2 34 8
25 38 27 39
10 30 27 35
32 22 35 26
19 35 27 39
7 19 12 36
8 26 17 34
36 24 36 31
9 25 16 35
2 10 32 22
35 1 35 38
35 37 35 39
20 29 21 37
21 28 30 32
36 33 36 38
21 28 26 32
8 5 15 13
3 19 30 28
6 12 28 32
17 11 21 15
28 4 34 29
16 36 28 37
11 10 19 20
34 8 35 8
7 26 11 32
18 34 36 36
14 28 24 36
22 11 25 34
24 25 29 29
22 27 26 30
27 35 29 35
6 6 25 6
17 6 36 23
36 3 36 17
34 23 35 28
19 5 27 16
32 14 32 31
5 17 12 20
12 32 32 36
15 14 24 14
29 33 36 33
22 25 27 29
20 2 21 23
36 20 36 31
24 29 31 34
17 37 36 39
26 3 26 23
3 8 10 8
2 11 3 36
16 6 28 15
20 6 24 6
17 31 27 31
23 8 27 14
12 32 22 38
33 37 33 39
32 14 35 37
31 30 33 37
21 31 23 38
34 32 36 32
1 19 12 21
34 7 36 26
1 38 10 38
25 10 26 16
4 20 14 31
13 14 14 35
14 18 19 29
17 12 29 39
23 17 32 21
8 20 20 36
24 18 29 18
6 30 31 39
7 36 10 36
11 1 25 27
10 13 13 17
36 24 36 39
8 7 22 34
16 30 34 33
13 5 13 28
34 8 36 15
19 27 22 28
36 30 36 39
5 26 16 32
26 15 30 22
19 2 22 19
12 22 14 37
13 19 34 39
35 4 35 36
7 16 20 18
27 35 29 39
6 15 32 38
23 15 32 27
36 33 36 36
19 22 32 22
2 30 11 39
17 13 24 19
26 4 35 27
33 36 35 37
33 19 35 23
34 22 34 36
9 32 9 37
26 31 28 32
28 39 33 39
32 30 33 31
8 23 36 32
12 1 33 11
19 28 34 38
7 26 27 31
11 14 12 32
5 17 8 35
3 7 9 33
18 27 31 30
23 26 33 31
19 11 29 29
34 3 36 12
