27 151
1 2
1 6
1 7
1 8
1 10
1 13
1 14
1 17
1 18
1 19
2 3
2 5
2 8
2 10
2 11
2 15
2 17
2 18
2 21
2 23
2 25
3 4
3 7
3 11
3 14
3 16
3 17
3 20
3 21
3 25
3 27
4 9
4 12
4 13
4 16
4 17
4 20
5 9
5 16
5 18
5 19
5 24
5 26
6 7
6 14
6 21
6 22
6 27
7 14
7 18
7 20
7 21
7 22
7 26
7 27
8 11
8 14
8 16
8 17
8 22
9 10
9 11
9 12
9 14
9 16
9 25
9 26
10 11
10 21
11 13
11 15
11 16
11 17
11 19
11 20
11 21
11 22
11 25
12 13
12 14
12 15
12 17
12 19
12 20
12 21
12 22
12 24
12 26
13 14
13 16
13 19
13 20
13 22
13 23
13 25
14 16
14 18
14 22
14 25
14 27
15 16
15 17
15 21
15 22
15 24
15 25
16 20
16 23
16 24
16 25
16 26
16 27
17 18
17 20
17 21
17 22
17 25
17 26
18 20
18 21
18 22
18 23
18 27
19 20
19 21
19 22
19 23
19 24
19 25
19 26
19 27
20 23
20 25
20 26
21 22
21 24
21 25
21 26
22 23
22 24
22 25
22 27
23 24
23 26
23 27
24 25
24 26
24 27
25 26
25 27
26 27
27 151
9 17
9 22
9 25
9 15
9 23
9 27
9 11
9 19
9 2
9 13
17 8
17 10
17 15
17 23
17 24
17 14
17 19
17 2
17 3
17 16
17 5
8 7
8 25
8 24
8 11
8 1
8 19
8 18
8 3
8 5
8 20
7 26
7 4
7 27
7 1
7 19
7 18
10 26
10 1
10 2
10 13
10 21
10 12
22 25
22 11
22 3
22 6
22 20
25 11
25 2
25 18
25 3
25 6
25 12
25 20
15 24
15 11
15 1
15 19
15 6
26 23
26 24
26 4
26 11
26 1
26 5
26 12
23 24
23 3
24 27
24 14
24 1
24 19
24 13
24 18
24 3
24 6
24 5
4 27
4 11
4 14
4 19
4 13
4 18
4 3
4 6
4 21
4 12
27 11
27 1
27 13
27 18
27 6
27 16
27 5
11 1
11 2
11 6
11 5
11 20
14 1
14 19
14 3
14 6
14 21
14 5
1 18
1 16
1 21
1 5
1 12
1 20
19 2
19 18
19 3
19 6
19 5
19 12
2 18
2 3
2 6
2 16
2 20
13 18
13 3
13 6
13 16
13 21
13 5
13 12
13 20
18 16
18 5
18 12
3 6
3 21
3 5
3 12
6 16
6 21
6 5
6 20
16 21
16 12
16 20
21 5
21 12
21 20
5 12
5 20
12 20
