110 896
1 17
1 45
1 57
1 65
1 87
1 90
2 4
2 6
2 31
2 36
2 41
2 44
2 53
2 59
2 61
2 62
2 79
2 86
2 101
2 107
3 8
3 16
3 29
3 30
3 32
3 35
3 43
3 64
3 68
3 71
3 78
4 9
4 19
4 29
4 38
4 41
4 46
4 61
4 67
4 82
4 86
4 88
4 99
4 100
4 102
5 29
5 41
5 44
5 52
5 74
5 100
6 12
6 36
6 38
6 49
6 56
6 79
6 104
6 105
7 12
7 36
7 48
7 53
7 59
7 61
7 67
7 86
7 96
7 99
8 15
8 47
8 62
8 68
8 75
8 80
8 86
8 93
9 28
9 37
9 43
9 44
9 59
9 67
9 70
9 84
9 88
9 104
10 31
10 32
10 37
10 38
10 57
10 70
10 80
10 84
10 91
10 99
10 106
10 110
11 41
11 42
11 59
11 61
11 69
11 72
11 74
11 78
11 82
11 85
11 88
11 92
11 93
11 107
12 25
12 36
12 41
12 47
12 61
12 68
12 77
12 94
12 99
12 102
13 23
13 48
13 51
13 57
13 61
13 67
13 74
13 78
13 82
13 86
13 97
13 104
13 110
14 19
14 30
14 33
14 96
14 101
15 45
15 49
15 59
15 80
15 82
15 86
15 103
16 17
16 18
16 20
16 35
16 45
16 46
16 49
16 74
16 78
16 81
16 90
16 107
17 19
17 32
17 35
17 44
17 51
17 57
17 65
17 83
18 34
18 44
18 46
18 68
18 69
18 78
18 98
18 104
19 23
19 24
19 29
19 34
19 39
19 46
19 70
19 99
20 22
20 32
20 65
20 67
20 85
20 87
20 88
20 97
20 108
21 30
21 51
21 59
21 61
21 64
21 74
21 93
21 102
22 29
22 32
22 38
22 45
22 53
22 60
22 69
22 71
22 84
22 97
22 105
23 33
23 41
23 46
23 52
23 61
23 69
23 95
23 103
24 26
24 27
24 43
24 50
24 52
24 71
24 83
24 87
24 94
24 102
25 27
25 33
25 35
25 38
25 39
25 65
25 73
25 83
25 101
26 32
26 33
26 50
26 54
26 56
26 68
26 72
26 94
26 106
27 36
27 42
27 67
27 68
27 82
27 85
27 97
27 100
28 31
28 52
28 57
28 63
28 85
28 93
28 97
28 107
29 46
29 49
29 51
29 78
29 79
29 82
29 93
29 101
30 55
30 61
30 62
30 67
30 100
31 37
31 57
31 58
31 76
31 77
31 85
31 101
31 106
31 107
32 48
32 55
32 58
32 70
32 82
32 94
32 98
32 106
33 37
33 59
33 75
33 76
33 80
33 98
34 36
34 38
34 41
34 43
34 59
34 62
34 63
34 71
34 73
34 75
34 77
34 78
34 91
34 96
34 104
35 39
35 41
35 48
35 62
35 69
35 71
35 73
35 82
35 88
35 92
35 107
35 110
36 47
36 53
36 61
36 62
36 68
36 84
36 99
37 40
37 45
37 49
37 69
37 81
37 107
38 39
38 43
38 44
38 53
38 69
38 85
38 88
38 90
38 96
38 98
38 99
39 40
39 42
39 61
39 82
39 91
40 45
40 49
40 52
40 60
40 71
40 82
40 83
40 85
40 88
40 108
41 50
41 60
41 68
41 71
41 73
41 74
42 47
42 48
42 54
42 58
42 59
42 88
43 46
43 47
43 60
43 81
43 82
43 83
43 85
43 91
43 94
43 100
44 47
44 55
44 60
44 62
44 68
44 77
44 86
44 97
44 102
44 104
44 110
45 47
45 49
45 50
45 52
45 62
45 63
45 67
45 80
45 83
45 88
45 92
45 100
45 103
45 104
45 105
45 106
46 69
46 75
46 85
46 93
46 97
46 103
47 54
47 59
47 74
47 82
47 84
47 96
47 103
48 76
48 86
48 91
48 103
48 104
49 52
49 56
49 66
49 80
49 85
49 95
49 99
50 60
50 68
50 88
50 102
51 56
51 57
51 59
51 61
51 62
51 72
51 87
51 90
51 104
52 62
52 74
52 75
52 76
52 77
52 84
52 93
52 96
52 97
52 100
53 58
53 68
53 69
53 75
53 76
53 79
53 84
53 90
53 93
53 95
53 96
53 102
53 106
53 107
53 108
54 57
54 58
54 62
54 96
55 57
55 61
55 70
55 71
55 72
55 81
55 85
55 89
55 97
55 102
55 104
56 66
56 73
56 83
56 84
56 88
56 91
56 92
56 101
56 102
56 107
56 110
57 74
57 75
57 82
57 98
57 101
57 107
58 59
58 64
58 87
58 92
58 98
59 64
59 76
59 98
59 100
59 103
59 105
59 106
59 107
59 109
60 62
60 63
60 77
60 78
60 97
60 101
60 108
61 77
61 80
61 87
61 95
61 97
61 105
62 69
62 73
62 77
62 84
62 97
62 106
63 64
63 71
63 80
63 93
64 67
64 75
64 81
64 86
64 92
64 96
64 100
64 101
64 104
65 70
65 71
65 73
65 74
65 76
65 81
65 83
65 87
65 88
65 104
66 68
66 70
66 74
66 79
66 81
66 91
66 98
67 80
67 82
67 83
67 89
67 90
67 100
67 101
67 103
67 108
68 70
68 71
68 72
68 76
68 78
68 100
68 102
68 106
68 107
69 72
69 73
69 76
69 80
69 81
69 82
69 83
69 90
69 91
69 95
69 96
69 100
69 103
69 105
69 108
70 74
70 76
70 83
70 85
70 90
70 92
70 93
70 99
71 77
71 80
71 81
71 82
71 86
71 87
71 88
71 92
71 98
71 107
72 75
72 76
72 80
72 82
72 85
72 90
72 91
72 95
72 97
72 106
73 78
73 88
73 90
73 93
73 94
73 96
73 100
73 103
73 104
73 106
74 75
74 81
74 85
74 87
74 94
74 98
74 104
74 106
75 77
75 82
75 86
75 95
75 99
75 101
75 106
75 107
75 109
76 79
76 80
76 95
76 96
76 97
76 98
76 103
76 108
77 80
77 81
77 84
77 90
77 91
77 96
77 97
77 98
77 105
77 108
78 79
78 84
78 85
78 86
78 94
78 108
79 82
79 84
79 89
79 91
79 95
79 98
79 99
79 107
79 109
80 81
80 84
80 85
80 86
80 87
80 88
80 89
80 90
80 91
80 105
80 108
81 85
81 86
81 96
81 98
81 99
81 104
81 106
81 109
81 110
82 83
82 84
82 86
82 88
82 90
82 92
82 94
82 98
82 100
82 103
82 106
82 108
82 110
83 85
83 94
83 97
83 102
83 110
84 86
84 87
84 91
84 92
84 98
84 105
84 108
84 109
85 86
85 89
85 90
85 93
85 94
85 102
85 103
85 107
85 108
86 87
86 88
86 91
86 92
86 93
86 94
86 95
86 97
86 100
86 101
86 103
86 104
86 105
87 88
87 89
87 95
87 99
87 100
87 102
87 106
87 110
88 92
88 94
88 99
88 100
88 102
88 103
88 106
88 108
89 91
89 92
89 95
89 97
89 99
89 100
89 102
89 104
89 105
89 106
89 110
90 91
90 97
90 98
90 99
90 100
90 104
90 105
90 107
91 92
91 94
91 95
91 98
91 105
91 106
91 108
91 109
92 103
92 104
92 110
93 95
93 99
93 106
93 108
94 96
94 97
94 100
94 103
94 106
94 110
95 96
95 101
95 102
95 103
95 105
95 108
95 109
96 97
96 98
96 100
96 101
96 104
96 105
96 106
96 107
96 108
96 109
97 102
97 103
97 104
97 106
97 107
97 108
97 109
98 99
98 100
98 105
98 110
99 100
99 101
99 102
99 103
99 104
99 106
99 107
99 109
99 110
100 101
100 102
100 104
100 105
100 107
100 108
100 109
100 110
101 102
101 103
101 104
101 106
101 107
101 109
101 110
102 103
102 104
102 106
102 107
102 109
102 110
103 104
103 105
103 106
103 110
104 105
104 106
104 107
105 106
105 108
105 110
106 107
106 108
106 109
106 110
107 108
107 109
107 110
108 109
108 110
109 110
110 896
48 70
48 20
48 28
48 4
48 16
48 80
9 93
9 25
9 53
9 72
9 50
9 47
9 66
9 51
9 85
9 29
9 5
9 94
9 46
9 79
61 52
61 58
61 106
61 56
61 63
61 55
61 108
61 19
61 13
61 82
61 104
93 22
93 15
93 106
93 10
93 50
93 67
93 85
93 81
93 14
93 94
93 49
93 99
93 101
93 96
39 106
39 50
39 47
39 2
39 37
39 101
25 32
25 72
25 10
25 54
25 34
25 5
25 3
25 73
97 32
97 72
97 86
97 66
97 51
97 85
97 81
97 94
97 69
97 99
52 17
52 89
52 29
52 13
52 65
52 1
52 94
52 91
22 6
22 18
22 108
22 47
22 51
22 81
22 78
22 77
22 49
22 3
100 53
100 63
100 18
100 10
100 28
100 78
100 1
100 77
100 105
100 99
100 41
100 107
7 50
7 35
7 51
7 85
7 33
7 40
7 37
7 104
7 14
7 8
7 49
7 83
7 91
7 79
32 45
32 72
32 50
32 89
32 85
32 13
32 103
32 26
32 99
32 96
27 75
27 86
27 38
27 28
27 85
27 81
27 37
27 104
27 14
27 94
27 87
27 3
27 107
23 15
23 56
23 74
23 69
23 46
17 20
17 54
17 51
17 1
17 14
17 94
17 88
58 70
58 76
58 31
58 55
58 20
58 67
58 54
58 37
58 104
58 95
58 80
58 79
70 15
70 63
70 55
70 47
70 38
70 28
70 4
70 84
76 102
76 47
76 67
76 13
76 33
76 104
76 11
76 3
15 75
15 110
15 106
15 102
15 68
15 67
15 78
15 99
31 44
31 63
31 4
31 81
31 8
31 16
31 49
31 87
31 90
60 56
60 38
60 51
60 85
60 19
60 37
60 91
60 96
44 106
44 63
44 10
44 20
44 66
44 24
44 33
44 82
44 77
44 87
44 73
75 74
75 50
75 67
75 2
75 85
75 33
75 42
75 88
110 57
110 36
110 108
110 64
110 2
110 82
110 84
110 16
110 26
110 96
45 36
45 74
45 55
45 10
45 68
45 4
45 71
45 84
45 46
57 63
57 74
57 64
57 109
57 34
57 13
57 40
57 26
57 41
36 72
36 35
36 81
36 13
36 14
36 8
36 87
36 101
6 53
6 2
6 28
6 30
6 8
6 91
6 87
6 79
106 67
106 54
106 38
106 104
106 5
106 14
106 91
106 46
56 21
56 85
56 29
56 81
56 101
53 18
53 28
53 59
53 62
53 103
53 8
53 46
53 41
53 79
63 86
63 21
63 59
63 78
63 14
63 26
63 11
63 41
74 18
74 51
74 65
74 62
74 1
74 11
102 72
102 10
102 50
102 108
102 51
102 29
102 30
102 82
102 71
102 65
102 103
102 104
102 105
102 69
102 3
55 68
55 50
55 86
55 29
55 33
55 82
55 71
55 14
55 49
55 83
55 79
55 107
72 89
72 66
72 85
72 29
72 13
72 77
72 99
18 98
18 20
18 54
18 33
18 95
18 79
10 68
10 108
10 47
10 66
10 33
10 8
10 49
10 80
10 69
10 11
10 99
68 98
68 35
68 85
68 14
68 105
98 20
98 54
98 2
98 24
98 82
98 14
98 84
98 8
98 49
98 90
50 64
50 24
50 13
50 82
50 71
50 37
35 89
35 86
35 109
35 59
35 51
35 49
108 67
108 89
108 24
108 95
108 14
108 84
108 8
108 105
108 26
108 101
47 89
47 21
47 24
47 29
47 13
47 103
47 94
47 87
47 96
47 3
47 107
20 89
20 54
20 64
20 2
20 29
20 30
20 81
20 1
20 84
20 49
20 83
20 101
20 88
20 3
20 73
20 41
67 33
67 65
67 8
67 91
67 87
67 88
89 109
89 51
89 37
89 14
89 77
89 69
89 88
86 62
86 94
86 105
86 88
86 3
54 2
54 34
54 43
54 1
54 8
54 42
54 99
64 24
64 13
64 49
64 96
38 34
38 28
38 51
38 85
38 29
38 40
38 16
38 80
38 3
2 29
2 37
2 65
2 62
2 103
2 77
2 91
2 69
2 87
2 101
66 59
66 13
66 33
66 65
66 62
66 5
66 77
66 80
66 91
66 42
66 69
66 96
66 41
66 79
66 90
109 28
109 59
109 29
109 69
21 28
21 85
21 78
21 82
21 40
21 95
21 8
21 12
21 87
21 96
21 3
34 43
34 71
34 84
34 77
34 49
34 105
34 83
34 46
34 96
34 79
34 107
28 37
28 65
28 14
28 11
28 46
28 79
59 51
59 19
59 16
59 83
59 11
51 19
51 62
51 11
51 101
51 88
51 73
51 41
51 79
51 92
24 29
24 30
24 103
24 104
24 87
24 46
24 90
85 103
85 1
85 16
85 42
85 87
85 73
29 33
29 71
29 103
29 77
29 87
29 41
30 19
30 82
30 1
30 91
19 81
19 65
19 95
19 94
19 83
19 69
19 101
19 46
19 3
4 78
4 82
4 71
4 37
4 62
4 95
4 84
4 16
4 49
4 3
43 13
43 78
43 37
43 5
43 95
43 105
43 11
81 1
81 14
81 84
81 12
81 80
81 101
81 46
81 88
81 90
13 78
13 82
13 40
13 62
13 104
13 101
13 96
13 41
13 79
33 40
33 71
33 62
33 1
33 95
33 14
33 84
33 80
33 105
33 42
33 69
33 101
33 88
33 73
33 90
78 37
78 62
78 84
78 8
78 80
78 83
78 91
78 99
82 103
82 1
82 95
82 14
82 94
82 16
82 49
82 83
82 11
82 79
40 65
40 62
40 1
40 14
40 8
40 80
40 105
40 42
40 87
40 41
71 104
71 49
71 80
71 91
71 26
71 69
71 101
71 88
71 3
71 41
37 65
37 95
37 8
37 16
37 26
37 11
37 3
37 41
65 103
65 14
65 94
65 42
65 99
65 46
65 41
65 79
65 92
62 5
62 1
62 42
62 69
62 87
62 11
62 88
62 90
103 1
103 95
103 77
103 80
103 105
103 69
103 87
103 11
103 73
103 90
104 5
104 77
104 8
104 94
104 26
104 90
5 14
5 77
5 12
5 105
5 42
5 11
5 99
5 79
5 92
1 95
1 77
1 8
1 94
1 16
1 49
1 12
1 80
1 105
1 73
1 90
95 8
95 94
95 69
95 11
95 99
95 3
95 41
95 92
95 107
14 84
14 77
14 94
14 49
14 80
14 83
14 26
14 11
14 101
14 88
14 41
14 90
14 107
84 8
84 26
84 87
84 96
84 107
77 94
77 16
77 105
77 83
77 11
77 73
77 90
77 92
8 94
8 12
8 80
8 91
8 26
8 96
8 88
8 79
8 90
94 16
94 49
94 105
94 83
94 91
94 26
94 42
94 87
94 101
94 46
94 88
94 3
94 73
16 49
16 12
16 42
16 99
16 101
16 96
16 41
16 107
49 83
49 26
49 99
49 101
49 96
49 88
49 41
49 90
12 105
12 83
12 42
12 87
12 99
12 101
12 96
12 3
12 73
12 41
12 107
80 105
80 87
80 11
80 99
80 101
80 3
80 73
80 79
105 83
105 26
105 42
105 11
105 73
105 41
105 90
105 92
83 88
83 3
83 107
91 42
91 99
91 41
91 90
26 69
26 87
26 101
26 88
26 41
26 107
42 69
42 46
42 96
42 88
42 73
42 90
42 92
69 87
69 11
69 101
69 46
69 3
69 73
69 41
69 79
69 90
69 92
87 96
87 88
87 3
87 41
87 79
87 90
87 92
11 99
11 101
11 73
11 107
99 101
99 46
99 96
99 88
99 3
99 41
99 79
99 92
99 107
101 46
101 96
101 3
101 73
101 79
101 90
101 92
101 107
46 96
46 88
46 3
46 41
46 79
46 92
46 107
96 88
96 3
96 41
96 79
96 92
96 107
88 3
88 73
88 41
88 107
3 73
3 41
3 79
73 41
73 90
73 107
41 79
41 90
41 92
41 107
79 90
79 92
79 107
90 92
90 107
92 107
