230 2515
1 6
1 17
1 30
1 86
1 87
1 94
1 118
1 175
1 207
1 228
2 18
2 42
2 62
2 69
2 93
2 97
2 115
2 161
2 171
2 219
3 9
3 46
3 72
3 101
3 104
3 148
3 168
3 200
3 204
3 226
3 230
4 10
4 18
4 19
4 28
4 33
4 44
4 138
4 168
4 184
4 221
5 49
5 81
5 128
5 134
5 144
5 154
5 194
6 21
6 29
6 31
6 47
6 52
6 90
6 99
6 120
6 146
6 167
6 190
7 39
7 40
7 71
7 96
7 98
7 125
7 133
7 137
7 156
7 167
7 169
7 170
7 184
7 209
7 223
7 224
8 57
8 80
8 90
8 93
8 95
8 175
8 183
8 219
9 34
9 38
9 56
9 69
9 90
9 91
9 101
9 180
9 200
9 210
9 220
9 230
10 19
10 36
10 56
10 65
10 77
10 79
10 88
10 118
10 121
10 143
10 146
10 175
10 204
10 211
11 32
11 39
11 52
11 74
11 97
11 125
11 151
11 170
11 171
11 190
11 200
11 205
11 207
12 34
12 45
12 50
12 56
12 59
12 66
12 70
12 73
12 99
12 106
12 116
12 121
12 136
12 147
12 164
12 166
12 184
12 209
13 39
13 54
13 75
13 130
13 176
13 205
14 27
14 29
14 37
14 65
14 80
14 81
14 95
14 123
14 144
14 147
14 197
14 205
14 210
15 16
15 20
15 24
15 38
15 50
15 52
15 77
15 128
15 141
15 167
15 176
15 180
15 205
15 210
15 220
15 227
15 228
16 39
16 45
16 48
16 50
16 80
16 93
16 114
16 169
16 174
16 186
16 205
16 223
16 226
17 23
17 30
17 31
17 36
17 37
17 58
17 71
17 78
17 79
17 102
17 103
17 108
17 126
17 141
17 148
17 151
17 156
17 160
17 163
17 167
17 183
17 194
18 62
18 76
18 81
18 89
18 102
18 104
18 114
18 128
18 158
18 179
18 185
19 22
19 24
19 37
19 53
19 79
19 93
19 98
19 107
19 141
19 161
19 187
19 213
19 229
20 22
20 24
20 33
20 38
20 47
20 48
20 49
20 71
20 72
20 73
20 74
20 82
20 101
20 116
20 202
21 22
21 27
21 33
21 35
21 103
21 147
21 160
21 181
21 205
22 53
22 108
22 123
22 134
22 168
22 175
22 180
22 181
23 45
23 48
23 69
23 76
23 79
23 92
23 96
23 111
23 119
23 127
23 129
23 144
23 172
23 187
23 198
23 212
23 217
23 224
24 28
24 60
24 114
24 183
24 210
24 218
24 223
24 230
25 55
25 60
25 64
25 75
25 92
25 100
25 105
25 107
25 154
25 155
25 164
25 174
25 202
25 216
25 220
25 222
25 228
26 61
26 65
26 81
26 98
26 104
26 123
26 126
26 156
26 173
26 191
26 207
27 66
27 132
27 150
27 161
27 188
27 218
27 221
28 31
28 39
28 55
28 144
28 149
28 203
28 205
28 208
28 215
28 229
29 32
29 65
29 110
29 112
29 115
29 150
29 168
29 173
29 183
29 195
29 219
29 221
30 34
30 42
30 46
30 65
30 67
30 81
30 85
30 86
30 147
30 199
30 209
30 223
31 43
31 57
31 61
31 65
31 66
31 75
31 95
31 108
31 112
31 117
31 126
31 136
31 138
31 154
31 190
31 214
31 215
32 34
32 52
32 108
32 161
32 173
32 180
32 211
32 219
32 227
33 43
33 59
33 76
33 82
33 96
33 116
33 120
33 131
33 139
33 159
33 161
33 168
33 198
33 211
33 212
34 52
34 64
34 65
34 90
34 95
34 97
34 119
34 124
34 153
34 163
34 167
34 177
34 198
35 38
35 96
35 97
35 134
35 179
35 182
35 223
36 74
36 84
36 90
36 105
36 125
36 142
36 148
36 215
36 228
37 69
37 80
37 90
37 112
37 122
37 143
37 168
37 188
37 216
37 217
38 75
38 79
38 86
38 105
38 116
38 122
38 132
38 135
38 147
38 152
38 157
38 197
39 42
39 55
39 64
39 75
39 97
39 125
39 127
39 136
39 140
39 148
39 155
39 164
39 166
39 172
39 189
39 197
39 213
40 42
40 43
40 50
40 51
40 52
40 56
40 60
40 65
40 86
40 93
40 123
40 127
40 130
40 143
40 163
40 165
40 179
41 57
41 59
41 63
41 101
41 119
41 130
41 131
41 214
41 222
41 224
41 227
42 63
42 72
42 85
42 129
42 145
42 199
43 51
43 60
43 87
43 89
43 96
43 110
43 125
43 134
43 155
43 163
43 164
43 171
43 194
43 196
43 203
43 213
43 230
44 65
44 68
44 69
44 82
44 98
44 133
44 138
44 145
44 210
44 217
44 228
45 48
45 70
45 89
45 92
45 119
45 122
45 129
45 131
45 137
45 160
45 162
45 206
45 212
46 58
46 88
46 121
46 157
46 194
46 197
47 87
47 89
47 90
47 93
47 136
47 139
47 140
47 141
47 182
47 217
48 53
48 55
48 56
48 61
48 94
48 132
48 145
48 158
48 169
48 174
48 187
48 195
48 210
48 221
48 223
49 80
49 99
49 146
49 159
49 197
49 216
49 227
49 229
49 230
50 60
50 68
50 75
50 84
50 103
50 107
50 112
50 113
50 141
50 152
50 154
50 170
50 173
50 215
51 79
51 104
51 110
51 112
51 118
51 139
51 182
51 194
52 55
52 59
52 71
52 74
52 80
52 84
52 89
52 91
52 94
52 116
52 117
52 126
52 129
52 131
52 145
52 150
52 151
52 161
52 164
52 165
52 167
52 170
52 180
52 184
52 194
52 199
52 213
53 58
53 78
53 103
53 107
53 135
53 182
53 202
54 56
54 82
54 173
54 203
54 218
55 62
55 70
55 86
55 89
55 102
55 115
55 122
55 137
55 164
55 166
55 181
55 189
55 191
55 196
55 197
55 209
55 210
55 230
56 58
56 83
56 107
56 141
56 146
56 153
56 159
56 176
56 190
56 204
56 212
57 60
57 71
57 75
57 92
57 106
57 157
57 159
57 183
57 199
57 209
57 224
57 229
58 72
58 93
58 94
58 100
58 107
58 119
58 123
58 128
58 155
58 157
58 159
58 163
58 168
58 178
58 218
58 225
59 77
59 81
59 100
59 106
59 114
59 121
59 129
59 138
59 142
59 150
59 165
59 192
59 220
60 64
60 80
60 92
60 94
60 106
60 130
60 145
60 157
60 163
60 173
60 175
60 201
61 69
61 73
61 85
61 102
61 117
61 122
61 124
61 139
61 159
61 179
61 180
61 181
61 190
61 196
62 80
62 108
62 139
62 141
62 175
62 220
62 223
63 74
63 76
63 88
63 100
63 128
63 175
63 176
63 177
63 180
63 221
64 92
64 104
64 110
64 163
64 228
65 75
65 97
65 111
65 124
65 133
65 136
65 175
65 187
65 190
65 224
65 228
66 77
66 90
66 92
66 98
66 99
66 116
66 121
66 163
66 175
66 196
66 197
66 208
66 209
66 210
66 214
67 69
67 79
67 81
67 106
67 135
67 136
67 156
67 179
67 182
67 183
67 185
67 205
67 218
68 69
68 83
68 89
68 103
68 160
68 209
68 211
68 212
68 214
69 82
69 101
69 109
69 121
69 144
69 149
69 179
69 184
69 187
69 194
69 205
69 206
69 226
70 92
70 112
70 118
70 129
70 145
70 147
70 149
70 153
70 163
70 187
70 212
70 214
70 218
70 219
71 103
71 120
71 126
71 148
71 155
71 163
71 168
71 176
71 185
71 187
71 207
71 216
71 219
71 225
71 229
72 82
72 89
72 106
72 130
72 138
72 156
72 158
72 185
72 190
72 193
72 204
72 210
73 80
73 87
73 90
73 99
73 126
73 173
73 182
73 211
74 96
74 99
74 112
74 116
74 122
74 155
74 164
74 171
74 187
74 203
74 204
74 230
75 78
75 86
75 92
75 101
75 109
75 128
75 139
75 161
75 162
75 194
75 212
75 224
76 87
76 91
76 112
76 118
76 122
76 147
76 148
76 160
76 170
76 180
76 228
77 86
77 93
77 95
77 102
77 143
77 149
77 156
77 162
77 171
77 178
77 179
77 181
77 203
77 205
77 223
78 97
78 138
78 172
78 189
78 191
78 192
78 205
78 206
78 215
79 82
79 83
79 101
79 116
79 139
79 146
79 153
79 154
79 159
79 170
79 196
79 202
79 219
79 225
80 102
80 104
80 129
80 142
80 150
80 176
80 227
81 91
81 118
81 130
81 155
81 159
81 161
81 162
81 185
81 192
81 209
81 210
82 94
82 107
82 113
82 133
82 149
82 164
82 222
82 223
83 91
83 99
83 103
83 133
83 183
83 205
83 221
84 95
84 99
84 111
84 122
84 128
84 137
84 140
84 156
84 175
84 179
84 195
84 199
84 217
84 222
85 86
85 91
85 97
85 98
85 102
85 115
85 181
85 193
85 206
86 112
86 114
86 117
86 142
86 146
86 156
86 162
86 192
86 200
86 211
86 224
87 103
87 169
87 172
87 185
87 190
87 219
87 229
88 89
88 97
88 114
88 122
88 171
88 177
88 213
89 94
89 97
89 99
89 116
89 118
89 122
89 164
89 165
89 168
89 185
89 191
89 196
89 211
89 221
89 226
90 97
90 108
90 113
90 129
90 132
90 133
90 141
90 144
90 157
90 180
90 205
90 207
90 216
91 122
91 155
91 160
91 194
91 205
91 212
92 101
92 107
92 120
92 127
92 129
92 141
92 158
92 169
92 187
92 190
92 198
92 227
93 99
93 108
93 115
93 123
93 132
93 136
93 151
93 163
93 166
93 173
93 178
93 192
93 193
93 200
93 206
93 220
94 98
94 141
94 144
94 161
94 162
94 183
94 186
94 190
94 212
94 224
94 229
94 230
95 102
95 103
95 126
95 140
95 144
95 146
95 159
95 184
95 197
95 217
95 220
96 98
96 107
96 111
96 112
96 118
96 132
96 137
96 138
96 140
96 141
96 150
96 154
96 176
96 178
96 185
96 191
96 195
96 203
96 227
97 98
97 100
97 103
97 107
97 117
97 124
97 143
97 144
97 145
97 146
97 175
97 180
97 203
97 209
97 210
97 222
97 226
98 101
98 106
98 112
98 118
98 119
98 141
98 143
98 147
98 148
98 165
98 196
98 198
98 208
99 100
99 102
99 113
99 129
99 133
99 140
99 141
99 164
99 167
99 185
99 195
99 201
99 206
99 210
99 213
100 134
100 163
100 164
100 170
100 222
100 227
101 113
101 115
101 118
101 168
101 178
101 190
101 192
101 198
101 206
101 209
101 214
101 216
101 217
101 220
101 224
102 143
102 154
102 155
102 156
102 159
102 168
102 184
102 207
102 226
102 228
103 109
103 122
103 125
103 142
103 149
103 151
103 180
103 184
103 185
103 198
103 199
103 203
103 206
103 208
103 209
103 222
103 225
104 122
104 124
104 132
104 141
104 168
104 183
104 198
104 209
104 218
105 116
105 131
105 172
105 180
105 190
105 207
105 215
105 222
106 157
106 177
106 190
106 197
106 208
106 220
106 222
107 122
107 125
107 129
107 134
107 140
107 142
107 180
107 188
107 194
107 196
107 226
108 114
108 136
108 143
108 166
108 180
108 214
109 129
109 153
109 165
109 168
109 170
109 172
109 184
109 194
109 202
109 205
109 209
109 213
109 217
109 221
110 116
110 118
110 122
110 123
110 125
110 138
110 171
110 179
110 180
110 181
110 185
110 187
110 193
110 196
110 203
110 206
110 221
111 113
111 115
111 145
111 178
111 179
111 184
111 186
111 194
111 204
111 217
112 119
112 124
112 155
112 164
112 165
112 166
112 174
112 180
112 208
112 209
112 210
113 132
113 133
113 156
113 160
113 163
113 168
113 171
113 173
113 174
113 182
113 212
113 225
114 117
114 139
114 144
114 169
114 175
114 177
114 179
114 180
114 188
114 205
114 209
115 117
115 133
115 136
115 139
115 149
115 167
115 181
115 192
115 208
115 210
115 226
115 228
115 229
116 124
116 153
116 158
116 191
116 202
116 226
116 230
117 125
117 126
117 129
117 134
117 142
117 143
117 149
117 165
117 177
117 194
117 200
117 206
117 219
117 228
117 229
118 127
118 142
118 158
118 159
118 173
118 181
118 188
118 198
118 200
118 208
118 210
118 221
118 227
118 230
119 124
119 130
119 131
119 138
119 140
119 148
119 152
119 179
119 183
119 195
119 206
119 207
119 218
119 221
119 222
119 226
120 144
120 151
120 155
120 164
120 170
120 171
120 199
120 214
120 223
121 122
121 134
121 179
121 183
121 187
121 208
121 211
121 214
121 219
121 227
122 123
122 125
122 134
122 163
122 181
122 185
122 188
122 196
122 203
122 214
122 229
123 130
123 140
123 142
123 158
123 173
123 212
123 218
123 219
123 227
124 126
124 142
124 145
124 164
124 166
124 167
124 168
124 179
124 189
124 205
124 211
124 223
125 138
125 145
125 164
125 184
125 192
125 201
125 210
125 212
125 217
126 131
126 145
126 151
126 154
126 157
126 166
126 175
126 176
126 177
126 179
126 189
126 194
126 199
126 200
126 219
126 222
127 143
127 167
127 179
127 186
127 189
127 194
127 195
127 200
127 208
127 211
127 213
128 143
128 146
128 156
128 160
128 174
128 216
128 219
129 136
129 145
129 148
129 157
129 163
129 205
129 208
129 212
129 216
129 226
130 139
130 150
130 151
130 156
130 166
130 170
130 174
130 186
130 191
130 194
130 206
130 215
131 135
131 147
131 155
131 178
131 182
131 187
131 198
131 210
131 216
131 218
132 135
132 139
132 140
132 152
132 160
132 197
132 218
132 222
132 225
132 226
133 141
133 148
133 152
133 160
133 164
133 166
133 171
133 174
133 192
133 199
133 200
133 204
133 209
133 222
133 224
134 141
134 144
134 155
134 162
134 165
134 166
134 168
134 173
134 180
134 186
134 190
134 207
134 208
134 209
134 210
134 228
135 145
135 157
135 178
135 181
135 196
135 199
135 216
135 226
135 229
136 141
136 161
136 165
136 168
136 173
136 188
136 204
136 206
136 213
136 219
136 221
136 229
137 139
137 145
137 164
137 169
137 176
137 178
137 193
137 200
137 209
137 211
137 214
137 220
137 224
137 230
138 139
138 141
138 153
138 175
138 181
138 187
138 188
139 152
139 186
139 195
139 199
139 205
139 217
140 143
140 145
140 152
140 159
140 161
140 175
140 176
140 179
140 187
140 198
140 208
140 209
140 211
140 228
141 153
141 180
141 184
141 195
141 204
141 206
141 214
141 218
141 219
141 222
141 225
141 226
142 168
142 171
142 172
142 182
142 183
142 205
142 207
142 209
142 211
142 215
142 229
143 145
143 147
143 149
143 160
143 165
143 172
143 183
143 184
143 189
143 209
143 213
143 214
144 147
144 153
144 154
144 168
144 181
144 195
144 198
144 207
145 152
145 176
145 177
145 184
145 186
145 204
145 212
145 222
146 151
146 156
146 157
146 171
146 173
146 174
146 182
146 192
146 196
146 208
146 213
146 215
146 220
146 221
147 152
147 178
147 186
147 203
147 216
147 222
147 228
148 152
148 153
148 169
148 173
148 192
148 196
148 197
148 201
148 202
148 205
148 214
148 227
149 151
149 172
149 173
149 174
149 181
149 190
149 197
149 199
149 202
149 208
149 213
149 215
149 216
150 154
150 159
150 160
150 170
150 176
150 177
150 183
150 196
150 197
150 204
150 208
150 225
151 161
151 163
151 172
151 185
151 193
151 206
151 209
151 211
151 218
151 221
151 229
152 154
152 163
152 187
152 188
152 193
152 213
153 156
153 162
153 164
153 173
153 186
153 190
153 202
153 203
153 217
153 222
153 226
154 186
154 194
154 196
154 205
154 208
154 209
154 213
154 224
154 228
154 230
155 168
155 177
155 181
155 182
155 193
155 194
155 198
155 208
155 210
155 218
155 219
156 160
156 176
156 180
156 185
156 189
156 198
156 201
156 210
156 211
156 219
156 226
156 227
156 229
157 161
157 172
157 192
157 194
157 195
157 201
157 207
157 208
157 209
157 211
157 212
157 218
157 227
158 164
158 168
158 170
158 171
158 172
158 174
158 187
158 200
158 203
158 206
158 207
158 208
158 209
158 210
158 212
158 214
158 216
158 219
159 170
159 171
159 172
159 173
159 180
159 186
159 190
159 194
159 198
159 201
159 205
159 214
160 174
160 182
160 199
160 200
160 207
160 216
160 217
160 218
160 222
161 175
161 177
161 186
161 193
161 195
161 197
161 199
161 200
161 224
161 225
161 226
161 227
162 164
162 168
162 173
162 174
162 183
162 188
162 189
162 192
162 200
162 209
162 218
162 221
162 229
162 230
163 176
163 184
163 185
163 196
163 214
163 222
163 227
164 173
164 177
164 181
164 185
164 207
164 209
164 212
164 217
164 228
165 166
165 167
165 169
165 173
165 193
165 195
165 208
165 209
165 210
165 218
165 222
166 181
166 189
166 191
166 195
166 197
166 209
166 211
166 213
166 219
166 222
166 225
166 227
167 172
167 173
167 174
167 177
167 178
167 179
167 180
167 189
167 209
167 214
167 216
167 218
167 219
167 230
168 169
168 170
168 195
168 196
168 197
168 202
168 203
168 204
168 209
168 223
168 224
168 229
169 170
169 190
169 200
169 211
169 226
169 228
170 175
170 177
170 182
170 186
170 190
170 201
170 212
170 226
170 229
171 174
171 180
171 188
171 191
171 205
171 208
171 209
171 212
171 213
171 219
171 220
171 227
171 228
172 173
172 175
172 177
172 178
172 181
172 185
172 186
172 190
172 192
172 195
172 197
172 198
172 205
172 207
172 224
172 229
173 181
173 184
173 196
173 197
173 200
173 211
173 225
173 226
174 175
174 178
174 182
174 189
174 190
174 191
174 201
174 213
174 214
174 220
175 178
175 184
175 188
175 196
175 200
175 217
175 223
176 182
176 194
176 197
176 199
176 202
176 209
176 210
176 211
176 216
176 217
176 218
176 222
177 179
177 180
177 183
177 189
177 191
177 202
177 205
177 208
177 210
177 213
177 219
177 220
177 222
177 224
177 229
178 200
178 206
178 209
178 213
178 215
178 228
178 230
179 182
179 186
179 197
179 201
179 205
179 207
179 208
179 226
179 227
180 181
180 185
180 186
180 188
180 191
180 192
180 194
180 197
180 201
180 202
180 207
180 209
180 219
180 227
180 229
181 188
181 190
181 191
181 192
181 204
181 206
181 209
181 221
181 225
181 227
181 229
182 189
182 197
182 202
182 206
182 208
182 211
182 216
182 222
182 228
183 187
183 188
183 190
183 193
183 195
183 196
183 197
183 202
183 203
183 206
183 212
183 215
183 216
184 187
184 192
184 201
184 208
184 209
184 210
184 211
184 212
184 214
184 219
184 225
184 228
185 188
185 189
185 192
185 196
185 198
185 207
185 211
185 213
185 215
185 221
185 227
185 228
186 197
186 203
186 205
186 207
186 210
186 216
186 219
186 223
187 196
187 197
187 203
187 205
187 210
187 212
187 214
187 220
187 221
187 227
187 228
187 230
188 192
188 195
188 196
188 197
188 198
188 200
188 203
188 208
188 213
188 216
188 218
188 222
188 225
188 228
188 230
189 194
189 198
189 199
189 202
189 205
189 210
189 214
189 215
189 216
189 220
189 228
189 229
190 192
190 195
190 197
190 214
190 219
190 226
191 192
191 204
191 209
191 211
191 213
191 216
191 217
191 222
191 224
191 227
191 229
192 193
192 195
192 198
192 201
192 206
192 209
192 216
192 219
192 227
193 197
193 198
193 202
193 203
193 207
193 208
193 210
193 212
193 216
193 217
193 218
193 221
194 195
194 198
194 201
194 204
194 207
194 210
194 212
194 216
194 219
194 229
194 230
195 196
195 197
195 200
195 202
195 203
195 205
195 209
195 211
195 212
195 214
195 218
195 223
195 224
195 227
195 230
196 197
196 200
196 202
196 211
196 213
196 221
196 224
196 226
196 228
196 229
197 199
197 200
197 204
197 206
197 207
197 208
197 209
197 220
197 223
198 199
198 202
198 206
198 208
198 209
198 210
198 219
198 223
198 229
199 202
199 206
199 216
199 220
199 225
200 201
200 211
200 215
200 216
200 221
200 225
200 230
201 203
201 205
201 207
201 209
201 217
201 220
201 222
201 225
201 227
201 228
201 229
201 230
202 205
202 207
202 208
202 211
202 217
202 219
202 228
202 230
203 205
203 206
203 208
203 210
203 213
203 218
203 219
203 223
203 224
203 226
203 227
203 229
204 207
204 209
204 212
204 218
204 220
204 221
204 226
204 227
204 230
205 206
205 210
205 211
205 214
205 215
205 216
205 220
205 229
206 208
206 210
206 212
206 213
206 216
206 219
206 221
206 222
206 223
206 224
206 226
206 227
206 229
207 209
207 211
207 213
207 214
207 215
207 217
207 221
207 222
207 223
207 225
207 227
207 230
208 211
208 212
208 219
208 221
208 222
208 223
208 224
208 225
209 210
209 213
209 215
209 216
209 220
209 222
209 223
209 224
209 226
209 227
209 229
210 211
210 212
210 215
210 217
210 220
210 223
210 227
210 228
210 229
211 213
211 215
211 216
211 219
211 220
211 222
211 223
211 224
211 226
211 227
211 228
211 229
211 230
212 215
212 217
212 220
212 221
212 224
212 225
212 227
212 229
212 230
213 214
213 215
213 216
213 217
213 220
213 221
213 223
213 224
213 225
213 226
213 228
213 229
213 230
214 216
214 219
214 220
214 221
214 222
214 224
214 228
215 216
215 219
215 220
215 222
215 224
215 226
215 227
215 229
215 230
216 217
216 218
216 219
216 220
216 221
216 222
216 223
216 224
216 225
216 226
216 228
216 229
216 230
217 219
217 220
217 221
217 223
217 226
217 228
217 229
218 220
218 221
218 222
218 223
218 224
218 225
218 226
218 227
218 228
219 221
219 222
219 225
219 226
220 223
220 225
220 226
220 227
220 229
221 223
221 225
221 226
221 227
221 228
221 229
221 230
222 223
222 224
222 225
222 226
222 227
222 228
222 229
222 230
223 224
223 225
223 226
223 227
223 229
224 226
224 227
224 228
224 229
224 230
225 226
225 227
225 228
225 229
225 230
226 227
226 228
226 230
227 228
227 229
227 230
228 229
228 230
229 230
262 2516
209 215
209 86
209 255
209 217
209 48
209 114
209 119
209 211
209 141
209 253
35 190
35 5
35 172
35 236
35 43
35 226
35 66
35 138
35 68
35 154
77 36
77 132
77 2
77 19
77 173
77 258
77 194
77 44
77 189
77 257
77 171
54 156
54 190
54 10
54 231
54 240
54 151
54 219
54 194
54 125
54 116
38 157
38 96
38 177
38 163
38 45
38 228
38 212
215 113
215 8
215 205
215 110
215 70
215 196
215 22
215 247
215 47
215 232
215 146
142 24
142 87
142 150
142 89
142 42
142 18
142 214
142 9
142 126
142 232
142 58
142 26
142 125
142 20
142 49
142 88
56 15
56 143
56 196
56 43
56 4
56 211
56 193
56 154
36 248
36 120
36 123
36 236
36 196
36 7
36 19
36 122
36 44
36 14
36 216
36 171
156 10
156 195
156 123
156 60
156 144
156 33
156 147
156 119
156 188
156 140
156 47
156 211
156 189
156 46
76 148
76 24
76 70
76 83
76 226
76 18
76 78
76 26
76 68
76 146
76 44
76 63
76 141
67 248
67 25
67 259
67 123
67 256
67 75
67 227
67 93
67 22
67 100
67 223
67 188
67 134
67 31
67 52
67 99
67 125
67 20
105 24
105 237
105 11
105 168
105 241
105 63
220 197
220 8
220 207
220 60
220 143
220 96
220 4
220 97
220 45
220 31
220 53
220 63
220 14
133 81
133 244
133 27
133 120
133 259
133 70
133 144
133 177
133 40
133 232
133 241
133 122
133 63
133 14
133 216
133 30
133 253
81 24
81 25
81 112
81 259
81 143
81 43
81 102
81 58
81 238
81 179
81 63
81 49
81 257
86 104
86 255
86 205
86 195
86 207
86 149
86 150
86 117
86 33
86 115
86 101
86 85
86 252
86 40
86 258
86 78
86 126
86 218
86 158
86 232
86 193
86 212
190 172
190 51
190 96
190 121
190 115
190 173
190 102
190 177
190 23
190 187
190 130
10 41
10 27
10 207
10 243
10 33
10 43
10 42
10 175
10 40
10 138
10 17
10 145
10 98
244 41
244 27
244 240
244 120
244 110
244 112
244 157
244 150
244 2
244 93
244 83
244 50
244 19
244 223
244 13
113 41
113 197
113 240
113 91
113 101
113 31
113 218
113 106
113 63
41 243
41 85
41 97
41 163
41 194
41 211
41 122
41 106
104 25
104 112
104 236
104 51
104 33
104 155
104 89
104 127
104 135
104 84
104 229
104 45
104 251
104 17
104 73
104 107
104 55
104 88
27 231
27 165
27 102
27 193
27 14
27 181
27 49
27 171
159 203
159 165
159 245
159 11
159 155
159 82
159 29
159 175
159 228
159 206
159 52
159 238
159 13
159 170
159 216
159 261
159 253
225 37
225 60
225 96
225 42
225 173
225 97
225 252
225 126
225 208
225 90
225 141
197 75
197 12
197 178
197 138
197 57
197 181
197 116
231 205
231 24
231 203
231 45
231 64
231 103
231 63
231 234
231 169
231 98
8 148
8 60
8 153
8 210
8 66
8 178
8 194
8 208
8 193
8 235
8 154
8 116
255 248
255 5
255 132
255 60
255 164
255 96
255 92
255 217
255 31
255 254
255 20
255 49
205 61
205 15
205 37
205 60
205 75
205 11
205 4
205 85
205 210
205 224
205 252
205 134
205 219
205 228
205 146
205 6
205 169
148 248
148 70
148 85
148 138
148 208
148 122
148 46
148 154
148 30
240 61
240 256
240 51
240 50
240 89
240 223
240 247
240 201
240 3
240 166
240 138
240 194
240 73
240 46
240 107
248 70
248 245
248 60
248 196
248 4
248 226
248 135
248 124
248 28
248 158
248 232
248 222
248 73
91 120
91 89
91 226
91 163
91 187
91 108
91 49
195 83
195 95
195 196
195 29
195 18
195 74
195 258
195 169
195 253
207 236
207 143
207 196
207 210
207 183
207 140
207 194
207 57
207 170
207 55
120 11
120 33
120 217
120 29
120 223
120 183
120 12
120 167
120 31
120 34
120 162
120 53
24 5
24 203
24 245
24 11
24 226
24 18
24 84
24 134
24 198
24 258
24 206
24 52
24 99
24 251
24 202
24 53
24 145
87 5
87 61
87 259
87 79
87 70
87 123
87 165
87 60
87 217
87 43
87 97
87 84
87 168
87 140
87 158
87 199
87 187
139 15
139 256
139 118
139 19
139 135
139 168
139 201
139 6
139 261
139 88
139 30
5 118
5 2
5 92
5 229
5 242
5 254
61 79
61 165
61 48
61 121
61 89
61 153
61 18
61 163
61 206
61 158
61 52
61 68
61 212
61 69
61 103
61 145
61 171
151 60
151 71
151 236
151 50
151 42
151 214
151 219
151 242
151 14
151 55
151 253
25 112
25 227
25 121
25 155
25 135
25 183
25 229
25 201
25 9
25 218
25 180
25 39
25 107
132 149
132 147
132 188
132 162
132 212
132 53
110 48
110 121
110 196
110 43
110 134
110 3
110 198
110 40
110 108
110 55
112 243
112 203
112 123
112 37
112 114
112 12
112 242
112 23
112 58
112 238
112 17
112 235
112 14
112 116
112 49
157 143
157 22
157 47
157 166
157 53
157 170
157 30
157 98
157 171
259 165
259 71
259 11
259 95
259 101
259 175
259 210
259 129
259 40
259 34
259 228
259 26
259 208
259 169
79 33
79 173
79 153
79 210
79 119
79 3
79 108
79 212
70 203
70 256
70 150
70 83
70 143
70 95
70 121
70 7
70 114
70 223
70 224
70 252
70 229
70 201
70 242
70 178
70 78
70 138
70 52
70 199
70 232
70 26
70 122
70 125
70 212
70 254
70 145
243 149
243 117
243 101
243 175
243 167
243 108
243 13
237 123
237 50
237 208
237 103
237 181
203 172
203 227
203 217
203 121
203 115
203 66
203 183
203 9
203 52
203 99
203 106
203 202
203 90
203 69
203 53
203 20
203 14
203 171
123 149
123 230
123 175
123 40
123 47
123 28
123 166
123 241
123 146
123 189
123 107
15 165
15 150
15 11
15 155
15 100
15 162
15 166
15 193
15 254
15 20
15 88
15 98
149 2
149 43
149 114
149 82
149 175
149 135
149 97
149 177
149 206
149 162
149 166
149 158
149 194
149 192
149 181
149 128
256 144
256 96
256 82
256 100
256 102
256 188
256 229
256 219
256 74
256 178
256 199
256 59
256 216
165 245
165 143
165 155
165 114
165 100
165 168
165 242
165 162
165 158
165 208
165 211
165 184
37 236
37 93
37 92
37 115
37 224
37 183
37 124
37 3
37 166
37 187
37 122
37 106
37 146
37 69
172 143
172 85
172 3
172 40
172 211
172 216
172 49
118 83
118 51
118 147
118 82
118 177
118 211
118 241
118 222
118 122
118 116
245 155
245 173
245 153
245 158
245 253
60 11
60 226
60 127
60 124
60 214
60 134
60 211
60 17
60 146
60 88
60 253
75 144
75 196
75 155
75 42
75 22
75 223
75 188
75 158
75 211
75 69
75 53
75 234
75 20
75 14
75 6
164 236
164 33
164 96
164 100
164 167
164 134
164 126
164 187
164 108
164 193
164 130
164 63
164 181
71 236
71 230
71 121
71 101
71 218
71 20
71 46
71 107
71 6
236 50
236 19
236 200
236 188
236 45
236 64
236 187
236 125
236 17
236 212
236 63
236 39
236 257
227 155
227 210
227 119
227 229
227 242
227 31
227 64
227 28
227 158
227 17
227 107
227 6
227 181
227 154
150 101
150 247
150 252
150 258
150 206
150 158
150 194
150 241
150 130
150 17
150 141
150 170
150 154
150 128
150 98
2 50
2 121
2 100
2 168
2 219
2 126
2 23
2 130
2 146
2 233
2 189
2 14
93 143
93 48
93 196
93 22
93 252
93 208
93 108
93 46
83 89
83 22
83 210
83 223
83 183
83 206
83 52
83 68
83 17
83 103
83 189
83 171
11 117
11 217
11 155
11 19
11 200
11 177
11 3
11 138
11 180
11 212
11 107
11 88
51 48
51 7
51 210
51 119
51 183
51 31
51 258
51 218
51 26
51 122
51 253
144 217
144 43
144 4
144 115
144 140
144 64
144 126
144 180
144 68
144 192
144 187
144 106
144 103
144 63
144 49
117 226
117 219
117 251
117 202
117 90
117 59
117 63
117 39
117 169
33 50
33 230
33 19
33 223
33 3
33 47
33 28
33 228
33 166
33 26
33 69
33 13
33 154
33 128
143 115
143 173
143 229
143 74
143 178
143 241
143 30
96 7
96 119
96 168
96 206
96 166
96 138
96 180
96 130
96 59
96 20
96 14
50 114
50 175
50 129
50 214
50 64
50 52
50 261
50 49
230 7
230 22
230 101
230 214
230 193
230 63
230 116
95 4
95 22
95 127
95 183
95 177
95 9
95 198
95 126
95 211
95 187
95 235
95 254
95 55
95 261
92 217
92 7
92 226
92 42
92 115
92 66
92 106
92 233
92 39
217 210
217 102
217 224
217 74
217 47
217 126
217 180
217 59
217 44
217 46
217 88
48 101
48 58
48 251
48 130
48 146
48 154
48 98
147 121
147 226
147 102
147 183
147 68
147 222
147 145
121 114
121 226
121 22
121 223
121 119
121 183
121 52
121 199
121 194
121 130
121 90
121 69
121 46
121 116
121 257
196 226
196 85
196 129
196 229
196 12
196 214
196 40
196 45
196 162
196 122
196 63
196 141
196 170
7 183
7 206
7 218
7 212
7 63
7 107
155 19
155 175
155 247
155 84
155 229
155 40
155 23
155 58
155 17
155 146
155 73
155 30
43 22
43 85
43 66
43 97
43 12
43 134
43 78
43 158
43 99
43 208
43 192
43 59
43 233
43 44
43 39
43 216
114 42
114 40
114 45
114 138
114 180
114 193
114 179
114 146
114 107
114 88
114 98
114 171
4 115
4 101
4 252
4 198
4 45
4 47
4 166
4 125
4 53
4 55
4 216
89 42
89 175
89 127
89 210
89 119
89 12
89 9
89 219
89 198
89 40
89 178
89 228
89 241
89 192
89 130
89 90
89 235
89 103
89 30
226 42
226 82
226 101
226 175
226 224
226 124
226 140
226 45
226 242
226 47
226 211
226 122
226 103
226 20
226 14
226 261
226 257
42 19
42 100
42 210
42 119
42 135
42 40
42 140
42 31
42 258
42 199
42 69
42 73
42 234
22 82
22 115
22 129
22 229
22 214
22 198
22 40
22 52
22 232
22 130
22 235
22 184
22 39
22 14
22 145
82 163
82 158
82 52
82 26
82 261
82 30
19 129
19 66
19 119
19 194
19 192
19 146
19 59
19 73
19 39
19 20
19 6
19 170
19 55
19 216
19 88
115 140
115 228
115 206
115 126
115 166
115 194
115 125
115 141
115 257
115 253
101 200
101 183
101 18
101 74
101 64
101 78
101 122
101 125
101 130
101 73
101 254
101 103
101 39
101 234
101 20
101 261
101 128
173 183
173 124
173 12
173 40
173 194
173 193
173 73
173 20
173 181
29 223
29 201
29 251
29 122
29 146
29 141
29 169
29 261
100 162
100 222
100 146
100 53
100 234
100 216
100 261
175 183
175 18
175 229
175 163
175 198
175 74
175 122
175 57
175 212
175 69
175 257
85 102
85 134
85 140
85 99
85 122
85 6
200 229
200 28
200 199
200 194
200 26
200 251
200 125
200 212
200 13
200 63
200 20
200 145
200 55
200 116
153 223
153 119
153 183
153 97
153 18
153 219
153 68
153 187
153 122
153 106
153 130
153 17
153 233
153 69
153 103
153 39
153 116
127 129
127 66
127 242
127 192
127 187
127 125
127 179
127 212
127 189
127 55
210 135
210 124
210 206
210 52
210 199
210 99
210 238
210 122
210 234
210 20
210 14
129 12
129 214
129 126
129 218
129 158
129 194
129 68
129 208
129 238
129 108
129 107
129 128
102 224
102 3
102 45
102 58
102 211
102 222
102 187
102 122
102 57
102 63
102 20
66 224
66 214
66 134
66 3
66 64
66 232
66 106
66 59
66 234
66 14
66 257
66 253
66 98
223 124
223 28
223 23
223 90
223 13
223 257
223 171
224 18
224 252
224 229
224 163
224 74
224 140
224 64
224 199
224 222
224 212
224 44
224 39
224 154
224 253
224 98
119 84
119 74
119 23
119 166
119 208
119 106
119 57
119 73
119 44
119 234
119 14
119 116
119 30
119 171
135 124
135 168
135 201
135 219
135 198
135 258
135 34
135 187
135 193
135 235
135 39
135 141
135 181
135 116
135 261
135 257
247 45
247 78
247 206
247 52
247 26
247 68
247 254
247 6
247 49
188 183
188 163
188 187
188 193
188 17
188 234
188 46
188 6
188 154
188 30
183 97
183 18
183 163
183 158
183 106
183 130
183 57
183 69
183 103
183 6
183 98
97 168
97 198
97 74
97 23
97 208
97 107
97 181
97 154
97 30
124 252
124 74
124 242
124 52
124 99
124 232
124 194
124 187
124 202
124 63
124 46
124 49
18 219
18 242
18 52
18 125
18 59
18 184
18 14
18 107
18 55
252 201
252 242
252 78
252 228
252 162
252 99
252 211
252 241
252 222
252 187
252 202
252 212
252 254
252 44
252 154
252 261
84 140
84 232
84 187
84 179
84 202
84 212
84 235
84 44
84 234
84 46
84 145
177 140
177 47
177 126
177 218
177 238
177 170
177 154
229 134
229 242
229 258
229 162
229 158
229 63
229 234
229 107
229 170
229 257
168 3
168 178
168 78
168 126
168 99
168 26
168 238
168 179
168 90
168 212
168 39
168 169
201 167
201 31
201 206
201 192
201 108
201 17
201 73
201 14
201 170
201 181
12 167
12 3
12 198
12 34
12 218
12 53
12 181
12 261
12 128
12 257
214 40
214 258
214 34
214 218
214 52
214 99
214 68
214 238
214 59
214 254
214 44
214 189
214 20
214 261
214 88
163 40
163 45
163 206
163 180
163 199
163 99
163 194
163 208
163 122
163 179
163 146
163 141
163 234
163 20
163 14
163 253
167 242
167 162
167 192
167 106
167 69
167 254
167 170
167 257
167 98
134 40
134 138
134 199
134 194
134 208
134 57
134 189
134 39
134 145
134 154
134 116
134 98
9 3
9 242
9 52
9 58
9 241
9 192
9 233
9 44
9 20
9 46
9 6
9 216
9 88
9 171
219 3
219 40
219 28
219 211
219 106
219 17
219 57
3 34
3 179
3 235
3 254
3 63
3 55
198 140
198 242
198 34
198 166
198 138
198 211
198 241
198 187
198 17
198 73
198 234
198 20
198 46
198 253
40 28
40 122
40 125
40 235
40 189
40 39
40 6
40 181
40 154
40 261
40 128
40 257
74 194
74 68
74 251
74 108
74 193
74 63
74 141
74 20
74 46
74 169
74 98
140 242
140 31
140 64
140 218
140 199
140 251
140 193
140 125
140 202
140 20
140 145
140 6
45 31
45 28
45 228
45 194
45 106
45 235
45 73
45 141
242 34
242 241
242 222
242 125
242 179
242 189
242 107
242 261
47 78
47 126
47 162
47 68
47 208
47 238
47 108
47 59
47 69
47 234
47 145
47 169
47 216
47 116
31 34
31 192
31 179
31 103
31 170
31 261
31 253
258 34
258 28
258 58
258 208
258 59
258 69
258 53
258 184
258 13
258 63
258 6
258 30
64 78
64 251
64 208
64 238
64 106
64 146
64 53
64 254
64 13
64 234
64 145
64 169
64 170
178 228
178 166
178 218
178 26
178 241
178 222
178 193
178 69
178 53
178 189
178 234
178 128
78 138
78 158
78 251
78 130
78 233
78 39
78 20
78 46
78 181
78 116
78 98
34 228
34 158
34 17
34 57
34 233
34 145
28 126
28 180
28 52
28 208
28 179
28 146
28 13
28 103
28 55
28 261
28 257
228 179
228 212
228 69
228 63
228 234
228 20
228 145
228 88
228 253
228 171
206 194
206 222
206 106
206 108
206 233
206 212
206 73
206 234
206 14
206 181
206 154
126 218
126 241
126 122
126 130
126 202
126 73
126 184
126 14
126 46
126 154
126 257
126 30
126 98
162 138
162 251
162 59
162 212
162 235
162 184
162 141
162 234
162 20
162 46
162 107
162 181
162 30
23 52
23 194
23 26
23 68
23 251
23 238
23 17
23 44
23 103
23 39
23 141
23 234
23 20
23 14
23 107
23 6
23 170
23 154
166 26
166 68
166 251
166 208
166 122
166 179
166 146
166 212
166 73
166 184
166 63
166 6
218 238
218 108
218 254
218 44
218 141
218 170
218 55
218 181
218 261
138 211
138 222
138 179
138 233
138 235
138 53
138 254
138 44
138 88
138 128
138 257
138 30
180 52
180 194
180 208
180 238
180 193
180 57
180 202
180 59
180 44
180 20
180 181
180 116
180 98
180 171
158 241
158 125
158 130
158 69
158 6
158 261
158 30
52 208
52 222
52 106
52 130
52 141
52 20
52 107
52 55
52 253
199 99
199 232
199 58
199 208
199 233
199 235
199 234
199 20
199 14
199 181
199 261
99 106
99 202
99 90
99 235
99 53
99 20
99 46
99 145
99 154
99 261
99 128
99 30
232 251
232 208
232 238
232 222
232 192
232 187
232 122
232 202
232 20
232 6
232 170
232 181
232 154
232 171
194 58
194 26
194 235
194 69
194 53
194 13
194 103
194 189
194 20
194 49
194 88
194 98
58 26
58 146
58 44
58 46
58 257
58 253
26 211
26 222
26 108
26 179
26 146
26 184
26 107
26 257
26 98
68 238
68 122
68 57
68 90
68 63
68 234
68 20
68 107
68 145
68 154
68 216
68 30
68 253
251 208
251 211
251 222
251 192
251 106
251 130
251 179
251 146
251 59
251 235
251 53
251 73
251 63
251 141
251 88
251 98
208 106
208 125
208 69
208 53
208 44
208 46
208 128
208 257
238 211
238 192
238 108
238 202
238 146
238 90
238 184
238 145
238 6
238 216
211 192
211 125
211 57
211 69
211 44
211 55
211 49
241 108
241 212
241 53
241 254
241 13
241 20
241 14
241 46
241 170
241 55
241 181
241 261
222 187
222 122
222 193
222 202
222 90
222 13
222 63
222 234
222 14
222 145
222 154
222 216
222 261
222 88
222 98
192 44
192 39
192 20
192 145
192 169
192 253
192 171
187 108
187 179
187 53
187 184
187 63
187 141
187 234
187 257
187 30
122 106
122 130
122 179
122 57
122 90
122 59
122 212
122 53
122 184
122 13
122 141
122 20
122 154
122 30
122 98
106 57
106 146
106 90
106 59
106 189
106 39
106 20
106 116
106 128
106 30
106 98
108 202
108 53
108 13
108 39
108 234
108 46
108 170
108 261
108 253
193 17
193 57
193 146
193 233
193 235
193 69
193 53
193 13
193 103
193 39
193 107
193 169
193 170
125 17
125 59
125 184
125 234
125 20
125 14
125 46
125 107
125 6
125 154
125 128
125 253
130 57
130 202
130 59
130 69
130 73
130 141
130 46
130 145
130 169
130 116
130 30
130 253
179 53
179 103
179 63
179 141
179 14
179 170
179 154
179 49
17 69
17 53
17 103
17 63
17 14
17 107
17 6
17 216
17 116
17 30
17 253
17 171
57 59
57 235
57 69
57 53
57 73
57 44
57 103
57 234
57 145
57 170
57 181
57 261
57 128
57 253
57 171
202 212
202 53
202 73
202 254
202 13
202 63
202 14
202 6
202 169
202 170
202 216
202 253
202 98
146 59
146 235
146 53
146 6
146 154
146 257
90 59
90 189
90 20
90 46
90 145
90 170
90 55
90 261
90 88
90 30
90 98
59 233
59 235
59 73
59 184
59 39
59 20
59 170
59 154
59 30
233 53
233 73
233 13
233 103
233 141
233 234
233 14
233 107
233 170
233 55
233 181
233 116
212 235
212 73
212 184
212 189
212 141
212 14
212 107
212 170
212 154
212 98
212 171
235 69
235 53
235 44
235 13
235 103
235 63
235 20
235 46
235 107
235 6
235 181
235 49
235 88
235 30
235 171
69 53
69 44
69 13
69 46
69 145
69 116
69 88
69 257
69 253
69 98
53 254
53 44
53 189
53 39
53 141
53 234
53 20
53 216
53 49
73 254
73 13
73 39
73 234
73 20
73 14
73 154
73 49
73 98
254 13
254 39
254 170
254 216
254 128
44 184
44 46
44 169
44 170
44 116
44 128
44 171
184 103
184 63
184 141
184 20
184 55
184 216
184 261
184 128
184 30
184 253
184 98
184 171
13 63
13 141
13 234
13 46
13 55
13 154
13 253
13 171
103 63
103 39
103 234
103 14
103 145
103 181
103 154
103 49
103 88
103 257
103 30
103 98
189 141
189 20
189 107
189 181
189 216
189 116
189 257
189 30
189 171
63 39
63 14
63 46
63 6
63 169
63 170
63 216
63 98
39 234
39 14
39 107
39 145
39 170
39 154
39 116
39 261
39 49
39 88
39 257
39 30
39 98
141 20
141 46
141 145
141 6
141 169
141 55
141 116
141 261
141 49
141 128
141 30
141 171
234 46
234 107
234 154
234 116
234 261
234 49
234 88
234 128
20 14
20 145
20 169
20 170
20 216
20 261
20 49
20 88
20 257
20 30
20 98
14 46
14 107
14 169
14 55
14 216
14 49
14 30
14 253
14 98
46 145
46 169
46 170
46 154
46 216
46 261
46 49
46 88
46 257
46 30
46 253
46 98
46 171
107 169
107 55
107 216
107 116
107 88
107 128
107 30
107 98
107 171
145 6
145 169
145 170
145 55
145 216
145 116
145 49
145 88
145 128
145 257
145 253
145 98
145 171
6 170
6 154
6 216
6 116
6 261
6 88
6 253
169 170
169 154
169 216
169 261
169 88
169 257
169 30
169 98
169 171
170 55
170 181
170 154
170 216
170 116
170 261
170 49
170 88
170 128
170 257
170 253
170 98
170 171
55 154
55 216
55 116
55 49
55 257
55 253
55 98
181 216
181 116
181 261
181 49
181 88
181 128
181 257
181 30
181 253
154 116
154 261
154 128
154 257
216 49
216 128
216 257
216 30
216 98
116 49
116 128
116 257
116 30
116 253
116 98
116 171
261 49
261 88
261 128
261 257
261 30
261 253
261 98
261 171
49 88
49 128
49 257
49 30
49 98
88 257
88 30
88 253
88 98
88 171
128 257
128 30
128 253
128 98
128 171
257 30
257 253
257 171
30 253
30 98
30 171
253 98
253 171
98 171
