26 167
1 2
1 4
1 6
1 15
1 17
1 18
1 21
1 22
1 23
1 24
1 25
1 26
2 4
2 5
2 6
2 7
2 11
2 15
2 18
2 19
2 22
2 23
3 4
3 9
3 12
3 13
3 14
3 19
3 23
3 24
4 8
4 9
4 16
4 20
4 22
4 23
4 24
4 26
5 7
5 9
5 13
5 15
5 16
5 17
5 18
5 20
5 23
5 25
6 7
6 8
6 10
6 15
6 17
6 19
6 24
6 25
7 9
7 12
7 13
7 14
7 17
7 18
7 19
7 21
7 22
7 25
8 9
8 10
8 11
8 15
8 23
9 13
9 14
9 15
9 17
9 19
9 21
9 26
10 11
10 12
10 13
10 16
10 18
10 23
11 15
11 17
11 19
11 20
11 21
11 23
11 24
12 13
12 14
12 15
12 16
12 18
12 19
12 21
12 22
12 23
12 24
12 26
13 14
13 16
13 17
13 19
13 20
14 16
14 18
14 22
14 23
14 25
14 26
15 16
15 17
15 18
15 19
15 21
15 23
15 24
15 26
16 17
16 18
16 20
16 21
16 22
16 23
16 25
16 26
17 18
17 19
17 21
17 23
17 24
17 25
17 26
18 20
18 21
18 22
18 23
18 25
18 26
19 20
19 21
19 22
19 24
19 25
19 26
20 21
20 22
20 23
20 24
20 25
20 26
21 22
21 23
21 24
21 26
22 24
22 25
22 26
23 24
23 25
23 26
24 25
24 26
25 26
26 167
3 4
3 20
3 1
3 21
3 7
3 23
3 16
3 13
3 11
3 2
3 18
3 24
4 20
4 25
4 1
4 8
4 19
4 21
4 23
4 14
4 13
4 11
12 20
12 6
12 17
12 5
12 22
12 14
12 11
12 2
20 26
20 6
20 10
20 9
20 13
20 11
20 2
20 24
25 8
25 6
25 5
25 21
25 10
25 7
25 23
25 9
25 11
25 18
1 8
1 26
1 15
1 21
1 7
1 14
1 2
1 18
8 6
8 17
8 5
8 22
8 7
8 23
8 14
8 16
8 13
8 18
26 6
26 15
26 19
26 21
26 11
6 5
6 22
6 21
6 7
6 14
6 16
6 24
15 19
15 17
15 5
15 10
15 23
15 11
19 21
19 7
19 14
19 9
19 16
19 11
19 2
17 5
17 22
17 21
17 10
17 23
17 14
17 16
17 13
17 11
17 2
17 24
5 22
5 10
5 7
5 14
5 9
22 10
22 23
22 13
22 11
22 18
22 24
21 10
21 7
21 23
21 14
21 16
21 11
21 2
21 24
10 7
10 23
10 9
10 16
10 13
10 11
10 18
10 24
7 23
7 14
7 16
7 11
7 2
7 18
7 24
23 9
23 16
23 13
23 11
23 18
23 24
14 9
14 16
14 13
14 2
14 18
14 24
9 16
9 13
9 11
9 2
9 18
9 24
16 13
16 11
16 2
16 24
13 2
13 18
13 24
11 2
11 18
11 24
2 18
2 24
18 24
