26 53
1 9
1 21
1 24
2 3
2 4
2 10
2 11
3 13
3 19
4 14
4 22
5 9
5 13
5 22
5 25
6 24
7 11
7 19
7 25
8 9
8 17
8 25
9 25
10 24
11 12
11 15
11 19
11 21
11 24
12 22
13 25
14 20
14 24
14 26
15 17
15 21
16 23
16 26
17 21
17 26
18 21
18 24
19 23
20 22
21 23
21 25
22 23
22 25
22 26
23 24
24 25
24 26
25 26
26 53
3 12
3 23
3 6
22 20
22 5
22 9
22 18
20 19
20 1
5 11
5 21
13 12
13 19
13 21
13 2
26 6
16 18
16 1
16 2
10 12
10 4
10 2
12 2
9 6
18 15
18 24
18 1
18 23
18 6
15 21
19 2
11 25
11 6
11 17
24 4
24 23
8 7
8 17
4 23
4 17
14 23
14 6
1 7
25 21
23 7
23 2
21 7
21 2
21 17
7 6
6 2
6 17
2 17
