80 40
3 73
5 65
5 78
7 9
11 43
15 50
17 24
21 33
21 47
21 62
25 49
27 58
28 79
29 34
29 78
30 55
31 70
32 75
40 71
45 70
47 74
48 51
48 59
50 56
50 80
53 76
54 63
56 74
58 69
64 68
66 69
66 70
69 72
69 80
71 78
73 74
74 80
75 76
77 78
78 80
150 41
64 11
35 33
35 69
110 86
42 75
22 89
17 134
52 1
52 81
52 29
137 94
27 87
65 47
4 56
34 100
34 69
40 61
38 99
135 14
77 84
150 99
81 95
23 117
23 66
89 74
89 16
59 118
36 88
74 95
47 62
39 83
30 62
30 99
62 131
62 16
84 69
11 95
95 16
14 118
136 69
69 16
