29 52
1 12
1 21
2 8
2 17
2 21
2 24
3 24
3 27
3 28
4 7
4 9
4 19
4 20
5 16
5 27
5 29
6 27
7 18
7 28
9 12
9 20
9 21
9 22
12 16
12 22
13 26
14 15
14 26
15 25
15 28
16 22
17 19
17 26
18 20
18 27
18 28
19 20
19 27
20 21
20 22
21 23
21 24
22 23
22 25
22 27
23 25
23 26
25 27
26 27
27 28
27 29
28 29
29 52
21 29
21 24
28 13
28 18
28 24
28 7
11 7
11 9
11 12
20 8
20 19
20 17
20 10
4 3
4 9
4 6
27 9
8 16
8 12
19 29
19 10
19 24
19 23
29 3
29 23
26 15
5 1
5 15
1 22
1 12
3 23
18 17
18 15
16 10
16 9
16 12
17 10
17 9
10 24
10 23
24 25
24 7
23 25
23 22
23 9
25 22
25 15
22 9
15 9
9 12
9 6
12 6
