200 6142
1 5
1 6
1 7
1 12
1 14
1 15
1 18
1 22
1 23
1 27
1 41
1 53
1 56
1 66
1 76
1 79
1 80
1 81
1 94
1 100
1 103
1 105
1 108
1 109
1 115
1 122
1 123
1 127
1 132
1 135
1 143
1 148
1 157
1 161
1 165
1 167
1 180
1 183
1 191
2 3
2 5
2 15
2 22
2 54
2 56
2 58
2 61
2 63
2 66
2 67
2 69
2 71
2 74
2 75
2 76
2 77
2 79
2 85
2 86
2 90
2 92
2 93
2 98
2 102
2 105
2 110
2 113
2 123
2 125
2 135
2 141
2 149
2 169
2 177
2 178
2 179
2 183
2 185
2 190
2 193
2 194
3 13
3 17
3 20
3 21
3 22
3 28
3 30
3 45
3 48
3 52
3 69
3 70
3 71
3 82
3 83
3 84
3 87
3 97
3 98
3 100
3 101
3 103
3 107
3 110
3 114
3 135
3 147
3 150
3 156
3 157
3 159
3 163
3 167
3 175
3 182
3 186
3 189
3 192
3 199
4 8
4 14
4 17
4 19
4 20
4 45
4 48
4 55
4 59
4 61
4 66
4 71
4 87
4 90
4 92
4 95
4 108
4 113
4 115
4 116
4 121
4 122
4 131
4 134
4 142
4 146
4 154
4 157
4 163
4 175
4 181
4 200
5 6
5 7
5 8
5 11
5 14
5 19
5 25
5 29
5 30
5 36
5 37
5 40
5 41
5 45
5 48
5 70
5 83
5 87
5 88
5 89
5 118
5 119
5 124
5 131
5 138
5 144
5 145
5 147
5 158
5 163
5 168
5 176
5 185
5 195
5 197
6 8
6 9
6 10
6 11
6 14
6 21
6 27
6 29
6 51
6 54
6 65
6 68
6 71
6 72
6 89
6 93
6 100
6 115
6 137
6 141
6 144
6 147
6 149
6 150
6 155
6 162
6 170
6 172
6 175
6 180
6 183
6 188
7 20
7 22
7 24
7 25
7 28
7 30
7 32
7 33
7 36
7 45
7 58
7 68
7 71
7 77
7 81
7 82
7 84
7 88
7 92
7 95
7 97
7 98
7 104
7 107
7 109
7 110
7 112
7 115
7 123
7 124
7 128
7 137
7 138
7 139
7 143
7 151
7 153
7 154
7 155
7 157
7 158
7 162
7 168
7 174
7 175
7 185
7 191
7 192
7 193
7 194
7 198
7 199
7 200
8 10
8 18
8 25
8 26
8 31
8 35
8 38
8 40
8 45
8 49
8 55
8 57
8 60
8 63
8 65
8 80
8 94
8 97
8 98
8 100
8 106
8 109
8 110
8 111
8 116
8 118
8 127
8 131
8 134
8 137
8 141
8 145
8 157
8 160
8 177
8 187
8 189
8 196
9 10
9 12
9 24
9 28
9 31
9 36
9 40
9 45
9 48
9 52
9 53
9 54
9 56
9 60
9 62
9 63
9 66
9 85
9 90
9 96
9 99
9 105
9 120
9 128
9 133
9 136
9 140
9 141
9 148
9 150
9 153
9 160
9 170
9 181
9 192
9 195
9 197
10 16
10 25
10 34
10 39
10 46
10 50
10 54
10 56
10 58
10 65
10 69
10 72
10 87
10 89
10 90
10 96
10 105
10 108
10 116
10 119
10 121
10 122
10 129
10 130
10 135
10 137
10 138
10 149
10 154
10 155
10 157
10 160
10 162
10 163
10 164
10 165
10 167
10 171
10 173
10 177
10 178
10 183
10 184
10 185
10 191
11 12
11 16
11 29
11 30
11 36
11 46
11 47
11 62
11 64
11 66
11 72
11 74
11 77
11 78
11 79
11 84
11 86
11 89
11 94
11 101
11 108
11 111
11 112
11 115
11 122
11 131
11 132
11 135
11 137
11 138
11 144
11 145
11 150
11 154
11 156
11 160
11 162
11 168
11 171
11 174
11 183
11 184
11 188
11 195
11 196
11 198
12 15
12 37
12 42
12 45
12 49
12 50
12 51
12 65
12 79
12 89
12 92
12 95
12 108
12 109
12 114
12 118
12 120
12 122
12 134
12 138
12 139
12 140
12 142
12 143
12 146
12 148
12 154
12 162
12 167
12 174
12 178
12 183
12 185
12 194
12 198
13 16
13 18
13 21
13 30
13 32
13 34
13 38
13 41
13 42
13 55
13 66
13 91
13 92
13 96
13 97
13 106
13 108
13 128
13 136
13 138
13 148
13 150
13 151
13 157
13 167
13 175
13 178
13 179
13 185
13 188
13 193
13 196
13 198
13 200
14 22
14 30
14 32
14 38
14 40
14 42
14 45
14 46
14 50
14 52
14 53
14 56
14 65
14 66
14 68
14 69
14 70
14 84
14 105
14 116
14 119
14 125
14 128
14 130
14 131
14 144
14 146
14 149
14 151
14 152
14 162
14 174
14 179
14 180
14 189
14 190
14 192
14 194
14 196
15 20
15 25
15 29
15 40
15 41
15 59
15 61
15 63
15 70
15 80
15 89
15 90
15 93
15 99
15 101
15 104
15 105
15 106
15 109
15 116
15 121
15 128
15 133
15 137
15 139
15 140
15 142
15 149
15 153
15 155
15 157
15 172
15 174
15 175
15 183
15 186
15 194
15 195
16 22
16 30
16 31
16 36
16 37
16 48
16 50
16 56
16 63
16 67
16 74
16 81
16 87
16 92
16 94
16 97
16 99
16 106
16 108
16 113
16 118
16 119
16 133
16 137
16 140
16 141
16 147
16 150
16 159
16 161
16 162
16 164
16 169
16 183
16 185
16 189
16 190
17 19
17 22
17 23
17 28
17 29
17 31
17 36
17 38
17 53
17 54
17 56
17 59
17 60
17 72
17 78
17 96
17 97
17 98
17 100
17 108
17 109
17 113
17 122
17 124
17 126
17 129
17 130
17 133
17 137
17 142
17 146
17 148
17 149
17 153
17 172
17 181
17 183
17 195
18 33
18 38
18 39
18 40
18 47
18 48
18 56
18 59
18 61
18 65
18 67
18 70
18 77
18 80
18 83
18 84
18 86
18 89
18 92
18 96
18 97
18 106
18 110
18 113
18 125
18 134
18 139
18 145
18 146
18 154
18 169
18 171
18 173
18 174
18 184
18 186
18 189
18 191
18 195
19 23
19 26
19 27
19 30
19 36
19 45
19 49
19 53
19 57
19 61
19 63
19 64
19 67
19 77
19 78
19 80
19 85
19 90
19 92
19 110
19 114
19 115
19 116
19 123
19 126
19 130
19 138
19 144
19 146
19 160
19 169
19 175
19 177
19 179
19 183
19 197
19 198
19 200
20 23
20 26
20 34
20 37
20 39
20 46
20 53
20 54
20 59
20 67
20 76
20 79
20 86
20 87
20 106
20 110
20 112
20 114
20 116
20 134
20 141
20 142
20 144
20 145
20 146
20 148
20 149
20 153
20 155
20 156
20 157
20 158
20 165
20 166
20 170
20 171
20 172
20 174
20 175
20 182
20 193
20 196
20 197
21 26
21 27
21 28
21 30
21 47
21 50
21 52
21 59
21 61
21 63
21 80
21 89
21 94
21 98
21 101
21 104
21 110
21 120
21 121
21 123
21 136
21 143
21 145
21 148
21 157
21 158
21 168
21 169
21 173
21 179
21 180
21 181
21 184
21 185
21 188
21 192
21 197
21 199
21 200
22 24
22 34
22 39
22 40
22 46
22 47
22 50
22 55
22 58
22 61
22 62
22 63
22 68
22 69
22 71
22 72
22 76
22 77
22 80
22 81
22 89
22 97
22 100
22 103
22 105
22 106
22 107
22 115
22 122
22 124
22 135
22 145
22 152
22 163
22 164
22 170
22 185
22 193
22 200
23 25
23 32
23 36
23 37
23 44
23 50
23 51
23 53
23 58
23 67
23 68
23 73
23 79
23 82
23 98
23 112
23 120
23 124
23 125
23 127
23 132
23 133
23 135
23 136
23 143
23 146
23 150
23 158
23 165
23 166
23 177
23 182
23 194
24 27
24 41
24 45
24 48
24 54
24 56
24 58
24 63
24 70
24 72
24 81
24 84
24 97
24 115
24 117
24 131
24 156
24 160
24 170
24 178
24 182
24 185
24 192
24 197
25 28
25 37
25 38
25 39
25 41
25 44
25 54
25 60
25 67
25 72
25 78
25 80
25 84
25 89
25 93
25 96
25 97
25 98
25 101
25 105
25 106
25 126
25 132
25 135
25 136
25 140
25 142
25 143
25 154
25 160
25 161
25 169
25 182
25 188
25 198
25 200
26 33
26 34
26 37
26 38
26 40
26 41
26 52
26 53
26 56
26 58
26 60
26 61
26 63
26 67
26 74
26 75
26 83
26 85
26 93
26 110
26 115
26 118
26 126
26 128
26 130
26 132
26 134
26 135
26 137
26 144
26 149
26 150
26 151
26 152
26 157
26 159
26 162
26 165
26 175
26 181
26 182
26 186
26 195
26 200
27 35
27 36
27 45
27 55
27 58
27 59
27 74
27 100
27 124
27 125
27 126
27 139
27 148
27 151
27 153
27 158
27 167
27 168
27 179
27 182
27 183
27 184
27 191
27 194
27 198
28 30
28 35
28 39
28 40
28 41
28 42
28 46
28 49
28 53
28 55
28 56
28 60
28 62
28 65
28 66
28 67
28 88
28 98
28 103
28 108
28 109
28 112
28 113
28 114
28 115
28 116
28 118
28 120
28 125
28 130
28 132
28 137
28 142
28 146
28 147
28 162
28 164
28 168
28 171
28 176
28 181
28 182
28 183
28 193
28 195
28 198
29 39
29 47
29 54
29 55
29 56
29 57
29 60
29 61
29 66
29 71
29 76
29 79
29 87
29 88
29 95
29 97
29 102
29 106
29 109
29 114
29 119
29 122
29 123
29 124
29 127
29 130
29 133
29 134
29 136
29 138
29 147
29 151
29 152
29 154
29 160
29 164
29 165
29 166
29 168
29 169
29 179
29 183
29 188
29 189
29 193
29 198
29 200
30 37
30 39
30 40
30 42
30 47
30 48
30 52
30 54
30 63
30 73
30 81
30 84
30 86
30 91
30 92
30 94
30 97
30 101
30 103
30 119
30 131
30 135
30 139
30 141
30 143
30 147
30 148
30 149
30 154
30 163
30 166
30 174
30 183
30 185
30 191
30 194
30 196
30 198
31 36
31 45
31 48
31 57
31 66
31 73
31 84
31 86
31 93
31 96
31 98
31 104
31 110
31 114
31 118
31 119
31 128
31 129
31 138
31 140
31 144
31 148
31 170
31 171
31 172
31 174
31 179
31 186
31 192
31 197
32 35
32 46
32 47
32 53
32 66
32 72
32 73
32 74
32 78
32 81
32 89
32 92
32 95
32 101
32 106
32 113
32 115
32 119
32 126
32 134
32 135
32 138
32 142
32 146
32 153
32 154
32 160
32 164
32 172
32 176
32 177
32 179
32 184
32 187
32 189
32 195
32 196
32 197
33 36
33 37
33 38
33 40
33 45
33 56
33 65
33 66
33 74
33 76
33 78
33 82
33 91
33 96
33 99
33 102
33 106
33 108
33 109
33 118
33 120
33 128
33 137
33 139
33 143
33 149
33 154
33 155
33 157
33 160
33 169
33 171
33 173
33 174
33 177
33 182
33 194
33 199
34 36
34 44
34 45
34 50
34 54
34 57
34 64
34 68
34 71
34 72
34 89
34 92
34 95
34 102
34 103
34 104
34 114
34 115
34 120
34 128
34 131
34 134
34 138
34 147
34 148
34 149
34 158
34 168
34 172
34 174
34 179
34 184
34 200
35 37
35 52
35 62
35 69
35 71
35 76
35 79
35 88
35 92
35 96
35 98
35 99
35 106
35 117
35 122
35 129
35 130
35 131
35 132
35 133
35 135
35 154
35 157
35 160
35 164
35 165
35 171
35 176
35 177
35 181
35 189
35 197
35 199
35 200
36 41
36 44
36 45
36 51
36 63
36 67
36 70
36 77
36 79
36 81
36 84
36 88
36 90
36 91
36 95
36 96
36 105
36 111
36 118
36 119
36 122
36 132
36 133
36 135
36 141
36 155
36 162
36 164
36 170
36 175
36 176
36 177
36 178
36 184
36 189
36 190
36 197
36 199
37 41
37 44
37 48
37 51
37 53
37 54
37 57
37 60
37 61
37 65
37 70
37 75
37 77
37 79
37 80
37 81
37 82
37 87
37 90
37 93
37 97
37 99
37 101
37 104
37 105
37 119
37 127
37 128
37 129
37 143
37 150
37 152
37 161
37 162
37 166
37 170
37 171
37 188
37 189
37 195
37 196
38 40
38 45
38 52
38 57
38 60
38 68
38 74
38 83
38 86
38 89
38 91
38 94
38 95
38 98
38 99
38 104
38 105
38 107
38 111
38 112
38 115
38 122
38 123
38 126
38 130
38 131
38 132
38 138
38 144
38 145
38 151
38 156
38 157
38 160
38 167
38 176
38 177
38 178
38 179
38 189
38 193
38 195
39 43
39 48
39 62
39 65
39 77
39 86
39 91
39 94
39 95
39 109
39 111
39 112
39 119
39 128
39 132
39 133
39 139
39 140
39 141
39 142
39 147
39 150
39 163
39 166
39 169
39 170
39 172
39 175
39 180
39 181
39 187
39 189
39 194
39 196
40 44
40 48
40 52
40 63
40 67
40 71
40 74
40 76
40 84
40 85
40 86
40 87
40 88
40 96
40 98
40 99
40 106
40 107
40 110
40 112
40 116
40 117
40 124
40 129
40 134
40 137
40 138
40 139
40 141
40 144
40 145
40 150
40 156
40 160
40 162
40 164
40 167
40 177
40 180
40 183
40 191
40 196
41 44
41 50
41 51
41 54
41 55
41 61
41 78
41 80
41 86
41 88
41 91
41 94
41 96
41 102
41 110
41 116
41 123
41 124
41 125
41 130
41 131
41 136
41 140
41 142
41 145
41 152
41 155
41 156
41 160
41 161
41 167
41 168
41 171
41 175
41 177
41 187
41 190
41 193
41 196
42 51
42 57
42 59
42 71
42 84
42 104
42 115
42 119
42 128
42 139
42 145
42 154
42 156
42 160
42 161
42 166
42 168
42 169
42 185
42 187
42 188
42 190
42 194
43 45
43 47
43 49
43 53
43 59
43 63
43 70
43 71
43 77
43 83
43 84
43 86
43 87
43 90
43 91
43 92
43 98
43 100
43 103
43 106
43 112
43 115
43 129
43 130
43 133
43 148
43 149
43 150
43 152
43 155
43 157
43 158
43 170
43 174
43 176
43 177
43 179
43 184
43 192
43 195
43 199
44 49
44 50
44 54
44 55
44 56
44 57
44 64
44 70
44 82
44 84
44 88
44 89
44 91
44 94
44 99
44 103
44 109
44 111
44 113
44 117
44 123
44 130
44 133
44 134
44 135
44 141
44 143
44 146
44 149
44 150
44 157
44 158
44 162
44 164
44 165
44 166
44 167
44 169
44 170
44 172
44 173
44 175
44 182
44 183
44 185
44 192
44 196
44 197
45 46
45 52
45 58
45 59
45 64
45 70
45 73
45 75
45 77
45 79
45 82
45 84
45 85
45 90
45 91
45 92
45 99
45 102
45 107
45 119
45 124
45 125
45 132
45 136
45 139
45 148
45 156
45 164
45 169
45 171
45 172
45 186
45 192
45 196
46 47
46 48
46 51
46 58
46 62
46 67
46 70
46 72
46 76
46 81
46 87
46 91
46 93
46 97
46 105
46 108
46 112
46 116
46 118
46 120
46 125
46 128
46 155
46 158
46 159
46 160
46 163
46 164
46 168
46 175
46 179
46 192
46 194
47 58
47 71
47 81
47 83
47 84
47 93
47 97
47 100
47 102
47 106
47 110
47 113
47 119
47 120
47 124
47 130
47 137
47 146
47 158
47 160
47 161
47 165
47 166
47 167
47 168
47 189
47 196
47 197
48 55
48 58
48 59
48 63
48 66
48 73
48 76
48 85
48 97
48 98
48 100
48 105
48 106
48 108
48 109
48 111
48 118
48 119
48 120
48 125
48 130
48 135
48 136
48 143
48 144
48 145
48 148
48 153
48 154
48 157
48 166
48 167
48 172
48 175
48 178
48 182
48 188
48 197
48 200
49 50
49 59
49 61
49 63
49 80
49 81
49 83
49 86
49 90
49 100
49 101
49 112
49 113
49 114
49 118
49 120
49 135
49 137
49 141
49 142
49 144
49 145
49 155
49 157
49 160
49 161
49 164
49 168
49 170
49 174
49 178
49 179
49 181
49 183
49 188
49 190
49 195
50 51
50 56
50 60
50 61
50 66
50 70
50 71
50 85
50 89
50 92
50 93
50 94
50 95
50 98
50 101
50 104
50 106
50 107
50 114
50 118
50 120
50 123
50 136
50 140
50 145
50 152
50 153
50 154
50 156
50 157
50 160
50 162
50 167
50 169
50 172
50 174
50 175
50 179
50 180
50 181
50 182
50 189
50 195
50 197
51 59
51 62
51 70
51 71
51 72
51 76
51 78
51 83
51 84
51 88
51 90
51 97
51 100
51 106
51 110
51 117
51 127
51 133
51 136
51 138
51 152
51 153
51 155
51 159
51 163
51 165
51 168
51 171
51 174
51 177
51 183
51 189
51 191
51 194
52 55
52 59
52 60
52 62
52 68
52 77
52 81
52 84
52 88
52 92
52 95
52 97
52 98
52 108
52 109
52 110
52 111
52 112
52 119
52 127
52 131
52 134
52 140
52 144
52 152
52 153
52 155
52 156
52 160
52 161
52 162
52 165
52 168
52 171
52 172
52 179
52 190
52 197
52 198
52 200
53 57
53 62
53 67
53 68
53 69
53 77
53 78
53 86
53 87
53 92
53 93
53 95
53 96
53 97
53 99
53 114
53 116
53 118
53 119
53 121
53 123
53 124
53 139
53 140
53 147
53 151
53 153
53 155
53 159
53 165
53 167
53 168
53 170
53 175
53 182
53 184
53 189
53 191
53 194
54 67
54 69
54 79
54 85
54 86
54 88
54 90
54 98
54 100
54 103
54 109
54 111
54 124
54 125
54 126
54 134
54 137
54 138
54 139
54 140
54 143
54 148
54 150
54 151
54 153
54 155
54 156
54 157
54 158
54 159
54 160
54 162
54 163
54 171
54 172
54 175
54 178
54 186
54 191
54 192
54 193
54 195
55 57
55 60
55 70
55 73
55 74
55 76
55 80
55 93
55 98
55 101
55 103
55 104
55 109
55 113
55 116
55 118
55 122
55 126
55 134
55 139
55 141
55 144
55 149
55 152
55 153
55 156
55 163
55 164
55 171
55 172
55 175
55 178
55 179
55 190
55 191
55 192
55 193
55 195
56 62
56 63
56 71
56 76
56 83
56 93
56 94
56 95
56 97
56 100
56 108
56 114
56 119
56 122
56 124
56 127
56 128
56 136
56 144
56 149
56 150
56 152
56 156
56 159
56 167
56 173
56 196
56 198
56 199
57 60
57 61
57 62
57 75
57 79
57 80
57 83
57 87
57 89
57 94
57 95
57 100
57 103
57 105
57 108
57 109
57 112
57 118
57 123
57 124
57 130
57 133
57 134
57 135
57 139
57 144
57 146
57 147
57 159
57 161
57 169
57 177
57 181
57 194
58 65
58 70
58 74
58 79
58 82
58 83
58 84
58 88
58 90
58 98
58 101
58 103
58 104
58 107
58 110
58 113
58 115
58 116
58 119
58 120
58 126
58 130
58 138
58 140
58 141
58 143
58 151
58 160
58 162
58 163
58 169
58 171
58 175
58 176
58 177
58 180
58 184
58 186
58 193
58 194
58 198
58 199
58 200
59 61
59 62
59 63
59 65
59 82
59 85
59 89
59 99
59 102
59 107
59 111
59 113
59 114
59 119
59 129
59 130
59 135
59 162
59 171
59 174
59 176
59 181
59 190
59 200
60 64
60 70
60 72
60 75
60 77
60 78
60 83
60 99
60 104
60 113
60 115
60 119
60 120
60 122
60 123
60 124
60 129
60 134
60 135
60 140
60 141
60 144
60 146
60 147
60 152
60 156
60 157
60 158
60 159
60 162
60 163
60 168
60 171
60 176
60 178
60 189
60 198
60 199
61 63
61 65
61 66
61 68
61 70
61 71
61 72
61 76
61 80
61 87
61 93
61 106
61 108
61 109
61 110
61 121
61 122
61 130
61 132
61 133
61 136
61 141
61 155
61 158
61 162
61 165
61 166
61 174
61 177
61 182
61 184
61 187
61 190
61 199
61 200
62 64
62 65
62 70
62 76
62 80
62 85
62 89
62 90
62 91
62 93
62 98
62 100
62 103
62 117
62 119
62 122
62 128
62 129
62 132
62 133
62 161
62 162
62 164
62 166
62 173
62 185
62 187
62 199
63 64
63 69
63 77
63 79
63 82
63 87
63 89
63 97
63 101
63 102
63 104
63 105
63 107
63 108
63 110
63 112
63 115
63 120
63 122
63 127
63 130
63 131
63 136
63 146
63 150
63 152
63 157
63 162
63 166
63 167
63 171
63 172
63 182
63 187
63 188
63 193
63 198
64 65
64 70
64 75
64 78
64 79
64 80
64 81
64 90
64 91
64 93
64 96
64 103
64 105
64 108
64 114
64 118
64 122
64 125
64 133
64 134
64 138
64 144
64 149
64 154
64 155
64 157
64 159
64 162
64 167
64 169
64 183
64 184
64 191
64 192
64 198
64 200
65 69
65 72
65 75
65 78
65 84
65 89
65 90
65 91
65 99
65 104
65 105
65 109
65 110
65 113
65 114
65 121
65 124
65 127
65 128
65 129
65 132
65 133
65 134
65 135
65 139
65 143
65 147
65 150
65 151
65 152
65 160
65 163
65 168
65 169
65 170
65 171
65 172
65 175
65 176
65 181
65 187
65 191
65 193
65 199
66 72
66 73
66 77
66 81
66 84
66 90
66 93
66 94
66 97
66 100
66 104
66 112
66 115
66 116
66 121
66 123
66 129
66 137
66 139
66 146
66 149
66 150
66 151
66 168
66 170
66 173
66 176
66 178
66 179
66 181
66 185
66 188
66 192
67 68
67 74
67 76
67 80
67 84
67 86
67 88
67 89
67 94
67 96
67 97
67 99
67 101
67 108
67 110
67 113
67 120
67 128
67 130
67 132
67 141
67 145
67 147
67 149
67 152
67 162
67 163
67 164
67 165
67 169
67 170
67 175
67 179
67 180
67 184
67 189
67 191
68 73
68 74
68 75
68 81
68 88
68 94
68 95
68 96
68 97
68 106
68 111
68 117
68 119
68 121
68 123
68 125
68 126
68 128
68 139
68 142
68 166
68 173
68 175
68 177
68 178
68 183
68 184
68 193
68 196
68 197
69 71
69 73
69 75
69 80
69 82
69 88
69 89
69 95
69 96
69 99
69 104
69 125
69 129
69 130
69 131
69 132
69 150
69 151
69 158
69 159
69 161
69 166
69 171
69 172
69 174
69 181
69 186
69 194
69 195
69 196
69 197
70 78
70 79
70 81
70 84
70 85
70 95
70 97
70 113
70 124
70 131
70 135
70 141
70 149
70 158
70 167
70 172
70 173
70 174
70 177
70 181
70 182
70 183
70 185
70 187
70 188
70 194
70 197
70 200
71 72
71 73
71 76
71 79
71 80
71 81
71 83
71 96
71 108
71 112
71 114
71 116
71 117
71 122
71 123
71 127
71 128
71 133
71 137
71 139
71 142
71 144
71 145
71 146
71 164
71 168
71 172
71 173
71 175
71 179
71 185
71 188
71 194
71 199
72 73
72 79
72 91
72 97
72 98
72 100
72 103
72 104
72 112
72 113
72 121
72 125
72 128
72 134
72 136
72 141
72 143
72 146
72 148
72 149
72 151
72 157
72 162
72 164
72 165
72 171
72 173
72 175
72 177
72 185
72 186
72 188
72 189
72 193
72 198
73 75
73 79
73 82
73 87
73 88
73 95
73 103
73 112
73 113
73 116
73 121
73 124
73 126
73 128
73 129
73 131
73 139
73 142
73 153
73 157
73 161
73 162
73 163
73 168
73 171
73 174
73 177
73 178
73 181
73 182
73 184
73 190
73 191
73 192
73 194
73 197
73 198
73 199
74 76
74 78
74 79
74 81
74 83
74 87
74 89
74 90
74 92
74 94
74 98
74 100
74 102
74 103
74 112
74 113
74 114
74 117
74 121
74 128
74 134
74 135
74 138
74 140
74 145
74 146
74 147
74 150
74 154
74 160
74 162
74 163
74 164
74 165
74 167
74 168
74 171
74 180
74 181
74 187
74 191
75 83
75 86
75 89
75 90
75 91
75 92
75 99
75 102
75 105
75 112
75 115
75 117
75 121
75 124
75 126
75 128
75 136
75 138
75 144
75 146
75 152
75 154
75 158
75 159
75 160
75 162
75 164
75 169
75 170
75 171
75 177
75 179
75 180
75 183
75 184
75 189
75 193
75 195
75 199
76 77
76 78
76 84
76 87
76 88
76 96
76 108
76 110
76 112
76 115
76 116
76 117
76 124
76 125
76 127
76 131
76 142
76 144
76 146
76 150
76 153
76 156
76 157
76 158
76 162
76 164
76 166
76 171
76 178
76 181
76 183
76 186
76 188
76 189
76 192
77 81
77 87
77 95
77 97
77 98
77 99
77 105
77 106
77 113
77 114
77 125
77 128
77 132
77 134
77 138
77 142
77 144
77 146
77 149
77 156
77 159
77 164
77 169
77 170
77 176
77 177
77 179
77 182
77 188
77 190
77 192
77 198
77 199
78 79
78 81
78 82
78 87
78 89
78 94
78 97
78 104
78 107
78 110
78 112
78 118
78 121
78 123
78 124
78 125
78 128
78 130
78 132
78 134
78 137
78 138
78 139
78 145
78 147
78 149
78 153
78 154
78 155
78 157
78 159
78 161
78 167
78 172
78 177
78 182
78 183
78 188
78 192
78 193
78 194
79 80
79 81
79 85
79 86
79 87
79 89
79 91
79 107
79 114
79 116
79 118
79 132
79 133
79 136
79 137
79 141
79 145
79 148
79 155
79 158
79 159
79 160
79 164
79 171
79 176
79 178
79 179
79 186
79 191
79 193
79 197
80 83
80 85
80 96
80 102
80 109
80 110
80 111
80 113
80 120
80 124
80 127
80 129
80 130
80 132
80 135
80 137
80 138
80 139
80 140
80 143
80 146
80 147
80 149
80 155
80 159
80 166
80 168
80 169
80 173
80 180
80 185
80 186
80 187
80 188
80 194
80 197
80 199
81 84
81 85
81 86
81 87
81 92
81 98
81 99
81 107
81 116
81 118
81 124
81 128
81 129
81 130
81 132
81 137
81 139
81 142
81 144
81 147
81 148
81 149
81 153
81 154
81 158
81 164
81 170
81 180
81 182
81 183
81 184
81 185
81 190
81 191
81 192
81 194
81 195
82 83
82 85
82 90
82 95
82 96
82 97
82 100
82 102
82 104
82 107
82 108
82 109
82 110
82 114
82 115
82 118
82 120
82 121
82 123
82 124
82 128
82 134
82 135
82 142
82 156
82 161
82 165
82 167
82 170
82 180
82 181
82 183
82 185
82 186
82 188
82 189
82 194
82 196
82 198
83 87
83 88
83 94
83 96
83 98
83 100
83 101
83 103
83 108
83 110
83 111
83 114
83 119
83 121
83 122
83 123
83 125
83 126
83 129
83 131
83 133
83 136
83 140
83 141
83 142
83 143
83 157
83 158
83 160
83 163
83 172
83 176
83 181
83 183
83 185
83 187
83 191
83 192
83 195
83 198
84 91
84 94
84 100
84 105
84 107
84 117
84 122
84 124
84 133
84 136
84 143
84 145
84 149
84 157
84 159
84 160
84 167
84 169
84 170
84 175
84 176
84 179
84 182
84 184
84 186
84 188
84 190
84 191
84 198
84 199
85 88
85 91
85 94
85 97
85 100
85 101
85 102
85 103
85 108
85 110
85 114
85 117
85 118
85 120
85 123
85 126
85 134
85 139
85 140
85 142
85 152
85 158
85 159
85 160
85 162
85 165
85 170
85 176
85 177
85 185
85 187
85 189
85 192
85 193
85 195
85 196
85 199
85 200
86 87
86 90
86 94
86 101
86 108
86 109
86 111
86 113
86 117
86 119
86 124
86 125
86 130
86 132
86 138
86 144
86 150
86 154
86 155
86 156
86 157
86 167
86 174
86 175
86 178
86 180
86 182
86 192
86 196
87 89
87 90
87 93
87 100
87 107
87 108
87 109
87 112
87 120
87 122
87 123
87 124
87 126
87 132
87 133
87 135
87 138
87 139
87 142
87 146
87 147
87 148
87 153
87 154
87 157
87 158
87 159
87 160
87 162
87 164
87 167
87 168
87 172
87 176
87 178
87 187
87 191
87 194
87 196
87 198
87 199
88 92
88 94
88 95
88 96
88 101
88 102
88 103
88 104
88 111
88 112
88 113
88 120
88 129
88 130
88 132
88 136
88 139
88 142
88 145
88 147
88 155
88 156
88 159
88 161
88 163
88 164
88 166
88 167
88 168
88 172
88 174
88 175
88 176
88 178
88 179
88 184
88 185
88 186
88 187
88 188
88 190
88 195
88 196
88 199
88 200
89 90
89 91
89 99
89 103
89 105
89 107
89 109
89 113
89 114
89 115
89 119
89 120
89 121
89 128
89 136
89 137
89 141
89 148
89 149
89 150
89 153
89 154
89 155
89 162
89 163
89 164
89 169
89 171
89 177
89 180
89 190
89 192
89 194
89 198
90 91
90 94
90 96
90 97
90 99
90 104
90 105
90 106
90 110
90 112
90 114
90 115
90 116
90 118
90 121
90 124
90 125
90 129
90 132
90 134
90 137
90 145
90 147
90 151
90 156
90 159
90 160
90 162
90 167
90 172
90 174
90 177
90 180
90 181
90 189
90 194
90 196
91 94
91 98
91 100
91 101
91 109
91 111
91 114
91 119
91 120
91 121
91 122
91 123
91 130
91 131
91 133
91 136
91 139
91 144
91 147
91 152
91 155
91 157
91 158
91 159
91 161
91 164
91 167
91 174
91 176
91 177
91 181
91 185
91 189
91 192
91 193
91 195
91 198
91 199
91 200
92 94
92 95
92 101
92 103
92 106
92 110
92 111
92 113
92 114
92 118
92 125
92 129
92 131
92 133
92 134
92 143
92 147
92 148
92 151
92 153
92 157
92 165
92 173
92 186
92 190
92 191
92 192
92 194
92 196
92 197
92 198
93 103
93 106
93 107
93 110
93 113
93 114
93 117
93 119
93 121
93 122
93 124
93 125
93 128
93 131
93 136
93 137
93 138
93 146
93 147
93 148
93 152
93 155
93 163
93 170
93 172
93 173
93 180
93 189
93 190
93 194
93 195
93 196
93 198
94 96
94 102
94 103
94 104
94 105
94 109
94 111
94 112
94 120
94 123
94 128
94 135
94 136
94 139
94 146
94 149
94 153
94 158
94 159
94 166
94 169
94 170
94 173
94 174
94 175
94 176
94 177
94 179
94 184
94 188
94 191
94 192
94 193
94 195
94 196
94 197
94 198
94 199
95 98
95 100
95 103
95 105
95 107
95 110
95 113
95 115
95 116
95 119
95 123
95 126
95 130
95 131
95 133
95 136
95 137
95 139
95 146
95 149
95 150
95 153
95 154
95 156
95 158
95 163
95 164
95 165
95 168
95 173
95 175
95 179
95 184
95 186
95 189
95 191
95 192
95 193
95 199
96 99
96 100
96 101
96 102
96 103
96 106
96 108
96 112
96 115
96 116
96 117
96 121
96 129
96 131
96 133
96 135
96 139
96 142
96 145
96 146
96 150
96 152
96 155
96 158
96 161
96 166
96 168
96 169
96 172
96 180
96 188
96 192
96 193
96 196
96 197
97 102
97 103
97 107
97 113
97 114
97 115
97 117
97 120
97 124
97 126
97 130
97 132
97 133
97 134
97 136
97 138
97 142
97 145
97 153
97 160
97 164
97 170
97 172
97 173
97 175
97 176
97 180
97 181
97 184
97 185
97 187
97 191
97 196
97 200
98 99
98 104
98 112
98 115
98 119
98 120
98 125
98 127
98 131
98 132
98 136
98 138
98 141
98 142
98 145
98 149
98 157
98 160
98 161
98 164
98 165
98 167
98 170
98 174
98 176
98 181
98 183
98 186
98 188
98 189
98 197
98 200
99 102
99 105
99 109
99 110
99 112
99 113
99 116
99 118
99 119
99 120
99 122
99 125
99 127
99 135
99 141
99 145
99 147
99 149
99 150
99 153
99 157
99 159
99 164
99 169
99 171
99 172
99 174
99 175
99 178
99 179
99 181
99 184
99 189
99 191
99 192
99 199
100 102
100 103
100 104
100 106
100 107
100 111
100 122
100 123
100 131
100 135
100 137
100 139
100 140
100 142
100 144
100 149
100 163
100 164
100 165
100 167
100 171
100 175
100 178
100 180
100 182
100 185
100 190
100 193
100 196
100 198
101 102
101 103
101 104
101 114
101 119
101 120
101 122
101 123
101 126
101 129
101 132
101 136
101 137
101 141
101 142
101 144
101 145
101 146
101 148
101 160
101 162
101 167
101 169
101 171
101 172
101 173
101 176
101 177
101 178
101 180
101 181
101 183
101 185
101 188
101 195
101 197
101 198
101 200
102 103
102 105
102 108
102 109
102 110
102 112
102 119
102 121
102 122
102 125
102 127
102 130
102 132
102 137
102 139
102 142
102 144
102 145
102 149
102 151
102 152
102 153
102 159
102 160
102 162
102 163
102 166
102 171
102 175
102 181
102 182
102 184
102 185
102 189
102 190
102 192
102 196
102 197
102 198
102 199
103 104
103 106
103 107
103 121
103 125
103 127
103 128
103 132
103 134
103 140
103 144
103 147
103 149
103 151
103 153
103 154
103 156
103 157
103 158
103 160
103 171
103 172
103 175
103 177
103 178
103 180
103 184
103 188
104 114
104 115
104 119
104 120
104 121
104 124
104 131
104 132
104 138
104 139
104 141
104 146
104 147
104 151
104 152
104 155
104 158
104 160
104 163
104 171
104 172
104 181
104 184
104 185
104 196
104 197
104 200
105 107
105 111
105 116
105 117
105 119
105 125
105 127
105 128
105 132
105 137
105 138
105 141
105 145
105 150
105 151
105 153
105 154
105 155
105 160
105 163
105 164
105 165
105 170
105 172
105 174
105 181
105 183
105 184
105 186
105 190
105 194
105 195
105 197
105 199
106 110
106 121
106 126
106 128
106 130
106 131
106 135
106 136
106 141
106 145
106 147
106 150
106 152
106 163
106 164
106 166
106 172
106 177
106 182
106 185
106 186
106 188
106 194
106 195
106 197
106 200
107 110
107 111
107 114
107 116
107 119
107 120
107 124
107 127
107 128
107 129
107 131
107 132
107 135
107 138
107 141
107 143
107 145
107 153
107 156
107 159
107 163
107 165
107 167
107 171
107 174
107 177
107 181
107 182
107 183
107 189
107 190
107 193
107 199
108 110
108 118
108 124
108 126
108 129
108 133
108 139
108 142
108 149
108 153
108 154
108 157
108 165
108 166
108 167
108 170
108 171
108 176
108 178
108 179
108 180
108 183
108 184
108 186
108 193
108 195
109 112
109 113
109 114
109 116
109 120
109 123
109 127
109 129
109 132
109 135
109 138
109 140
109 141
109 142
109 146
109 150
109 152
109 155
109 158
109 167
109 169
109 170
109 173
109 178
109 179
109 184
109 185
109 186
109 193
109 196
109 200
110 114
110 117
110 119
110 120
110 121
110 123
110 133
110 134
110 136
110 140
110 141
110 143
110 147
110 148
110 151
110 153
110 155
110 156
110 157
110 162
110 164
110 168
110 173
110 176
110 181
110 182
110 183
110 193
110 194
110 195
111 112
111 117
111 118
111 122
111 124
111 125
111 126
111 134
111 136
111 138
111 139
111 143
111 145
111 150
111 152
111 155
111 156
111 167
111 171
111 174
111 176
111 178
111 180
111 182
111 188
111 190
111 192
111 200
112 113
112 127
112 128
112 129
112 130
112 131
112 133
112 135
112 136
112 138
112 141
112 144
112 146
112 148
112 152
112 154
112 155
112 158
112 159
112 165
112 169
112 170
112 172
112 173
112 174
112 176
112 181
112 182
112 188
112 189
112 191
112 194
112 198
112 200
113 114
113 115
113 120
113 121
113 123
113 129
113 130
113 132
113 134
113 140
113 142
113 144
113 146
113 147
113 149
113 150
113 151
113 152
113 153
113 157
113 161
113 162
113 163
113 167
113 168
113 170
113 171
113 173
113 181
113 182
113 187
113 188
113 194
113 195
114 117
114 118
114 120
114 128
114 131
114 138
114 141
114 143
114 148
114 149
114 151
114 155
114 156
114 158
114 160
114 163
114 164
114 165
114 166
114 170
114 174
114 177
114 178
114 179
114 187
114 189
114 194
114 197
115 117
115 118
115 120
115 121
115 125
115 127
115 128
115 130
115 132
115 134
115 137
115 138
115 139
115 142
115 143
115 144
115 146
115 147
115 149
115 151
115 152
115 155
115 158
115 159
115 162
115 163
115 165
115 167
115 173
115 179
115 181
115 182
115 184
115 185
115 188
115 189
115 194
115 196
115 200
116 117
116 119
116 120
116 122
116 123
116 129
116 139
116 140
116 142
116 143
116 146
116 153
116 154
116 156
116 160
116 163
116 164
116 166
116 169
116 172
116 175
116 178
116 181
116 182
116 185
116 186
116 187
116 190
116 193
116 195
116 196
116 197
116 198
116 200
117 121
117 123
117 131
117 133
117 134
117 135
117 137
117 139
117 140
117 148
117 149
117 152
117 154
117 156
117 161
117 164
117 165
117 166
117 168
117 170
117 176
117 178
117 180
117 184
117 187
117 189
117 190
117 191
117 192
117 197
117 199
117 200
118 120
118 124
118 125
118 127
118 129
118 130
118 131
118 135
118 139
118 142
118 144
118 147
118 150
118 151
118 152
118 153
118 154
118 158
118 159
118 160
118 161
118 162
118 163
118 166
118 169
118 170
118 175
118 176
118 179
118 181
118 184
118 193
118 195
118 196
118 198
118 200
119 121
119 125
119 126
119 132
119 135
119 137
119 138
119 139
119 141
119 142
119 144
119 146
119 147
119 150
119 152
119 153
119 155
119 156
119 158
119 160
119 165
119 166
119 169
119 170
119 171
119 174
119 177
119 178
119 180
119 184
119 185
119 187
119 191
119 192
120 121
120 122
120 123
120 124
120 125
120 127
120 129
120 130
120 131
120 135
120 136
120 140
120 141
120 144
120 146
120 147
120 149
120 150
120 152
120 157
120 158
120 159
120 160
120 161
120 164
120 166
120 168
120 171
120 176
120 178
120 182
120 183
120 185
120 190
120 194
120 195
120 199
121 122
121 124
121 125
121 130
121 133
121 136
121 137
121 138
121 140
121 143
121 144
121 146
121 147
121 148
121 150
121 152
121 154
121 155
121 158
121 159
121 165
121 169
121 170
121 172
121 173
121 176
121 177
121 179
121 182
121 186
121 187
121 188
121 190
121 193
121 196
121 197
122 127
122 130
122 133
122 135
122 140
122 142
122 143
122 144
122 151
122 156
122 161
122 163
122 165
122 167
122 172
122 178
122 179
122 182
122 183
122 184
122 185
122 186
122 187
122 188
122 189
122 196
123 127
123 130
123 131
123 133
123 136
123 137
123 138
123 142
123 144
123 145
123 149
123 151
123 152
123 153
123 154
123 158
123 159
123 161
123 164
123 167
123 170
123 174
123 175
123 179
123 180
123 182
123 183
123 189
123 190
123 193
123 194
123 195
124 125
124 127
124 129
124 131
124 132
124 133
124 134
124 137
124 139
124 140
124 142
124 143
124 145
124 146
124 147
124 151
124 153
124 154
124 159
124 164
124 169
124 170
124 172
124 177
124 181
124 183
124 184
124 185
124 187
124 189
124 191
124 194
124 197
124 198
124 199
125 127
125 130
125 133
125 135
125 136
125 137
125 140
125 142
125 145
125 146
125 147
125 154
125 155
125 156
125 157
125 158
125 159
125 162
125 165
125 166
125 169
125 170
125 171
125 172
125 174
125 176
125 177
125 178
125 179
125 180
125 182
125 183
125 185
125 191
125 193
125 197
125 198
125 199
126 129
126 131
126 132
126 133
126 134
126 143
126 144
126 145
126 148
126 150
126 153
126 158
126 159
126 161
126 170
126 174
126 175
126 177
126 179
126 180
126 182
126 183
126 184
126 185
126 189
126 191
126 193
126 196
126 197
126 199
127 128
127 129
127 133
127 135
127 137
127 139
127 140
127 142
127 143
127 144
127 146
127 147
127 149
127 151
127 154
127 156
127 159
127 163
127 166
127 169
127 173
127 175
127 178
127 179
127 180
127 182
127 184
127 186
127 187
127 189
127 191
127 196
127 197
127 198
127 199
127 200
128 130
128 131
128 132
128 134
128 137
128 138
128 141
128 142
128 148
128 151
128 152
128 154
128 156
128 158
128 160
128 161
128 162
128 169
128 180
128 182
128 183
128 184
128 190
128 192
128 196
128 199
129 131
129 132
129 133
129 134
129 135
129 137
129 138
129 139
129 142
129 145
129 146
129 148
129 152
129 153
129 155
129 156
129 157
129 160
129 165
129 167
129 172
129 174
129 176
129 179
129 180
129 181
129 183
129 188
129 192
129 193
129 194
129 196
129 200
130 131
130 132
130 133
130 138
130 140
130 143
130 145
130 147
130 153
130 156
130 157
130 158
130 159
130 164
130 165
130 166
130 167
130 171
130 178
130 179
130 183
130 184
130 189
130 192
130 193
130 194
130 196
130 197
131 133
131 136
131 137
131 138
131 139
131 140
131 142
131 143
131 144
131 145
131 148
131 151
131 152
131 153
131 154
131 155
131 159
131 160
131 163
131 165
131 168
131 169
131 170
131 172
131 174
131 176
131 178
131 179
131 180
131 184
131 185
131 187
131 192
131 194
131 196
131 198
132 133
132 134
132 136
132 137
132 141
132 143
132 146
132 147
132 150
132 151
132 153
132 155
132 156
132 157
132 159
132 166
132 167
132 168
132 169
132 171
132 173
132 177
132 178
132 181
132 183
132 184
132 185
132 186
132 187
132 190
132 191
132 192
132 194
132 196
132 197
132 200
133 134
133 138
133 139
133 141
133 144
133 151
133 153
133 156
133 157
133 160
133 161
133 162
133 163
133 169
133 171
133 173
133 178
133 179
133 181
133 186
133 187
133 188
133 189
133 191
133 193
133 194
133 196
133 197
133 199
134 136
134 139
134 140
134 141
134 147
134 149
134 151
134 155
134 159
134 160
134 161
134 162
134 167
134 173
134 175
134 176
134 178
134 179
134 180
134 181
134 185
134 187
134 189
134 191
134 192
134 193
134 195
134 197
134 199
135 141
135 146
135 147
135 148
135 150
135 155
135 157
135 158
135 159
135 163
135 165
135 171
135 172
135 174
135 175
135 178
135 184
135 185
135 186
135 190
135 192
135 194
135 195
135 198
135 200
136 140
136 141
136 142
136 144
136 145
136 147
136 149
136 150
136 151
136 154
136 155
136 159
136 160
136 163
136 164
136 165
136 167
136 168
136 169
136 170
136 172
136 173
136 175
136 176
136 177
136 181
136 184
136 186
136 187
136 188
136 192
136 196
136 197
137 138
137 139
137 150
137 153
137 154
137 157
137 158
137 159
137 161
137 164
137 165
137 166
137 168
137 169
137 170
137 173
137 174
137 175
137 179
137 183
137 186
137 187
137 191
137 194
137 195
137 196
137 197
137 198
137 200
138 139
138 142
138 143
138 145
138 147
138 149
138 150
138 151
138 154
138 155
138 156
138 158
138 159
138 160
138 161
138 162
138 165
138 168
138 170
138 172
138 173
138 174
138 175
138 180
138 181
138 184
138 185
138 186
138 187
138 188
138 189
138 190
138 192
138 193
138 199
138 200
139 140
139 141
139 142
139 143
139 144
139 145
139 146
139 148
139 149
139 150
139 151
139 153
139 155
139 156
139 161
139 163
139 164
139 166
139 167
139 168
139 170
139 171
139 172
139 174
139 175
139 176
139 179
139 181
139 185
139 187
139 188
139 189
139 190
139 191
139 192
139 193
139 196
139 197
139 198
140 141
140 142
140 145
140 146
140 148
140 150
140 151
140 152
140 155
140 156
140 160
140 162
140 163
140 166
140 167
140 168
140 169
140 170
140 171
140 174
140 175
140 176
140 178
140 179
140 182
140 183
140 184
140 188
140 189
140 191
140 198
140 199
140 200
141 142
141 144
141 145
141 151
141 155
141 156
141 159
141 162
141 169
141 170
141 171
141 173
141 174
141 175
141 176
141 178
141 182
141 183
141 184
141 188
141 189
141 190
141 191
141 192
141 193
141 194
141 196
141 197
141 198
141 199
142 144
142 146
142 147
142 148
142 151
142 152
142 153
142 154
142 155
142 157
142 158
142 162
142 167
142 168
142 170
142 171
142 172
142 173
142 174
142 176
142 177
142 178
142 180
142 181
142 182
142 184
142 185
142 186
142 188
142 191
142 192
142 193
142 194
142 197
142 199
143 144
143 145
143 146
143 147
143 148
143 149
143 150
143 152
143 155
143 156
143 158
143 160
143 162
143 166
143 171
143 173
143 174
143 175
143 178
143 180
143 181
143 182
143 183
143 184
143 186
143 188
143 191
143 194
143 195
143 196
143 200
144 145
144 147
144 149
144 151
144 154
144 155
144 156
144 157
144 158
144 159
144 160
144 164
144 167
144 169
144 170
144 174
144 175
144 177
144 178
144 179
144 181
144 182
144 184
144 185
144 188
144 189
144 190
144 191
144 192
144 193
144 194
144 196
144 200
145 149
145 150
145 151
145 152
145 156
145 157
145 158
145 160
145 162
145 163
145 165
145 166
145 168
145 171
145 173
145 174
145 177
145 178
145 179
145 181
145 185
145 188
145 189
145 193
145 194
145 195
145 196
145 199
146 147
146 148
146 152
146 153
146 156
146 157
146 158
146 162
146 164
146 169
146 170
146 171
146 172
146 173
146 174
146 175
146 177
146 178
146 179
146 180
146 182
146 185
146 186
146 188
146 189
146 191
146 192
146 193
146 194
146 195
146 198
146 200
147 150
147 151
147 154
147 156
147 157
147 159
147 160
147 161
147 163
147 169
147 171
147 172
147 174
147 175
147 180
147 183
147 184
147 185
147 186
147 190
147 191
147 192
147 194
147 195
147 196
147 198
147 199
147 200
148 149
148 150
148 151
148 152
148 153
148 154
148 157
148 159
148 160
148 163
148 165
148 167
148 168
148 170
148 176
148 177
148 178
148 181
148 182
148 185
148 192
148 193
148 196
149 150
149 152
149 154
149 155
149 156
149 158
149 159
149 163
149 164
149 165
149 166
149 168
149 170
149 171
149 172
149 173
149 174
149 177
149 178
149 179
149 183
149 184
149 185
149 186
149 187
149 190
149 191
149 192
149 195
149 196
149 197
149 199
149 200
150 151
150 152
150 154
150 155
150 156
150 159
150 162
150 164
150 166
150 167
150 170
150 172
150 175
150 177
150 180
150 182
150 184
150 187
150 188
150 189
150 192
150 193
150 196
150 198
150 200
151 152
151 154
151 155
151 156
151 157
151 158
151 159
151 160
151 161
151 162
151 163
151 164
151 166
151 168
151 169
151 170
151 173
151 174
151 176
151 178
151 180
151 182
151 183
151 184
151 185
151 186
151 188
151 189
151 190
151 192
151 195
151 199
152 154
152 155
152 158
152 160
152 161
152 162
152 166
152 168
152 169
152 172
152 174
152 175
152 177
152 178
152 179
152 180
152 182
152 183
152 184
152 186
152 187
152 188
152 190
152 191
152 192
152 195
152 197
152 198
152 199
152 200
153 154
153 155
153 160
153 161
153 162
153 163
153 165
153 167
153 171
153 173
153 174
153 175
153 176
153 179
153 186
153 188
153 191
153 192
153 193
153 194
153 195
153 196
153 198
153 199
153 200
154 157
154 158
154 159
154 160
154 161
154 162
154 163
154 166
154 167
154 168
154 171
154 175
154 177
154 179
154 180
154 181
154 184
154 187
154 191
154 192
154 194
154 195
154 197
154 199
155 156
155 157
155 158
155 159
155 162
155 163
155 164
155 166
155 167
155 169
155 170
155 174
155 175
155 177
155 178
155 179
155 185
155 186
155 187
155 188
155 189
155 190
155 192
155 193
155 194
155 195
155 197
155 198
156 157
156 158
156 159
156 161
156 162
156 165
156 166
156 168
156 169
156 171
156 173
156 175
156 176
156 177
156 179
156 180
156 181
156 185
156 187
156 189
156 190
156 192
156 193
156 194
156 195
156 196
156 197
156 198
156 200
157 158
157 159
157 160
157 162
157 164
157 166
157 167
157 168
157 170
157 171
157 172
157 173
157 177
157 178
157 179
157 180
157 181
157 182
157 183
157 185
157 186
157 188
157 189
157 194
157 195
157 197
157 200
158 159
158 162
158 163
158 168
158 169
158 170
158 171
158 175
158 176
158 177
158 178
158 179
158 180
158 181
158 182
158 183
158 184
158 185
158 189
158 191
158 193
158 194
158 195
158 197
158 198
158 200
159 160
159 161
159 163
159 166
159 167
159 168
159 169
159 170
159 171
159 172
159 173
159 174
159 176
159 178
159 179
159 180
159 181
159 182
159 184
159 185
159 186
159 187
159 188
159 192
159 196
159 197
159 198
159 199
159 200
160 161
160 162
160 164
160 165
160 167
160 169
160 170
160 171
160 172
160 173
160 174
160 175
160 176
160 177
160 179
160 180
160 181
160 182
160 183
160 184
160 185
160 186
160 189
160 191
160 192
160 193
160 194
160 197
160 198
160 199
160 200
161 162
161 163
161 164
161 165
161 167
161 168
161 170
161 173
161 174
161 175
161 178
161 179
161 180
161 181
161 182
161 183
161 185
161 187
161 188
161 189
161 191
161 193
161 194
161 195
161 196
161 197
161 200
162 165
162 166
162 167
162 170
162 171
162 173
162 174
162 176
162 179
162 180
162 181
162 182
162 184
162 187
162 188
162 190
162 192
162 196
162 198
162 200
163 165
163 166
163 167
163 168
163 170
163 172
163 173
163 174
163 176
163 177
163 180
163 182
163 184
163 185
163 186
163 187
163 188
163 190
163 191
163 193
163 194
163 195
163 198
163 199
163 200
164 165
164 166
164 167
164 168
164 169
164 172
164 173
164 174
164 175
164 178
164 179
164 181
164 187
164 188
164 190
164 192
164 193
164 195
164 199
164 200
165 166
165 168
165 169
165 170
165 176
165 177
165 178
165 182
165 183
165 184
165 185
165 186
165 187
165 188
165 189
165 190
165 191
165 192
165 193
165 194
165 195
165 196
165 197
165 198
165 199
165 200
166 167
166 169
166 170
166 172
166 173
166 174
166 175
166 176
166 177
166 178
166 180
166 181
166 182
166 183
166 184
166 185
166 186
166 187
166 188
166 189
166 190
166 191
166 192
166 193
166 194
166 195
166 196
166 197
166 199
166 200
167 168
167 169
167 170
167 171
167 172
167 173
167 174
167 175
167 177
167 180
167 182
167 183
167 184
167 185
167 186
167 187
167 189
167 190
167 192
167 193
167 194
167 195
167 196
167 198
167 200
168 169
168 171
168 172
168 173
168 176
168 177
168 178
168 181
168 182
168 183
168 184
168 185
168 186
168 187
168 189
168 190
168 192
168 194
168 195
168 196
168 197
168 198
168 199
169 170
169 171
169 172
169 174
169 176
169 178
169 180
169 181
169 182
169 185
169 188
169 189
169 190
169 191
169 192
169 195
169 196
169 197
169 200
170 171
170 173
170 174
170 175
170 176
170 177
170 178
170 180
170 181
170 183
170 187
170 188
170 189
170 190
170 191
170 192
170 193
170 194
170 195
170 197
170 199
170 200
171 172
171 173
171 175
171 179
171 180
171 181
171 182
171 183
171 184
171 186
171 187
171 189
171 190
171 191
171 193
171 194
171 199
171 200
172 174
172 175
172 176
172 177
172 178
172 179
172 180
172 181
172 182
172 183
172 184
172 185
172 186
172 188
172 189
172 191
172 194
172 195
172 196
172 197
172 198
172 200
173 174
173 175
173 176
173 177
173 179
173 181
173 182
173 183
173 184
173 185
173 186
173 187
173 188
173 190
173 192
173 193
173 194
173 195
173 196
173 197
173 198
173 199
174 175
174 176
174 177
174 178
174 179
174 181
174 182
174 183
174 185
174 186
174 188
174 189
174 190
174 194
174 195
174 197
174 198
174 199
174 200
175 177
175 178
175 179
175 180
175 181
175 182
175 183
175 185
175 186
175 188
175 189
175 190
175 191
175 192
175 194
175 198
175 200
176 177
176 178
176 179
176 181
176 182
176 183
176 184
176 185
176 186
176 189
176 190
176 191
176 192
176 193
176 194
176 195
176 196
176 197
176 199
176 200
177 179
177 180
177 181
177 182
177 184
177 185
177 186
177 187
177 189
177 192
177 194
177 195
177 196
177 197
177 198
177 200
178 179
178 180
178 181
178 182
178 183
178 184
178 185
178 187
178 190
178 191
178 192
178 195
178 197
178 198
178 199
178 200
179 180
179 182
179 183
179 184
179 185
179 186
179 187
179 189
179 190
179 191
179 192
179 194
179 195
179 196
179 197
179 198
179 199
180 181
180 182
180 183
180 184
180 185
180 186
180 187
180 188
180 189
180 190
180 191
180 193
180 194
180 195
180 197
180 198
180 199
180 200
181 182
181 183
181 184
181 185
181 186
181 187
181 188
181 189
181 190
181 191
181 192
181 193
181 194
181 195
181 197
181 198
181 199
181 200
182 183
182 184
182 185
182 186
182 187
182 188
182 189
182 190
182 191
182 192
182 194
182 195
182 196
182 197
182 198
182 199
183 184
183 186
183 187
183 188
183 189
183 190
183 191
183 192
183 193
183 194
183 196
183 197
183 198
183 200
184 185
184 186
184 187
184 188
184 189
184 190
184 191
184 192
184 193
184 195
184 196
184 197
184 198
184 199
184 200
185 186
185 187
185 188
185 189
185 190
185 191
185 192
185 193
185 194
185 195
185 197
185 198
185 199
185 200
186 187
186 188
186 189
186 190
186 191
186 192
186 193
186 194
186 195
186 196
186 197
186 198
186 199
186 200
187 188
187 189
187 190
187 191
187 192
187 193
187 194
187 195
187 196
187 197
187 198
187 200
188 189
188 190
188 191
188 192
188 193
188 195
188 196
188 197
188 198
188 199
188 200
189 190
189 191
189 192
189 193
189 194
189 195
189 196
189 197
189 198
189 199
189 200
190 191
190 192
190 193
190 194
190 195
190 196
190 197
190 198
190 199
190 200
191 192
191 193
191 194
191 195
191 196
191 197
191 198
191 199
191 200
192 193
192 194
192 195
192 196
192 197
192 198
192 199
192 200
193 194
193 195
193 196
193 197
193 198
193 199
193 200
194 195
194 196
194 197
194 198
194 199
194 200
195 196
195 197
195 198
195 199
195 200
196 197
196 198
196 199
196 200
197 198
197 199
197 200
198 199
198 200
199 200
200 6142
162 48
162 93
162 75
162 71
162 18
162 42
162 31
162 196
162 171
162 124
162 95
162 90
162 138
162 70
162 117
162 143
162 49
162 142
162 160
162 54
162 89
162 130
162 139
162 8
162 147
162 108
162 183
162 57
162 120
162 87
162 80
162 4
162 111
162 192
162 19
162 141
162 118
162 146
162 140
12 30
12 48
12 42
12 196
12 198
12 138
12 99
12 68
12 184
12 70
12 199
12 72
12 83
12 76
12 131
12 117
12 100
12 143
12 96
12 134
12 121
12 107
12 181
12 55
12 97
12 130
12 33
12 2
12 183
12 74
12 87
12 60
12 7
12 175
12 43
12 66
12 187
12 146
12 190
12 50
12 94
12 35
30 179
30 1
30 65
30 157
30 196
30 114
30 41
30 5
30 11
30 62
30 72
30 145
30 83
30 165
30 59
30 168
30 109
30 38
30 55
30 54
30 15
30 89
30 119
30 33
30 166
30 87
30 9
30 164
30 158
30 111
30 102
30 113
30 141
30 45
30 110
30 174
30 194
30 24
30 73
122 150
122 18
122 1
122 98
122 65
122 5
122 11
122 154
122 112
122 68
122 70
122 83
122 109
122 121
122 107
122 125
122 139
122 2
122 147
122 153
122 188
122 108
122 58
122 82
122 51
122 16
122 127
122 111
122 113
122 45
122 63
122 14
48 93
48 75
48 150
48 88
48 18
48 98
48 159
48 3
48 41
48 106
48 53
48 182
48 95
48 5
48 11
48 145
48 59
48 109
48 177
48 135
48 152
48 128
48 137
48 58
48 21
48 37
48 189
48 9
48 92
48 113
48 40
48 193
48 190
48 39
48 28
93 150
93 52
93 116
93 88
93 18
93 157
93 124
93 3
93 17
93 198
93 6
93 69
93 83
93 191
93 135
93 181
93 54
93 147
93 26
93 60
93 37
93 9
93 7
93 164
93 161
93 178
93 126
93 123
93 45
93 118
93 146
93 101
75 65
75 196
75 167
75 159
75 114
75 41
75 180
75 86
75 106
75 5
75 99
75 69
75 83
75 100
75 142
75 165
75 168
75 177
75 107
75 125
75 38
75 55
75 149
75 119
75 8
75 33
75 132
75 147
75 183
75 137
75 85
75 26
75 21
75 105
75 80
75 172
75 155
75 127
75 161
75 111
75 92
75 178
75 40
75 64
75 45
75 190
75 140
75 24
75 94
75 35
75 20
75 73
75 14
150 116
150 31
150 159
150 185
150 79
150 36
150 133
150 182
150 5
150 77
150 154
150 163
150 156
150 184
150 6
150 49
150 160
150 38
150 55
150 54
150 173
150 8
150 33
150 197
150 153
150 152
150 57
150 58
150 82
150 26
150 60
150 189
150 111
150 25
150 43
150 78
150 194
150 44
52 116
52 71
52 167
52 114
52 79
52 106
52 182
52 5
52 11
52 62
52 90
52 198
52 138
52 156
52 115
52 184
52 70
52 96
52 121
52 34
52 186
52 130
52 47
52 85
52 81
52 56
52 169
52 60
52 4
52 164
52 155
52 25
52 126
52 63
52 24
52 39
52 28
116 46
116 159
116 103
116 22
116 170
116 144
116 198
116 138
116 99
116 6
116 72
116 191
116 109
116 135
116 121
116 34
116 130
116 139
116 153
116 128
116 188
116 108
116 195
116 176
116 87
116 26
116 21
116 7
116 127
116 161
116 111
116 25
116 178
116 113
116 32
116 19
116 141
116 27
116 104
116 43
116 66
116 146
116 84
116 190
116 140
88 71
88 46
88 3
88 41
88 106
88 170
88 13
88 115
88 136
88 70
88 191
88 76
88 100
88 91
88 143
88 168
88 134
88 135
88 160
88 15
88 139
88 197
88 132
88 147
88 108
88 58
88 120
88 87
88 26
88 21
88 37
88 189
88 164
88 127
88 158
88 25
88 178
88 40
88 27
88 64
88 146
88 84
88 101
88 39
88 44
88 20
71 42
71 53
71 10
71 5
71 77
71 144
71 17
71 6
71 143
71 135
71 107
71 125
71 139
71 8
71 166
71 152
71 47
71 108
71 82
71 21
71 105
71 169
71 51
71 80
71 16
71 4
71 127
71 178
71 141
71 64
71 66
71 146
71 190
71 35
71 20
179 46
179 31
179 157
179 41
179 180
179 103
179 133
179 95
179 10
179 154
179 70
179 61
179 107
179 34
179 38
179 173
179 139
179 85
179 56
179 21
179 4
179 164
179 172
179 111
179 141
179 45
179 66
179 187
179 190
179 101
179 94
179 44
179 20
179 14
18 196
18 41
18 180
18 133
18 182
18 10
18 5
18 170
18 144
18 62
18 90
18 138
18 6
18 70
18 69
18 72
18 145
18 168
18 130
18 153
18 128
18 74
18 85
18 176
18 58
18 37
18 16
18 7
18 172
18 129
18 178
18 64
18 187
18 118
18 194
18 50
18 24
18 35
18 44
42 65
42 159
42 3
42 182
42 95
42 112
42 68
42 184
42 145
42 49
42 135
42 121
42 181
42 186
42 15
42 149
42 130
42 173
42 8
42 153
42 188
42 85
42 81
42 26
42 105
42 169
42 51
42 7
42 155
42 161
42 111
42 123
42 64
42 45
42 146
42 174
42 35
42 39
46 196
46 41
46 79
46 106
46 53
46 11
46 144
46 138
46 184
46 199
46 76
46 142
46 109
46 107
46 160
46 38
46 186
46 173
46 139
46 2
46 152
46 128
46 81
46 26
46 169
46 60
46 9
46 164
46 102
46 192
46 178
46 32
46 175
46 146
46 190
46 194
46 50
1 98
1 196
1 171
1 114
1 3
1 79
1 106
1 133
1 90
1 198
1 138
1 112
1 156
1 191
1 91
1 34
1 38
1 55
1 54
1 139
1 8
1 2
1 108
1 137
1 200
1 195
1 176
1 81
1 26
1 51
1 16
1 4
1 7
1 155
1 123
1 63
1 146
1 39
31 86
31 133
31 22
31 182
31 13
31 11
31 138
31 112
31 68
31 6
31 199
31 145
31 100
31 49
31 59
31 168
31 134
31 135
31 107
31 34
31 38
31 173
31 33
31 2
31 74
31 82
31 105
31 189
31 16
31 127
31 175
31 27
31 104
31 64
31 84
31 174
31 194
31 140
31 39
98 171
98 185
98 124
98 41
98 106
98 5
98 77
98 90
98 163
98 68
98 184
98 136
98 199
98 100
98 91
98 49
98 96
98 121
98 107
98 33
98 166
98 147
98 153
98 183
98 200
98 176
98 21
98 37
98 16
98 25
98 175
98 45
98 43
98 187
98 146
98 28
98 20
98 14
65 171
65 185
65 103
65 53
65 22
65 170
65 90
65 198
65 112
65 199
65 117
65 143
65 134
65 109
65 173
65 33
65 132
65 166
65 153
65 82
65 60
65 51
65 37
65 189
65 16
65 4
65 7
65 155
65 161
65 158
65 111
65 92
65 19
65 23
65 126
65 27
65 123
65 64
65 45
65 110
65 94
65 44
65 28
157 185
157 124
157 114
157 41
157 13
157 144
157 62
157 112
157 68
157 184
157 49
157 135
157 160
157 55
157 15
157 149
157 33
157 47
157 188
157 183
157 56
157 80
157 189
157 4
157 111
157 92
157 40
157 175
157 104
157 187
157 118
157 63
157 84
157 190
157 101
157 24
157 28
157 73
157 14
196 167
196 103
196 22
196 182
196 170
196 13
196 144
196 154
196 99
196 68
196 115
196 184
196 69
196 72
196 83
196 191
196 117
196 100
196 49
196 142
196 135
196 38
196 54
196 89
196 130
196 173
196 119
196 147
196 108
196 137
196 87
196 189
196 129
196 113
196 32
196 126
196 190
196 94
196 14
171 159
171 180
171 106
171 53
171 29
171 144
171 17
171 90
171 99
171 199
171 69
171 148
171 143
171 165
171 55
171 132
171 47
171 137
171 74
171 57
171 120
171 81
171 87
171 56
171 80
171 16
171 164
171 92
171 19
171 23
171 43
171 110
171 35
167 124
167 95
167 5
167 11
167 198
167 138
167 99
167 184
167 145
167 191
167 142
167 168
167 38
167 147
167 151
167 58
167 158
167 25
167 126
167 66
167 110
167 190
167 24
167 28
159 114
159 53
159 133
159 22
159 95
159 29
159 198
159 156
159 199
159 191
159 91
159 49
159 168
159 135
159 181
159 34
159 38
159 55
159 15
159 130
159 173
159 200
159 120
159 87
159 56
159 169
159 51
159 80
159 127
159 25
159 192
159 175
159 110
159 101
159 20
159 14
185 86
185 103
185 53
185 133
185 182
185 95
185 62
185 90
185 138
185 99
185 156
185 68
185 184
185 199
185 76
185 131
185 59
185 96
185 181
185 33
185 147
185 152
185 200
185 85
185 176
185 120
185 82
185 87
185 26
185 37
185 7
185 164
185 172
185 129
185 111
185 102
185 178
185 19
185 45
185 63
185 110
185 174
185 39
185 14
124 36
124 106
124 5
124 154
124 99
124 112
124 76
124 54
124 137
124 74
124 200
124 105
124 4
124 172
124 155
124 92
124 141
124 40
124 187
124 110
124 146
124 84
124 140
124 35
124 20
114 41
114 36
114 22
114 182
114 95
114 10
114 170
114 77
114 90
114 154
114 138
114 156
114 115
114 6
114 70
114 199
114 177
114 55
114 89
114 139
114 8
114 132
114 2
114 166
114 147
114 153
114 152
114 47
114 74
114 176
114 120
114 26
114 51
114 16
114 9
114 178
114 32
114 40
114 27
114 193
114 63
114 110
114 146
114 94
114 39
114 20
3 22
3 13
3 198
3 154
3 138
3 163
3 156
3 68
3 70
3 83
3 117
3 143
3 109
3 177
3 125
3 38
3 97
3 173
3 8
3 166
3 128
3 108
3 183
3 137
3 57
3 176
3 81
3 82
3 56
3 21
3 9
3 172
3 129
3 127
3 25
3 32
3 19
3 23
3 40
3 175
3 187
3 146
3 101
3 194
3 94
3 20
3 14
41 53
41 22
41 182
41 10
41 13
41 11
41 62
41 198
41 184
41 148
41 142
41 168
41 134
41 61
41 107
41 160
41 38
41 15
41 89
41 128
41 58
41 87
41 105
41 60
41 80
41 9
41 4
41 7
41 127
41 113
41 23
41 64
41 146
41 190
41 140
41 35
41 44
41 20
79 106
79 5
79 11
79 163
79 70
79 148
79 168
79 134
79 181
79 34
79 55
79 149
79 33
79 166
79 152
79 128
79 85
79 195
79 21
79 169
79 37
79 4
79 126
79 27
79 123
79 64
79 187
79 174
79 24
79 28
180 36
180 170
180 13
180 90
180 70
180 191
180 148
180 76
180 91
180 142
180 135
180 107
180 125
180 15
180 173
180 2
180 147
180 128
180 200
180 82
180 87
180 21
180 51
180 16
180 155
180 127
180 25
180 32
180 123
180 193
180 43
180 187
180 84
180 78
180 194
180 39
180 44
180 28
86 106
86 53
86 133
86 182
86 5
86 138
86 6
86 70
86 76
86 117
86 91
86 165
86 61
86 34
86 186
86 97
86 173
86 139
86 8
86 152
86 47
86 85
86 26
86 105
86 80
86 7
86 127
86 161
86 111
86 25
86 175
86 27
86 104
86 64
86 43
86 110
86 35
86 73
103 106
103 29
103 5
103 144
103 198
103 163
103 136
103 69
103 83
103 191
103 135
103 107
103 125
103 97
103 89
103 149
103 166
103 147
103 47
103 85
103 58
103 82
103 21
103 9
103 4
103 7
103 92
103 40
103 123
103 64
103 187
103 84
103 14
36 53
36 62
36 115
36 72
36 83
36 117
36 143
36 177
36 107
36 34
36 55
36 186
36 173
36 151
36 108
36 195
36 176
36 58
36 120
36 81
36 87
36 127
36 111
36 25
36 32
36 19
36 27
36 193
36 43
36 63
36 194
36 28
36 73
36 14
106 95
106 29
106 5
106 17
106 184
106 199
106 145
106 100
106 143
106 142
106 168
106 177
106 121
106 61
106 125
106 34
106 130
106 197
106 152
106 128
106 108
106 120
106 81
106 87
106 60
106 161
106 178
106 32
106 126
106 45
106 193
106 43
106 66
106 84
106 194
106 50
106 28
106 73
53 95
53 29
53 11
53 17
53 90
53 198
53 163
53 156
53 68
53 6
53 145
53 131
53 100
53 143
53 49
53 142
53 165
53 109
53 121
53 181
53 38
53 186
53 15
53 149
53 130
53 128
53 57
53 85
53 195
53 80
53 164
53 129
53 192
53 178
53 23
53 126
53 27
53 101
53 194
53 39
53 44
133 182
133 5
133 62
133 163
133 156
133 69
133 76
133 59
133 134
133 135
133 61
133 160
133 125
133 55
133 186
133 149
133 130
133 119
133 197
133 132
133 147
133 108
133 183
133 200
133 176
133 58
133 120
133 21
133 37
133 189
133 172
133 158
133 111
133 25
133 141
133 193
133 43
133 66
133 187
133 194
133 94
133 39
22 67
22 11
22 115
22 6
22 100
22 134
22 61
22 160
22 125
22 8
22 197
22 132
22 128
22 85
22 120
22 81
22 105
22 169
22 60
22 51
22 9
22 164
22 113
22 23
22 175
22 126
22 123
22 45
22 118
22 63
22 78
22 194
22 35
22 44
182 29
182 11
182 62
182 184
182 199
182 83
182 76
182 117
182 168
182 96
182 134
182 109
182 177
182 34
182 55
182 186
182 173
182 119
182 33
182 132
182 153
182 151
182 137
182 195
182 82
182 26
182 21
182 105
182 60
182 37
182 189
182 164
182 158
182 25
182 178
182 32
182 141
182 43
182 118
182 146
182 140
182 44
95 29
95 144
95 17
95 198
95 154
95 68
95 91
95 49
95 134
95 177
95 61
95 160
95 34
95 97
95 33
95 153
95 183
95 137
95 74
95 176
95 58
95 56
95 169
95 51
95 189
95 129
95 161
95 158
95 25
95 192
95 141
95 40
95 27
95 45
95 43
95 78
95 50
95 94
95 44
10 17
10 163
10 112
10 83
10 168
10 149
10 147
10 128
10 85
10 105
10 189
10 127
10 158
10 25
10 192
10 23
10 40
10 175
10 190
10 78
10 101
10 50
10 35
67 5
67 13
67 77
67 90
67 112
67 184
67 145
67 83
67 100
67 59
67 168
67 134
67 109
67 121
67 61
67 107
67 55
67 54
67 89
67 173
67 132
67 147
67 195
67 176
67 81
67 4
67 7
67 164
67 129
67 161
67 111
67 92
67 126
67 64
67 193
67 43
67 187
67 84
67 24
67 39
67 73
29 77
29 144
29 198
29 154
29 138
29 163
29 136
29 145
29 165
29 168
29 177
29 135
29 61
29 160
29 186
29 89
29 8
29 197
29 2
29 151
29 183
29 176
29 81
29 82
29 87
29 60
29 80
29 16
29 7
29 164
29 111
29 92
29 178
29 32
29 19
29 23
29 141
29 175
29 126
29 123
29 104
29 45
29 110
29 146
29 190
29 24
29 44
29 28
5 170
5 62
5 99
5 112
5 136
5 145
5 148
5 131
5 100
5 143
5 165
5 168
5 96
5 121
5 61
5 107
5 186
5 97
5 119
5 128
5 137
5 74
5 120
5 56
5 105
5 4
5 158
5 32
5 175
5 27
5 123
5 174
5 24
5 44
170 13
170 11
170 17
170 99
170 115
170 199
170 145
170 191
170 117
170 142
170 109
170 61
170 181
170 38
170 130
170 139
170 132
170 153
170 152
170 47
170 74
170 85
170 161
170 92
170 102
170 25
170 113
170 32
170 40
170 45
170 187
170 24
170 35
13 99
13 83
13 142
13 59
13 168
13 181
13 38
13 54
13 97
13 173
13 33
13 2
13 128
13 47
13 137
13 176
13 26
13 16
13 92
13 25
13 192
13 19
13 23
13 141
13 40
13 194
13 44
13 28
11 154
11 99
11 112
11 184
11 70
11 148
11 117
11 96
11 38
11 55
11 54
11 130
11 173
11 139
11 8
11 197
11 152
11 128
11 47
11 74
11 176
11 87
11 56
11 80
11 37
11 189
11 4
11 155
11 127
11 111
11 23
11 141
11 123
11 45
11 66
11 110
11 101
11 28
11 14
77 144
77 112
77 68
77 184
77 49
77 142
77 59
77 134
77 121
77 54
77 15
77 132
77 2
77 166
77 152
77 47
77 87
77 26
77 60
77 51
77 37
77 189
77 161
77 111
77 25
77 192
77 32
77 40
77 126
77 64
77 66
77 187
77 63
77 146
77 101
77 50
77 39
144 17
144 138
144 156
144 68
144 70
144 145
144 83
144 96
144 135
144 107
144 181
144 160
144 125
144 55
144 15
144 149
144 173
144 119
144 166
144 152
144 47
144 183
144 56
144 169
144 189
144 129
144 155
144 127
144 158
144 111
144 25
144 178
144 141
144 175
144 123
144 64
144 45
144 187
144 118
144 63
144 110
144 194
144 39
144 28
17 112
17 115
17 145
17 83
17 191
17 117
17 91
17 59
17 168
17 177
17 121
17 38
17 54
17 173
17 33
17 151
17 57
17 81
17 56
17 21
17 129
17 155
17 161
17 102
17 113
17 19
17 40
17 27
17 64
17 43
17 146
17 194
17 140
17 35
62 154
62 112
62 156
62 115
62 69
62 100
62 142
62 168
62 177
62 107
62 125
62 38
62 55
62 139
62 8
62 33
62 197
62 132
62 128
62 57
62 58
62 82
62 169
62 37
62 129
62 155
62 161
62 158
62 25
62 192
62 178
62 19
62 40
62 27
62 123
62 187
62 50
62 28
62 20
62 14
90 163
90 115
90 199
90 69
90 72
90 100
90 91
90 134
90 109
90 107
90 181
90 125
90 34
90 38
90 186
90 166
90 153
90 152
90 128
90 188
90 183
90 137
90 105
90 169
90 9
90 172
90 155
90 161
90 102
90 19
90 141
90 40
90 126
90 45
90 110
90 84
90 194
90 140
90 35
198 199
198 72
198 143
198 96
198 134
198 177
198 121
198 55
198 54
198 89
198 8
198 197
198 137
198 74
198 200
198 82
198 26
198 21
198 105
198 169
198 80
198 4
198 164
198 172
198 155
198 161
198 158
198 111
198 92
198 102
198 25
198 178
198 113
198 27
198 123
198 45
198 66
198 174
198 140
198 24
198 94
198 39
154 163
154 156
154 145
154 148
154 76
154 117
154 49
154 181
154 55
154 15
154 89
154 149
154 8
154 2
154 153
154 152
154 108
154 200
154 82
154 105
154 60
154 37
154 7
154 129
154 155
154 158
154 113
154 32
154 27
154 123
154 45
154 66
154 187
154 50
154 140
154 24
154 94
154 39
138 115
138 184
138 83
138 117
138 59
138 181
138 160
138 125
138 38
138 54
138 139
138 166
138 128
138 108
138 137
138 57
138 85
138 56
138 37
138 7
138 164
138 129
138 158
138 102
138 141
138 104
138 44
138 20
138 73
163 156
163 68
163 115
163 131
163 143
163 49
163 59
163 109
163 135
163 160
163 125
163 54
163 89
163 130
163 139
163 8
163 132
163 152
163 183
163 137
163 176
163 81
163 82
163 87
163 105
163 37
163 16
163 9
163 102
163 192
163 175
163 43
163 63
163 35
99 6
99 145
99 76
99 143
99 165
99 59
99 168
99 177
99 121
99 55
99 15
99 89
99 149
99 119
99 33
99 2
99 147
99 153
99 128
99 47
99 200
99 176
99 21
99 169
99 60
99 80
99 172
99 25
99 178
99 113
99 175
99 27
99 45
99 193
99 43
99 118
99 84
99 174
99 94
99 35
99 20
99 73
99 14
112 68
112 115
112 184
112 6
112 165
112 96
112 135
112 186
112 97
112 119
112 197
112 2
112 166
112 128
112 195
112 176
112 87
112 178
112 27
112 64
112 193
112 63
112 50
112 14
156 136
156 145
156 191
156 131
156 100
156 91
156 59
156 186
156 149
156 2
156 147
156 128
156 47
156 108
156 183
156 137
156 195
156 82
156 87
156 169
156 60
156 37
156 16
156 9
156 129
156 158
156 111
156 92
156 102
156 178
156 113
156 40
156 27
156 193
156 66
156 194
156 20
156 73
68 184
68 6
68 70
68 69
68 145
68 83
68 191
68 117
68 49
68 109
68 181
68 173
68 139
68 8
68 33
68 188
68 108
68 176
68 120
68 81
68 56
68 60
68 161
68 92
68 178
68 19
68 23
68 64
68 43
68 110
68 84
68 78
68 50
68 73
68 14
115 136
115 6
115 145
115 117
115 49
115 96
115 135
115 121
115 61
115 181
115 55
115 54
115 89
115 151
115 128
115 108
115 85
115 195
115 120
115 81
115 192
115 178
115 32
115 23
115 104
115 190
115 78
115 73
184 136
184 72
184 100
184 143
184 165
184 109
184 135
184 38
184 15
184 97
184 149
184 130
184 119
184 139
184 33
184 132
184 147
184 47
184 108
184 57
184 176
184 58
184 56
184 16
184 164
184 129
184 111
184 178
184 23
184 141
184 27
184 123
184 110
184 78
184 101
184 94
184 20
136 6
136 145
136 131
136 91
136 143
136 49
136 142
136 121
136 61
136 181
136 34
136 89
136 130
136 139
136 166
136 152
136 108
136 74
136 81
136 82
136 21
136 37
136 7
136 127
136 161
136 111
136 102
136 178
136 141
136 175
136 146
136 84
136 140
136 24
136 20
136 14
6 72
6 191
6 131
6 91
6 168
6 135
6 121
6 61
6 186
6 149
6 130
6 8
6 33
6 2
6 166
6 188
6 137
6 57
6 85
6 195
6 120
6 81
6 82
6 87
6 105
6 80
6 9
6 164
6 172
6 129
6 25
6 113
6 40
6 175
6 126
6 27
6 123
6 45
6 193
6 63
6 78
6 140
6 94
6 73
70 191
70 148
70 100
70 142
70 168
70 121
70 181
70 160
70 38
70 54
70 149
70 132
70 147
70 153
70 188
70 183
70 195
70 26
70 105
70 16
70 7
70 164
70 172
70 40
70 126
70 104
70 193
70 66
70 187
70 63
70 190
70 101
70 24
199 69
199 76
199 117
199 49
199 168
199 134
199 177
199 135
199 160
199 34
199 38
199 186
199 15
199 139
199 33
199 2
199 47
199 85
199 176
199 120
199 60
199 189
199 9
199 7
199 129
199 178
199 113
199 32
199 19
199 175
199 126
199 45
199 187
199 118
199 84
199 194
199 140
69 148
69 76
69 131
69 142
69 177
69 160
69 125
69 34
69 38
69 173
69 197
69 151
69 128
69 188
69 183
69 74
69 200
69 85
69 105
69 51
69 23
69 104
69 45
69 43
69 66
69 146
69 84
69 94
69 44
69 28
72 83
72 148
72 131
72 49
72 165
72 177
72 135
72 125
72 34
72 186
72 149
72 74
72 195
72 176
72 58
72 120
72 164
72 172
72 92
72 102
72 192
72 23
72 27
72 123
72 64
72 63
72 174
72 35
72 39
72 44
72 28
145 91
145 143
145 142
145 168
145 96
145 125
145 38
145 2
145 137
145 58
145 87
145 60
145 7
145 92
145 141
145 123
145 104
145 64
145 43
145 63
145 110
145 146
145 190
145 78
145 101
145 35
145 28
145 14
83 191
83 148
83 117
83 143
83 49
83 142
83 59
83 34
83 139
83 132
83 166
83 153
83 151
83 108
83 183
83 57
83 85
83 81
83 26
83 105
83 51
83 37
83 189
83 16
83 32
83 40
83 123
83 104
83 45
83 187
83 190
83 101
83 35
83 73
191 148
191 143
191 61
191 38
191 55
191 54
191 89
191 149
191 132
191 2
191 188
191 74
191 85
191 82
191 56
191 60
191 80
191 16
191 4
191 7
191 172
191 111
191 178
191 32
191 19
191 27
191 104
191 45
191 43
191 190
191 174
191 101
191 194
191 94
191 20
148 131
148 143
148 165
148 109
148 177
148 125
148 89
148 132
148 2
148 153
148 188
148 137
148 200
148 85
148 195
148 58
148 105
148 51
148 155
148 111
148 192
148 178
148 113
148 40
148 27
148 64
148 43
148 66
148 63
148 110
148 84
148 50
148 140
148 24
148 35
148 28
148 20
148 73
76 117
76 91
76 143
76 142
76 59
76 109
76 135
76 121
76 107
76 160
76 55
76 54
76 97
76 89
76 132
76 2
76 166
76 151
76 188
76 85
76 82
76 87
76 21
76 169
76 189
76 16
76 9
76 164
76 127
76 25
76 178
76 113
76 32
76 19
76 141
76 40
76 27
76 118
76 63
76 78
76 140
131 59
131 134
131 135
131 121
131 61
131 107
131 186
131 97
131 130
131 132
131 147
131 151
131 188
131 137
131 200
131 85
131 56
131 21
131 37
131 16
131 129
131 127
131 92
131 102
131 25
131 178
131 32
131 175
131 126
131 27
131 43
131 187
131 118
131 146
131 84
131 194
131 94
131 39
131 73
117 100
117 91
117 168
117 109
117 177
117 34
117 139
117 33
117 132
117 147
117 153
117 151
117 137
117 74
117 57
117 58
117 51
117 37
117 16
117 164
117 155
117 158
117 111
117 92
117 178
117 32
117 23
117 27
117 66
117 63
117 146
117 174
117 101
117 194
117 24
100 142
100 109
100 125
100 38
100 55
100 186
100 130
100 173
100 2
100 166
100 74
100 85
100 120
100 82
100 21
100 51
100 37
100 16
100 7
100 158
100 102
100 32
100 175
100 126
100 193
100 43
100 187
100 110
100 101
100 50
100 24
100 20
100 73
91 143
91 142
91 165
91 109
91 135
91 160
91 38
91 149
91 119
91 33
91 132
91 152
91 188
91 183
91 137
91 74
91 85
91 176
91 120
91 82
91 26
91 21
91 105
91 189
91 9
91 7
91 155
91 127
91 161
91 111
91 102
91 192
91 141
91 123
91 43
91 110
91 146
91 101
91 24
91 94
91 35
143 49
143 142
143 96
143 134
143 109
143 135
143 61
143 119
143 166
143 153
143 152
143 120
143 81
143 56
143 26
143 60
143 189
143 4
143 161
143 92
143 102
143 25
143 32
143 27
143 193
143 66
143 187
143 174
143 140
143 94
143 28
49 59
49 96
49 34
49 97
49 8
49 33
49 197
49 2
49 47
49 137
49 57
49 195
49 176
49 120
49 87
49 26
49 21
49 105
49 169
49 80
49 16
49 9
49 7
49 161
49 102
49 23
49 40
49 175
49 104
49 118
49 190
49 174
49 78
49 101
49 35
49 28
49 73
142 168
142 96
142 134
142 109
142 107
142 55
142 186
142 119
142 153
142 152
142 137
142 85
142 195
142 176
142 120
142 26
142 105
142 51
142 37
142 9
142 4
142 7
142 155
142 127
142 92
142 32
142 126
142 118
142 110
142 146
142 84
142 190
142 50
142 140
142 24
142 35
142 39
165 59
165 96
165 121
165 125
165 34
165 38
165 54
165 97
165 149
165 119
165 139
165 8
165 33
165 166
165 147
165 152
165 47
165 188
165 183
165 137
165 85
165 82
165 87
165 51
165 158
165 192
165 19
165 141
165 126
165 118
165 63
165 146
165 190
165 174
165 101
165 194
165 35
165 44
165 20
59 109
59 177
59 160
59 34
59 55
59 54
59 15
59 89
59 139
59 33
59 197
59 166
59 128
59 188
59 108
59 183
59 74
59 200
59 195
59 58
59 81
59 56
59 169
59 60
59 51
59 80
59 111
59 92
59 25
59 113
59 123
59 193
59 63
59 146
59 190
59 78
59 140
59 24
59 39
59 20
168 61
168 160
168 54
168 130
168 119
168 151
168 108
168 137
168 81
168 56
168 80
168 189
168 7
168 111
168 102
168 25
168 141
168 175
168 126
168 45
168 193
168 187
168 110
168 84
168 174
168 101
168 50
168 140
168 20
168 73
96 177
96 61
96 160
96 38
96 54
96 15
96 97
96 89
96 139
96 33
96 166
96 151
96 152
96 47
96 183
96 200
96 82
96 105
96 169
96 51
96 129
96 92
96 102
96 25
96 178
96 19
96 126
96 193
96 43
96 190
96 78
96 194
96 24
96 94
96 39
96 44
96 73
96 14
134 109
134 121
134 160
134 15
134 139
134 8
134 197
134 2
134 151
134 128
134 137
134 74
134 176
134 120
134 21
134 37
134 164
134 127
134 161
134 158
134 111
134 141
134 64
134 45
134 66
134 118
134 110
134 24
134 44
109 135
109 121
109 181
109 54
109 119
109 139
109 8
109 132
109 47
109 108
109 183
109 137
109 200
109 120
109 81
109 87
109 21
109 105
109 51
109 16
109 9
109 4
109 155
109 127
109 111
109 92
109 102
109 25
109 178
109 32
109 141
109 40
109 123
109 193
109 66
109 78
109 140
109 35
109 44
109 20
109 73
177 107
177 160
177 125
177 34
177 15
177 97
177 89
177 149
177 197
177 132
177 2
177 47
177 195
177 176
177 120
177 56
177 105
177 51
177 189
177 9
177 161
177 158
177 102
177 192
177 113
177 32
177 23
177 141
177 40
177 123
177 64
177 45
177 193
177 66
177 187
177 84
177 190
177 174
177 78
177 101
177 50
177 39
177 44
177 73
177 14
135 121
135 61
135 186
135 89
135 130
135 119
135 8
135 2
135 166
135 147
135 128
135 47
135 188
135 85
135 56
135 26
135 60
135 4
135 7
135 164
135 155
135 127
135 161
135 178
135 113
135 32
135 175
135 27
135 43
135 118
135 50
135 24
135 35
135 20
121 61
121 160
121 34
121 38
121 186
121 149
121 130
121 173
121 33
121 132
121 166
121 147
121 153
121 152
121 188
121 137
121 74
121 195
121 120
121 82
121 26
121 189
121 9
121 172
121 158
121 102
121 25
121 178
121 141
121 123
121 64
121 43
121 118
121 63
121 194
121 35
121 44
61 160
61 55
61 54
61 15
61 8
61 197
61 166
61 128
61 47
61 188
61 108
61 183
61 176
61 58
61 81
61 56
61 105
61 37
61 9
61 129
61 161
61 111
61 92
61 102
61 192
61 32
61 141
61 64
61 193
61 43
61 63
61 190
61 194
61 24
61 94
61 39
61 20
61 73
61 14
107 160
107 125
107 15
107 89
107 173
107 33
107 197
107 2
107 166
107 152
107 74
107 195
107 58
107 81
107 82
107 80
107 9
107 4
107 172
107 155
107 111
107 19
107 104
107 174
107 50
107 140
107 24
107 35
107 44
107 28
107 20
181 89
181 173
181 119
181 33
181 2
181 166
181 151
181 128
181 188
181 108
181 137
181 74
181 85
181 58
181 56
181 26
181 21
181 16
181 9
181 4
181 129
181 161
181 113
181 126
181 123
181 104
181 118
181 194
181 50
181 35
181 39
181 44
181 20
160 34
160 97
160 89
160 149
160 130
160 8
160 197
160 132
160 47
160 183
160 85
160 87
160 56
160 105
160 16
160 7
160 155
160 92
160 102
160 23
160 175
160 126
160 104
160 64
160 45
160 193
160 43
160 187
160 84
160 101
160 140
160 24
160 94
160 39
160 44
160 28
160 20
160 73
125 55
125 54
125 89
125 130
125 119
125 33
125 2
125 147
125 153
125 128
125 183
125 200
125 176
125 58
125 81
125 56
125 26
125 105
125 16
125 7
125 164
125 155
125 127
125 158
125 92
125 113
125 32
125 19
125 40
125 104
125 45
125 187
125 84
125 174
125 194
125 140
125 24
125 94
125 73
34 186
34 54
34 15
34 97
34 89
34 173
34 139
34 132
34 147
34 153
34 151
34 188
34 195
34 58
34 81
34 87
34 105
34 51
34 189
34 16
34 164
34 129
34 161
34 92
34 192
34 23
34 40
34 175
34 123
34 118
34 101
34 24
34 94
34 44
34 28
38 97
38 89
38 119
38 2
38 166
38 147
38 151
38 47
38 137
38 200
38 176
38 120
38 81
38 82
38 56
38 21
38 51
38 189
38 155
38 25
38 32
38 126
38 123
38 104
38 45
38 193
38 118
38 63
38 84
38 190
38 78
38 140
38 44
38 14
55 186
55 149
55 132
55 147
55 128
55 47
55 74
55 57
55 58
55 120
55 56
55 21
55 60
55 51
55 189
55 7
55 111
55 25
55 192
55 32
55 19
55 141
55 126
55 64
55 193
55 63
55 146
55 174
55 101
55 194
55 28
55 14
186 97
186 130
186 8
186 33
186 132
186 2
186 153
186 152
186 128
186 47
186 108
186 74
186 57
186 87
186 60
186 189
186 9
186 7
186 164
186 155
186 111
186 102
186 32
186 175
186 27
186 123
186 64
186 45
186 66
186 187
186 63
186 84
186 194
186 140
186 24
186 73
54 97
54 89
54 149
54 173
54 119
54 197
54 108
54 183
54 58
54 87
54 26
54 105
54 169
54 51
54 37
54 7
54 113
54 32
54 19
54 141
54 27
54 45
54 66
54 118
54 110
54 190
54 50
54 94
54 44
54 20
15 97
15 89
15 149
15 166
15 128
15 47
15 108
15 183
15 200
15 195
15 120
15 56
15 26
15 60
15 51
15 37
15 189
15 16
15 4
15 25
15 178
15 141
15 175
15 27
15 123
15 104
15 193
15 43
15 66
15 118
15 63
15 146
15 190
15 101
15 39
15 28
15 20
15 14
97 89
97 130
97 139
97 8
97 33
97 132
97 128
97 188
97 108
97 74
97 57
97 176
97 120
97 26
97 105
97 51
97 37
97 189
97 7
97 172
97 129
97 155
97 102
97 25
97 178
97 113
97 23
97 27
97 45
97 63
97 110
97 84
97 190
97 194
97 50
97 24
97 44
97 28
97 20
97 73
89 149
89 173
89 119
89 188
89 74
89 57
89 85
89 120
89 82
89 169
89 37
89 9
89 7
89 172
89 155
89 127
89 158
89 111
89 92
89 25
89 27
89 123
89 45
89 43
89 66
89 118
89 84
89 101
149 166
149 147
149 128
149 47
149 188
149 137
149 58
149 120
149 21
149 105
149 60
149 16
149 9
149 172
149 129
149 161
149 92
149 25
149 113
149 27
149 123
149 63
149 84
149 190
149 44
149 28
149 14
130 119
130 197
130 153
130 151
130 128
130 74
130 57
130 85
130 120
130 26
130 21
130 60
130 189
130 164
130 172
130 155
130 127
130 161
130 25
130 113
130 32
130 19
130 126
130 123
130 64
130 63
130 146
130 84
130 174
130 50
130 35
130 39
130 28
130 73
173 33
173 188
173 200
173 85
173 176
173 58
173 87
173 56
173 60
173 189
173 9
173 164
173 129
173 113
173 32
173 23
173 123
173 43
173 110
173 190
173 174
173 101
173 35
173 39
173 28
173 14
119 33
119 197
119 166
119 153
119 128
119 47
119 137
119 57
119 85
119 195
119 58
119 120
119 87
119 21
119 60
119 80
119 189
119 155
119 158
119 102
119 113
119 19
119 141
119 27
119 64
119 43
119 63
119 110
119 146
119 194
119 50
119 94
119 73
139 33
139 152
139 137
139 200
139 195
139 81
139 105
139 51
139 7
139 155
139 127
139 111
139 19
139 23
139 141
139 126
139 27
139 193
139 66
139 187
139 118
139 146
139 84
139 174
139 94
139 39
8 132
8 2
8 166
8 153
8 47
8 183
8 57
8 195
8 120
8 87
8 21
8 169
8 60
8 51
8 16
8 164
8 129
8 161
8 92
8 141
8 175
8 126
8 104
8 66
8 187
8 84
8 190
8 174
8 94
8 44
8 14
33 166
33 151
33 128
33 47
33 188
33 183
33 81
33 82
33 56
33 169
33 60
33 80
33 9
33 4
33 172
33 155
33 161
33 158
33 111
33 178
33 32
33 40
33 104
33 193
33 63
33 110
33 146
33 94
33 35
33 39
197 132
197 151
197 152
197 108
197 137
197 74
197 200
197 82
197 56
197 21
197 105
197 80
197 189
197 164
197 129
197 161
197 158
197 141
197 27
197 64
197 193
197 66
197 118
197 110
197 101
197 50
197 24
197 14
132 2
132 57
132 85
132 195
132 176
132 58
132 81
132 87
132 56
132 21
132 60
132 37
132 16
132 4
132 129
132 127
132 161
132 92
132 102
132 19
132 175
132 126
132 123
132 104
132 64
132 193
132 63
132 110
132 101
132 194
132 140
132 35
132 20
132 14
2 166
2 147
2 47
2 188
2 183
2 195
2 176
2 120
2 82
2 169
2 51
2 37
2 16
2 9
2 7
2 164
2 172
2 129
2 155
2 111
2 192
2 178
2 113
2 141
2 40
2 126
2 27
2 104
2 63
2 110
2 78
2 101
2 35
2 39
166 151
166 152
166 47
166 85
166 58
166 21
166 60
166 80
166 4
166 7
166 172
166 161
166 158
166 92
166 25
166 113
166 32
166 19
166 23
166 126
166 64
166 43
166 66
166 187
166 78
166 194
166 35
166 28
147 151
147 152
147 47
147 188
147 74
147 57
147 85
147 176
147 120
147 82
147 26
147 21
147 105
147 51
147 80
147 37
147 16
147 9
147 7
147 172
147 129
147 161
147 92
147 102
147 178
147 113
147 19
147 141
147 104
147 187
147 63
147 110
147 84
147 190
147 101
147 194
147 35
147 44
147 14
153 151
153 128
153 47
153 108
153 183
153 195
153 105
153 169
153 51
153 80
153 16
153 155
153 127
153 158
153 25
153 113
153 32
153 23
153 175
153 123
153 45
153 66
153 63
153 110
153 190
153 174
153 78
153 50
153 94
153 39
153 44
153 28
153 20
153 14
151 188
151 183
151 58
151 81
151 82
151 87
151 26
151 105
151 169
151 4
151 7
151 129
151 127
151 158
151 192
151 32
151 19
151 23
151 40
151 126
151 193
151 66
151 118
151 84
151 78
151 194
151 50
151 140
151 24
151 28
151 73
151 14
152 47
152 137
152 74
152 57
152 195
152 176
152 58
152 87
152 105
152 51
152 37
152 9
152 164
152 172
152 129
152 155
152 127
152 92
152 102
152 25
152 192
152 178
152 113
152 23
152 175
152 126
152 45
152 193
152 187
152 63
152 84
152 94
152 39
152 44
152 20
152 14
128 188
128 74
128 200
128 120
128 87
128 26
128 21
128 105
128 60
128 51
128 37
128 16
128 9
128 164
128 129
128 155
128 161
128 158
128 92
128 25
128 19
128 23
128 175
128 126
128 27
128 64
128 43
128 66
128 118
128 84
128 190
128 78
128 140
128 24
47 188
47 108
47 183
47 137
47 74
47 57
47 195
47 176
47 58
47 87
47 56
47 169
47 60
47 37
47 16
47 9
47 7
47 164
47 129
47 111
47 92
47 102
47 25
47 192
47 32
47 23
47 40
47 27
47 193
47 66
47 110
47 146
47 190
47 50
47 35
47 39
47 73
188 108
188 137
188 74
188 176
188 81
188 56
188 26
188 21
188 169
188 80
188 37
188 16
188 9
188 4
188 164
188 129
188 127
188 161
188 92
188 102
188 19
188 175
188 126
188 123
188 104
188 193
188 43
188 187
188 110
188 174
188 78
188 101
188 50
188 94
188 44
188 28
108 57
108 176
108 81
108 87
108 169
108 51
108 80
108 37
108 172
108 158
108 192
108 113
108 19
108 141
108 123
108 66
108 187
108 110
108 146
108 84
108 190
108 174
108 78
108 101
108 194
108 44
183 57
183 176
183 58
183 81
183 56
183 26
183 21
183 51
183 37
183 189
183 7
183 172
183 129
183 155
183 127
183 92
183 102
183 192
183 32
183 141
183 126
183 64
183 45
183 187
183 118
183 110
183 146
183 194
183 50
183 94
183 35
183 39
137 74
137 57
137 195
137 58
137 120
137 81
137 82
137 26
137 105
137 169
137 51
137 80
137 189
137 16
137 9
137 172
137 155
137 127
137 102
137 32
137 175
137 126
137 123
137 43
137 63
137 146
137 84
137 190
137 78
137 194
137 140
137 35
137 28
137 20
137 73
74 57
74 176
74 81
74 87
74 56
74 26
74 169
74 51
74 189
74 16
74 9
74 127
74 161
74 158
74 111
74 92
74 102
74 178
74 19
74 23
74 175
74 126
74 27
74 123
74 64
74 193
74 43
74 66
74 187
74 118
74 110
74 146
74 190
74 140
74 94
74 28
74 20
74 73
200 195
200 58
200 120
200 81
200 82
200 80
200 37
200 189
200 4
200 164
200 155
200 92
200 102
200 192
200 126
200 64
200 45
200 43
200 187
200 118
200 110
200 146
200 84
200 190
200 194
200 140
200 94
200 44
200 28
200 73
57 85
57 195
57 81
57 87
57 26
57 105
57 169
57 51
57 80
57 37
57 16
57 9
57 7
57 172
57 127
57 158
57 102
57 113
57 23
57 175
57 104
57 45
57 66
57 187
57 118
57 110
57 84
57 174
57 78
57 194
57 140
57 44
57 28
57 20
57 73
57 14
85 176
85 58
85 120
85 82
85 26
85 21
85 60
85 51
85 4
85 172
85 129
85 127
85 158
85 92
85 25
85 192
85 178
85 175
85 118
85 110
85 146
85 84
85 50
85 24
85 44
85 73
195 58
195 120
195 81
195 82
195 87
195 26
195 21
195 105
195 51
195 189
195 16
195 4
195 129
195 155
195 161
195 158
195 111
195 25
195 19
195 141
195 123
195 64
195 193
195 187
195 118
195 63
195 146
195 101
195 24
195 94
195 35
195 44
195 14
176 58
176 120
176 81
176 21
176 169
176 80
176 189
176 9
176 155
176 158
176 111
176 92
176 102
176 32
176 19
176 23
176 141
176 27
176 66
176 187
176 146
176 84
176 194
176 24
176 94
176 35
176 44
176 28
58 81
58 56
58 26
58 21
58 105
58 169
58 51
58 80
58 37
58 189
58 4
58 172
58 129
58 155
58 127
58 161
58 102
58 25
58 113
58 19
58 40
58 175
58 126
58 123
58 64
58 193
58 66
58 187
58 118
58 84
58 190
58 78
58 24
58 35
58 44
58 20
120 81
120 82
120 56
120 26
120 60
120 80
120 16
120 9
120 164
120 172
120 155
120 161
120 158
120 111
120 102
120 23
120 141
120 40
120 175
120 27
120 104
120 43
120 66
120 63
120 146
120 84
120 190
120 174
120 78
120 50
120 140
120 24
120 35
120 44
120 28
120 14
81 82
81 21
81 105
81 60
81 37
81 172
81 155
81 158
81 111
81 25
81 192
81 178
81 113
81 175
81 27
81 104
81 66
81 187
81 63
81 174
81 78
81 101
81 194
81 140
81 94
81 35
81 44
81 28
81 73
82 56
82 105
82 169
82 60
82 9
82 7
82 172
82 161
82 102
82 25
82 192
82 178
82 141
82 104
82 45
82 193
82 66
82 187
82 118
82 63
82 190
82 78
82 194
82 140
82 24
82 94
82 39
82 28
82 73
87 60
87 16
87 9
87 4
87 164
87 161
87 111
87 92
87 102
87 113
87 19
87 27
87 123
87 64
87 45
87 66
87 84
87 190
87 174
87 50
87 24
87 35
87 39
87 20
87 14
56 169
56 60
56 51
56 37
56 189
56 9
56 7
56 164
56 172
56 127
56 161
56 102
56 25
56 113
56 32
56 19
56 141
56 40
56 175
56 126
56 123
56 104
56 45
56 193
56 43
56 63
56 84
56 174
56 78
56 101
56 24
56 44
56 28
26 21
26 105
26 164
26 155
26 127
26 111
26 92
26 102
26 192
26 32
26 19
26 23
26 40
26 175
26 126
26 104
26 64
26 45
26 187
26 146
26 174
26 78
26 140
26 35
26 39
26 44
26 28
26 20
26 14
21 105
21 51
21 80
21 189
21 9
21 7
21 164
21 172
21 127
21 161
21 158
21 92
21 102
21 25
21 192
21 178
21 19
21 40
21 126
21 123
21 104
21 64
21 45
21 118
21 63
21 84
21 190
21 174
21 78
21 101
21 194
21 50
21 24
21 94
21 73
21 14
105 169
105 60
105 51
105 80
105 37
105 189
105 16
105 4
105 7
105 164
105 172
105 155
105 161
105 158
105 192
105 113
105 32
105 23
105 141
105 40
105 126
105 27
105 123
105 64
105 45
105 193
105 187
105 63
105 190
105 78
105 101
105 194
105 50
105 140
105 24
105 94
105 44
105 28
105 20
169 60
169 51
169 189
169 16
169 4
169 164
169 172
169 129
169 161
169 158
169 25
169 178
169 113
169 23
169 141
169 40
169 175
169 126
169 27
169 64
169 45
169 193
169 66
169 187
169 110
169 146
169 84
169 101
169 194
169 140
169 20
169 73
169 14
60 51
60 37
60 189
60 172
60 161
60 158
60 102
60 178
60 175
60 126
60 27
60 104
60 64
60 45
60 193
60 66
60 110
60 146
60 84
60 101
60 194
60 50
60 140
60 24
60 94
60 35
60 44
60 28
60 20
60 73
51 37
51 16
51 9
51 4
51 172
51 129
51 155
51 127
51 161
51 111
51 92
51 178
51 141
51 40
51 126
51 27
51 123
51 104
51 64
51 193
51 43
51 66
51 118
51 63
51 110
51 84
51 190
51 174
51 101
51 140
51 24
51 94
51 35
51 28
51 73
80 37
80 189
80 16
80 9
80 4
80 7
80 164
80 129
80 161
80 158
80 92
80 25
80 178
80 23
80 27
80 104
80 64
80 45
80 66
80 118
80 63
80 110
80 146
80 84
80 174
80 101
80 140
80 35
80 39
80 44
80 14
37 189
37 9
37 7
37 172
37 127
37 161
37 158
37 111
37 92
37 102
37 25
37 32
37 141
37 175
37 126
37 64
37 45
37 43
37 66
37 187
37 63
37 110
37 84
37 190
37 101
37 194
37 50
37 140
37 24
37 94
37 35
37 44
37 14
189 7
189 164
189 172
189 129
189 158
189 111
189 92
189 25
189 178
189 113
189 19
189 23
189 40
189 27
189 104
189 64
189 43
189 66
189 187
189 63
189 190
189 101
189 194
189 94
189 35
189 39
189 44
189 73
16 9
16 4
16 129
16 155
16 158
16 111
16 92
16 178
16 32
16 175
16 126
16 27
16 123
16 104
16 64
16 45
16 43
16 66
16 187
16 118
16 110
16 190
16 174
16 101
16 194
16 140
16 24
16 94
16 35
16 39
16 20
16 14
9 164
9 172
9 127
9 158
9 111
9 102
9 25
9 192
9 113
9 175
9 27
9 123
9 64
9 45
9 118
9 146
9 84
9 190
9 174
9 50
9 140
9 24
9 35
9 39
9 44
9 20
9 73
9 14
4 7
4 164
4 172
4 129
4 155
4 127
4 111
4 102
4 25
4 113
4 19
4 141
4 40
4 126
4 193
4 43
4 66
4 63
4 110
4 190
4 24
4 94
4 44
7 164
7 129
7 127
7 161
7 158
7 92
7 102
7 113
7 32
7 19
7 23
7 40
7 126
7 27
7 123
7 104
7 64
7 43
7 66
7 187
7 146
7 84
7 190
7 174
7 78
7 50
7 140
7 24
7 39
7 44
7 28
7 73
7 14
164 172
164 129
164 127
164 161
164 158
164 102
164 178
164 32
164 23
164 141
164 126
164 123
164 45
164 43
164 118
164 110
164 84
164 78
164 101
164 194
164 24
164 94
164 44
164 20
164 14
172 129
172 127
172 161
172 158
172 111
172 92
172 102
172 25
172 192
172 178
172 113
172 32
172 23
172 40
172 175
172 126
172 104
172 64
172 193
172 66
172 118
172 110
172 146
172 84
172 190
172 174
172 101
172 194
172 50
172 24
172 39
172 73
129 127
129 161
129 92
129 25
129 192
129 178
129 23
129 40
129 175
129 123
129 64
129 45
129 43
129 66
129 187
129 118
129 110
129 146
129 84
129 174
129 78
129 101
129 50
129 140
129 24
129 39
129 28
129 20
129 73
129 14
155 127
155 161
155 25
155 192
155 178
155 113
155 19
155 141
155 27
155 104
155 64
155 45
155 193
155 187
155 174
155 101
155 140
155 24
155 94
155 35
155 39
155 44
155 20
155 73
155 14
127 111
127 92
127 102
127 25
127 192
127 178
127 113
127 23
127 141
127 40
127 27
127 45
127 43
127 187
127 118
127 63
127 84
127 78
127 140
127 24
127 35
127 39
127 28
127 73
161 158
161 111
161 92
161 102
161 178
161 113
161 32
161 23
161 141
161 175
161 126
161 64
161 45
161 43
161 66
161 187
161 190
161 174
161 78
161 101
161 194
161 50
161 24
161 94
161 35
161 39
161 28
161 20
158 111
158 92
158 102
158 192
158 178
158 19
158 23
158 40
158 175
158 27
158 104
158 45
158 193
158 43
158 187
158 118
158 63
158 190
158 78
158 194
158 50
158 24
158 94
158 35
158 39
158 44
158 28
158 20
158 14
111 92
111 102
111 25
111 178
111 32
111 23
111 141
111 40
111 126
111 27
111 123
111 104
111 43
111 66
111 187
111 118
111 63
111 110
111 146
111 190
111 174
111 101
111 194
111 35
111 39
111 28
111 14
92 102
92 178
92 113
92 40
92 175
92 126
92 27
92 45
92 193
92 43
92 66
92 187
92 118
92 63
92 110
92 146
92 84
92 190
92 194
92 140
92 94
92 35
92 39
92 28
92 20
92 14
102 25
102 192
102 113
102 23
102 141
102 40
102 175
102 126
102 27
102 123
102 104
102 64
102 193
102 66
102 187
102 118
102 63
102 110
102 84
102 190
102 174
102 78
102 101
102 24
102 44
102 28
102 20
102 73
102 14
25 192
25 178
25 32
25 19
25 141
25 175
25 126
25 27
25 123
25 104
25 64
25 45
25 193
25 43
25 187
25 118
25 63
25 110
25 146
25 84
25 190
25 174
25 194
25 140
25 24
25 94
25 35
25 28
25 20
25 73
25 14
192 178
192 113
192 32
192 19
192 141
192 40
192 126
192 104
192 64
192 45
192 66
192 187
192 118
192 63
192 110
192 146
192 190
192 78
192 101
192 194
192 140
192 94
192 35
192 39
192 44
192 28
192 14
178 19
178 23
178 141
178 126
178 27
178 104
178 64
178 193
178 187
178 118
178 63
178 110
178 84
178 78
178 101
178 50
178 24
178 44
178 20
178 14
113 19
113 23
113 141
113 40
113 126
113 123
113 104
113 64
113 193
113 43
113 118
113 110
113 84
113 190
113 174
113 78
113 101
113 50
113 140
113 94
113 35
113 39
113 20
113 73
113 14
32 19
32 23
32 141
32 40
32 175
32 123
32 104
32 64
32 45
32 66
32 187
32 63
32 78
32 101
32 50
32 24
32 94
32 39
32 73
32 14
19 23
19 40
19 175
19 126
19 193
19 43
19 66
19 110
19 146
19 84
19 190
19 174
19 78
19 101
19 194
19 50
19 140
19 24
19 94
19 35
19 39
19 44
19 28
19 20
19 73
19 14
23 141
23 175
23 126
23 123
23 104
23 64
23 45
23 193
23 43
23 66
23 118
23 63
23 110
23 146
23 84
23 190
23 174
23 78
23 101
23 194
23 50
23 140
23 24
23 94
23 35
23 39
23 44
23 28
23 73
23 14
141 40
141 175
141 126
141 27
141 123
141 104
141 64
141 45
141 43
141 118
141 110
141 146
141 84
141 190
141 174
141 78
141 194
141 50
141 24
141 94
141 35
141 39
141 44
141 20
141 14
40 175
40 27
40 123
40 104
40 193
40 43
40 66
40 63
40 110
40 146
40 84
40 190
40 174
40 78
40 194
40 50
40 24
40 35
40 39
40 44
40 28
40 20
40 73
175 126
175 27
175 123
175 64
175 193
175 66
175 118
175 63
175 110
175 190
175 101
175 194
175 50
175 140
175 24
175 39
175 44
175 28
175 14
126 27
126 104
126 64
126 45
126 193
126 43
126 66
126 118
126 63
126 146
126 78
126 101
126 194
126 50
126 140
126 24
126 94
126 35
126 39
126 28
126 73
126 14
27 123
27 104
27 45
27 187
27 118
27 63
27 110
27 146
27 84
27 174
27 78
27 194
27 50
27 140
27 94
27 35
27 73
27 14
123 64
123 45
123 193
123 43
123 66
123 187
123 118
123 63
123 110
123 146
123 84
123 190
123 174
123 101
123 194
123 140
123 35
123 39
123 44
123 28
123 20
123 14
104 64
104 45
104 193
104 43
104 187
104 63
104 110
104 146
104 84
104 190
104 174
104 78
104 101
104 50
104 24
104 94
104 35
104 39
104 44
104 28
104 20
104 73
64 45
64 193
64 43
64 66
64 187
64 63
64 110
64 146
64 190
64 174
64 101
64 194
64 50
64 35
64 39
64 28
64 20
64 73
64 14
45 43
45 66
45 187
45 118
45 63
45 110
45 146
45 190
45 174
45 101
45 194
45 50
45 140
45 24
45 35
45 20
45 14
193 43
193 66
193 187
193 63
193 110
193 146
193 84
193 190
193 174
193 194
193 50
193 140
193 24
193 94
193 35
193 39
193 44
193 28
193 73
193 14
43 187
43 118
43 63
43 110
43 84
43 190
43 174
43 78
43 194
43 24
43 35
43 39
43 44
43 28
43 20
43 14
66 187
66 118
66 63
66 110
66 146
66 84
66 190
66 78
66 50
66 140
66 24
66 39
66 28
66 20
66 73
66 14
187 118
187 110
187 146
187 84
187 190
187 174
187 78
187 194
187 50
187 140
187 24
187 35
187 39
187 44
187 28
187 20
187 73
118 63
118 110
118 146
118 84
118 190
118 174
118 78
118 101
118 194
118 50
118 140
118 94
118 35
118 39
118 28
118 20
118 73
118 14
63 110
63 146
63 84
63 190
63 174
63 78
63 101
63 194
63 50
63 140
63 24
63 94
63 35
63 39
63 28
63 20
63 73
63 14
110 146
110 84
110 190
110 174
110 78
110 101
110 194
110 50
110 140
110 24
110 35
110 39
110 44
110 28
110 20
110 73
146 84
146 174
146 78
146 101
146 194
146 50
146 140
146 24
146 94
146 35
146 44
146 28
146 20
146 14
84 190
84 174
84 78
84 101
84 194
84 50
84 140
84 24
84 94
84 39
84 44
84 28
84 20
84 73
84 14
190 174
190 78
190 101
190 194
190 50
190 140
190 24
190 94
190 35
190 39
190 28
190 20
190 73
190 14
174 78
174 101
174 194
174 50
174 140
174 24
174 94
174 35
174 39
174 44
174 28
174 20
174 73
174 14
78 101
78 194
78 50
78 140
78 24
78 94
78 35
78 39
78 44
78 28
78 20
78 14
101 194
101 50
101 140
101 24
101 94
101 39
101 44
101 28
101 20
101 73
101 14
194 50
194 140
194 24
194 94
194 35
194 39
194 44
194 28
194 20
194 73
194 14
50 140
50 24
50 94
50 35
50 39
50 44
50 28
50 20
50 73
50 14
140 24
140 94
140 35
140 39
140 44
140 28
140 20
140 73
140 14
24 94
24 35
24 39
24 44
24 28
24 20
24 73
24 14
94 35
94 39
94 44
94 28
94 20
94 73
94 14
35 39
35 44
35 28
35 20
35 73
35 14
39 44
39 28
39 20
39 73
39 14
44 28
44 20
44 73
44 14
28 20
28 73
28 14
20 73
20 14
73 14
