30 106
1 4
1 16
1 24
1 25
1 29
2 12
2 13
2 17
3 10
3 24
3 25
4 10
4 23
4 28
5 21
5 27
5 29
6 10
6 15
6 18
6 23
6 28
7 12
7 15
7 16
7 17
7 20
7 30
8 10
8 19
8 21
8 25
8 26
8 27
8 30
9 11
9 12
9 26
10 19
10 20
10 24
10 27
11 13
11 15
11 19
11 24
12 15
12 19
12 23
12 26
12 30
13 15
13 17
13 30
14 20
14 24
14 29
15 25
15 29
15 30
16 18
16 23
16 25
16 28
16 29
17 19
17 25
17 29
18 23
18 28
19 21
19 22
19 24
19 25
19 26
19 28
19 29
20 21
20 22
20 23
20 26
20 30
21 27
21 28
22 23
22 24
22 26
22 30
23 24
23 27
23 29
24 25
24 29
24 30
25 26
25 27
25 28
25 30
26 28
26 29
26 30
27 29
27 30
28 29
28 30
29 30
30 106
17 9
17 30
17 13
17 20
17 27
10 3
10 11
10 2
18 29
18 13
18 20
9 29
9 16
9 6
26 19
26 25
26 27
12 29
12 7
12 15
12 16
12 6
24 3
24 7
24 30
24 2
24 14
24 5
1 29
1 22
1 19
1 20
1 21
1 25
1 5
23 8
23 3
23 21
29 22
29 14
29 13
29 25
8 11
8 7
8 22
8 13
3 7
3 22
3 16
3 21
3 5
11 7
11 2
11 5
4 14
4 13
4 27
7 20
7 27
7 5
30 15
30 16
30 20
30 6
30 27
2 22
2 20
2 27
15 16
15 6
22 19
22 28
22 13
22 20
22 21
22 6
22 27
14 19
14 28
14 16
14 21
14 5
19 25
19 6
28 16
28 13
28 21
28 5
16 13
16 25
16 27
13 20
13 27
13 5
20 21
20 25
20 6
20 5
21 6
21 27
21 5
25 27
25 5
6 27
6 5
27 5
