210 5934
1 7
1 11
1 14
1 45
1 48
1 51
1 52
1 55
1 59
1 61
1 63
1 64
1 74
1 75
1 78
1 85
1 103
1 115
1 118
1 119
1 123
1 128
1 132
1 139
1 140
1 142
1 143
1 151
1 162
1 175
1 186
1 187
1 190
1 191
1 194
1 195
1 205
1 206
2 8
2 38
2 47
2 54
2 62
2 66
2 67
2 71
2 77
2 89
2 90
2 91
2 101
2 107
2 110
2 111
2 120
2 121
2 124
2 126
2 131
2 138
2 139
2 141
2 148
2 156
2 162
2 175
2 183
2 191
2 192
2 194
2 196
3 13
3 20
3 23
3 26
3 40
3 42
3 51
3 52
3 59
3 63
3 80
3 89
3 104
3 119
3 122
3 136
3 137
3 140
3 165
3 172
3 185
3 193
3 202
4 6
4 23
4 28
4 32
4 35
4 47
4 50
4 53
4 56
4 64
4 70
4 82
4 89
4 90
4 92
4 96
4 97
4 106
4 144
4 150
4 174
4 187
4 189
4 190
4 194
4 203
4 210
5 15
5 27
5 29
5 38
5 42
5 47
5 52
5 56
5 59
5 66
5 76
5 83
5 89
5 91
5 93
5 94
5 113
5 114
5 118
5 127
5 138
5 142
5 149
5 151
5 156
5 157
5 162
5 166
5 175
5 189
5 198
5 202
5 206
5 210
6 8
6 11
6 12
6 20
6 22
6 37
6 43
6 45
6 52
6 53
6 60
6 61
6 64
6 72
6 82
6 91
6 93
6 94
6 99
6 109
6 112
6 118
6 125
6 129
6 131
6 133
6 138
6 139
6 149
6 151
6 154
6 156
6 159
6 162
6 164
6 168
6 171
6 177
6 181
6 182
6 187
7 11
7 12
7 19
7 23
7 29
7 34
7 40
7 43
7 44
7 52
7 57
7 60
7 68
7 81
7 87
7 88
7 100
7 104
7 107
7 110
7 135
7 140
7 141
7 142
7 143
7 147
7 153
7 155
7 159
7 164
7 166
7 168
7 175
7 177
7 182
7 187
7 190
7 192
7 193
7 198
7 201
8 13
8 18
8 19
8 21
8 27
8 31
8 36
8 40
8 41
8 52
8 61
8 67
8 71
8 73
8 86
8 87
8 95
8 96
8 99
8 114
8 125
8 133
8 135
8 136
8 140
8 147
8 159
8 161
8 162
8 165
8 169
8 174
8 177
8 180
8 184
8 185
8 186
8 188
8 202
8 205
8 209
9 16
9 37
9 38
9 40
9 50
9 53
9 61
9 62
9 71
9 74
9 92
9 100
9 105
9 106
9 108
9 110
9 114
9 122
9 124
9 126
9 129
9 139
9 150
9 153
9 155
9 156
9 164
9 167
9 169
9 175
9 177
9 179
9 188
9 194
9 204
9 207
9 210
10 25
10 27
10 40
10 42
10 51
10 53
10 54
10 55
10 60
10 72
10 76
10 77
10 79
10 87
10 92
10 95
10 98
10 101
10 109
10 112
10 117
10 128
10 131
10 133
10 135
10 137
10 140
10 141
10 144
10 148
10 151
10 154
10 162
10 165
10 168
10 174
10 179
10 181
10 200
10 207
11 14
11 18
11 19
11 21
11 36
11 37
11 39
11 44
11 45
11 48
11 57
11 64
11 65
11 67
11 76
11 77
11 83
11 85
11 98
11 101
11 139
11 142
11 147
11 148
11 154
11 163
11 166
11 172
11 177
11 178
11 180
11 184
11 188
11 196
11 203
11 204
11 207
12 13
12 14
12 21
12 23
12 24
12 37
12 38
12 41
12 47
12 48
12 58
12 62
12 66
12 67
12 75
12 79
12 86
12 88
12 89
12 94
12 106
12 124
12 129
12 132
12 144
12 145
12 148
12 149
12 151
12 157
12 162
12 164
12 176
12 182
12 185
12 191
12 193
12 196
12 204
12 206
12 207
13 16
13 21
13 38
13 60
13 66
13 69
13 76
13 85
13 86
13 87
13 103
13 108
13 118
13 122
13 131
13 136
13 137
13 145
13 154
13 176
13 177
13 180
13 181
13 188
13 189
13 195
13 210
14 23
14 25
14 27
14 34
14 35
14 41
14 47
14 53
14 61
14 71
14 75
14 79
14 84
14 93
14 100
14 103
14 120
14 124
14 126
14 127
14 130
14 138
14 145
14 161
14 163
14 166
14 173
14 182
14 186
14 188
14 189
14 203
15 31
15 40
15 50
15 54
15 69
15 74
15 108
15 131
15 132
15 153
15 155
15 160
15 172
15 177
15 180
15 185
15 188
15 192
15 193
15 195
15 199
15 202
15 207
16 17
16 22
16 25
16 29
16 35
16 49
16 50
16 51
16 54
16 64
16 72
16 76
16 79
16 83
16 84
16 85
16 86
16 92
16 101
16 105
16 106
16 118
16 120
16 122
16 131
16 137
16 138
16 145
16 157
16 173
16 174
16 177
16 180
16 187
16 191
16 196
16 199
16 205
16 208
16 210
17 22
17 28
17 33
17 62
17 68
17 74
17 95
17 102
17 108
17 115
17 119
17 120
17 130
17 132
17 139
17 140
17 156
17 160
17 164
17 170
17 176
17 179
17 184
17 191
17 196
17 202
17 203
17 207
18 50
18 53
18 66
18 70
18 76
18 85
18 92
18 112
18 114
18 120
18 127
18 128
18 139
18 141
18 151
18 152
18 163
18 178
18 189
18 191
18 194
18 204
18 208
19 27
19 35
19 39
19 45
19 47
19 51
19 55
19 57
19 63
19 68
19 78
19 85
19 86
19 99
19 111
19 112
19 116
19 117
19 119
19 123
19 124
19 125
19 139
19 147
19 151
19 153
19 154
19 156
19 158
19 166
19 169
19 174
19 178
19 182
19 183
19 188
19 190
19 195
19 197
19 198
19 199
19 205
19 210
20 32
20 37
20 40
20 50
20 60
20 71
20 85
20 90
20 92
20 105
20 119
20 121
20 126
20 135
20 138
20 154
20 155
20 156
20 160
20 170
20 174
20 182
20 194
20 196
21 31
21 39
21 49
21 51
21 61
21 62
21 75
21 79
21 80
21 83
21 87
21 115
21 118
21 132
21 135
21 136
21 141
21 146
21 148
21 151
21 153
21 157
21 159
21 162
21 163
21 172
21 177
21 179
21 180
21 198
22 28
22 42
22 47
22 60
22 68
22 72
22 74
22 78
22 87
22 90
22 93
22 97
22 105
22 109
22 127
22 130
22 144
22 149
22 150
22 152
22 153
22 161
22 165
22 167
22 178
22 184
22 186
22 190
22 194
22 195
22 203
22 206
23 37
23 39
23 46
23 64
23 66
23 67
23 73
23 74
23 81
23 87
23 91
23 93
23 103
23 105
23 109
23 116
23 119
23 128
23 131
23 134
23 137
23 138
23 146
23 152
23 162
23 163
23 165
23 168
23 169
23 175
23 189
23 192
23 197
23 203
23 207
23 208
24 25
24 33
24 36
24 43
24 45
24 49
24 50
24 56
24 58
24 64
24 66
24 81
24 82
24 83
24 91
24 96
24 98
24 105
24 109
24 111
24 113
24 115
24 121
24 131
24 137
24 140
24 142
24 144
24 146
24 150
24 152
24 155
24 158
24 159
24 161
24 163
24 165
24 166
24 177
24 183
24 193
24 194
24 195
24 196
24 202
24 205
25 31
25 32
25 36
25 43
25 44
25 49
25 56
25 63
25 65
25 75
25 91
25 93
25 95
25 103
25 109
25 119
25 129
25 131
25 143
25 155
25 162
25 165
25 167
25 188
25 190
25 199
25 205
25 209
25 210
26 35
26 52
26 54
26 58
26 62
26 66
26 69
26 76
26 78
26 80
26 81
26 82
26 89
26 90
26 95
26 100
26 101
26 125
26 126
26 132
26 138
26 142
26 144
26 149
26 163
26 168
26 173
26 178
26 188
26 195
26 198
26 205
27 31
27 32
27 35
27 46
27 58
27 65
27 66
27 70
27 78
27 85
27 87
27 90
27 92
27 94
27 96
27 98
27 113
27 114
27 118
27 126
27 138
27 149
27 155
27 158
27 160
27 163
27 165
27 173
27 174
27 175
27 183
27 195
27 196
27 197
27 199
28 34
28 40
28 42
28 52
28 53
28 58
28 64
28 72
28 74
28 80
28 82
28 83
28 90
28 92
28 102
28 109
28 120
28 121
28 129
28 130
28 136
28 137
28 139
28 153
28 158
28 163
28 172
28 193
28 196
28 202
28 203
28 204
28 205
28 208
28 209
28 210
29 37
29 41
29 53
29 58
29 64
29 65
29 66
29 67
29 69
29 81
29 92
29 99
29 107
29 126
29 127
29 133
29 142
29 143
29 144
29 145
29 156
29 163
29 186
29 190
29 209
30 33
30 35
30 36
30 43
30 51
30 53
30 58
30 62
30 66
30 70
30 72
30 86
30 88
30 92
30 114
30 120
30 124
30 132
30 133
30 137
30 140
30 143
30 145
30 146
30 151
30 166
30 172
30 201
30 207
31 35
31 39
31 43
31 60
31 62
31 65
31 69
31 75
31 77
31 79
31 81
31 84
31 92
31 109
31 113
31 115
31 124
31 130
31 134
31 140
31 142
31 145
31 150
31 152
31 154
31 160
31 161
31 162
31 170
31 171
31 175
31 203
31 209
31 210
32 35
32 37
32 51
32 59
32 67
32 72
32 75
32 76
32 77
32 87
32 88
32 90
32 91
32 92
32 95
32 102
32 109
32 112
32 113
32 116
32 123
32 124
32 125
32 127
32 135
32 158
32 166
32 172
32 174
32 178
32 180
32 181
32 182
32 185
32 189
32 193
32 194
32 195
32 198
32 203
32 204
32 208
33 36
33 39
33 41
33 43
33 53
33 55
33 61
33 77
33 86
33 92
33 97
33 99
33 111
33 115
33 116
33 131
33 132
33 135
33 141
33 154
33 157
33 158
33 161
33 175
33 184
33 190
33 192
33 194
33 197
33 199
34 35
34 52
34 53
34 56
34 73
34 84
34 87
34 96
34 104
34 105
34 116
34 117
34 120
34 122
34 123
34 125
34 134
34 142
34 145
34 149
34 159
34 160
34 161
34 164
34 166
34 167
34 169
34 170
34 171
34 176
34 187
34 197
34 199
34 205
34 206
35 42
35 51
35 56
35 57
35 69
35 72
35 77
35 81
35 99
35 104
35 109
35 117
35 124
35 126
35 127
35 128
35 138
35 142
35 154
35 162
35 164
35 167
35 168
35 171
35 172
35 174
35 177
35 183
35 194
35 203
35 206
36 46
36 50
36 58
36 62
36 64
36 75
36 79
36 89
36 98
36 109
36 110
36 111
36 116
36 118
36 119
36 123
36 124
36 126
36 136
36 137
36 142
36 143
36 145
36 150
36 151
36 153
36 166
36 169
36 183
36 197
36 200
36 201
36 205
36 208
36 209
37 40
37 44
37 47
37 48
37 52
37 54
37 56
37 57
37 60
37 62
37 73
37 81
37 83
37 88
37 90
37 95
37 96
37 98
37 100
37 106
37 107
37 108
37 112
37 126
37 129
37 131
37 135
37 145
37 154
37 158
37 160
37 165
37 169
37 174
37 176
37 177
37 178
37 183
37 196
37 202
37 203
37 204
37 206
37 210
38 59
38 62
38 67
38 72
38 76
38 77
38 82
38 86
38 87
38 90
38 93
38 95
38 96
38 98
38 102
38 104
38 113
38 114
38 115
38 122
38 123
38 127
38 137
38 139
38 141
38 157
38 162
38 179
38 183
38 184
38 185
38 186
38 194
38 195
38 196
38 200
38 202
38 208
39 40
39 47
39 49
39 50
39 53
39 54
39 62
39 70
39 75
39 77
39 83
39 84
39 87
39 94
39 95
39 97
39 104
39 105
39 106
39 109
39 111
39 114
39 124
39 135
39 143
39 149
39 157
39 174
39 177
39 183
39 188
39 192
39 202
39 203
39 206
39 209
40 42
40 63
40 80
40 83
40 90
40 92
40 97
40 98
40 101
40 119
40 124
40 140
40 141
40 145
40 148
40 160
40 170
40 182
40 184
40 192
40 194
40 196
40 205
41 44
41 45
41 52
41 53
41 62
41 76
41 77
41 86
41 87
41 97
41 106
41 119
41 129
41 133
41 137
41 145
41 147
41 154
41 155
41 157
41 164
41 166
41 177
41 178
41 187
41 192
41 195
42 47
42 48
42 50
42 58
42 59
42 67
42 68
42 69
42 71
42 79
42 81
42 83
42 86
42 89
42 91
42 95
42 100
42 103
42 114
42 119
42 131
42 145
42 148
42 152
42 156
42 165
42 167
42 174
42 183
42 191
42 194
42 197
42 199
42 205
43 50
43 58
43 75
43 87
43 91
43 100
43 114
43 115
43 117
43 122
43 128
43 146
43 152
43 173
43 174
43 179
43 180
43 183
43 189
43 201
43 203
43 204
43 205
43 208
44 52
44 57
44 62
44 65
44 68
44 69
44 70
44 73
44 76
44 80
44 83
44 88
44 98
44 102
44 109
44 119
44 123
44 134
44 139
44 146
44 153
44 164
44 178
44 184
44 186
44 195
44 196
44 200
44 208
45 49
45 52
45 55
45 60
45 63
45 71
45 76
45 80
45 81
45 86
45 91
45 121
45 122
45 126
45 132
45 136
45 152
45 156
45 159
45 161
45 167
45 171
45 187
45 191
45 196
45 197
45 210
46 86
46 97
46 99
46 100
46 103
46 112
46 114
46 115
46 121
46 125
46 126
46 130
46 131
46 133
46 134
46 140
46 141
46 150
46 152
46 154
46 158
46 160
46 167
46 170
46 171
46 175
46 176
46 179
46 183
46 189
46 191
46 195
46 209
47 52
47 63
47 67
47 76
47 77
47 81
47 94
47 99
47 120
47 129
47 133
47 137
47 138
47 143
47 153
47 158
47 165
47 166
47 173
47 177
47 178
47 179
47 184
47 190
47 196
47 197
47 201
47 205
48 60
48 77
48 83
48 91
48 92
48 97
48 98
48 100
48 103
48 105
48 110
48 114
48 115
48 118
48 120
48 124
48 129
48 132
48 134
48 135
48 145
48 147
48 149
48 150
48 151
48 164
48 165
48 181
48 187
48 188
48 194
48 196
48 202
48 203
48 208
48 210
49 60
49 62
49 73
49 80
49 82
49 86
49 90
49 92
49 99
49 104
49 112
49 113
49 119
49 134
49 149
49 164
49 170
49 174
49 175
49 179
49 183
49 187
49 191
49 198
49 202
49 205
49 208
49 209
50 53
50 55
50 64
50 68
50 71
50 73
50 75
50 80
50 87
50 88
50 89
50 90
50 94
50 98
50 101
50 104
50 109
50 113
50 116
50 117
50 125
50 126
50 132
50 133
50 136
50 140
50 143
50 144
50 151
50 152
50 153
50 154
50 155
50 160
50 163
50 166
50 168
50 171
50 173
50 176
50 177
50 178
50 188
50 198
50 199
51 53
51 57
51 64
51 76
51 80
51 82
51 83
51 84
51 85
51 97
51 103
51 107
51 111
51 116
51 117
51 118
51 124
51 136
51 139
51 144
51 148
51 149
51 156
51 159
51 163
51 169
51 173
51 175
51 180
51 182
51 188
51 191
51 198
51 200
51 210
52 54
52 61
52 63
52 66
52 68
52 71
52 72
52 76
52 81
52 83
52 89
52 92
52 104
52 105
52 106
52 108
52 112
52 113
52 114
52 115
52 120
52 122
52 124
52 138
52 145
52 147
52 153
52 155
52 167
52 171
52 175
52 178
52 189
52 195
52 197
52 199
52 208
52 209
53 63
53 65
53 68
53 72
53 79
53 81
53 82
53 83
53 92
53 94
53 107
53 108
53 109
53 120
53 126
53 128
53 130
53 138
53 143
53 161
53 167
53 170
53 172
53 176
53 180
53 181
53 183
53 184
53 190
53 191
53 193
53 194
53 197
53 200
53 203
53 204
53 207
54 55
54 57
54 61
54 63
54 65
54 81
54 88
54 91
54 93
54 97
54 98
54 100
54 103
54 110
54 119
54 120
54 122
54 123
54 145
54 147
54 148
54 149
54 157
54 163
54 173
54 175
54 181
54 182
54 187
54 188
54 201
54 206
55 57
55 62
55 71
55 74
55 75
55 81
55 82
55 88
55 89
55 92
55 95
55 96
55 98
55 103
55 106
55 109
55 114
55 115
55 117
55 120
55 122
55 123
55 124
55 129
55 130
55 133
55 138
55 142
55 144
55 149
55 151
55 152
55 154
55 155
55 162
55 163
55 177
55 178
55 180
55 182
55 183
55 184
55 189
55 191
55 194
55 196
55 198
55 203
55 205
56 59
56 70
56 74
56 75
56 91
56 92
56 104
56 111
56 113
56 114
56 132
56 139
56 145
56 146
56 150
56 156
56 168
56 172
56 176
56 184
56 185
56 189
56 191
56 192
56 195
56 199
56 200
56 201
56 203
56 204
57 63
57 70
57 77
57 79
57 81
57 84
57 88
57 100
57 101
57 103
57 105
57 108
57 115
57 123
57 126
57 127
57 128
57 130
57 132
57 134
57 140
57 141
57 146
57 157
57 161
57 163
57 168
57 170
57 180
57 183
57 184
57 190
57 193
57 194
57 195
57 210
58 85
58 91
58 97
58 100
58 102
58 105
58 110
58 119
58 127
58 132
58 137
58 139
58 142
58 146
58 148
58 152
58 157
58 159
58 160
58 163
58 165
58 171
58 177
58 178
58 179
58 184
58 187
58 195
58 197
58 203
58 205
58 207
58 208
58 209
59 68
59 72
59 81
59 96
59 100
59 103
59 107
59 113
59 114
59 118
59 130
59 132
59 136
59 140
59 141
59 146
59 148
59 151
59 153
59 162
59 166
59 169
59 174
59 175
59 176
59 179
59 186
59 195
60 73
60 76
60 78
60 85
60 88
60 92
60 94
60 95
60 97
60 100
60 105
60 106
60 107
60 110
60 115
60 119
60 121
60 122
60 129
60 135
60 139
60 144
60 146
60 147
60 149
60 150
60 153
60 160
60 161
60 178
60 181
60 182
60 185
60 187
60 188
60 189
60 190
60 191
60 194
60 198
60 200
60 209
61 62
61 73
61 88
61 106
61 111
61 112
61 115
61 116
61 123
61 128
61 129
61 130
61 133
61 134
61 136
61 138
61 143
61 152
61 156
61 158
61 162
61 163
61 169
61 174
61 180
61 182
61 186
61 192
61 195
61 199
61 205
62 65
62 67
62 72
62 84
62 95
62 99
62 101
62 106
62 107
62 121
62 125
62 131
62 132
62 139
62 140
62 142
62 144
62 147
62 154
62 156
62 164
62 166
62 171
62 172
62 175
62 181
62 190
62 199
63 67
63 82
63 83
63 85
63 86
63 87
63 89
63 93
63 96
63 104
63 109
63 118
63 122
63 124
63 126
63 130
63 131
63 132
63 140
63 149
63 150
63 157
63 158
63 159
63 165
63 169
63 170
63 177
63 187
63 195
63 197
63 201
63 204
63 208
63 209
63 210
64 68
64 72
64 82
64 100
64 115
64 121
64 131
64 142
64 147
64 150
64 152
64 153
64 160
64 168
64 177
64 178
64 186
64 188
64 189
64 198
64 202
64 204
64 207
65 70
65 80
65 82
65 86
65 87
65 88
65 96
65 113
65 122
65 123
65 126
65 129
65 137
65 141
65 146
65 148
65 155
65 156
65 159
65 160
65 161
65 163
65 166
65 170
65 171
65 175
65 176
65 187
65 191
65 193
65 199
65 204
65 205
65 209
66 74
66 75
66 76
66 77
66 80
66 84
66 86
66 88
66 93
66 94
66 95
66 101
66 106
66 110
66 112
66 121
66 122
66 123
66 133
66 138
66 143
66 144
66 147
66 150
66 159
66 160
66 165
66 173
66 175
66 176
66 190
66 194
66 195
66 204
66 210
67 70
67 73
67 80
67 85
67 87
67 90
67 101
67 109
67 111
67 120
67 122
67 123
67 124
67 126
67 127
67 134
67 141
67 144
67 162
67 164
67 166
67 180
67 181
67 189
67 192
67 195
67 197
67 198
67 200
67 202
67 203
67 207
68 70
68 76
68 77
68 79
68 83
68 88
68 97
68 100
68 103
68 115
68 117
68 119
68 124
68 129
68 150
68 151
68 153
68 159
68 164
68 165
68 169
68 173
68 174
68 175
68 183
68 192
68 200
68 202
68 204
68 208
69 72
69 79
69 80
69 83
69 92
69 94
69 98
69 103
69 107
69 108
69 109
69 113
69 115
69 117
69 133
69 138
69 144
69 147
69 149
69 156
69 161
69 162
69 165
69 166
69 177
69 179
69 180
69 182
69 194
69 198
69 202
69 209
70 75
70 76
70 77
70 81
70 84
70 86
70 95
70 98
70 99
70 106
70 107
70 109
70 111
70 113
70 115
70 116
70 117
70 119
70 123
70 125
70 133
70 134
70 138
70 142
70 153
70 154
70 155
70 157
70 174
70 181
70 187
70 189
70 193
70 197
70 200
70 205
70 208
71 73
71 75
71 78
71 88
71 89
71 93
71 105
71 111
71 113
71 117
71 119
71 123
71 132
71 138
71 143
71 146
71 149
71 154
71 157
71 161
71 166
71 173
71 174
71 185
71 194
71 200
71 201
71 206
71 207
72 79
72 81
72 83
72 84
72 86
72 95
72 96
72 106
72 107
72 111
72 115
72 123
72 124
72 125
72 129
72 131
72 132
72 133
72 135
72 139
72 148
72 150
72 155
72 157
72 178
72 180
72 189
72 192
72 194
72 202
72 204
72 205
73 76
73 78
73 83
73 84
73 88
73 90
73 97
73 99
73 106
73 110
73 121
73 122
73 123
73 126
73 130
73 131
73 135
73 139
73 142
73 145
73 148
73 152
73 155
73 161
73 164
73 168
73 171
73 174
73 177
73 179
73 182
73 184
73 187
73 192
73 193
73 194
73 201
73 207
74 76
74 80
74 81
74 95
74 98
74 101
74 106
74 109
74 118
74 127
74 128
74 132
74 133
74 137
74 138
74 139
74 146
74 148
74 151
74 153
74 154
74 158
74 164
74 166
74 168
74 169
74 174
74 178
74 179
74 185
74 195
74 207
75 79
75 86
75 95
75 96
75 101
75 102
75 105
75 106
75 112
75 115
75 117
75 121
75 122
75 123
75 126
75 133
75 140
75 149
75 155
75 157
75 164
75 169
75 176
75 177
75 187
75 188
75 190
75 191
75 192
75 195
75 200
75 201
75 204
76 86
76 90
76 91
76 96
76 97
76 98
76 99
76 104
76 118
76 120
76 121
76 122
76 127
76 128
76 136
76 143
76 151
76 152
76 155
76 156
76 159
76 160
76 161
76 162
76 168
76 172
76 173
76 176
76 177
76 179
76 180
76 181
76 185
76 186
76 196
76 198
76 200
76 207
77 78
77 82
77 85
77 91
77 93
77 95
77 100
77 101
77 102
77 103
77 114
77 116
77 119
77 124
77 125
77 132
77 135
77 138
77 142
77 147
77 148
77 152
77 157
77 165
77 172
77 176
77 178
77 181
77 186
77 198
77 207
77 208
78 81
78 84
78 88
78 90
78 95
78 96
78 100
78 101
78 106
78 109
78 110
78 113
78 114
78 117
78 122
78 123
78 138
78 140
78 146
78 150
78 159
78 166
78 173
78 178
78 182
78 184
78 187
78 188
78 189
78 191
78 192
78 195
78 196
78 198
78 207
79 80
79 81
79 82
79 86
79 92
79 93
79 96
79 99
79 102
79 104
79 105
79 106
79 108
79 109
79 111
79 115
79 119
79 121
79 130
79 132
79 133
79 139
79 141
79 142
79 148
79 149
79 154
79 157
79 158
79 161
79 163
79 164
79 168
79 169
79 185
79 190
79 192
79 200
79 201
79 202
79 208
79 209
80 81
80 82
80 83
80 95
80 104
80 109
80 121
80 131
80 135
80 138
80 140
80 143
80 146
80 153
80 154
80 156
80 157
80 159
80 166
80 170
80 177
80 179
80 182
80 187
80 194
80 198
80 200
80 201
80 204
80 205
80 209
81 83
81 84
81 85
81 87
81 89
81 94
81 95
81 98
81 100
81 107
81 112
81 117
81 120
81 130
81 140
81 145
81 152
81 153
81 155
81 159
81 160
81 161
81 163
81 165
81 170
81 180
81 183
81 185
81 187
81 198
81 199
81 200
81 203
81 204
81 208
81 209
82 85
82 91
82 96
82 104
82 113
82 118
82 121
82 125
82 138
82 141
82 144
82 147
82 154
82 157
82 159
82 161
82 163
82 171
82 173
82 174
82 176
82 179
82 193
82 195
82 202
82 208
82 209
83 87
83 89
83 98
83 102
83 104
83 109
83 112
83 114
83 116
83 119
83 120
83 122
83 123
83 124
83 125
83 126
83 127
83 128
83 130
83 132
83 133
83 135
83 136
83 146
83 150
83 153
83 161
83 164
83 167
83 172
83 174
83 185
83 187
83 188
83 191
83 192
83 201
83 203
83 206
83 209
84 85
84 86
84 91
84 92
84 93
84 104
84 113
84 114
84 115
84 120
84 125
84 133
84 134
84 135
84 136
84 139
84 143
84 144
84 160
84 165
84 180
84 184
84 185
84 187
84 188
84 190
84 195
84 198
84 199
84 203
84 204
84 205
85 95
85 101
85 102
85 108
85 110
85 114
85 133
85 135
85 136
85 143
85 145
85 147
85 150
85 152
85 154
85 159
85 162
85 164
85 165
85 173
85 174
85 180
85 187
85 188
85 189
85 191
85 192
85 200
85 201
85 204
85 209
85 210
86 90
86 97
86 107
86 112
86 116
86 117
86 118
86 120
86 121
86 125
86 127
86 129
86 130
86 132
86 133
86 135
86 138
86 142
86 146
86 150
86 155
86 157
86 167
86 175
86 177
86 180
86 181
86 188
86 190
86 201
86 203
86 206
86 209
87 88
87 92
87 93
87 94
87 97
87 99
87 100
87 105
87 107
87 108
87 116
87 118
87 129
87 132
87 137
87 141
87 143
87 148
87 150
87 157
87 162
87 165
87 166
87 169
87 181
87 187
87 188
87 190
87 195
87 197
87 210
88 89
88 91
88 95
88 103
88 107
88 110
88 113
88 115
88 122
88 126
88 137
88 144
88 148
88 158
88 171
88 173
88 176
88 186
88 187
88 195
88 200
88 201
88 204
88 205
88 206
88 207
88 208
88 210
89 90
89 91
89 92
89 96
89 97
89 98
89 103
89 107
89 109
89 113
89 114
89 115
89 118
89 119
89 121
89 122
89 125
89 126
89 132
89 137
89 138
89 141
89 147
89 149
89 150
89 153
89 162
89 170
89 172
89 176
89 181
89 183
89 184
89 186
89 188
89 190
89 193
89 199
89 201
89 202
89 207
90 101
90 111
90 112
90 113
90 115
90 116
90 118
90 120
90 121
90 122
90 127
90 128
90 131
90 139
90 145
90 148
90 156
90 157
90 162
90 172
90 173
90 174
90 175
90 176
90 186
90 189
90 191
90 196
90 200
90 206
90 207
91 92
91 96
91 98
91 99
91 100
91 104
91 106
91 107
91 113
91 118
91 120
91 124
91 136
91 138
91 139
91 148
91 161
91 168
91 170
91 186
91 187
91 191
91 192
91 199
91 200
91 208
92 95
92 105
92 108
92 116
92 117
92 125
92 126
92 130
92 131
92 139
92 146
92 149
92 157
92 158
92 160
92 161
92 164
92 165
92 166
92 167
92 174
92 180
92 181
92 186
92 187
92 188
92 190
92 191
92 200
92 201
92 204
92 205
92 206
92 208
92 210
93 100
93 102
93 105
93 112
93 116
93 118
93 120
93 130
93 131
93 134
93 142
93 148
93 149
93 150
93 152
93 153
93 155
93 159
93 166
93 168
93 172
93 174
93 182
93 183
93 184
93 190
93 192
93 196
93 205
93 207
94 98
94 100
94 101
94 106
94 113
94 115
94 125
94 126
94 127
94 129
94 132
94 144
94 146
94 147
94 148
94 153
94 154
94 157
94 158
94 159
94 162
94 163
94 168
94 174
94 178
94 179
94 180
94 181
94 182
94 191
94 192
94 197
94 207
94 210
95 99
95 101
95 108
95 114
95 121
95 127
95 129
95 131
95 132
95 136
95 139
95 147
95 156
95 160
95 166
95 170
95 175
95 180
95 181
95 182
95 183
95 186
95 187
95 188
95 195
95 199
95 200
95 210
96 99
96 105
96 106
96 108
96 111
96 112
96 115
96 116
96 117
96 118
96 120
96 127
96 129
96 133
96 140
96 148
96 154
96 155
96 159
96 166
96 174
96 175
96 178
96 182
96 184
96 185
96 188
96 189
96 196
96 200
96 203
97 103
97 112
97 113
97 116
97 117
97 122
97 125
97 129
97 136
97 140
97 141
97 144
97 147
97 148
97 158
97 160
97 161
97 166
97 168
97 169
97 171
97 173
97 177
97 179
97 189
97 191
97 192
97 196
97 199
97 200
97 205
97 207
97 209
97 210
98 100
98 101
98 106
98 111
98 113
98 118
98 119
98 128
98 129
98 140
98 142
98 151
98 153
98 157
98 171
98 172
98 174
98 182
98 183
98 185
98 190
98 194
98 204
98 208
98 209
98 210
99 105
99 109
99 116
99 117
99 120
99 127
99 136
99 138
99 141
99 155
99 159
99 160
99 166
99 176
99 178
99 179
99 184
99 186
99 187
99 191
99 199
99 206
99 207
99 208
99 209
99 210
100 111
100 112
100 117
100 118
100 122
100 126
100 136
100 145
100 146
100 149
100 151
100 152
100 153
100 160
100 161
100 162
100 165
100 169
100 171
100 172
100 174
100 178
100 181
100 190
100 194
100 197
100 201
100 202
100 206
100 207
100 208
100 209
101 103
101 105
101 109
101 111
101 113
101 117
101 118
101 119
101 129
101 130
101 132
101 134
101 135
101 144
101 153
101 154
101 157
101 158
101 159
101 161
101 172
101 174
101 175
101 179
101 180
101 186
101 191
101 192
101 194
101 196
101 200
101 204
102 103
102 105
102 107
102 111
102 112
102 113
102 114
102 116
102 117
102 118
102 120
102 122
102 123
102 130
102 143
102 149
102 150
102 155
102 159
102 165
102 168
102 169
102 174
102 175
102 176
102 181
102 192
102 194
102 196
102 197
102 198
102 201
102 205
103 106
103 109
103 110
103 111
103 112
103 120
103 125
103 131
103 132
103 136
103 137
103 138
103 140
103 141
103 142
103 143
103 148
103 152
103 158
103 162
103 166
103 170
103 174
103 177
103 180
103 188
103 193
103 195
103 197
103 198
103 200
103 204
104 110
104 111
104 114
104 116
104 117
104 120
104 122
104 127
104 128
104 130
104 139
104 141
104 142
104 155
104 157
104 158
104 167
104 169
104 170
104 177
104 178
104 179
104 186
104 193
104 195
104 196
104 197
104 210
105 110
105 113
105 114
105 117
105 118
105 119
105 121
105 124
105 140
105 141
105 142
105 146
105 148
105 151
105 156
105 158
105 162
105 164
105 165
105 167
105 172
105 174
105 190
105 194
105 199
105 204
105 206
105 207
105 208
106 108
106 109
106 114
106 117
106 119
106 121
106 123
106 130
106 145
106 146
106 147
106 153
106 157
106 165
106 167
106 168
106 172
106 173
106 176
106 177
106 179
106 180
106 182
106 183
106 186
106 187
106 193
106 198
106 199
106 202
106 203
106 205
106 206
106 210
107 110
107 111
107 114
107 118
107 120
107 126
107 130
107 132
107 135
107 136
107 139
107 144
107 147
107 151
107 154
107 155
107 158
107 161
107 162
107 165
107 167
107 171
107 174
107 183
107 185
107 186
107 190
107 191
107 192
107 195
107 198
107 200
107 206
107 208
107 210
108 109
108 110
108 111
108 117
108 121
108 127
108 130
108 131
108 133
108 135
108 142
108 155
108 156
108 162
108 166
108 170
108 175
108 183
108 184
108 187
108 188
108 197
108 198
108 207
108 210
109 110
109 111
109 112
109 114
109 116
109 120
109 123
109 129
109 131
109 135
109 141
109 149
109 153
109 157
109 160
109 162
109 170
109 179
109 180
109 188
109 191
109 192
109 196
109 197
109 200
109 202
109 207
110 112
110 113
110 121
110 125
110 129
110 134
110 135
110 139
110 148
110 150
110 151
110 152
110 153
110 154
110 163
110 164
110 165
110 167
110 168
110 172
110 176
110 179
110 184
110 185
110 193
110 199
110 207
111 117
111 122
111 125
111 126
111 128
111 130
111 132
111 133
111 139
111 143
111 144
111 147
111 149
111 151
111 154
111 155
111 157
111 159
111 161
111 170
111 171
111 175
111 176
111 179
111 185
111 186
111 187
111 194
111 195
111 201
111 203
111 204
111 210
112 113
112 114
112 119
112 123
112 124
112 126
112 132
112 133
112 137
112 139
112 140
112 145
112 146
112 150
112 156
112 158
112 160
112 161
112 172
112 174
112 175
112 178
112 179
112 181
112 187
112 194
112 195
112 207
112 209
113 116
113 117
113 120
113 126
113 136
113 139
113 142
113 147
113 148
113 151
113 154
113 157
113 161
113 162
113 170
113 172
113 174
113 178
113 182
113 184
113 189
113 190
113 191
113 193
113 198
113 199
113 201
113 203
113 204
113 205
114 115
114 116
114 117
114 118
114 119
114 120
114 122
114 124
114 127
114 135
114 136
114 137
114 138
114 142
114 143
114 144
114 147
114 148
114 151
114 154
114 163
114 168
114 170
114 173
114 178
114 186
114 188
114 191
114 197
114 201
114 207
114 209
114 210
115 117
115 118
115 120
115 129
115 131
115 133
115 137
115 138
115 141
115 143
115 146
115 148
115 156
115 158
115 161
115 166
115 167
115 170
115 174
115 175
115 177
115 178
115 181
115 184
115 185
115 186
115 189
115 192
115 194
115 197
115 202
115 206
115 207
116 117
116 118
116 125
116 127
116 130
116 133
116 134
116 135
116 137
116 141
116 143
116 146
116 147
116 148
116 150
116 152
116 157
116 158
116 161
116 164
116 169
116 170
116 171
116 172
116 175
116 179
116 182
116 183
116 184
116 187
116 188
116 189
116 195
116 197
116 198
116 199
116 201
116 204
116 205
116 210
117 118
117 119
117 121
117 122
117 125
117 126
117 130
117 134
117 135
117 139
117 142
117 143
117 145
117 146
117 147
117 148
117 149
117 160
117 161
117 162
117 165
117 172
117 173
117 179
117 181
117 182
117 183
117 189
117 190
117 199
117 200
117 203
117 204
117 207
118 122
118 124
118 127
118 130
118 132
118 133
118 134
118 139
118 142
118 146
118 149
118 150
118 157
118 158
118 162
118 163
118 168
118 175
118 177
118 180
118 181
118 185
118 188
118 192
118 195
118 196
118 197
118 200
118 202
118 203
118 204
118 207
119 122
119 126
119 131
119 132
119 134
119 136
119 138
119 145
119 150
119 155
119 166
119 168
119 170
119 172
119 173
119 176
119 191
119 193
119 197
119 207
119 208
119 210
120 131
120 132
120 133
120 134
120 143
120 148
120 155
120 163
120 173
120 175
120 180
120 183
120 190
120 192
120 196
120 202
120 203
120 204
120 205
121 122
121 127
121 130
121 131
121 134
121 136
121 139
121 143
121 148
121 149
121 151
121 154
121 155
121 156
121 157
121 160
121 161
121 162
121 171
121 172
121 177
121 178
121 180
121 182
121 183
121 188
121 193
121 196
121 200
121 202
121 203
121 206
121 209
121 210
122 126
122 130
122 132
122 136
122 137
122 139
122 141
122 145
122 147
122 152
122 153
122 154
122 157
122 158
122 160
122 162
122 164
122 165
122 167
122 178
122 180
122 183
122 186
122 188
122 196
122 199
122 200
122 203
122 204
122 206
122 209
122 210
123 125
123 127
123 128
123 130
123 133
123 137
123 139
123 145
123 146
123 147
123 149
123 150
123 157
123 161
123 167
123 170
123 171
123 173
123 176
123 177
123 179
123 182
123 186
123 192
123 195
123 198
123 199
123 205
123 207
123 208
124 125
124 127
124 133
124 136
124 145
124 146
124 147
124 151
124 152
124 154
124 159
124 160
124 162
124 164
124 165
124 170
124 173
124 174
124 177
124 181
124 182
124 183
124 185
124 186
124 187
124 190
124 192
124 194
124 197
124 198
124 199
124 201
124 204
124 208
125 126
125 130
125 131
125 133
125 139
125 140
125 141
125 144
125 148
125 149
125 152
125 153
125 156
125 157
125 162
125 164
125 167
125 168
125 177
125 178
125 180
125 182
125 183
125 186
125 189
125 191
125 193
125 195
125 197
125 200
126 130
126 131
126 136
126 137
126 144
126 145
126 146
126 149
126 150
126 153
126 155
126 158
126 159
126 164
126 171
126 172
126 174
126 184
126 186
126 187
126 189
126 190
126 191
126 193
126 194
126 196
126 203
126 206
127 128
127 130
127 131
127 138
127 141
127 144
127 158
127 167
127 169
127 172
127 175
127 178
127 183
127 186
127 189
127 193
127 195
127 198
127 201
127 203
127 206
127 210
128 132
128 136
128 137
128 139
128 143
128 144
128 149
128 153
128 158
128 162
128 167
128 170
128 171
128 178
128 179
128 182
128 183
128 187
128 188
128 189
128 190
128 191
128 192
128 194
128 196
128 197
128 198
128 205
128 210
129 130
129 140
129 148
129 149
129 155
129 156
129 164
129 165
129 167
129 169
129 173
129 174
129 176
129 179
129 180
129 184
129 185
129 186
129 188
129 189
129 190
129 191
129 195
129 196
129 199
129 202
129 206
129 208
130 133
130 135
130 136
130 140
130 146
130 149
130 150
130 151
130 153
130 162
130 164
130 166
130 169
130 171
130 176
130 177
130 179
130 180
130 185
130 189
130 190
130 192
130 200
130 201
130 203
130 208
131 132
131 136
131 137
131 138
131 139
131 146
131 147
131 148
131 152
131 154
131 158
131 162
131 164
131 166
131 168
131 172
131 173
131 177
131 179
131 180
131 181
131 182
131 187
131 190
131 192
131 194
131 195
131 198
131 199
131 200
131 202
131 204
131 206
131 207
131 209
131 210
132 136
132 137
132 138
132 139
132 143
132 146
132 147
132 149
132 151
132 152
132 153
132 154
132 155
132 157
132 158
132 160
132 164
132 165
132 166
132 169
132 173
132 175
132 177
132 178
132 179
132 185
132 186
132 187
132 190
132 191
132 192
132 193
132 195
132 196
132 197
132 202
132 204
132 208
132 209
132 210
133 143
133 149
133 150
133 151
133 152
133 153
133 154
133 155
133 156
133 159
133 167
133 172
133 173
133 174
133 177
133 179
133 180
133 181
133 182
133 184
133 187
133 188
133 189
133 190
133 191
133 199
133 205
133 209
133 210
134 137
134 139
134 140
134 142
134 147
134 148
134 162
134 164
134 168
134 171
134 174
134 177
134 182
134 184
134 185
134 188
134 189
134 190
134 192
134 194
134 197
134 202
134 203
134 204
134 208
135 144
135 147
135 150
135 151
135 156
135 160
135 161
135 162
135 163
135 165
135 170
135 174
135 175
135 177
135 179
135 181
135 184
135 185
135 188
135 193
135 196
135 198
135 200
135 201
135 202
135 207
135 209
136 137
136 139
136 140
136 143
136 144
136 150
136 153
136 154
136 155
136 164
136 170
136 172
136 174
136 175
136 176
136 177
136 178
136 182
136 183
136 185
136 195
136 198
136 199
136 201
137 139
137 140
137 145
137 147
137 148
137 152
137 154
137 155
137 156
137 158
137 160
137 165
137 166
137 167
137 171
137 172
137 173
137 175
137 179
137 180
137 181
137 183
137 186
137 188
137 189
137 191
137 193
137 194
137 196
137 197
137 200
137 203
137 204
137 205
137 206
137 207
138 140
138 141
138 142
138 149
138 152
138 153
138 159
138 160
138 161
138 167
138 168
138 172
138 174
138 178
138 182
138 184
138 188
138 190
138 192
138 194
138 196
138 200
138 202
138 205
138 209
139 140
139 143
139 144
139 146
139 147
139 149
139 151
139 153
139 159
139 161
139 164
139 165
139 167
139 168
139 175
139 176
139 179
139 181
139 184
139 187
139 188
139 192
139 193
139 196
139 197
139 198
139 199
139 201
139 203
139 206
139 208
139 210
140 142
140 146
140 147
140 155
140 156
140 158
140 161
140 163
140 164
140 168
140 171
140 175
140 176
140 178
140 180
140 182
140 186
140 187
140 188
140 193
140 194
140 195
140 198
140 199
140 200
140 201
140 203
140 206
140 208
140 210
141 143
141 146
141 147
141 148
141 149
141 150
141 151
141 153
141 156
141 157
141 159
141 161
141 165
141 167
141 172
141 175
141 176
141 177
141 180
141 186
141 188
141 189
141 192
141 195
141 198
141 202
141 203
141 206
141 207
141 208
141 210
142 143
142 145
142 147
142 149
142 150
142 153
142 157
142 158
142 160
142 164
142 173
142 178
142 181
142 184
142 186
142 188
142 191
142 195
142 198
142 201
142 205
142 206
142 209
143 144
143 147
143 149
143 151
143 152
143 153
143 158
143 160
143 165
143 168
143 172
143 174
143 177
143 178
143 181
143 183
143 185
143 187
143 193
143 194
143 195
143 198
143 205
143 208
143 210
144 146
144 147
144 148
144 149
144 150
144 152
144 153
144 157
144 160
144 164
144 168
144 171
144 172
144 175
144 176
144 182
144 183
144 184
144 186
144 187
144 189
144 192
144 196
144 201
144 207
144 210
145 147
145 149
145 153
145 154
145 158
145 161
145 163
145 164
145 166
145 169
145 171
145 172
145 177
145 181
145 182
145 183
145 189
145 190
145 192
145 196
145 202
145 204
145 206
145 207
146 147
146 149
146 150
146 151
146 152
146 153
146 157
146 158
146 159
146 161
146 162
146 163
146 165
146 170
146 173
146 185
146 187
146 189
146 190
146 191
146 192
146 193
146 196
146 198
146 202
146 203
146 204
146 205
146 207
146 209
147 148
147 149
147 151
147 153
147 156
147 158
147 159
147 160
147 165
147 166
147 171
147 172
147 174
147 176
147 177
147 182
147 184
147 185
147 186
147 187
147 189
147 190
147 194
147 197
147 200
147 204
147 205
147 208
147 210
148 151
148 153
148 154
148 155
148 157
148 158
148 159
148 161
148 162
148 164
148 168
148 169
148 171
148 172
148 176
148 177
148 178
148 183
148 184
148 193
148 194
148 195
148 197
148 198
148 199
148 200
148 202
148 203
148 204
148 208
149 151
149 152
149 155
149 161
149 165
149 170
149 171
149 172
149 173
149 174
149 176
149 180
149 181
149 183
149 185
149 190
149 191
149 192
149 195
149 197
149 199
149 201
149 205
149 207
149 208
150 152
150 153
150 158
150 161
150 166
150 168
150 169
150 173
150 176
150 179
150 180
150 182
150 183
150 184
150 186
150 192
150 193
150 194
150 195
150 198
150 199
150 200
150 201
150 202
150 206
150 207
150 209
151 152
151 153
151 156
151 159
151 162
151 167
151 173
151 179
151 180
151 181
151 182
151 183
151 184
151 186
151 188
151 189
151 190
151 193
151 194
151 195
151 197
151 199
151 201
151 205
151 207
151 208
152 153
152 154
152 155
152 158
152 161
152 165
152 166
152 167
152 169
152 170
152 171
152 175
152 176
152 180
152 182
152 183
152 184
152 188
152 193
152 197
152 198
152 199
152 203
152 205
152 206
152 207
152 209
153 156
153 161
153 163
153 165
153 166
153 167
153 168
153 174
153 175
153 177
153 178
153 179
153 182
153 183
153 189
153 190
153 193
153 194
153 195
153 196
153 198
153 200
153 201
153 202
153 205
153 207
153 208
153 209
154 155
154 156
154 158
154 164
154 166
154 170
154 173
154 174
154 175
154 176
154 180
154 182
154 183
154 184
154 185
154 189
154 190
154 192
154 198
154 201
154 204
154 205
154 210
155 156
155 159
155 161
155 162
155 164
155 165
155 168
155 170
155 171
155 176
155 177
155 181
155 182
155 183
155 184
155 185
155 187
155 190
155 192
155 194
155 195
155 198
155 203
155 206
155 207
155 208
155 209
155 210
156 157
156 158
156 159
156 161
156 162
156 164
156 166
156 167
156 168
156 169
156 170
156 172
156 176
156 177
156 179
156 180
156 181
156 182
156 183
156 185
156 188
156 191
156 192
156 193
156 194
156 195
156 196
156 197
156 198
156 201
156 202
156 203
156 204
156 205
156 206
156 207
156 208
156 210
157 159
157 160
157 161
157 162
157 163
157 164
157 167
157 170
157 172
157 173
157 174
157 175
157 177
157 178
157 180
157 181
157 182
157 184
157 185
157 186
157 187
157 188
157 191
157 193
157 196
157 201
157 203
157 205
157 206
157 207
157 208
157 209
157 210
158 160
158 161
158 163
158 164
158 167
158 168
158 169
158 172
158 173
158 174
158 175
158 176
158 179
158 180
158 182
158 185
158 187
158 192
158 193
158 194
158 195
158 200
158 202
158 203
158 204
158 207
158 209
158 210
159 160
159 161
159 162
159 164
159 166
159 167
159 168
159 171
159 172
159 174
159 175
159 176
159 177
159 179
159 180
159 181
159 182
159 184
159 185
159 187
159 188
159 190
159 191
159 193
159 194
159 195
159 196
159 200
159 201
159 202
159 203
159 207
159 210
160 161
160 164
160 165
160 168
160 169
160 170
160 171
160 175
160 176
160 177
160 178
160 180
160 184
160 187
160 188
160 189
160 191
160 192
160 193
160 194
160 196
160 197
160 199
160 200
160 203
160 204
160 206
160 209
161 162
161 163
161 167
161 168
161 172
161 175
161 176
161 177
161 180
161 182
161 183
161 185
161 186
161 187
161 188
161 190
161 192
161 194
161 196
161 198
161 199
161 200
161 201
161 202
161 205
161 207
161 208
161 209
161 210
162 163
162 164
162 165
162 166
162 167
162 169
162 170
162 176
162 177
162 180
162 181
162 184
162 185
162 186
162 189
162 190
162 191
162 192
162 195
162 196
162 197
162 198
162 201
162 202
162 207
162 210
163 164
163 165
163 166
163 168
163 170
163 171
163 173
163 175
163 180
163 181
163 182
163 184
163 187
163 188
163 191
163 192
163 194
163 198
163 199
163 202
163 203
163 205
163 206
163 207
163 208
163 209
164 165
164 169
164 171
164 172
164 174
164 175
164 177
164 179
164 181
164 182
164 183
164 185
164 186
164 187
164 188
164 190
164 191
164 194
164 195
164 196
164 197
164 199
164 200
164 202
164 203
164 204
164 206
164 207
164 208
164 210
165 169
165 170
165 173
165 174
165 175
165 176
165 179
165 180
165 181
165 182
165 186
165 187
165 189
165 190
165 191
165 193
165 195
165 197
165 199
165 200
165 201
165 202
165 203
165 205
165 206
165 207
165 208
165 209
166 169
166 171
166 174
166 175
166 177
166 178
166 180
166 182
166 183
166 184
166 185
166 186
166 187
166 189
166 191
166 192
166 193
166 194
166 195
166 196
166 200
166 203
166 207
166 208
167 168
167 169
167 170
167 171
167 172
167 175
167 176
167 177
167 180
167 182
167 183
167 188
167 189
167 190
167 197
167 198
167 200
167 201
167 202
167 203
167 205
167 206
167 207
167 209
167 210
168 169
168 170
168 172
168 175
168 176
168 177
168 181
168 185
168 188
168 189
168 190
168 191
168 192
168 196
168 198
168 199
168 201
168 202
168 203
168 204
168 206
168 208
168 209
168 210
169 171
169 172
169 173
169 175
169 177
169 178
169 179
169 180
169 181
169 182
169 184
169 185
169 186
169 187
169 188
169 189
169 190
169 191
169 192
169 193
169 194
169 195
169 197
169 198
169 202
169 203
169 205
169 207
169 209
169 210
170 171
170 172
170 174
170 177
170 178
170 180
170 181
170 183
170 184
170 185
170 186
170 188
170 191
170 192
170 193
170 194
170 195
170 198
170 199
170 202
170 203
170 205
170 206
170 207
170 208
170 209
171 175
171 177
171 178
171 179
171 180
171 181
171 182
171 183
171 184
171 185
171 186
171 189
171 191
171 192
171 193
171 195
171 197
171 198
171 199
171 200
171 201
171 202
171 204
171 207
171 208
171 209
172 173
172 175
172 178
172 179
172 180
172 182
172 183
172 185
172 186
172 187
172 190
172 192
172 193
172 196
172 197
172 198
172 200
172 202
172 203
172 206
172 207
172 209
172 210
173 178
173 179
173 180
173 181
173 182
173 183
173 186
173 187
173 190
173 192
173 193
173 195
173 196
173 197
173 198
173 199
173 200
173 201
173 204
173 206
173 208
173 209
173 210
174 179
174 180
174 183
174 184
174 185
174 186
174 187
174 189
174 191
174 192
174 193
174 194
174 198
174 199
174 200
174 201
174 203
174 204
174 206
174 207
174 210
175 176
175 177
175 178
175 179
175 180
175 181
175 182
175 186
175 187
175 188
175 189
175 190
175 192
175 194
175 195
175 196
175 197
175 198
175 200
175 201
175 203
175 206
175 207
176 177
176 180
176 181
176 182
176 184
176 185
176 189
176 190
176 191
176 192
176 194
176 196
176 197
176 198
176 200
176 203
176 204
176 205
176 208
176 209
177 178
177 180
177 181
177 183
177 184
177 185
177 187
177 188
177 189
177 191
177 193
177 194
177 198
177 201
177 203
177 204
177 205
177 206
177 207
177 208
177 209
178 179
178 180
178 181
178 183
178 184
178 185
178 186
178 187
178 190
178 193
178 194
178 195
178 197
178 199
178 202
178 205
178 206
178 207
178 208
178 209
178 210
179 180
179 181
179 182
179 183
179 184
179 187
179 188
179 189
179 192
179 193
179 194
179 195
179 197
179 199
179 200
179 202
179 203
179 204
179 206
179 208
179 210
180 183
180 184
180 186
180 189
180 190
180 191
180 192
180 193
180 194
180 195
180 196
180 197
180 198
180 200
180 201
180 203
180 204
180 205
180 206
180 207
180 208
180 209
180 210
181 182
181 183
181 184
181 186
181 187
181 188
181 189
181 190
181 191
181 192
181 193
181 194
181 195
181 196
181 197
181 198
181 199
181 200
181 201
181 203
181 204
181 205
181 206
181 207
181 208
181 209
182 183
182 184
182 185
182 186
182 187
182 189
182 190
182 191
182 193
182 195
182 196
182 197
182 198
182 201
182 202
182 203
182 205
182 207
182 209
182 210
183 184
183 185
183 186
183 187
183 188
183 189
183 190
183 191
183 192
183 193
183 195
183 198
183 199
183 200
183 202
183 204
183 205
183 207
183 209
184 185
184 186
184 187
184 188
184 189
184 190
184 191
184 192
184 193
184 194
184 195
184 196
184 197
184 198
184 201
184 202
184 203
184 204
184 206
184 207
184 208
184 209
184 210
185 186
185 189
185 190
185 191
185 192
185 193
185 194
185 195
185 196
185 198
185 199
185 200
185 201
185 202
185 205
185 206
185 208
185 209
185 210
186 187
186 188
186 189
186 192
186 193
186 194
186 196
186 198
186 200
186 201
186 203
186 204
186 205
186 206
186 207
186 208
186 210
187 188
187 189
187 190
187 191
187 192
187 193
187 194
187 195
187 196
187 198
187 200
187 201
187 202
187 207
187 208
187 209
187 210
188 192
188 193
188 195
188 196
188 198
188 199
188 201
188 202
188 203
188 204
188 207
188 208
188 209
188 210
189 190
189 191
189 193
189 194
189 195
189 196
189 198
189 200
189 201
189 202
189 203
189 204
189 205
189 206
189 207
189 208
189 209
189 210
190 192
190 193
190 194
190 195
190 196
190 198
190 200
190 201
190 203
190 204
190 205
190 206
190 207
190 209
190 210
191 192
191 193
191 194
191 195
191 196
191 197
191 200
191 201
191 202
191 205
191 206
191 207
191 208
191 210
192 193
192 194
192 195
192 196
192 197
192 199
192 200
192 201
192 203
192 204
192 205
192 206
192 207
192 208
192 209
192 210
193 194
193 195
193 196
193 197
193 198
193 199
193 200
193 201
193 203
193 204
193 205
193 206
193 207
193 208
193 209
193 210
194 195
194 196
194 197
194 198
194 199
194 200
194 201
194 202
194 204
194 205
194 206
194 207
194 208
194 209
194 210
195 196
195 197
195 198
195 199
195 200
195 201
195 202
195 203
195 204
195 205
195 206
195 207
195 208
195 209
195 210
196 197
196 198
196 201
196 202
196 203
196 204
196 206
196 208
196 209
196 210
197 198
197 199
197 200
197 201
197 202
197 203
197 204
197 205
197 206
197 207
197 208
197 209
197 210
198 199
198 200
198 201
198 203
198 204
198 205
198 206
198 207
198 208
198 209
198 210
199 200
199 201
199 202
199 204
199 205
199 206
199 207
199 208
199 209
200 201
200 202
200 203
200 204
200 205
200 206
200 207
200 208
200 209
200 210
201 202
201 203
201 204
201 205
201 206
201 207
201 208
201 209
201 210
202 203
202 204
202 205
202 206
202 207
202 208
202 209
202 210
203 204
203 205
203 206
203 207
203 208
203 209
203 210
204 205
204 206
204 207
204 208
204 209
204 210
205 206
205 207
205 208
205 209
205 210
206 207
206 208
206 209
206 210
207 208
207 209
207 210
208 209
208 210
209 210
331 5935
61 44
61 239
61 3
61 171
61 329
61 114
61 272
61 188
61 146
61 113
61 123
61 100
61 268
61 49
61 206
61 18
61 158
61 318
61 205
61 208
61 303
61 42
61 11
61 63
61 74
61 38
61 309
61 246
61 282
61 7
61 125
61 297
61 224
61 106
61 96
61 231
61 247
61 330
130 110
130 313
130 69
130 167
130 287
130 243
130 41
130 88
130 98
130 258
130 284
130 133
130 207
130 250
130 9
130 254
130 229
130 202
130 262
130 39
130 124
130 134
130 63
130 90
130 137
130 111
130 282
130 7
130 245
130 106
130 46
130 96
130 266
294 316
294 160
294 4
294 244
294 295
294 68
294 114
294 272
294 146
294 123
294 175
294 258
294 112
294 208
294 307
294 242
294 132
294 74
294 263
294 300
294 201
294 255
294 311
221 234
221 4
221 275
221 120
221 6
221 69
221 116
221 86
221 238
221 100
221 278
221 213
221 258
221 284
221 35
221 212
221 248
221 195
221 154
221 15
221 136
221 297
221 12
221 224
221 96
221 252
221 267
91 283
91 33
91 298
91 313
91 68
91 69
91 272
91 238
91 146
91 243
91 321
91 138
91 258
91 133
91 214
91 51
91 164
91 305
91 205
91 24
91 134
91 38
91 217
91 246
91 111
91 182
91 282
91 21
91 7
91 12
91 222
91 311
91 330
91 267
234 110
234 239
234 269
234 160
234 117
234 153
234 17
234 171
234 272
234 86
234 32
234 113
234 100
234 324
234 213
234 133
234 214
234 51
234 141
234 129
234 43
234 205
234 105
234 14
234 124
234 126
234 134
234 63
234 217
234 246
234 279
234 111
234 253
234 282
234 240
234 128
234 177
234 265
234 103
234 176
234 297
44 239
44 269
44 165
44 4
44 298
44 291
44 295
44 17
44 65
44 272
44 87
44 32
44 151
44 155
44 173
44 157
44 193
44 112
44 250
44 9
44 181
44 74
44 90
44 38
44 309
44 210
44 118
44 93
44 253
44 240
44 21
44 128
44 7
44 265
44 176
44 297
44 224
44 46
44 255
44 222
44 200
110 316
110 286
110 165
110 179
110 33
110 280
110 45
110 295
110 143
110 272
110 113
110 41
110 88
110 94
110 185
110 173
110 150
110 212
110 141
110 305
110 105
110 126
110 181
110 242
110 74
110 210
110 253
110 261
110 282
110 263
110 184
110 136
110 265
110 322
110 251
110 201
110 125
110 22
110 311
110 247
110 223
189 77
189 153
189 313
189 295
189 116
189 86
189 113
189 287
189 88
189 268
189 35
189 193
189 53
189 195
189 159
189 9
189 305
189 307
189 262
189 39
189 14
189 63
189 15
189 118
189 93
189 111
189 240
189 64
189 184
189 7
189 265
189 218
189 22
189 96
189 2
189 312
189 267
192 72
192 33
192 295
192 68
192 114
192 86
192 167
192 188
192 32
192 324
192 321
192 98
192 260
192 173
192 35
192 150
192 54
192 207
192 129
192 43
192 277
192 42
192 124
192 126
192 181
192 132
192 74
192 90
192 154
192 137
192 246
192 279
192 282
192 263
192 128
192 136
192 218
192 103
192 58
192 312
239 3
239 286
239 165
239 179
239 45
239 153
239 10
239 65
239 171
239 329
239 87
239 100
239 99
239 41
239 321
239 98
239 138
239 18
239 54
239 207
239 63
239 38
239 210
239 137
239 279
239 83
239 21
239 300
239 265
239 169
239 322
239 251
239 22
239 266
239 252
239 2
239 312
269 316
269 3
269 179
269 4
269 85
269 153
269 313
269 143
269 69
269 329
269 190
269 287
269 243
269 41
269 49
269 260
269 185
269 157
269 258
269 51
269 195
269 262
269 14
269 11
269 154
269 162
269 137
269 217
269 246
269 182
269 282
269 240
269 228
269 176
269 201
269 106
269 255
269 266
269 2
269 330
269 312
316 77
316 179
316 313
316 32
316 243
316 119
316 321
316 18
316 185
316 173
316 158
316 159
316 205
316 307
316 124
316 242
316 132
316 162
316 279
316 228
316 265
316 322
316 103
316 22
316 12
316 231
316 267
3 4
3 72
3 33
3 291
3 6
3 143
3 69
3 86
3 113
3 88
3 49
3 260
3 174
3 214
3 193
3 158
3 229
3 262
3 39
3 24
3 121
3 134
3 162
3 261
3 83
3 21
3 79
3 176
3 125
3 22
3 12
3 252
283 280
283 295
283 116
283 167
283 119
283 268
283 159
283 124
283 11
283 118
283 93
283 220
283 300
283 265
283 322
283 201
283 22
283 46
283 255
283 231
283 299
283 311
283 312
77 19
77 117
77 72
77 298
77 6
77 274
77 116
77 114
77 167
77 100
77 324
77 321
77 260
77 138
77 174
77 18
77 185
77 35
77 207
77 53
77 195
77 205
77 229
77 307
77 124
77 132
77 134
77 162
77 182
77 79
77 136
77 265
77 322
77 297
77 106
77 266
77 299
77 247
77 31
77 267
19 117
19 275
19 186
19 287
19 151
19 268
19 150
19 47
19 159
19 318
19 208
19 229
19 121
19 11
19 63
19 74
19 111
19 220
19 240
19 211
19 228
19 218
19 251
19 106
19 266
19 311
19 252
19 312
286 116
286 86
286 243
286 278
286 321
286 18
286 35
286 43
286 305
286 229
286 24
286 42
286 63
286 90
286 246
286 102
286 83
286 169
286 12
286 106
286 96
286 2
286 31
165 33
165 6
165 10
165 171
165 69
165 114
165 188
165 87
165 123
165 151
165 206
165 18
165 185
165 141
165 254
165 43
165 271
165 277
165 208
165 303
165 262
165 105
165 63
165 210
165 246
165 118
165 279
165 111
165 166
165 21
165 184
165 136
165 169
165 176
165 245
165 22
165 224
165 231
165 76
165 222
165 299
165 247
165 267
160 120
160 153
160 295
160 116
160 32
160 88
160 18
160 284
160 35
160 53
160 208
160 202
160 39
160 181
160 134
160 279
160 93
160 111
160 220
160 211
160 136
160 176
160 96
160 266
179 280
179 10
179 274
179 114
179 113
179 287
179 49
179 260
179 175
179 138
179 173
179 318
179 205
179 11
179 181
179 242
179 90
179 319
179 137
179 246
179 118
179 182
179 253
179 282
179 83
179 300
179 265
179 218
179 322
179 222
117 275
117 68
117 69
117 32
117 151
117 324
117 268
117 206
117 173
117 284
117 214
117 248
117 53
117 129
117 24
117 121
117 154
117 217
117 15
117 102
117 118
117 261
117 263
117 64
117 169
117 251
117 125
117 224
117 96
117 231
117 252
117 330
4 153
4 10
4 104
4 100
4 243
4 41
4 94
4 268
4 155
4 173
4 133
4 214
4 158
4 53
4 129
4 271
4 208
4 42
4 124
4 8
4 132
4 134
4 319
4 102
4 282
4 83
4 263
4 128
4 184
4 7
4 12
4 46
4 76
4 252
4 312
4 31
85 72
85 186
85 45
85 17
85 171
85 274
85 116
85 238
85 190
85 100
85 243
85 155
85 213
85 138
85 133
85 212
85 54
85 53
85 129
85 254
85 164
85 318
85 202
85 124
85 132
85 74
85 38
85 154
85 319
85 15
85 102
85 93
85 166
85 253
85 261
85 83
85 263
85 21
85 265
85 245
85 255
85 96
85 231
85 266
85 311
85 247
72 280
72 120
72 45
72 17
72 65
72 274
72 238
72 123
72 99
72 49
72 133
72 214
72 150
72 158
72 129
72 208
72 14
72 124
72 309
72 93
72 282
72 263
72 64
72 22
72 224
72 299
72 247
72 223
72 267
244 6
244 272
244 167
244 190
244 287
244 243
244 119
244 321
244 206
244 175
244 155
244 213
244 258
244 284
244 150
244 193
244 207
244 105
244 39
244 11
244 134
244 38
244 154
244 217
244 83
244 128
244 79
244 169
244 22
244 231
244 222
244 247
33 280
33 120
33 6
33 104
33 190
33 99
33 243
33 278
33 206
33 18
33 173
33 284
33 35
33 51
33 212
33 54
33 164
33 305
33 205
33 39
33 134
33 217
33 93
33 166
33 220
33 83
33 263
33 79
33 136
33 7
33 245
33 231
33 266
33 76
33 299
275 291
275 295
275 68
275 272
275 86
275 190
275 100
275 324
275 268
275 175
275 213
275 138
275 284
275 35
275 47
275 129
275 229
275 202
275 14
275 121
275 242
275 132
275 63
275 118
275 166
275 83
275 300
275 255
275 266
275 311
275 252
275 2
275 247
275 31
275 223
275 267
298 153
298 143
298 86
298 190
298 100
298 99
298 243
298 41
298 119
298 155
298 35
298 141
298 250
298 39
298 24
298 126
298 38
298 309
298 154
298 162
298 111
298 83
298 125
298 224
298 223
108 186
108 6
108 45
108 17
108 114
108 86
108 190
108 287
108 243
108 278
108 324
108 185
108 157
108 35
108 305
108 229
108 262
108 11
108 126
108 132
108 74
108 309
108 162
108 319
108 246
108 21
108 300
108 200
108 312
280 6
280 10
280 17
280 32
280 287
280 99
280 119
280 49
280 98
280 260
280 155
280 174
280 35
280 129
280 164
280 318
280 262
280 121
280 8
280 74
280 38
280 162
280 15
280 102
280 279
280 220
280 261
280 282
280 211
280 177
280 7
280 252
280 223
280 267
120 6
120 153
120 114
120 146
120 41
120 324
120 49
120 321
120 98
120 173
120 157
120 284
120 133
120 35
120 150
120 47
120 129
120 43
120 164
120 271
120 303
120 262
120 105
120 24
120 181
120 166
120 21
120 300
120 136
120 169
120 322
120 103
120 176
120 201
120 12
120 255
120 96
120 231
120 222
120 252
120 2
120 31
186 45
186 10
186 143
186 17
186 86
186 188
186 113
186 98
186 185
186 35
186 248
186 141
186 254
186 318
186 271
186 124
186 11
186 181
186 90
186 279
186 182
186 166
186 261
186 7
186 251
186 224
186 46
186 96
186 76
186 299
291 6
291 272
291 86
291 238
291 94
291 174
291 173
291 212
291 112
291 53
291 271
291 277
291 229
291 307
291 303
291 105
291 8
291 38
291 162
291 217
291 253
291 220
291 261
291 240
291 21
291 64
291 184
291 211
291 177
291 228
291 297
291 76
291 299
291 247
291 330
6 68
6 114
6 238
6 87
6 119
6 324
6 98
6 155
6 141
6 112
6 129
6 277
6 262
6 39
6 24
6 42
6 134
6 38
6 279
6 282
6 240
6 64
6 128
6 177
6 300
6 136
6 265
6 245
6 96
6 252
6 330
45 104
45 116
45 190
45 287
45 100
45 49
45 260
45 258
45 54
45 129
45 9
45 254
45 271
45 205
45 208
45 303
45 262
45 39
45 242
45 132
45 38
45 309
45 162
45 15
45 246
45 118
45 21
45 184
45 245
45 76
45 58
45 200
45 247
45 31
45 223
153 295
153 65
153 69
153 329
153 272
153 167
153 238
153 87
153 32
153 287
153 94
153 155
153 138
153 157
153 284
153 150
153 212
153 54
153 193
153 195
153 250
153 159
153 43
153 39
153 14
153 124
153 181
153 162
153 279
153 166
153 220
153 263
153 184
153 136
153 228
153 265
153 169
153 245
153 266
153 311
153 252
153 2
153 330
153 267
313 146
313 287
313 41
313 324
313 321
313 98
313 213
313 185
313 173
313 284
313 214
313 150
313 212
313 54
313 47
313 112
313 164
313 305
313 318
313 307
313 303
313 24
313 132
313 63
313 90
313 182
313 282
313 218
313 245
313 251
313 201
313 125
313 96
313 231
313 266
313 58
313 311
313 31
10 295
10 69
10 274
10 116
10 86
10 167
10 287
10 278
10 49
10 98
10 138
10 174
10 173
10 51
10 150
10 248
10 112
10 53
10 195
10 129
10 254
10 305
10 262
10 181
10 309
10 217
10 182
10 136
10 265
10 245
10 22
10 46
10 311
10 252
10 330
10 223
295 68
295 123
295 175
295 138
295 284
295 35
295 248
295 54
295 207
295 208
295 262
295 74
295 90
295 162
295 137
295 220
295 211
295 176
295 251
295 46
295 96
295 266
295 247
143 65
143 171
143 272
143 86
143 287
143 321
143 98
143 185
143 173
143 248
143 195
143 208
143 14
143 126
143 132
143 162
143 210
143 279
143 93
143 182
143 240
143 21
143 265
143 169
143 297
143 46
143 231
68 69
68 329
68 116
68 190
68 146
68 41
68 151
68 119
68 88
68 260
68 155
68 138
68 185
68 258
68 133
68 150
68 193
68 158
68 305
68 208
68 124
68 162
68 137
68 102
68 111
68 263
68 64
68 136
68 245
68 106
68 96
68 76
68 299
68 247
17 116
17 190
17 49
17 173
17 133
17 193
17 305
17 318
17 277
17 307
17 42
17 319
17 102
17 79
17 136
17 218
17 322
17 245
17 12
17 200
17 252
17 2
17 247
17 31
65 272
65 87
65 287
65 99
65 151
65 119
65 278
65 94
65 321
65 175
65 138
65 157
65 54
65 47
65 129
65 208
65 303
65 8
65 63
65 319
65 118
65 240
65 169
65 251
65 125
65 231
65 266
65 58
65 31
171 274
171 272
171 188
171 32
171 123
171 88
171 321
171 175
171 155
171 185
171 133
171 202
171 307
171 39
171 11
171 242
171 102
171 111
171 253
171 261
171 64
171 177
171 297
171 106
171 266
171 76
171 267
104 185
104 248
104 141
104 193
104 158
104 43
104 305
104 318
104 202
104 105
104 39
104 121
104 124
104 126
104 8
104 74
104 90
104 15
104 102
104 279
104 166
104 220
104 64
104 211
104 177
104 7
104 228
104 218
104 245
104 12
104 106
104 231
104 223
69 272
69 123
69 41
69 321
69 98
69 155
69 51
69 141
69 229
69 14
69 126
69 132
69 134
69 309
69 118
69 166
69 263
69 21
69 79
69 265
69 169
69 218
69 251
69 224
69 266
69 76
69 200
69 247
329 32
329 98
329 138
329 133
329 35
329 248
329 54
329 193
329 158
329 53
329 9
329 305
329 318
329 205
329 229
329 262
329 14
329 11
329 8
329 181
329 162
329 210
329 217
329 15
329 246
329 240
329 263
329 103
329 297
329 22
329 96
329 266
329 311
329 252
329 31
329 267
274 32
274 287
274 94
274 175
274 213
274 185
274 284
274 35
274 141
274 112
274 43
274 164
274 208
274 8
274 217
274 240
274 211
274 136
274 7
274 218
274 245
274 297
274 106
274 222
274 311
274 247
274 31
274 223
116 86
116 188
116 100
116 151
116 88
116 94
116 49
116 175
116 173
116 157
116 258
116 284
116 51
116 54
116 207
116 112
116 129
116 164
116 271
116 277
116 105
116 39
116 11
116 126
116 242
116 74
116 309
116 154
116 246
116 102
116 118
116 279
116 93
116 220
116 83
116 21
116 128
116 177
116 79
116 228
116 265
116 169
116 22
116 222
116 299
114 86
114 87
114 100
114 321
114 175
114 213
114 138
114 174
114 18
114 248
114 158
114 250
114 254
114 271
114 277
114 205
114 262
114 242
114 63
114 154
114 137
114 217
114 111
114 253
114 83
114 184
114 79
114 7
114 322
114 176
114 22
114 106
114 222
114 58
114 267
272 167
272 113
272 123
272 243
272 151
272 88
272 324
272 321
272 155
272 138
272 258
272 35
272 112
272 53
272 195
272 159
272 43
272 164
272 305
272 318
272 229
272 307
272 262
272 134
272 162
272 210
272 118
272 93
272 64
272 177
272 7
272 169
272 12
272 231
272 76
272 299
272 31
272 223
86 123
86 99
86 151
86 324
86 260
86 155
86 213
86 138
86 35
86 51
86 250
86 159
86 129
86 229
86 39
86 42
86 121
86 134
86 309
86 261
86 64
86 211
86 300
86 228
86 322
86 103
86 245
86 251
86 224
86 106
86 255
86 96
86 76
86 58
86 252
86 2
86 312
167 188
167 87
167 113
167 123
167 99
167 155
167 157
167 133
167 214
167 248
167 54
167 193
167 158
167 9
167 208
167 229
167 307
167 303
167 162
167 210
167 137
167 217
167 182
167 83
167 79
167 7
167 103
167 176
167 297
167 22
167 200
167 330
188 87
188 287
188 88
188 268
188 49
188 155
188 213
188 157
188 258
188 35
188 150
188 212
188 54
188 158
188 195
188 129
188 305
188 318
188 277
188 229
188 307
188 303
188 262
188 14
188 121
188 126
188 134
188 38
188 154
188 217
188 246
188 102
188 279
188 93
188 282
188 83
188 265
188 169
188 322
188 176
188 245
188 251
188 12
188 106
188 96
188 266
188 222
188 252
188 247
238 146
238 278
238 268
238 49
238 133
238 35
238 112
238 254
238 164
238 305
238 11
238 63
238 162
238 319
238 15
238 111
238 128
238 300
238 228
238 251
238 201
238 12
238 106
238 46
238 231
238 299
238 58
238 200
238 252
238 2
87 123
87 278
87 98
87 260
87 155
87 174
87 157
87 193
87 207
87 158
87 53
87 159
87 318
87 303
87 39
87 24
87 42
87 121
87 11
87 8
87 74
87 90
87 319
87 182
87 261
87 83
87 128
87 211
87 322
87 245
87 251
87 224
87 255
87 96
87 231
87 267
190 18
190 133
190 248
190 193
190 47
190 53
190 9
190 208
190 24
190 11
190 132
190 63
190 38
190 319
190 137
190 102
190 182
190 253
190 220
190 83
190 263
190 177
190 265
190 169
190 218
190 251
190 297
190 231
190 76
190 252
190 247
190 312
190 31
190 223
146 151
146 324
146 155
146 212
146 193
146 158
146 250
146 164
146 305
146 205
146 121
146 11
146 242
146 74
146 90
146 319
146 137
146 246
146 118
146 282
146 21
146 184
146 136
146 7
146 228
146 218
146 125
146 231
32 94
32 321
32 206
32 18
32 157
32 35
32 51
32 150
32 248
32 193
32 53
32 195
32 250
32 9
32 318
32 208
32 202
32 307
32 14
32 181
32 63
32 154
32 319
32 210
32 217
32 15
32 118
32 220
32 261
32 169
32 103
32 176
32 201
32 297
32 22
32 12
32 224
32 106
32 96
32 222
32 58
32 223
113 287
113 94
113 157
113 195
113 254
113 43
113 318
113 271
113 303
113 42
113 14
113 121
113 126
113 8
113 242
113 134
113 309
113 102
113 111
113 166
113 282
113 83
113 184
113 136
113 322
113 176
113 125
113 46
113 231
113 299
113 247
287 99
287 41
287 324
287 174
287 150
287 141
287 207
287 195
287 250
287 202
287 105
287 124
287 11
287 63
287 74
287 38
287 154
287 210
287 279
287 111
287 240
287 21
287 177
287 300
287 7
287 103
287 224
287 299
123 41
123 213
123 138
123 18
123 185
123 173
123 258
123 214
123 212
123 112
123 129
123 205
123 307
123 262
123 39
123 121
123 124
123 11
123 74
123 217
123 15
123 182
123 166
123 253
123 263
123 184
123 211
123 265
123 297
123 231
123 76
123 200
123 2
123 31
123 223
123 267
100 151
100 324
100 213
100 193
100 318
100 202
100 124
100 38
100 210
100 15
100 102
100 118
100 220
100 128
100 265
100 169
100 125
100 22
100 12
100 222
100 311
100 2
100 312
99 278
99 175
99 213
99 185
99 173
99 157
99 212
99 164
99 307
99 303
99 39
99 14
99 132
99 90
99 319
99 137
99 93
99 111
99 253
99 220
99 261
99 83
99 21
99 211
99 177
99 7
99 228
99 297
99 106
99 255
99 299
99 2
99 247
99 223
243 268
243 49
243 321
243 98
243 175
243 174
243 185
243 157
243 214
243 51
243 150
243 207
243 195
243 9
243 43
243 202
243 307
243 303
243 126
243 134
243 309
243 154
243 210
243 15
243 253
243 220
243 263
243 79
243 7
243 228
243 224
243 96
243 231
243 2
243 267
41 278
41 94
41 175
41 18
41 173
41 284
41 207
41 129
41 254
41 229
41 307
41 303
41 262
41 39
41 24
41 8
41 90
41 154
41 282
41 240
41 21
41 322
41 103
41 12
41 46
41 231
41 76
41 222
41 58
41 311
41 252
41 312
151 278
151 321
151 98
151 260
151 138
151 157
151 248
151 193
151 158
151 318
151 277
151 208
151 262
151 14
151 15
151 246
151 118
151 253
151 240
151 263
151 184
151 79
151 136
151 7
151 245
151 46
151 58
151 311
151 2
151 31
119 324
119 260
119 175
119 138
119 35
119 51
119 54
119 158
119 250
119 159
119 129
119 164
119 318
119 277
119 126
119 134
119 154
119 210
119 217
119 111
119 261
119 282
119 263
119 21
119 265
119 218
119 322
119 176
119 96
119 222
119 311
119 223
278 49
278 321
278 98
278 155
278 174
278 185
278 150
278 54
278 141
278 195
278 250
278 129
278 254
278 164
278 318
278 271
278 277
278 208
278 303
278 105
278 126
278 8
278 134
278 38
278 118
278 279
278 93
278 182
278 136
278 103
278 297
278 12
278 255
278 76
278 58
278 247
278 31
88 94
88 49
88 206
88 157
88 258
88 214
88 53
88 254
88 164
88 277
88 208
88 303
88 11
88 134
88 309
88 319
88 217
88 279
88 182
88 261
88 21
88 79
88 136
88 201
88 96
88 58
88 200
88 330
88 312
324 260
324 155
324 138
324 174
324 185
324 150
324 212
324 195
324 250
324 254
324 318
324 303
324 262
324 105
324 14
324 124
324 11
324 126
324 181
324 63
324 137
324 15
324 93
324 182
324 169
324 322
324 12
324 46
324 96
324 311
324 2
324 247
94 321
94 206
94 138
94 174
94 157
94 284
94 248
94 141
94 195
94 9
94 202
94 307
94 303
94 39
94 121
94 124
94 181
94 63
94 38
94 162
94 137
94 102
94 93
94 261
94 240
94 128
94 177
94 136
94 265
94 218
94 176
94 251
94 297
94 46
94 255
94 96
94 200
94 312
268 321
268 175
268 155
268 150
268 54
268 207
268 195
268 129
268 205
268 24
268 42
268 11
268 126
268 132
268 134
268 63
268 319
268 137
268 246
268 118
268 279
268 166
268 240
268 21
268 128
268 184
268 136
268 169
268 218
268 201
268 231
268 312
49 260
49 185
49 150
49 212
49 207
49 47
49 53
49 195
49 43
49 318
49 277
49 202
49 307
49 303
49 39
49 126
49 74
49 217
49 93
49 182
49 240
49 184
49 228
49 265
49 297
49 22
49 224
49 106
49 46
49 231
49 58
49 200
49 2
321 185
321 284
321 133
321 212
321 248
321 54
321 141
321 112
321 205
321 229
321 202
321 307
321 24
321 42
321 242
321 309
321 246
321 102
321 93
321 111
321 253
321 220
321 261
321 282
321 128
321 300
321 79
321 228
321 265
321 218
321 322
321 103
321 201
321 125
321 266
321 222
321 58
321 312
98 206
98 213
98 18
98 133
98 214
98 150
98 193
98 207
98 47
98 158
98 305
98 271
98 208
98 262
98 105
98 11
98 181
98 134
98 38
98 210
98 137
98 102
98 182
98 263
98 300
98 228
98 169
98 103
98 125
98 222
98 312
98 31
206 155
206 174
206 157
206 284
206 150
206 212
206 193
206 207
206 195
206 129
206 9
206 164
206 305
206 277
206 307
206 303
206 134
206 74
206 319
206 15
206 253
206 21
206 79
206 169
206 176
206 251
206 297
206 22
206 12
206 106
206 46
206 231
206 266
206 222
206 312
260 175
260 155
260 213
260 185
260 35
260 214
260 212
260 141
260 47
260 112
260 53
260 195
260 159
260 129
260 254
260 318
260 208
260 202
260 121
260 11
260 126
260 63
260 90
260 38
260 137
260 217
260 279
260 182
260 166
260 261
260 83
260 240
260 128
260 184
260 201
260 224
260 46
260 58
260 200
260 311
260 31
260 223
175 155
175 213
175 138
175 150
175 112
175 129
175 202
175 124
175 181
175 134
175 74
175 309
175 319
175 118
175 279
175 111
175 182
175 253
175 21
175 211
175 265
175 218
175 176
175 297
175 96
175 222
175 58
175 200
175 2
175 247
175 223
155 138
155 174
155 18
155 173
155 258
155 51
155 150
155 54
155 193
155 250
155 43
155 277
155 229
155 121
155 74
155 162
155 102
155 118
155 93
155 253
155 220
155 261
155 83
155 263
155 211
155 322
155 245
155 201
155 297
155 222
155 299
155 58
155 252
155 2
155 31
155 223
213 18
213 133
213 212
213 112
213 164
213 205
213 202
213 105
213 134
213 90
213 154
213 210
213 279
213 182
213 253
213 261
213 83
213 177
213 79
213 136
213 228
213 218
213 255
213 231
213 311
213 31
213 223
138 173
138 258
138 54
138 47
138 112
138 129
138 43
138 305
138 271
138 208
138 229
138 307
138 303
138 262
138 105
138 39
138 24
138 42
138 121
138 11
138 126
138 181
138 242
138 319
138 15
138 118
138 261
138 240
138 64
138 300
138 136
138 201
138 297
138 22
138 106
138 46
138 200
138 252
138 330
138 223
174 18
174 185
174 133
174 35
174 214
174 112
174 164
174 305
174 318
174 229
174 105
174 126
174 8
174 181
174 242
174 63
174 309
174 154
174 220
174 263
174 322
174 251
174 201
174 297
174 22
174 224
174 231
174 222
174 299
174 252
174 2
174 247
18 150
18 207
18 47
18 159
18 9
18 305
18 126
18 181
18 242
18 309
18 162
18 210
18 15
18 102
18 279
18 253
18 282
18 240
18 263
18 79
18 136
18 322
18 297
18 22
18 12
18 106
18 46
18 58
18 200
18 2
18 223
18 267
185 284
185 248
185 250
185 43
185 271
185 277
185 205
185 229
185 202
185 105
185 24
185 14
185 121
185 11
185 126
185 181
185 134
185 38
185 319
185 15
185 93
185 182
185 64
185 7
185 265
185 322
185 103
185 22
185 224
185 200
185 252
185 330
185 223
173 157
173 35
173 214
173 51
173 248
173 141
173 193
173 53
173 250
173 159
173 271
173 205
173 14
173 11
173 132
173 90
173 309
173 137
173 15
173 182
173 282
173 263
173 21
173 184
173 103
173 297
173 22
173 224
173 231
173 76
173 267
157 258
157 133
157 150
157 158
157 250
157 9
157 164
157 318
157 307
157 39
157 132
157 154
157 137
157 166
157 177
157 79
157 228
157 125
157 297
157 231
157 58
157 200
157 2
157 247
157 330
157 312
157 31
157 267
258 284
258 133
258 35
258 212
258 248
258 54
258 158
258 250
258 129
258 164
258 305
258 318
258 205
258 208
258 202
258 307
258 105
258 39
258 11
258 132
258 134
258 90
258 210
258 217
258 15
258 118
258 282
258 211
258 300
258 228
258 103
258 245
258 251
258 125
258 22
258 224
258 255
258 299
258 200
258 311
258 312
284 207
284 254
284 43
284 164
284 318
284 271
284 205
284 229
284 202
284 307
284 24
284 42
284 124
284 63
284 162
284 137
284 111
284 182
284 282
284 300
284 79
284 136
284 7
284 228
284 125
284 12
284 106
284 266
284 58
284 330
284 312
133 35
133 212
133 54
133 141
133 193
133 112
133 195
133 250
133 164
133 205
133 229
133 262
133 242
133 134
133 63
133 137
133 261
133 128
133 211
133 125
133 297
133 106
133 46
133 299
133 58
133 31
35 150
35 53
35 159
35 271
35 277
35 105
35 39
35 121
35 124
35 63
35 319
35 217
35 182
35 166
35 220
35 261
35 240
35 263
35 21
35 64
35 136
35 322
35 103
35 125
35 297
35 22
35 224
35 106
35 58
35 200
35 2
35 247
35 330
35 31
35 267
214 193
214 47
214 53
214 43
214 271
214 205
214 229
214 121
214 124
214 8
214 38
214 137
214 217
214 15
214 102
214 118
214 93
214 253
214 21
214 128
214 300
214 136
214 176
214 245
214 251
214 224
214 46
214 266
214 247
214 312
51 54
51 193
51 207
51 195
51 164
51 318
51 105
51 39
51 24
51 14
51 11
51 154
51 319
51 210
51 137
51 118
51 279
51 182
51 166
51 253
51 282
51 83
51 128
51 136
51 169
51 218
51 322
51 103
51 176
51 106
51 46
51 76
51 312
51 267
150 141
150 207
150 159
150 305
150 202
150 24
150 14
150 124
150 11
150 242
150 63
150 210
150 111
150 220
150 21
150 211
150 7
150 322
150 103
150 176
150 245
150 125
150 297
150 22
150 231
150 299
150 58
150 267
212 141
212 53
212 195
212 159
212 254
212 43
212 318
212 271
212 277
212 205
212 229
212 24
212 14
212 126
212 74
212 137
212 279
212 93
212 253
212 21
212 136
212 7
212 169
212 176
212 251
212 201
212 22
212 12
212 266
212 58
212 252
248 158
248 43
248 164
248 271
248 277
248 307
248 105
248 14
248 242
248 74
248 90
248 154
248 210
248 137
248 166
248 220
248 261
248 21
248 128
248 184
248 177
248 79
248 265
248 218
248 12
248 106
248 46
248 266
248 299
248 58
248 247
248 312
248 223
248 267
54 193
54 207
54 195
54 254
54 164
54 205
54 208
54 42
54 14
54 74
54 38
54 246
54 118
54 182
54 177
54 300
54 136
54 176
54 245
54 201
54 224
54 96
54 2
54 31
54 223
54 267
141 53
141 129
141 271
141 277
141 229
141 24
141 242
141 134
141 90
141 93
141 253
141 220
141 21
141 228
141 169
141 218
141 251
141 125
141 297
141 106
141 299
141 330
141 312
141 31
141 223
141 267
193 254
193 43
193 277
193 205
193 307
193 39
193 242
193 162
193 319
193 217
193 246
193 102
193 118
193 220
193 261
193 282
193 263
193 184
193 177
193 300
193 136
193 169
193 103
193 224
193 96
193 76
193 200
193 311
193 330
193 312
193 31
193 223
207 158
207 53
207 129
207 254
207 164
207 277
207 205
207 208
207 14
207 121
207 11
207 8
207 181
207 154
207 118
207 279
207 182
207 166
207 253
207 261
207 300
207 136
207 7
207 218
207 322
207 125
207 106
207 46
207 96
207 266
207 58
207 2
47 158
47 53
47 250
47 254
47 43
47 164
47 305
47 271
47 277
47 205
47 229
47 307
47 303
47 121
47 309
47 217
47 15
47 93
47 253
47 263
47 128
47 184
47 136
47 7
47 228
47 103
47 46
47 96
47 266
47 76
47 222
47 200
47 247
158 195
158 129
158 9
158 254
158 43
158 229
158 105
158 124
158 11
158 242
158 132
158 134
158 74
158 90
158 38
158 309
158 137
158 102
158 166
158 282
158 21
158 211
158 136
158 265
158 322
158 22
158 255
158 231
158 76
158 222
158 58
158 2
112 9
112 254
112 305
112 271
112 277
112 229
112 307
112 24
112 42
112 121
112 63
112 90
112 38
112 93
112 182
112 166
112 64
112 184
112 211
112 265
112 169
112 218
112 125
112 255
112 231
112 266
112 76
112 267
53 9
53 164
53 305
53 277
53 205
53 208
53 202
53 262
53 74
53 90
53 38
53 319
53 137
53 246
53 111
53 166
53 282
53 240
53 263
53 64
53 300
53 136
53 224
53 96
53 299
53 2
53 330
53 312
53 31
195 159
195 129
195 305
195 277
195 208
195 202
195 303
195 121
195 162
195 319
195 210
195 118
195 182
195 263
195 64
195 128
195 300
195 79
195 228
195 265
195 218
195 322
195 176
195 245
195 125
195 297
195 255
195 222
195 299
195 311
195 252
195 247
195 330
195 267
250 9
250 254
250 305
250 205
250 229
250 39
250 121
250 11
250 181
250 242
250 63
250 154
250 210
250 246
250 279
250 93
250 166
250 261
250 282
250 263
250 64
250 177
250 136
250 245
250 201
250 125
250 224
250 106
250 46
250 231
250 222
250 58
250 330
250 31
250 267
159 129
159 9
159 254
159 277
159 202
159 24
159 121
159 124
159 126
159 181
159 38
159 93
159 111
159 282
159 21
159 211
159 7
159 245
159 251
159 297
159 22
159 76
159 222
159 312
159 267
129 9
129 254
129 43
129 305
129 271
129 229
129 303
129 14
129 124
129 181
129 90
129 217
129 118
129 182
129 220
129 282
129 211
129 218
129 322
129 22
129 106
129 46
129 266
129 76
129 58
129 311
129 312
9 43
9 164
9 202
9 105
9 14
9 8
9 181
9 63
9 137
9 15
9 246
9 102
9 118
9 279
9 83
9 240
9 263
9 64
9 128
9 300
9 228
9 218
9 251
9 201
9 255
9 299
9 312
254 277
254 307
254 105
254 39
254 42
254 121
254 11
254 126
254 63
254 309
254 154
254 210
254 217
254 246
254 279
254 93
254 182
254 253
254 261
254 211
254 177
254 7
254 228
254 218
254 201
254 125
254 297
254 96
254 231
254 200
254 252
254 2
254 267
43 164
43 305
43 208
43 303
43 262
43 39
43 11
43 126
43 132
43 63
43 74
43 162
43 319
43 15
43 111
43 166
43 220
43 261
43 300
43 136
43 7
43 169
43 218
43 103
43 297
43 96
43 231
43 312
43 223
164 271
164 277
164 229
164 39
164 242
164 63
164 38
164 210
164 137
164 246
164 279
164 182
164 261
164 282
164 211
164 300
164 136
164 169
164 176
164 251
164 12
164 224
164 106
164 255
164 222
164 299
164 200
164 252
164 2
164 247
305 318
305 271
305 277
305 205
305 208
305 229
305 307
305 262
305 24
305 181
305 242
305 132
305 134
305 38
305 309
305 154
305 210
305 137
305 246
305 279
305 83
305 128
305 211
305 79
305 169
305 125
305 22
305 106
305 76
305 200
305 312
305 223
305 267
318 277
318 205
318 229
318 14
318 124
318 126
318 132
318 134
318 90
318 309
318 319
318 137
318 111
318 166
318 261
318 21
318 64
318 211
318 136
318 7
318 265
318 169
318 103
318 251
318 201
318 125
318 12
318 46
318 96
318 76
318 311
318 330
318 312
271 277
271 205
271 105
271 24
271 121
271 126
271 8
271 181
271 132
271 90
271 309
271 319
271 210
271 137
271 15
271 102
271 182
271 166
271 261
271 240
271 184
271 211
271 177
271 300
271 7
271 218
271 176
271 245
271 251
271 297
271 22
271 12
271 231
271 76
271 222
271 299
271 200
271 2
271 247
271 267
277 205
277 208
277 202
277 307
277 105
277 39
277 121
277 8
277 181
277 63
277 38
277 309
277 162
277 319
277 210
277 137
277 217
277 220
277 261
277 282
277 263
277 300
277 79
277 218
277 103
277 176
277 245
277 12
277 224
277 299
277 58
277 252
277 2
277 312
205 307
205 262
205 24
205 121
205 11
205 126
205 8
205 63
205 38
205 319
205 217
205 15
205 182
205 166
205 282
205 83
205 128
205 7
205 265
205 322
205 103
205 201
205 22
205 46
205 231
205 266
205 76
205 58
205 311
205 252
205 2
205 312
208 307
208 39
208 124
208 11
208 8
208 242
208 134
208 162
208 15
208 93
208 21
208 128
208 211
208 300
208 79
208 228
208 106
208 255
208 76
208 312
208 31
208 267
229 124
229 11
229 126
229 8
229 309
229 137
229 93
229 83
229 79
229 7
229 322
229 245
229 224
229 46
229 266
229 311
229 252
229 2
229 247
202 307
202 24
202 121
202 124
202 8
202 242
202 63
202 309
202 137
202 217
202 246
202 279
202 93
202 111
202 182
202 220
202 261
202 282
202 177
202 300
202 265
202 169
202 322
202 176
202 245
202 22
202 255
202 266
202 58
202 311
202 252
202 330
202 223
202 267
307 39
307 121
307 11
307 242
307 132
307 63
307 90
307 162
307 210
307 102
307 118
307 279
307 182
307 166
307 220
307 282
307 240
307 263
307 64
307 169
307 322
307 245
307 125
307 22
307 266
307 299
307 58
307 252
307 2
307 330
307 223
307 267
303 105
303 24
303 42
303 121
303 126
303 132
303 63
303 162
303 319
303 210
303 217
303 15
303 182
303 261
303 64
303 211
303 177
303 79
303 228
303 265
303 218
303 176
303 125
303 46
303 231
303 222
303 299
303 247
303 312
303 31
262 105
262 24
262 126
262 242
262 162
262 319
262 210
262 246
262 102
262 279
262 253
262 220
262 282
262 240
262 263
262 211
262 79
262 136
262 265
262 103
262 176
262 245
262 201
262 125
262 297
262 224
262 46
262 96
262 76
262 222
262 299
262 200
262 2
262 31
105 39
105 121
105 124
105 126
105 63
105 74
105 90
105 154
105 137
105 217
105 102
105 118
105 111
105 182
105 282
105 240
105 64
105 128
105 265
105 169
105 322
105 176
105 245
105 125
105 12
105 106
105 255
105 231
105 76
105 58
39 121
39 124
39 242
39 132
39 154
39 162
39 319
39 217
39 15
39 118
39 93
39 166
39 253
39 240
39 177
39 300
39 136
39 251
39 125
39 297
39 12
39 224
39 106
39 255
39 96
39 266
39 252
39 330
24 42
24 121
24 124
24 134
24 90
24 154
24 166
24 64
24 184
24 300
24 7
24 169
24 245
24 125
24 12
24 255
24 231
24 222
24 200
24 252
24 330
24 267
42 11
42 242
42 132
42 63
42 309
42 154
42 217
42 118
42 166
42 282
42 64
42 211
42 177
42 169
42 218
42 176
42 245
42 297
42 22
42 12
42 224
42 106
42 46
42 96
42 266
42 76
42 222
42 247
42 267
14 121
14 74
14 137
14 217
14 93
14 111
14 240
14 263
14 64
14 184
14 79
14 136
14 228
14 218
14 322
14 251
14 201
14 125
14 22
14 12
14 224
14 106
14 231
14 266
14 299
14 311
14 330
14 31
121 126
121 181
121 242
121 74
121 319
121 217
121 15
121 246
121 118
121 282
121 240
121 21
121 184
121 177
121 228
121 265
121 218
121 322
121 201
121 12
121 224
121 46
121 58
121 200
121 252
121 31
124 11
124 242
124 132
124 134
124 63
124 319
124 210
124 137
124 102
124 279
124 166
124 282
124 240
124 21
124 128
124 300
124 79
124 265
124 218
124 322
124 103
124 176
124 297
124 224
124 46
124 96
124 231
124 222
124 299
124 58
124 311
124 2
124 330
124 312
124 223
124 267
11 242
11 132
11 134
11 63
11 309
11 319
11 210
11 217
11 246
11 102
11 118
11 279
11 93
11 182
11 166
11 220
11 240
11 263
11 21
11 184
11 79
11 7
11 265
11 169
11 218
11 201
11 125
11 297
11 224
11 106
11 46
11 255
11 231
11 266
11 76
11 311
11 2
11 31
11 223
11 267
126 309
126 217
126 15
126 246
126 102
126 118
126 279
126 93
126 111
126 253
126 64
126 300
126 79
126 136
126 265
126 218
126 322
126 103
126 176
126 251
126 297
126 22
126 12
126 224
126 106
126 299
126 247
126 223
126 267
8 132
8 63
8 74
8 38
8 210
8 137
8 282
8 240
8 128
8 177
8 136
8 265
8 176
8 251
8 201
8 22
8 12
8 224
8 46
8 96
8 76
8 311
8 252
8 2
8 31
181 154
181 210
181 15
181 246
181 111
181 220
181 261
181 282
181 83
181 263
181 211
181 136
181 7
181 265
181 218
181 103
181 251
181 201
181 22
181 255
181 266
181 222
181 58
181 200
181 311
181 312
181 223
242 132
242 63
242 74
242 309
242 154
242 15
242 118
242 279
242 93
242 240
242 211
242 300
242 136
242 7
242 228
242 265
242 169
242 176
242 245
242 201
242 231
242 222
242 299
242 200
132 63
132 74
132 162
132 210
132 137
132 102
132 279
132 93
132 111
132 166
132 220
132 263
132 21
132 64
132 177
132 300
132 79
132 7
132 218
132 322
132 103
132 245
132 125
132 22
132 12
132 106
132 255
132 96
132 266
132 76
132 58
132 252
132 2
132 247
132 330
132 312
134 74
134 90
134 38
134 217
134 102
134 118
134 253
134 220
134 261
134 64
134 128
134 300
134 136
134 169
134 176
134 251
134 22
134 224
134 46
134 96
134 266
134 58
134 311
134 247
134 223
63 74
63 309
63 154
63 319
63 210
63 217
63 246
63 118
63 253
63 261
63 240
63 263
63 64
63 128
63 7
63 228
63 218
63 103
63 251
63 297
63 22
63 46
63 255
63 266
63 76
63 222
63 299
63 200
63 252
63 330
63 31
63 267
74 38
74 319
74 210
74 93
74 111
74 166
74 261
74 83
74 240
74 128
74 177
74 7
74 228
74 169
74 322
74 176
74 125
74 297
74 22
74 255
74 96
74 231
74 222
74 299
74 58
74 200
74 252
74 330
74 31
74 267
90 309
90 319
90 210
90 137
90 217
90 15
90 246
90 118
90 111
90 182
90 253
90 261
90 263
90 64
90 300
90 7
90 228
90 265
90 322
90 125
90 22
90 12
90 46
90 231
90 222
90 311
90 252
90 330
90 312
90 31
90 267
38 309
38 162
38 210
38 217
38 15
38 118
38 182
38 166
38 220
38 240
38 79
38 169
38 103
38 251
38 125
38 22
38 106
38 231
38 222
38 200
38 247
38 330
38 223
309 154
309 210
309 217
309 246
309 102
309 118
309 166
309 220
309 263
309 128
309 300
309 136
309 265
309 169
309 103
309 245
309 201
309 297
309 255
309 96
309 231
309 222
309 247
309 31
309 267
154 319
154 210
154 137
154 217
154 15
154 102
154 118
154 182
154 220
154 240
154 128
154 177
154 300
154 7
154 228
154 176
154 245
154 251
154 125
154 297
154 12
154 46
154 266
154 200
154 312
154 267
162 210
162 217
162 118
162 279
162 166
162 261
162 83
162 240
162 21
162 184
162 177
162 300
162 265
162 103
162 176
162 245
162 12
162 224
162 46
162 266
162 311
162 2
162 330
162 312
319 210
319 217
319 15
319 246
319 102
319 118
319 182
319 166
319 253
319 261
319 282
319 83
319 263
319 211
319 79
319 201
319 297
319 12
319 224
319 106
319 46
319 255
319 266
319 222
319 311
319 252
319 2
319 247
319 312
319 223
210 137
210 217
210 246
210 118
210 111
210 166
210 253
210 220
210 263
210 21
210 177
210 300
210 136
210 228
210 265
210 176
210 251
210 201
210 125
210 297
210 12
210 224
210 96
210 76
210 58
210 2
210 247
210 31
210 267
137 246
137 118
137 279
137 93
137 182
137 166
137 253
137 261
137 282
137 240
137 128
137 184
137 177
137 300
137 228
137 265
137 169
137 245
137 251
137 255
137 96
137 231
137 76
137 222
137 299
137 58
137 311
137 252
137 2
137 31
217 246
217 102
217 93
217 261
217 263
217 211
217 177
217 300
217 79
217 136
217 228
217 322
217 103
217 245
217 201
217 224
217 106
217 46
217 231
217 76
217 299
217 200
217 247
217 312
217 31
15 102
15 118
15 166
15 261
15 21
15 128
15 184
15 79
15 228
15 218
15 322
15 176
15 245
15 251
15 125
15 46
15 255
15 96
15 231
15 222
15 299
15 58
15 200
15 311
15 330
15 312
15 223
246 102
246 118
246 111
246 253
246 282
246 64
246 79
246 218
246 322
246 103
246 176
246 245
246 251
246 125
246 22
246 12
246 224
246 255
246 96
246 231
246 76
246 299
246 200
246 247
246 312
246 31
102 118
102 279
102 93
102 166
102 261
102 263
102 21
102 64
102 184
102 211
102 177
102 7
102 228
102 322
102 176
102 245
102 251
102 22
102 255
102 76
102 222
102 299
102 252
102 247
102 330
102 312
102 223
118 111
118 261
118 83
118 263
118 21
118 64
118 128
118 136
118 7
118 265
118 169
118 218
118 176
118 245
118 12
118 224
118 255
118 96
118 231
118 266
118 222
118 58
118 200
118 311
118 247
118 312
118 31
118 223
279 93
279 111
279 166
279 240
279 21
279 211
279 79
279 136
279 7
279 228
279 322
279 176
279 245
279 251
279 201
279 12
279 224
279 46
279 222
279 200
279 2
279 247
279 267
93 111
93 253
93 261
93 282
93 240
93 263
93 128
93 211
93 177
93 228
93 265
93 103
93 176
93 245
93 251
93 201
93 297
93 224
93 46
93 96
93 231
93 222
93 252
93 330
93 312
93 31
93 223
93 267
111 182
111 166
111 253
111 261
111 282
111 240
111 21
111 64
111 128
111 184
111 211
111 300
111 228
111 265
111 218
111 322
111 103
111 176
111 245
111 201
111 22
111 106
111 46
111 255
111 96
111 231
111 266
111 76
111 222
111 200
111 311
111 252
111 2
111 247
111 330
111 312
111 31
111 267
182 253
182 220
182 261
182 282
182 83
182 240
182 64
182 211
182 300
182 79
182 136
182 7
182 265
182 169
182 322
182 103
182 176
182 251
182 201
182 125
182 297
182 22
182 106
182 255
182 266
182 200
182 252
182 247
182 330
182 312
182 31
182 223
182 267
166 220
166 261
166 83
166 240
166 64
166 128
166 184
166 300
166 79
166 136
166 7
166 228
166 218
166 322
166 176
166 201
166 297
166 46
166 255
166 96
166 231
166 58
166 311
166 252
166 2
166 312
166 223
166 267
253 220
253 261
253 282
253 240
253 21
253 64
253 128
253 177
253 300
253 136
253 7
253 228
253 265
253 218
253 322
253 103
253 176
253 251
253 201
253 297
253 22
253 224
253 106
253 255
253 96
253 231
253 266
253 58
253 200
253 311
253 252
253 312
253 267
220 261
220 240
220 263
220 128
220 184
220 211
220 177
220 7
220 228
220 265
220 169
220 322
220 251
220 297
220 22
220 12
220 106
220 46
220 255
220 96
220 266
220 76
220 299
220 58
220 252
220 2
220 330
220 223
261 282
261 83
261 64
261 128
261 300
261 7
261 228
261 265
261 322
261 176
261 245
261 201
261 125
261 297
261 22
261 224
261 46
261 96
261 266
261 222
261 299
261 58
261 200
261 311
261 247
261 312
261 31
261 223
261 267
282 83
282 240
282 263
282 21
282 64
282 184
282 211
282 228
282 265
282 322
282 103
282 251
282 201
282 125
282 12
282 224
282 106
282 46
282 231
282 266
282 76
282 222
282 200
282 311
282 312
282 267
83 240
83 263
83 21
83 128
83 211
83 177
83 79
83 7
83 322
83 103
83 176
83 251
83 297
83 22
83 106
83 46
83 96
83 222
83 299
83 311
83 252
83 247
83 330
83 312
83 31
83 223
240 263
240 184
240 177
240 300
240 136
240 7
240 265
240 218
240 103
240 176
240 245
240 201
240 125
240 297
240 22
240 224
240 106
240 96
240 231
240 266
240 76
240 299
240 58
240 311
240 252
240 2
240 330
240 312
240 31
240 267
263 184
263 211
263 79
263 136
263 7
263 228
263 218
263 322
263 103
263 176
263 125
263 297
263 12
263 224
263 106
263 255
263 231
263 76
263 299
263 58
263 200
263 311
263 252
263 247
263 330
263 312
263 31
263 223
21 184
21 177
21 136
21 7
21 265
21 169
21 322
21 176
21 245
21 251
21 201
21 125
21 297
21 12
21 106
21 46
21 255
21 96
21 231
21 266
21 58
21 252
21 312
21 31
64 128
64 184
64 211
64 177
64 300
64 7
64 228
64 265
64 322
64 176
64 245
64 22
64 12
64 224
64 76
64 222
64 58
64 200
64 311
64 252
64 247
64 330
64 312
64 223
64 267
128 184
128 211
128 300
128 7
128 228
128 265
128 103
128 201
128 22
128 12
128 224
128 106
128 46
128 266
128 222
128 299
128 200
128 311
128 252
128 2
128 330
128 31
128 223
128 267
184 177
184 300
184 79
184 7
184 265
184 169
184 218
184 322
184 103
184 176
184 251
184 201
184 125
184 297
184 22
184 12
184 224
184 106
184 46
184 255
184 96
184 231
184 76
184 222
184 311
184 252
184 247
184 312
184 223
184 267
211 177
211 300
211 136
211 265
211 169
211 322
211 103
211 245
211 251
211 201
211 125
211 22
211 106
211 46
211 255
211 96
211 231
211 222
211 299
211 311
211 252
211 247
211 330
211 312
211 31
211 223
177 7
177 265
177 169
177 218
177 322
177 103
177 176
177 245
177 251
177 201
177 125
177 12
177 106
177 46
177 255
177 231
177 76
177 222
177 299
177 58
177 200
177 311
177 2
177 312
177 31
177 223
300 79
300 7
300 169
300 218
300 322
300 176
300 245
300 201
300 125
300 297
300 224
300 46
300 255
300 266
300 76
300 222
300 58
300 311
300 252
300 330
300 312
300 223
300 267
79 169
79 218
79 322
79 103
79 176
79 245
79 125
79 297
79 224
79 46
79 255
79 231
79 266
79 76
79 222
79 299
79 58
79 200
79 2
79 330
79 31
79 223
79 267
136 218
136 322
136 245
136 251
136 201
136 125
136 297
136 12
136 106
136 46
136 255
136 96
136 222
136 299
136 58
136 200
136 252
136 2
136 330
136 312
136 267
7 228
7 265
7 169
7 218
7 322
7 103
7 176
7 125
7 297
7 22
7 12
7 224
7 46
7 96
7 231
7 266
7 76
7 222
7 58
7 200
7 252
7 330
7 312
228 265
228 322
228 103
228 176
228 251
228 201
228 12
228 224
228 106
228 46
228 96
228 266
228 76
228 222
228 58
228 252
228 2
228 247
228 31
228 223
265 169
265 322
265 103
265 245
265 251
265 201
265 297
265 22
265 12
265 106
265 255
265 96
265 222
265 200
265 252
265 2
265 247
265 330
265 312
265 31
265 223
169 218
169 322
169 103
169 245
169 251
169 201
169 125
169 297
169 224
169 255
169 96
169 231
169 76
169 299
169 311
169 247
169 330
169 312
169 31
169 223
169 267
218 322
218 103
218 176
218 245
218 251
218 297
218 22
218 12
218 46
218 255
218 96
218 231
218 76
218 299
218 58
218 311
218 252
218 2
218 330
218 31
218 267
322 245
322 251
322 125
322 12
322 224
322 106
322 46
322 255
322 96
322 231
322 266
322 76
322 222
322 58
322 200
322 252
322 2
322 247
322 330
322 312
322 31
322 223
322 267
103 176
103 245
103 251
103 125
103 297
103 22
103 12
103 224
103 106
103 46
103 255
103 96
103 231
103 266
103 76
103 222
103 299
103 58
103 200
103 252
103 2
103 247
103 330
103 312
103 31
103 223
176 245
176 251
176 201
176 125
176 297
176 12
176 224
176 106
176 255
176 231
176 266
176 76
176 222
176 200
176 311
176 252
176 247
176 312
176 223
176 267
245 251
245 201
245 125
245 297
245 22
245 12
245 224
245 106
245 46
245 255
245 231
245 222
245 299
245 58
245 311
245 2
245 247
245 312
245 223
251 201
251 125
251 297
251 22
251 12
251 224
251 106
251 46
251 255
251 96
251 231
251 266
251 76
251 222
251 200
251 311
251 252
251 2
251 330
251 312
251 31
251 223
251 267
201 125
201 12
201 224
201 106
201 46
201 255
201 96
201 231
201 266
201 222
201 299
201 58
201 200
201 311
201 247
201 330
201 31
201 223
201 267
125 297
125 22
125 12
125 46
125 255
125 96
125 266
125 222
125 58
125 200
125 252
125 2
125 247
125 330
125 312
125 31
125 267
297 22
297 12
297 224
297 106
297 46
297 255
297 96
297 231
297 266
297 222
297 58
297 200
297 311
297 312
297 31
297 223
297 267
22 46
22 255
22 231
22 266
22 222
22 299
22 200
22 311
22 252
22 2
22 312
22 31
22 223
22 267
12 224
12 106
12 255
12 96
12 231
12 266
12 222
12 58
12 200
12 311
12 252
12 2
12 247
12 330
12 312
12 31
12 223
12 267
224 46
224 255
224 96
224 231
224 266
224 222
224 58
224 200
224 252
224 2
224 247
224 330
224 312
224 223
224 267
106 46
106 255
106 96
106 231
106 266
106 76
106 58
106 200
106 311
106 247
106 330
106 312
106 31
106 267
46 255
46 96
46 231
46 266
46 76
46 299
46 58
46 200
46 252
46 2
46 247
46 330
46 312
46 31
46 223
46 267
255 96
255 231
255 266
255 76
255 222
255 299
255 58
255 200
255 252
255 2
255 247
255 330
255 312
255 31
255 223
255 267
96 231
96 266
96 76
96 222
96 299
96 58
96 200
96 311
96 2
96 247
96 330
96 312
96 31
96 223
96 267
231 266
231 76
231 222
231 299
231 58
231 200
231 311
231 252
231 2
231 247
231 330
231 312
231 31
231 223
231 267
266 76
266 222
266 200
266 311
266 252
266 2
266 330
266 31
266 223
266 267
76 222
76 299
76 58
76 200
76 311
76 252
76 2
76 247
76 330
76 312
76 31
76 223
76 267
222 299
222 58
222 200
222 252
222 2
222 247
222 330
222 312
222 31
222 223
222 267
299 58
299 200
299 311
299 2
299 247
299 330
299 312
299 31
299 223
58 200
58 311
58 252
58 2
58 247
58 330
58 312
58 31
58 223
58 267
58 302
200 311
200 252
200 2
200 247
200 330
200 312
200 31
200 223
200 267
311 252
311 2
311 247
311 330
311 312
311 31
311 223
311 267
252 2
252 247
252 330
252 312
252 31
252 223
252 267
2 247
2 330
2 312
2 31
2 223
2 267
247 330
247 312
247 31
247 223
247 267
330 312
330 31
330 223
330 267
312 31
312 223
312 267
31 223
31 267
223 267
