4435
1 11
2 263
3 94
4 404
5 154
6 134
7 213
8 114
9 260
10 261
11 85
12 272
13 416
14 468
15 58
16 40
17 360
18 110
19 200
20 68
21 381
22 133
23 210
24 270
25 83
26 1
27 86
28 259
29 447
30 176
31 312
32 252
33 298
34 233
35 22
36 234
37 163
38 121
39 174
40 119
41 274
42 208
43 160
44 33
45 275
46 80
47 41
48 50
49 418
50 479
51 345
52 399
53 19
54 168
55 201
56 66
57 20
58 247
59 47
60 108
61 69
62 248
63 67
64 16
65 451
66 425
67 244
68 153
69 382
70 106
71 250
72 332
73 179
74 178
75 279
76 220
77 196
78 192
79 193
80 177
81 145
82 262
83 409
84 27
85 343
86 336
87 379
88 84
89 195
90 225
91 126
92 302
93 285
94 462
95 8
96 117
97 296
98 314
99 158
100 293
101 443
102 180
103 342
104 77
105 78
106 301
107 256
108 115
109 186
110 218
111 142
112 57
113 310
114 240
115 143
116 188
117 161
118 14
119 323
120 383
121 361
122 207
123 241
124 226
125 393
126 407
127 111
128 239
129 297
130 388
131 364
132 420
133 348
134 318
135 434
136 277
137 281
138 291
139 15
140 429
141 276
142 109
143 136
144 339
145 413
146 152
147 189
148 292
149 194
150 319
151 30
152 173
153 288
154 480
155 331
156 138
157 249
158 280
159 307
160 199
161 472
162 36
163 12
164 214
165 442
166 428
167 157
168 172
169 466
170 351
171 481
172 469
173 461
174 17
175 464
176 88
177 378
178 197
179 397
180 253
181 120
182 475
183 341
184 60
185 190
186 90
187 346
188 184
189 340
190 151
191 426
192 367
193 63
194 43
195 95
196 204
197 325
198 169
199 437
200 9
201 39
202 97
203 448
204 113
205 410
206 72
207 334
208 309
209 242
210 21
211 324
212 352
213 224
214 373
215 476
216 28
217 100
218 34
219 222
220 6
221 102
222 421
223 125
224 46
225 457
226 4
227 290
228 123
229 317
230 103
231 344
232 245
233 219
234 164
235 337
236 171
237 369
238 356
239 155
240 230
241 205
242 243
243 116
244 365
245 371
246 328
247 61
248 37
249 286
250 306
251 237
252 273
253 295
254 3
255 45
256 431
257 162
258 75
259 284
260 89
