4360
1 60
2 47
3 32
4 43
5 66
6 6
7 49
8 84
9 42
10 48
11 8
12 13
13 85
14 24
15 1
16 27
17 16
18 88
19 23
20 123
21 107
22 135
23 169
24 67
25 171
26 26
27 17
28 157
29 153
30 143
31 125
32 9
33 136
34 55
35 86
36 81
37 89
38 112
39 108
40 75
41 148
42 97
43 80
44 155
45 156
46 62
47 115
48 54
49 131
50 20
51 70
52 37
53 120
54 162
55 74
56 139
57 102
58 103
59 64
60 18
61 71
62 57
63 39
64 160
65 164
66 79
67 126
68 19
69 138
70 130
71 63
72 127
73 159
74 92
75 94
76 31
77 98
78 40
79 22
80 77
81 113
82 149
83 145
84 35
85 137
86 44
87 166
88 7
89 53
90 52
91 59
92 34
93 61
94 3
95 116
96 118
97 69
98 93
99 152
100 82
101 109
102 99
103 105
104 134
105 158
106 68
107 83
108 110
109 101
110 121
111 25
112 91
113 51
114 114
115 2
116 14
117 30
118 168
119 95
120 96
121 154
122 15
123 150
124 124
125 104
126 167
127 100
128 90
129 172
130 142
131 133
132 65
133 87
134 128
135 45
136 36
137 117
138 29
139 141
140 21
141 163
142 76
143 72
144 146
145 58
146 111
147 106
148 161
149 46
150 147
