11788
1 170
2 253
3 21
4 152
5 86
6 171
7 89
8 216
9 13
10 47
11 19
12 234
13 58
14 67
15 76
16 74
17 46
18 150
19 60
20 75
21 80
22 11
23 61
24 240
25 121
26 200
27 65
28 218
29 246
30 153
31 250
32 91
33 64
34 189
35 30
36 258
37 264
38 85
39 125
40 186
41 34
42 134
43 190
44 261
45 37
46 151
47 78
48 217
49 137
50 102
51 242
52 126
53 172
54 23
55 87
56 124
57 82
58 4
59 233
60 197
61 265
62 105
63 229
64 22
65 213
66 113
67 196
68 104
69 24
70 73
71 168
72 9
73 140
74 166
75 203
76 41
77 232
78 56
79 191
80 110
81 167
82 10
83 123
84 188
85 7
86 129
87 20
88 94
89 106
90 112
91 182
92 227
93 128
94 254
95 66
96 120
97 238
98 267
99 164
100 135
101 175
102 193
103 116
104 160
105 72
106 118
107 70
108 28
109 187
110 5
111 45
112 147
113 114
114 237
115 226
116 122
117 202
118 96
119 6
120 176
121 181
122 43
123 27
124 148
125 204
126 131
127 192
128 111
129 32
130 77
131 225
132 215
133 194
134 198
135 101
136 79
137 255
138 36
139 40
140 208
141 142
142 180
143 54
144 119
145 71
146 252
147 108
148 26
149 163
150 157
151 156
152 245
153 244
154 42
155 99
156 127
157 158
158 221
159 201
160 159
161 211
162 230
163 39
164 48
165 206
166 199
167 33
168 12
169 97
170 68
171 146
172 161
173 103
174 44
175 8
176 38
177 55
178 259
179 141
180 209
181 183
182 262
183 143
184 256
185 173
186 133
187 136
188 195
189 155
190 207
191 249
192 57
193 52
194 138
195 236
196 98
197 139
198 149
199 1
200 117
201 210
202 257
203 154
204 260
205 231
206 18
207 90
208 95
209 222
210 263
211 92
212 169
213 228
214 165
215 107
216 235
217 81
218 2
219 241
220 53
221 247
222 144
223 16
224 251
225 219
226 243
227 239
228 49
229 177
230 185
231 162
232 266
233 14
234 84
235 115
236 93
237 100
238 145
239 212
240 224
241 132
242 88
243 51
244 248
245 62
246 130
247 178
248 3
249 109
250 69
