6183
1 83
2 182
3 172
4 276
5 78
6 291
7 324
8 266
9 25
10 98
11 201
12 379
13 233
14 361
15 31
16 305
17 311
18 84
19 95
20 250
21 80
22 350
23 262
24 302
25 279
26 23
27 3
28 112
29 445
30 185
31 214
32 384
33 328
34 275
35 187
36 49
37 167
38 272
39 121
40 52
41 140
42 256
43 440
44 134
45 263
46 58
47 340
48 259
49 408
50 160
51 443
52 265
53 151
54 234
55 115
56 74
57 352
58 338
59 7
60 211
61 289
62 174
63 226
64 191
65 297
66 364
67 267
68 217
69 155
70 4
71 261
72 113
73 177
74 221
75 186
76 383
77 90
78 357
79 407
80 99
81 63
82 64
83 77
84 50
85 230
86 216
87 100
88 356
89 411
90 17
91 48
92 135
93 176
94 381
95 11
96 353
97 334
98 15
99 210
100 136
101 192
102 20
103 150
104 194
105 420
106 14
107 148
108 360
109 399
110 199
111 320
112 46
113 288
114 228
115 26
116 86
117 21
118 145
119 96
120 61
121 269
122 110
123 198
124 127
125 386
126 123
127 143
128 184
129 178
130 149
131 415
132 142
133 389
134 248
135 207
136 85
137 89
138 2
139 337
140 122
141 41
142 410
143 284
144 189
145 111
146 33
147 247
148 419
149 237
150 165
151 260
152 315
153 51
154 362
155 299
156 394
157 355
158 348
159 147
160 301
161 240
162 367
163 332
164 72
165 253
166 336
167 290
168 232
169 153
170 219
171 366
172 428
173 280
174 32
175 439
176 205
177 30
178 354
179 225
180 368
181 395
182 274
183 125
184 103
185 303
186 19
187 133
188 40
189 268
190 229
191 138
192 105
193 402
194 343
195 369
196 88
197 43
198 66
199 16
200 436
201 1
202 218
203 373
204 438
205 422
206 294
207 34
208 413
209 344
210 325
211 173
212 432
213 374
214 130
215 335
216 154
217 292
218 378
219 370
220 418
221 363
222 158
223 107
224 108
225 282
226 277
227 312
228 236
229 409
230 196
231 114
232 249
233 281
234 22
235 39
236 375
237 258
238 296
239 9
240 166
