4003
1 74
2 141
3 100
4 87
5 95
6 96
7 112
8 40
9 78
10 37
11 11
12 49
13 56
14 86
15 50
16 47
17 149
18 2
19 20
20 29
21 120
22 91
23 33
24 24
25 103
26 98
27 35
28 60
29 121
30 89
31 10
32 19
33 30
34 132
35 118
36 148
37 67
38 107
39 146
40 143
41 128
42 59
43 93
44 1
45 16
46 31
47 115
48 81
49 7
50 77
51 82
52 135
53 3
54 83
55 80
56 85
57 65
58 111
59 52
60 22
61 5
62 76
63 138
64 18
65 25
66 137
67 63
68 8
69 124
70 97
71 114
72 15
73 32
74 119
75 58
76 133
77 39
78 6
79 130
80 34
81 144
82 4
83 42
84 17
85 113
86 102
87 45
88 55
89 21
90 75
91 46
92 73
93 140
94 123
95 66
96 104
97 92
98 125
99 23
100 69
101 131
102 126
103 108
104 72
105 129
106 14
107 26
108 79
109 70
110 51
111 28
112 41
113 116
114 117
115 84
116 139
117 94
118 43
119 101
120 71
121 99
122 109
123 136
124 54
125 150
126 110
127 48
128 147
129 12
130 122
131 53
132 127
133 64
134 27
135 9
136 38
137 62
138 106
139 134
140 61
141 145
142 36
143 142
144 13
145 68
146 105
147 90
148 88
149 44
150 57
