13462
1 401
2 367
3 137
4 92
5 201
6 80
7 33
8 304
9 186
10 277
11 346
12 41
13 259
14 258
15 28
16 127
17 276
18 342
19 83
20 343
21 45
22 141
23 53
24 139
25 224
26 20
27 121
28 61
29 126
30 131
31 145
32 194
33 164
34 10
35 64
36 214
37 46
38 96
39 298
40 360
41 162
42 74
43 291
44 79
45 140
46 135
47 124
48 236
49 379
50 155
51 181
52 161
53 52
54 279
55 122
56 97
57 102
58 156
59 285
60 207
61 262
62 89
63 17
64 11
65 73
66 362
67 101
68 62
69 29
70 393
71 243
72 371
73 238
74 151
75 87
76 206
77 257
78 252
79 250
80 63
81 154
82 77
83 130
84 263
85 235
86 385
87 189
88 51
89 254
90 38
91 218
92 231
93 165
94 32
95 147
96 34
97 411
98 118
99 159
100 57
101 160
102 175
103 16
104 166
105 93
106 253
107 222
108 382
109 19
110 177
111 205
112 210
113 405
114 178
115 211
116 315
117 146
118 209
119 7
120 336
121 50
122 188
123 319
124 120
125 37
126 348
127 374
128 244
129 321
130 111
131 109
132 275
133 300
134 404
135 123
136 173
137 261
138 24
139 56
140 397
141 163
142 361
143 264
144 295
145 212
146 22
147 104
148 84
149 381
150 167
151 103
152 192
153 366
154 174
155 322
156 413
157 14
158 71
159 25
160 128
161 227
162 60
163 40
164 219
165 47
166 247
167 249
168 105
169 349
170 18
171 199
172 150
173 72
174 305
175 208
176 223
177 373
178 344
179 309
180 241
181 108
182 255
183 282
184 106
185 68
186 169
187 13
188 292
189 4
190 266
191 290
192 384
193 368
194 317
195 412
196 144
197 314
198 233
199 400
200 284
201 78
202 265
203 217
204 2
205 248
206 90
207 65
208 251
209 289
210 372
211 216
212 355
213 394
214 202
215 195
216 356
217 59
218 391
219 143
220 66
221 364
222 82
223 389
224 406
225 396
226 390
227 278
228 408
229 221
230 86
231 132
232 193
233 375
234 115
235 387
236 129
237 297
238 230
239 187
240 237
241 234
242 267
243 330
244 363
245 302
246 117
247 94
248 331
249 213
250 81
251 294
252 226
253 403
254 399
255 98
256 383
257 268
258 99
259 299
260 328
261 333
262 246
263 293
264 136
265 75
266 182
267 36
268 15
269 95
270 339
