5934
1 61
2 130
3 294
4 221
5 91
6 234
7 44
8 110
9 189
10 192
11 239
12 269
13 316
14 3
15 283
16 77
17 19
18 286
19 165
20 160
21 179
22 117
23 4
24 85
25 72
26 244
27 33
28 275
29 298
30 108
31 280
32 120
33 186
34 291
35 6
36 45
37 153
38 313
39 10
40 295
41 143
42 68
43 17
44 65
45 171
46 104
47 69
48 329
49 274
50 116
51 114
52 272
53 86
54 167
55 188
56 238
57 87
58 190
59 146
60 32
61 113
62 287
63 123
64 100
65 99
66 243
67 41
68 151
69 119
70 278
71 88
72 324
73 94
74 268
75 49
76 321
77 98
78 206
79 260
80 175
81 155
82 213
83 138
84 174
85 18
86 185
87 173
88 157
89 258
90 284
91 133
92 35
93 214
94 51
95 150
96 212
97 248
98 54
99 141
100 193
101 207
102 47
103 158
104 112
105 53
106 195
107 250
108 159
109 129
110 9
111 254
112 43
113 164
114 305
115 318
116 271
117 277
118 205
119 208
120 229
121 202
122 307
123 303
124 262
125 105
126 39
127 24
128 42
129 14
130 121
131 124
132 11
133 126
134 8
135 181
136 242
137 132
138 134
139 63
140 74
141 90
142 38
143 309
144 154
145 162
146 319
147 210
148 137
149 217
150 15
151 246
152 102
153 118
154 279
155 93
156 111
157 182
158 166
159 253
160 220
161 261
162 282
163 83
164 240
165 263
166 21
167 64
168 128
169 184
170 211
171 177
172 300
173 79
174 136
175 7
176 228
177 265
178 169
179 218
180 322
181 103
182 176
183 245
184 251
185 201
186 125
187 297
188 22
189 12
190 224
191 106
192 46
193 255
194 96
195 231
196 266
197 76
198 222
199 299
200 58
201 200
202 311
203 252
204 2
205 247
206 330
207 312
208 31
209 223
210 267
