16754
1 92
2 61
3 202
4 128
5 110
6 67
7 161
8 32
9 79
10 284
11 157
12 111
13 289
14 89
15 17
16 242
17 88
18 286
19 25
20 76
21 162
22 191
23 105
24 107
25 62
26 203
27 138
28 135
29 267
30 132
31 83
32 64
33 136
34 68
35 12
36 34
37 42
38 59
39 217
40 220
41 219
42 192
43 127
44 123
45 23
46 91
47 238
48 131
49 33
50 8
51 137
52 60
53 145
54 1
55 39
56 57
57 82
58 237
59 165
60 74
61 158
62 65
63 249
64 178
65 244
66 243
67 188
68 167
69 207
70 140
71 142
72 170
73 45
74 168
75 272
76 81
77 96
78 182
79 104
80 117
81 230
82 49
83 22
84 258
85 246
86 268
87 278
88 108
89 98
90 159
91 112
92 281
93 130
94 73
95 87
96 154
97 50
98 116
99 48
100 277
101 229
102 205
103 21
104 189
105 183
106 37
107 5
108 279
109 124
110 139
111 115
112 121
113 70
114 109
115 209
116 28
117 261
118 4
119 254
120 94
121 195
122 187
123 259
124 213
125 199
126 226
127 234
128 133
129 35
130 113
131 271
132 41
133 193
134 95
135 71
136 211
137 260
138 58
139 198
140 129
141 160
142 99
143 184
144 86
145 225
146 174
147 125
148 75
149 285
150 210
151 287
152 185
153 38
154 280
155 47
156 274
157 134
158 152
159 235
160 63
161 19
162 224
163 255
164 151
165 228
166 29
167 186
168 103
169 163
170 143
171 282
172 179
173 85
174 240
175 233
176 155
177 256
178 26
179 269
180 218
181 16
182 283
183 204
184 122
185 31
186 126
187 172
188 102
189 141
190 208
191 20
192 222
193 253
194 78
195 156
196 180
197 11
198 10
199 55
200 118
201 18
202 270
203 169
204 3
205 196
206 40
207 52
208 215
209 239
210 176
211 147
212 290
213 43
214 101
215 231
216 56
217 7
218 14
219 120
220 100
221 144
222 51
223 80
224 236
225 212
226 247
227 214
228 181
229 146
230 90
231 84
232 263
233 227
234 9
235 44
236 197
237 72
238 173
239 250
240 148
241 288
242 166
243 53
244 190
245 266
246 114
247 149
248 241
249 2
250 276
251 273
252 194
253 252
254 177
255 248
256 66
257 106
258 245
259 265
260 200
261 206
262 223
263 257
264 232
265 36
266 171
267 216
268 201
269 175
270 275
271 164
272 264
273 150
274 221
275 93
276 97
277 119
278 24
279 54
280 13
281 153
282 30
283 69
284 27
285 15
286 46
287 262
288 77
289 6
290 251
