3869
1 159
2 120
3 111
4 179
5 86
6 104
7 5
8 132
9 138
10 67
11 62
12 176
13 50
14 68
15 98
16 113
17 106
18 162
19 27
20 76
21 52
22 87
23 89
24 155
25 151
26 90
27 125
28 79
29 154
30 45
31 34
32 101
33 21
34 49
35 96
36 58
37 169
38 80
39 156
40 170
41 133
42 35
43 30
44 51
45 32
46 1
47 18
48 145
49 141
50 91
51 142
52 41
53 75
54 57
55 110
56 66
57 136
58 129
59 112
60 65
61 126
62 10
63 43
64 53
65 94
66 107
67 171
68 16
69 19
70 153
71 29
72 46
73 92
74 115
75 84
76 105
77 102
78 61
79 74
80 83
81 15
82 71
83 178
84 127
85 137
86 31
87 103
88 12
89 14
90 117
91 184
92 77
93 13
94 114
95 99
96 147
97 163
98 97
99 118
100 93
101 48
102 37
103 116
104 9
105 180
106 124
107 173
108 175
109 88
110 139
111 17
112 140
113 149
114 134
115 168
116 4
117 119
118 174
119 166
120 78
121 72
122 64
123 182
124 108
125 148
126 121
127 22
128 26
129 123
130 70
131 54
132 55
133 135
134 8
135 164
136 60
137 59
138 122
139 44
140 146
