70
12641 4218
12635 4226
12635 4220
12642 4223
12641 4224
12636 4225
12637 4224
12636 4219
12643 4222
12640 4220
12638 4218
12635 4219
12641 4219
12640 4218
12643 4226
12635 4222
12642 4220
12638 4223
12637 4219
12641 4225
12642 4225
12637 4225
12640 4226
12637 4226
12634 4226
12642 4217
12640 4224
12636 4222
12634 4218
12637 4221
12639 4219
12640 4222
12638 4224
12639 4220
12634 4225
12642 4222
12636 4226
12637 4217
12642 4218
12635 4218
12640 4217
12634 4221
12636 4218
12634 4224
12641 4217
12643 4218
12641 4226
12638 4220
12634 4220
12639 4222
12634 4217
12636 4223
12636 4221
12637 4220
12634 4219
12635 4221
12642 4226
12638 4226
12639 4218
12643 4217
12635 4224
12637 4223
12640 4225
12640 4219
12639 4223
12635 4223
12639 4217
12634 4223
12639 4226
12636 4220
