541
9 8
001110000
10 2
0100101101
10 9
1010101001
10 2
0100010101
8 2
11001010
9 9
010011110
10 2
0100101111
9 6
101010010
5 1
11000
10 5
1000011100
9 4
001100100
9 8
110001000
10 1
0000000110
10 1
1010010010
10 8
1111100110
9 5
011010011
10 3
0101111110
9 9
100000110
9 8
100010000
10 3
1010001011
9 6
011101111
10 4
0010100101
10 9
0100000100
10 4
1100001011
9 7
101101111
10 5
1010001001
7 6
0001110
10 4
0011011100
10 10
1010101110
9 5
010100111
5 4
00111
10 8
0010101110
10 7
1101100000
10 4
1000100110
9 7
010101111
10 4
1010101010
9 5
011110110
7 2
1010110
6 1
100101
8 8
11001011
10 3
0011001111
10 6
0100110101
10 1
0010010011
9 6
111111110
10 7
1011110111
9 3
100011111
6 3
111011
10 2
1110000010
10 2
1011001101
10 7
0101101101
9 3
100110011
9 1
000100001
10 4
0001011111
10 10
0100111101
9 4
000111111
9 1
011000110
10 7
1100011111
6 3
010101
10 2
0010000000
10 8
1100000110
10 3
1101000100
9 6
000111001
9 7
100101110
9 4
001101111
10 7
0111000100
10 5
1011000111
9 5
001000011
10 7
0000001100
9 8
011110000
10 1
0101100101
9 5
010111111
10 4
1011101110
7 4
1011100
9 3
011001110
8 5
10110001
8 1
10001010
10 1
0010100000
9 4
000100000
10 6
0011111110
10 2
0000011001
10 4
1011110101
9 2
011111110
9 8
111010100
10 6
1000110111
10 7
0101010001
9 6
000111010
9 1
111101100
7 3
0110011
10 1
1010111010
10 2
0101110011
10 5
1010111011
10 8
1000010010
10 1
1100110011
8 2
10010101
10 9
0100000111
10 10
0010111110
10 9
0101011011
10 10
1100100000
9 8
100101010
9 4
100001100
10 4
0111100010
9 7
110100111
10 9
0010000011
10 6
0000011000
9 1
111000011
9 9
100101001
10 7
1000101110
10 2
1101111000
6 6
001010
10 9
1001010110
8 8
11011111
8 8
01110010
10 1
1001010100
10 3
1010110101
9 6
101111100
8 1
10001111
10 1
0000011100
10 1
1111000100
8 3
10100011
10 9
0111111100
9 1
010101111
10 7
1010011011
9 5
110010101
10 9
0010101010
10 8
0000010011
10 6
0010001111
9 3
011110010
9 5
011111110
9 3
101110110
8 3
01110001
10 5
0111011000
9 2
011110001
9 4
100010101
8 6
00011110
9 4
000101101
9 2
000001000
8 3
00011100
8 3
01011010
7 4
0100101
9 1
011111100
8 1
11101100
9 5
001100100
10 7
0011111111
10 7
0010110011
9 7
000010011
10 2
0110010011
10 2
1101011011
10 1
0101010101
7 7
1001100
10 7
0111001101
10 8
0101111000
10 10
0101110101
7 4
1011011
8 8
10000010
10 2
0011100111
10 2
0100111111
9 3
010000010
10 5
0010001010
8 6
01011000
9 6
010010011
10 5
0101010111
9 8
111000111
7 4
1000100
10 8
1000101010
10 3
0000100001
9 5
111100100
8 5
10100100
9 7
001110111
10 4
0001011011
8 3
10111010
9 8
111001100
8 4
01100111
10 5
1010001100
8 8
01011101
10 2
0110001111
9 4
000101110
10 3
0011011110
8 1
10001011
10 5
1111110010
10 1
1001101000
8 4
01101110
7 1
0000001
10 8
0110010001
10 6
1000110011
10 1
0010110110
10 1
1010110110
9 1
100000011
8 3
10110101
10 10
1100110010
10 3
0111111001
7 1
0111111
9 4
000001000
9 6
101110011
10 2
1100101101
10 8
1010011010
9 4
000111011
10 6
0110011100
10 10
1101010000
10 6
1101011011
7 3
1111001
9 6
000110011
9 5
111101010
10 10
0110001010
8 5
01000101
10 6
1010010110
8 2
10011001
9 9
100000001
10 10
0101110111
9 3
011100001
10 1
1100010101
8 6
10011111
7 1
1011111
10 3
1101110100
9 2
010000011
6 4
111111
10 6
1100001000
10 4
1100100001
10 8
1000100111
10 9
0111101011
10 8
0110011110
8 7
00110111
10 10
1101110010
10 9
0110110001
10 3
1111111010
10 8
0001110000
9 9
110001011
10 1
1000110111
8 1
11000001
9 5
011010010
10 4
0001100001
9 2
100010111
9 7
100110111
10 1
0111011001
10 6
1001011111
9 2
111011000
9 8
111101010
10 4
1011011110
10 4
1101001000
10 1
1010110111
10 5
0010010100
10 5
1000110111
10 2
1110110000
10 8
1000100001
10 4
1101100001
10 9
1101100101
10 7
1101011100
10 5
0011100000
10 5
1010110011
9 9
110010100
8 3
00101110
10 6
1110000111
9 1
101100100
10 7
0011101111
10 2
1110100000
10 6
1111010100
10 5
0110000001
8 4
11100001
6 3
110001
10 7
1111101010
10 7
1011010001
10 2
1110101000
6 3
001010
8 7
01100010
10 5
1100011100
10 1
1000011000
8 1
11101111
10 6
0011010011
9 9
101111100
10 1
0010101001
8 4
10110001
10 5
0010011011
10 5
0111100011
10 10
1100010010
9 9
001000101
10 10
1010111111
9 1
100100000
9 8
010101010
9 9
111011011
10 4
1110001001
9 3
001001111
9 7
000000111
10 5
1000101011
10 5
0011110101
6 2
011111
10 5
0000100101
9 3
010111010
9 5
010111000
10 2
0100001101
9 1
001011110
10 4
0010101101
9 1
111010010
10 6
1011011101
10 3
1001100011
10 4
1001010001
10 5
0001011011
10 4
1010010000
9 1
011011111
10 6
1000010001
9 9
010010011
10 9
1110111001
9 7
000001111
10 5
1010001110
10 2
1000101010
9 9
001111101
9 9
001100110
9 8
001000110
10 10
1010111011
10 8
1001001110
10 10
1111010110
6 5
100111
10 5
0001110010
10 6
1011010010
3 2
011
10 9
1111100110
10 5
1100110110
10 1
0001110101
10 2
1011011011
10 6
1010110101
8 8
11110000
5 3
01000
10 5
0011011011
10 1
1000010111
10 2
0100100011
9 8
100110011
10 3
1100100001
10 3
0100001110
10 5
0100001101
10 10
0100000000
10 5
1101111011
9 9
011111000
9 8
110010010
10 1
1111110101
10 6
1100010011
8 2
11100111
9 1
000100011
9 2
111101100
9 7
100010010
9 7
010101100
10 1
0010000100
10 5
1010000011
9 8
100101001
6 1
110001
10 1
0110011100
3 3
111
10 8
1001110110
8 6
11000011
9 6
111110111
8 3
00011111
10 3
0110110111
10 3
1111001010
10 5
1010101010
10 3
0000011011
9 2
101011000
10 3
1001001101
10 4
0100010010
10 8
1011111100
6 2
010100
10 5
0011010100
9 9
000010011
10 10
0101000110
9 6
100111111
10 2
0010110111
9 6
110001110
9 7
111011100
7 5
0101100
10 10
1011110001
9 9
111101000
10 4
0011100010
10 8
0100100100
10 10
0100000001
10 7
0100100100
8 7
01010000
10 9
0010010111
9 3
111000110
10 6
1101011001
10 9
1010111001
10 8
1111100000
10 4
0111110101
10 7
1010111100
10 1
0001000000
7 4
0010110
6 3
011100
7 7
0110101
9 7
000110001
10 9
0000111011
7 5
1110011
9 1
000010100
10 7
1100100010
7 2
0011101
10 6
1011110000
9 7
101111011
8 1
10101110
10 9
1100010000
10 9
1101100111
10 1
0001010010
10 6
1110110010
10 10
1001101010
10 1
1010010001
10 5
0100100001
10 1
0010101101
10 6
0001010110
10 10
1011000110
10 9
0011010110
10 6
1110100001
10 7
1101110011
10 3
0001010100
10 6
0100110110
10 6
1100100101
10 9
0010100101
8 1
11001100
10 8
1110011000
9 7
111000101
10 8
0100100001
10 9
0110011111
10 9
1101010001
10 7
1000010111
10 2
1100111001
10 4
1011010110
10 10
1110110100
10 1
0100101011
10 1
0100001101
10 6
1110001101
10 4
0101000011
10 5
1000010011
7 1
0010110
10 1
1001100101
10 1
0010111110
10 9
1010111100
10 8
1110111101
10 7
1110100111
10 7
1000010101
9 2
001110000
9 1
101101100
10 8
0111010101
10 8
0101001101
10 9
1110110010
10 1
1111110001
9 7
101001001
10 3
1011101111
9 9
000101101
10 2
0010001011
9 9
101000011
9 8
110010000
10 6
0111100000
9 7
001110101
10 5
1000001111
7 5
1100100
9 6
000110110
10 8
0111100111
6 6
001000
10 3
1010111110
10 6
1101000000
10 6
0110111011
9 6
001001010
7 2
1100010
9 8
110110110
9 4
101010010
9 9
010100011
10 3
1101010111
5 5
10011
8 7
10000111
9 6
110010101
10 10
0000110010
10 5
0101111000
10 4
0001100111
10 3
0101011000
9 7
001001011
9 8
000000111
9 8
111110001
9 1
001000000
10 2
0111001110
9 2
101010010
10 10
1100110101
10 1
0100110101
10 8
1101001100
10 2
1101100100
10 2
0010011110
10 6
0011111101
8 1
11101010
10 10
0100111100
10 8
1000001110
10 8
0011100101
9 5
010101110
9 2
101011010
10 1
1001110110
9 4
011110111
10 5
0010010001
10 9
0000011000
10 6
0010110010
10 4
1011111001
3 1
011
9 2
000110101
9 8
110110010
10 7
0000100001
8 2
01011001
10 2
0100111001
8 4
11111001
10 3
1010010110
10 5
0001100110
10 6
1101010100
9 3
000010000
10 5
0011111101
10 7
1000100000
8 6
01010000
8 1
00000101
10 5
1000100011
6 4
011010
10 5
0101110011
8 4
11001111
9 5
000010010
10 4
1101010000
10 5
0001001000
10 7
1010101111
9 1
011001101
7 3
1010101
10 6
0111110101
10 1
0011001010
10 8
0111001101
10 7
1101101100
10 10
0101000100
10 7
1111100111
10 5
0101010000
7 1
0000111
10 9
0100111011
8 6
11000100
10 4
0100011000
10 2
1111010000
10 4
1000011001
6 1
101001
8 8
00111101
9 1
001001101
9 2
110111010
10 10
0111011010
10 7
1101001011
10 2
1000001100
6 2
010110
9 8
000010000
9 3
001000010
10 6
0110011110
8 4
00000000
6 3
001101
