542
9 9
011101001
9 4
010100000
10 9
1101001111
10 5
1001000101
9 2
101000110
10 10
1010101011
10 1
1011111100
8 6
11101010
8 2
01000110
9 8
000100100
10 3
0101010000
10 10
1111110011
10 9
1111101110
10 2
0111001011
10 7
0111010101
10 1
0000001101
8 8
10010100
9 1
011011100
9 7
100110110
10 3
0111101001
9 3
101000001
10 1
0010001000
10 1
1010101101
10 3
0101100101
9 4
011001101
10 1
1101110001
10 3
1011100110
10 10
0010100101
9 8
010110110
7 3
1111101
10 3
0010011011
10 2
1000001011
8 6
00011010
4 3
0110
10 5
1000010001
10 4
1000111000
9 1
010101110
10 5
0001000010
9 1
111111100
8 8
10010011
10 3
1011110101
9 8
010110101
10 10
0100011001
10 10
1111000101
9 5
111100011
10 8
0101101110
9 9
000111001
8 6
10100110
10 2
0001111110
9 9
111100111
7 5
1000001
10 2
1111111111
10 5
1111111001
9 7
100101001
10 8
1001110001
10 1
0000111100
10 8
1110010010
10 4
0100111111
10 6
0001100010
10 6
0110000110
10 9
1100000110
9 1
100100001
9 9
110100100
9 2
010000111
8 5
10111101
7 2
1111011
10 10
1100001101
10 2
0001010000
8 6
00110010
9 4
001010000
6 4
011110
9 1
111111101
10 1
0001011001
10 4
1000001011
9 8
001010001
10 10
0110000110
5 3
00101
9 7
101110101
10 6
0101011010
9 6
001001001
10 9
1010110010
10 1
1101000111
10 9
1011010110
10 2
1101010001
8 6
10000000
10 1
0110000101
10 9
1000110011
10 10
1000100011
10 3
1010000010
10 4
0100101100
10 6
0000101000
10 9
0011011101
9 4
010101010
10 10
0011001011
9 1
101000001
10 3
1001111101
10 8
0010101111
10 4
1000111011
7 3
1100011
10 5
0101100110
10 3
1011111110
9 4
111001101
9 5
010010111
10 10
0010110010
10 1
0011100001
10 8
0000000110
9 4
000011010
10 7
0011000001
10 10
0011001100
9 5
011100001
9 7
000010010
8 4
11111110
9 2
010001101
8 2
11001110
9 5
100000001
10 10
1010111110
7 7
0010101
7 6
0111000
9 8
100011001
5 5
11110
10 3
0101100100
10 9
1001111101
10 2
0010111111
10 2
1011111001
8 8
11000011
9 9
110111111
10 9
0001100100
9 4
001001011
10 9
0001001010
10 4
1011101000
9 2
111000001
10 2
1000000100
10 10
1011011000
10 2
0101000010
10 5
1011010010
10 8
0001001101
10 10
1111110000
7 3
1101000
10 1
0111001110
9 1
000101010
10 1
1111101101
8 4
11000101
9 7
110010101
9 3
000111000
10 9
1010011101
10 5
0111010111
10 3
1001011001
10 6
0100110001
10 10
0001010001
8 3
01001011
10 5
1111011010
10 4
0001101000
10 6
0110110111
10 2
1100000011
10 1
1000011111
10 9
0101011110
10 8
0010010100
9 6
010100010
6 1
111010
10 1
0100001100
10 10
1011011101
10 3
1011010111
4 3
1110
10 1
0101101100
10 4
0101000001
10 1
1100110110
10 2
0110000000
9 8
100000010
8 8
11010111
10 2
0111010110
9 7
100001001
9 9
111010100
10 1
1000000010
9 8
100010100
10 6
1001001011
9 1
011010110
10 2
1100011011
9 2
001010000
10 4
1110000001
10 7
0100010101
9 5
110000011
8 3
00110100
10 9
1011110110
9 5
110010010
10 10
0110111100
10 6
0110101100
9 9
011010010
8 3
10010101
10 6
1001011011
4 3
1000
10 10
1000111110
9 1
100011111
10 8
0111010001
5 2
00011
10 6
0110110011
10 9
1001101100
10 5
0101001111
10 6
0110101010
9 7
111101101
10 7
1000110001
10 1
1111100100
6 5
100100
9 9
110101110
9 8
001110010
10 6
1010110100
1 1
0
10 3
0010100111
10 4
1110011100
10 10
1001110011
10 5
1110101000
10 6
0101100100
10 10
0110101011
10 1
1010001111
10 4
0000110010
10 5
1101101110
9 5
111110010
10 3
1111101000
9 7
010010101
9 3
101111110
9 4
100111001
9 7
001101101
10 4
0001100011
7 1
1100000
8 7
01000111
9 3
001111101
10 7
0100011011
10 2
1100110101
10 10
1101111000
10 8
1100000111
10 8
0010010011
8 7
11101111
9 8
000101101
10 6
1010011101
10 7
0010111101
8 4
00111111
7 4
0001011
9 6
001010110
10 8
1000010001
10 3
1101110010
10 3
0011010010
9 9
011101000
10 6
1001010111
9 3
010110110
10 6
0101011001
10 9
1110110101
10 8
0000110011
10 9
0000010001
10 1
0010011100
7 2
0110011
10 10
1110100000
9 8
010010100
6 6
110011
8 1
11010110
10 1
0101000000
10 3
1110011110
10 9
1001101110
10 5
1010001000
8 4
10001001
10 6
1011110111
10 5
0110000010
9 9
011001010
9 2
010000001
10 1
0111011110
8 8
10101000
10 6
0001110101
10 8
0111011000
10 2
0111100110
7 3
1001100
10 9
1001001011
8 2
10001110
10 3
0011100000
9 3
101110100
10 9
0010011100
9 6
010011111
10 8
0100001001
10 6
1100010100
9 3
110000010
8 6
00000101
10 8
1011000110
9 2
001010110
6 3
101001
9 1
000111011
7 3
1100101
10 10
1100010101
6 2
110000
10 3
1011111101
10 4
1111000001
9 2
010110001
10 10
1111001000
8 4
00100111
5 2
00110
8 6
10101000
7 7
1101110
8 1
00110001
10 6
0000010000
10 8
1110010000
10 2
0100001110
10 6
0010010111
10 4
1011000110
10 4
0111111111
8 3
00101011
10 10
0110110000
8 1
10011001
9 7
111001000
9 1
111111011
10 4
1101000101
9 1
011010001
10 7
1110010100
10 3
1011101110
10 10
1110111011
10 4
1010101001
9 3
010110001
10 4
0001010101
10 5
1010111110
10 9
1011010101
9 1
110001001
10 10
0000000111
10 1
0100111011
10 8
1110011111
10 8
0110111010
9 5
110101000
10 9
1010100100
10 1
0000101101
8 1
00010111
9 5
101101000
10 7
0010001101
10 1
1100000000
9 2
100011010
7 3
1011010
10 5
1111011011
8 3
00001000
10 9
0000011111
8 2
11010100
7 7
0100010
10 1
1111011111
9 1
111010100
8 8
01100010
10 10
0000000100
10 8
0101010011
9 3
110000001
10 7
0011111010
10 2
1100001100
10 10
1100110011
10 3
0111111011
9 3
010010000
9 6
011010011
10 7
1011111011
10 6
0111110010
10 2
1000010000
10 2
1011110010
10 1
1111111101
9 6
111111001
10 7
0010110111
10 7
1110001101
7 2
0001101
10 3
1000011101
9 9
100010111
10 5
0110110110
9 8
110011001
8 3
10010001
10 8
1110010111
9 2
010111101
9 1
000010000
8 5
00000111
10 9
0101110011
10 2
1011010110
10 10
1100000010
10 3
1000110001
10 7
0110011111
10 5
1111011001
10 1
1010011001
10 5
0101001000
7 3
1111000
10 2
0110100011
10 4
1101100110
10 7
0001110001
8 7
01110110
10 9
1010100101
8 4
01110110
8 2
11001001
10 3
0001011011
9 2
111001101
10 2
1011100000
9 4
100011100
8 4
11011100
7 3
1100010
10 5
0000001111
7 1
1000100
9 5
010000000
10 5
0000101100
8 5
10001111
8 1
01010111
9 8
010000000
9 2
100011101
10 9
0000100010
10 5
0001110011
9 4
010101100
10 2
1010101101
9 2
010010000
9 3
001110110
10 1
0101000101
8 1
10101100
9 2
010100100
10 10
0000100001
10 3
0011101011
9 8
011001110
10 4
0011101011
10 9
0111000001
8 2
00001001
10 6
0110101111
10 5
0101001100
10 5
0110111011
4 1
1110
10 5
0111010000
10 9
0011010111
7 2
0100010
9 2
101111000
10 7
0010111111
10 9
1010000100
5 1
00110
10 6
1101000100
9 3
100001011
9 9
100000000
10 2
0001010111
8 5
11011010
8 1
11101101
10 9
0101000001
10 4
0110011010
10 5
0101000000
9 4
000000011
10 10
1111100111
8 1
10110100
10 9
0000111010
10 1
0110011111
10 10
0010010100
4 1
0110
10 6
0101111001
9 5
111001000
10 7
0000010010
9 6
111110101
10 3
1011100000
10 8
0101000101
9 5
110111000
10 8
0000001011
9 2
011000000
9 4
010011110
10 6
0100001100
10 10
0101111111
8 4
10001000
10 1
1111111100
9 3
101110101
9 7
110111000
10 9
1100101000
6 3
111010
10 2
0101010100
9 9
010110111
10 9
0110100101
8 1
01111000
10 7
1110101001
10 1
0000110101
9 3
010001101
10 3
1110010001
9 6
001101001
9 3
111111011
10 7
0100000101
10 10
0010111011
8 7
01111001
10 10
1110000001
8 4
01001100
9 5
010101101
10 8
1111111110
10 7
1010110000
10 3
0001110001
9 4
000010110
9 6
011100101
8 7
10100000
10 8
1000000111
10 2
0111100001
9 2
110000010
10 7
0100111010
10 8
1111011101
10 5
1101010111
10 1
1001100110
10 1
1111100011
10 9
1001010001
10 9
0010101001
10 3
1111000100
9 7
010001101
8 4
00001001
9 4
011011010
10 9
0010000101
7 6
1101100
9 8
000000101
9 7
011101001
9 9
000100001
10 6
1000010110
9 2
100011110
9 1
001010001
10 8
0001010101
9 5
010100000
6 1
011000
10 6
0001110110
8 8
10001101
8 5
00001111
10 5
0110100111
10 4
0100101000
8 7
00101000
10 6
0000011010
9 1
101011100
10 1
0011010110
7 3
1010010
9 2
001011001
10 5
1011001011
10 3
1110011101
9 9
100100100
7 6
0001101
10 7
0001110011
8 5
01011100
10 10
1100110111
10 8
0011000011
9 4
011000111
10 5
1101100100
9 6
101000110
9 4
000100011
10 10
0001110100
10 5
1001100101
10 8
1111100001
10 10
0001000001
10 2
1010001101
10 9
1101001000
10 9
0011110001
10 8
1001101010
10 1
0000111110
9 6
111101011
9 8
110000001
8 5
10011000
9 9
001001011
10 9
0000101100
10 9
1000010111
10 10
0101100101
8 4
00100100
9 4
110010101
