539
9 3
101111011
8 6
11011111
10 8
0101100001
9 2
110111101
9 2
111101000
10 6
0111111101
10 1
1011000011
9 6
100010110
10 3
0000101011
10 9
1111111110
10 5
0011001100
10 7
1100110000
9 1
101000111
9 2
110101001
10 7
1111111110
9 1
011111011
10 8
1111110100
10 8
1001001111
10 3
0111110001
10 2
1000001010
9 4
010010011
8 3
11010110
10 8
1011010111
10 2
1010100110
10 5
1101111010
10 1
1001100111
7 7
0010010
8 5
10101000
10 7
1011101011
10 2
0100010001
10 8
0011110011
10 9
0101111111
10 4
1111011101
10 9
0010100010
10 6
0010100101
2 2
01
10 4
1101111011
9 6
100100110
10 6
1011100010
9 7
001100101
10 5
0001110110
10 5
0011100110
10 6
1101110101
8 2
00001101
9 8
101001010
10 9
0110111011
10 7
1000011001
10 6
0011111000
10 6
0011000000
10 5
1110111010
8 4
11001011
10 3
0011101101
7 3
1101011
10 4
1001100110
10 1
1000111011
10 1
0010101011
8 7
11101101
10 6
1000100101
8 5
10111001
10 8
0001100111
10 2
1000111110
8 1
01110111
10 10
0001111000
8 1
00100110
10 2
0010111010
9 8
100010111
9 5
010011101
9 4
011001110
10 9
1001100110
9 1
110111001
10 9
1110011111
9 3
101100000
7 5
1000101
10 9
0000000000
9 2
110001100
7 3
1011111
10 9
0011001101
10 4
1101101001
9 1
110001011
9 9
011110000
10 1
0010101110
10 1
0010011001
10 7
1111010001
10 3
1001011100
9 5
011011100
9 7
110101111
9 2
010001100
8 7
01010001
10 1
0110111011
10 9
1011110001
9 2
000000010
10 3
0010111100
8 7
00111010
10 9
0101100110
10 4
0101011011
10 7
1111101100
10 4
1111111000
8 3
11001111
10 9
1100100000
10 6
0001111111
10 1
0001010000
10 8
0010011100
9 7
000000110
9 6
111110000
10 1
0110100111
10 5
1100101011
10 2
1011001100
9 3
110100100
5 2
11010
10 7
0000000010
10 3
1110111010
10 6
0111010001
9 2
010011010
9 1
100010000
10 4
1010111000
10 10
0100100010
9 4
011111001
10 9
0001100000
9 4
100000100
10 3
0111101011
9 7
101000011
10 7
0110010010
10 3
1000010010
7 5
1010011
9 3
111111001
10 4
0101101111
10 2
1001101100
7 6
1000010
9 8
101010101
10 5
0001100101
9 1
011010111
10 8
1011001001
10 5
0100001110
10 9
1101011010
10 3
0011111110
9 6
011000110
9 9
111000100
10 6
1011101111
10 6
0101110000
9 3
000101001
10 4
1101011011
10 5
0101110010
10 8
0001010110
7 7
0000101
9 8
010010010
10 2
1111111110
8 3
01001110
10 3
0110110000
9 7
111000011
9 5
010001110
10 7
1110111001
9 9
011011000
10 2
1000011001
10 3
0011110001
10 4
0000000010
9 1
000101111
9 3
110111001
7 4
1110001
10 7
0100111101
7 7
0110110
10 4
1110101101
10 8
1100001010
10 5
1010011111
8 4
10000101
10 4
0100101101
10 4
0100001011
10 5
0111000101
10 6
1111011101
10 4
1110000111
9 3
011100110
10 10
0010100010
10 2
0100000110
10 7
0110001101
10 2
0010100000
10 7
0011010100
9 7
111001100
9 2
100000110
10 5
1000111100
9 4
010101011
10 1
0110111110
8 2
11011111
10 1
0100011101
10 10
1110111100
10 1
0001100100
9 7
011111110
9 1
111101001
9 6
001100101
8 1
01011010
10 1
1110001111
10 9
0001111000
9 2
111110111
7 3
0011100
10 3
0011100110
5 3
01100
5 5
10000
9 8
000111000
10 7
1011100101
9 9
000100111
10 9
1000100110
9 5
001110101
10 6
1101111010
10 7
0110000110
10 6
0011011000
9 3
001011001
9 3
001010010
9 2
010101001
10 5
0101110100
9 3
111111010
10 5
0001101011
9 3
110011011
10 2
1110101010
10 9
0110001110
9 1
111100111
9 5
101111011
9 1
110110000
9 4
001000111
7 4
1110011
8 3
00000101
10 10
1111110111
10 2
1100000100
10 1
0001011101
10 2
1001001111
10 9
1100001000
5 5
01011
10 3
1011010000
10 1
1111000110
10 4
1011101101
9 6
110011111
9 7
011101111
10 4
1000010010
10 9
0001001111
9 8
001100000
10 9
1101110100
10 8
0011100011
10 7
0100001111
10 5
1011111101
9 2
000110011
10 4
1100000101
10 3
1100101100
10 6
0010101101
10 10
0110111101
10 8
0010000111
10 6
0001111001
10 7
0000100100
10 5
0111000110
10 10
0011011101
10 6
1101100111
10 9
1001001101
10 7
1101001110
7 4
1101000
7 6
0010001
10 5
1000100101
9 9
100110110
9 9
000111110
10 3
1100010100
7 3
0101110
8 7
10011001
10 10
1101001000
10 9
0101101000
10 1
0110010010
10 10
0111101101
10 10
1011101000
10 8
0110001001
10 10
0010101001
10 5
0000110001
8 8
01101110
9 6
011011000
9 4
000111110
10 6
1011000100
10 10
1001011001
10 8
1011000101
8 2
01000111
9 1
101110001
10 9
0001110010
7 2
0010000
9 4
100010100
10 7
1001110001
9 1
110000010
10 2
1011011000
10 10
0001101110
10 10
1011101010
7 4
1000101
10 1
1111011000
10 9
0001100111
8 3
11100001
10 7
0100110010
10 8
1000010111
10 7
0001000110
8 4
01010001
10 6
1111111010
10 9
1010110001
9 3
001001000
9 2
011000110
10 6
1110110000
7 2
1001110
10 7
0111001011
10 5
1010110110
8 5
10100101
10 6
1101010101
10 8
1000000011
7 2
1011001
10 4
0100011001
10 3
0110010101
10 10
0100110111
10 7
1111000000
9 5
100011011
8 8
01110101
10 4
1111101010
10 9
0011010011
10 10
1000101011
9 3
010101110
10 10
1111110110
10 2
0110111010
9 1
110011100
10 8
1001110010
9 3
011101111
9 1
101001010
8 2
00000111
8 6
01000011
10 1
1010001100
2 1
10
8 2
11111101
10 3
0010101010
10 5
0011101101
8 3
11101110
10 9
0100001011
9 9
101110001
9 2
101110000
9 9
101111111
10 4
0111001010
10 1
0111010001
8 5
01011000
10 1
0100001010
9 5
001010010
9 9
010100110
10 2
1010000010
10 2
0010111011
9 4
101101101
10 2
1010000000
8 8
10011000
10 8
0000110010
10 6
1101101110
9 5
001110000
10 5
1111000011
9 1
110110001
9 3
000111101
10 8
1110010011
10 7
1011001001
7 7
1000111
10 8
0001111111
10 4
1010011010
7 4
1101011
8 6
11100001
9 6
000100110
10 2
0111001000
10 8
0010100001
10 6
1000101011
8 8
11100101
10 8
0110110000
10 5
1110001000
10 5
1100111111
10 7
0111111011
10 2
1100010000
10 6
1100011000
10 7
0110011011
7 6
1001011
10 9
0101001111
9 3
111111101
9 1
110000110
10 8
0110101010
10 9
0101111110
9 9
100100111
10 1
1101100001
10 3
1000100011
10 9
0011111010
6 6
101001
9 8
010101000
10 6
1011000111
9 6
101101010
10 7
1010110101
10 8
1010100001
10 2
1110000100
10 6
0111010000
10 8
1101100000
9 9
000001010
10 1
1110100011
10 4
1100011101
9 6
110100111
10 7
0011110011
9 4
010101110
9 7
000001011
9 7
011001110
9 9
100111010
10 1
1001111010
9 7
011100110
10 4
1011100101
9 1
010010110
10 1
0001011100
10 10
1101000101
10 9
0101101100
9 2
111111000
10 6
0101100111
8 5
01110110
10 7
0110100010
10 3
0011100011
10 10
1110010010
10 2
0111010101
8 5
11010100
9 2
111110100
8 5
11000010
7 7
0010100
9 9
110101010
10 2
0101100011
10 6
1111110101
10 6
1011111011
10 3
1000010001
8 4
10010000
10 7
0101101010
10 8
1010000111
10 9
1011001100
8 6
10111001
9 1
111100010
10 9
0110010110
9 1
010101100
8 8
00001001
9 8
000111101
8 4
00000110
7 4
0101100
10 10
0101101001
10 2
1110111000
10 10
0010001011
10 1
1100010010
10 9
1010111010
10 7
1110010011
10 3
1000100001
10 5
0000010100
8 6
11011011
10 9
0111010101
10 4
1010001010
8 4
01011010
7 6
0111111
10 6
1000011111
10 2
1000111101
10 3
0111100000
10 10
0011001000
10 9
1110101001
9 3
100010000
9 5
100111100
10 10
0011000100
9 3
110011100
10 5
0001000001
9 3
000100110
10 8
1110000111
10 8
1100110111
10 1
1110110101
10 7
0011101011
10 6
0010010100
10 7
0110111111
9 9
110011000
10 6
0001100000
7 5
1111111
9 6
001000101
10 8
1000010011
10 2
0011101111
9 6
000111000
10 6
1011001001
10 6
0000001011
3 1
100
10 6
0010000000
10 10
1011111011
9 5
000111011
10 3
0000001010
8 2
10001111
9 6
101010101
10 10
1100111010
7 6
0110001
5 2
10100
9 4
110100000
10 6
0001010001
9 2
010101000
10 7
0011010111
10 6
1101010111
10 2
1011100001
9 1
101010111
10 9
0011110101
9 2
110000110
4 2
0010
10 8
1111101010
10 3
1010001000
8 8
00101011
6 3
000011
10 3
1110000111
6 2
101011
10 2
0010011011
10 4
0000010110
10 1
0001101100
10 2
0001100111
10 8
1000110101
8 4
11011000
10 3
1100000110
9 7
010000100
9 9
001000011
10 7
1011011111
10 7
1101001101
7 1
0101000
6 2
100011
9 3
101001000
10 7
0001000000
10 5
0000010010
7 3
1110010
10 5
1110100010
9 7
000110000
10 10
0010000111
10 5
1100011011
10 7
0101110010
7 3
0001110
10 6
1000000100
8 2
01000100
7 4
1000010
7 3
0001010
10 7
0100101111
8 3
01110101
9 2
111010001
8 3
10011010
9 4
011011111
8 4
00111000
10 10
1000100001
10 5
0111111011
10 7
1100000010
10 9
0111101110
9 5
101111110
10 4
0001111101
6 5
100101
10 3
1000001101
10 5
1100110100
8 7
11001111
10 1
0110100001
8 6
10010111
9 8
011001100
