545
10 7
0100111111
8 3
00010000
10 2
0100001001
9 3
001100100
10 10
1010000011
5 2
01110
2 1
11
10 2
0011010011
10 1
1001000010
10 2
0111011000
10 4
0001110001
10 7
1011111110
10 5
1110110011
6 1
000001
6 5
011111
10 6
1111000001
10 7
1111100011
10 1
1011011111
9 6
010001100
10 3
1010011101
10 3
0110101000
10 2
0000101001
9 2
110010000
10 2
1101000111
10 6
1111110000
10 7
1010101011
9 5
000110011
9 1
111011101
8 4
00101111
10 6
0111100111
9 3
100110001
10 10
1100100100
10 6
0000100001
8 4
01101010
10 5
1010000000
7 3
0110010
10 4
1010100101
10 4
0000101010
10 4
1011011100
10 7
0111100011
10 4
1110100111
10 9
0000010011
10 8
0110000110
8 4
10011001
10 8
1010010001
10 3
1000010011
10 7
0111111010
9 1
101001100
10 10
0100100110
10 9
0011001001
9 8
010100001
10 1
1110110000
4 4
1010
10 3
1010011011
10 1
1000000001
6 2
011101
9 2
001110011
10 10
1101101010
9 8
001110001
9 5
101100101
8 5
11011101
10 6
1100011111
9 4
111000110
10 10
0000110100
9 9
101101111
9 4
100101010
10 3
0101111100
10 2
1001010000
9 1
001011101
10 9
0100100010
10 9
1101101011
9 7
100111001
10 10
0000101001
10 6
0000000101
8 7
10111000
10 6
0011101100
9 7
110001101
9 4
110111011
10 5
1010100000
8 3
10001101
10 7
0000111110
10 8
0110010100
10 4
0010110101
4 1
1100
9 5
001110011
10 4
0100110010
10 2
0010100011
10 2
0101000001
6 6
000100
9 9
010011100
5 2
01010
8 2
10000110
9 1
110101111
10 4
1000110101
10 5
1000101010
10 6
0100000000
9 6
011010000
10 2
0110010010
9 9
011001000
7 4
1100001
10 6
1011001100
10 10
1010101111
10 4
1110110011
10 1
0010011101
10 1
1011100111
10 10
0001100001
10 4
0111001110
10 5
0000001000
10 5
1100010010
9 5
010110110
9 3
011111000
10 10
0000001001
10 10
1101010110
10 1
1010001000
10 1
0101000111
9 2
100101110
10 5
1011111001
10 10
0001010010
9 6
001011101
10 10
0011001101
9 9
010110100
9 7
011110100
8 5
10111011
10 3
1001110111
10 8
0100100000
7 3
0101011
9 7
011101000
10 3
1100001001
8 2
01010001
10 3
0100010010
10 6
0000110010
9 9
101001010
10 2
1001111100
8 5
01111010
10 9
0001010101
10 2
1011111011
10 3
0111010111
8 3
01111101
10 4
0111110100
10 7
0111111100
9 1
110100101
10 4
1111010100
10 8
0001100110
8 3
00110010
10 2
1000001101
10 2
1010000110
10 5
1100110001
9 6
000111111
8 1
10101101
8 7
01111110
10 5
1011010100
9 6
000110010
10 6
1100000100
9 3
110110100
8 3
11111010
8 3
11011011
10 4
1101111100
8 3
10010011
10 2
1000010100
10 5
0011001110
8 2
11110011
10 10
0000100100
9 7
001001000
9 4
010000000
10 5
0010001000
10 6
1100011010
6 6
010001
9 4
000110110
10 3
0101011010
10 9
0011110010
10 1
0110110011
8 2
01010010
10 2
0101000011
10 3
1001011101
9 7
000001100
10 7
0010011100
6 6
010000
10 6
1001000111
10 2
1010000111
10 9
1111111001
9 4
011111110
10 2
0101001100
10 6
0010000001
10 1
0001111001
9 5
101111100
10 8
1010100100
6 5
011010
10 2
1110111011
10 10
1100100101
9 8
011111011
9 7
100011001
9 3
001101100
8 2
01100010
10 5
1110000011
10 9
0000010010
10 10
0100100100
9 3
011001001
8 4
11011111
8 5
01101101
10 9
0010001110
10 6
0101001101
10 10
0010111100
9 9
000110011
10 1
1110001010
9 8
010100110
10 4
0101110011
7 6
0101101
6 6
001111
9 5
100011000
9 4
100110011
10 1
1111110011
2 2
00
10 5
1101001100
10 2
0000100001
9 3
001100110
8 8
11000111
9 9
101011000
10 1
1000110110
10 10
1000001110
10 2
1011110101
9 7
101111111
10 5
1000110001
9 2
011101110
10 8
1110111100
9 3
110001001
10 10
1110001001
8 1
11010101
10 9
0010111010
8 1
01101010
9 7
111110000
10 3
0110000001
10 4
1011000001
7 6
1010011
8 5
10001101
10 10
0001010101
9 5
111110011
9 2
001001000
5 1
01011
10 5
0100111000
9 9
100111001
10 1
1001000100
8 3
00111000
9 3
100101001
9 5
111110101
10 4
1101101110
7 2
1000010
10 7
0010000001
9 6
101101111
10 8
1110001010
10 7
1111100010
10 10
1011111101
5 5
11001
10 8
0001000111
10 10
0110011000
10 4
0011000010
7 4
0001000
10 10
1000010111
9 6
011000000
10 5
0001011110
10 3
0000110011
10 7
0110110111
10 4
1000010001
9 9
001011010
10 1
0000010000
10 7
0100011100
10 4
0111010100
10 4
1101110010
7 7
0011110
10 9
1010101011
9 2
101011001
10 2
0000000110
10 1
0100100001
10 10
1101111111
10 3
1001110010
10 4
1100110000
9 4
011101001
10 8
0110111110
10 1
1000100111
8 4
01000000
6 6
011010
9 2
111011011
10 1
1101001100
8 4
11011010
8 6
00011011
10 5
0011010000
10 10
0010011000
10 7
1011110101
9 7
111111110
9 6
100110000
10 10
1011010100
10 2
0010001101
10 7
1101010011
9 5
110110011
10 7
0000000111
9 1
001110111
10 2
1001011111
10 9
1110100101
10 2
0011010111
8 8
00111010
9 3
101000100
10 10
1011101001
10 10
0011101001
10 2
0010000010
3 1
101
10 1
0100010100
10 5
0100110111
10 4
0011000100
10 6
1010010011
7 2
1001011
9 2
010010010
10 5
0101100001
10 5
0000011001
9 3
110010000
9 5
000001100
8 8
01000100
10 2
0000000011
6 3
001011
9 6
001011000
9 1
001011000
10 3
1101101100
8 4
11101100
10 2
1111011010
10 8
1110111000
10 8
1001001100
10 3
0011101100
8 5
10011101
9 8
100000100
10 5
0010111001
7 6
1000111
10 6
1011010101
8 7
00000111
7 1
1100101
10 1
0001110100
10 4
0011100011
10 10
0110110010
10 9
0100101100
9 9
001101000
7 3
0101000
10 2
0011001101
10 9
1000101110
9 6
111010100
10 10
0101001000
8 1
01100010
10 10
0001010000
10 5
1110111000
7 6
0001010
10 4
1100000110
9 7
100100010
10 10
1011011010
9 6
101110101
9 6
100011011
10 1
1100011111
9 8
110000100
7 3
0100100
10 3
1000000011
10 9
1011101100
9 1
101010000
10 6
1101011101
10 8
0000110111
9 2
101001110
7 4
1101110
8 8
01101001
9 5
011001000
10 9
0110111111
9 3
101011101
10 9
0001011100
10 10
1110000000
10 5
0100011011
7 3
0011001
10 2
0011011110
10 1
0111111011
9 3
111101001
9 7
011110001
8 7
10011110
6 5
001110
9 5
000010000
6 1
101010
9 2
101111010
9 8
100010010
9 6
011011010
10 6
0001111100
10 9
1000110010
10 4
0101101110
10 4
1010111100
10 1
0100011111
10 3
0111010100
10 7
0110110011
8 2
10010011
10 7
1000111010
10 10
0001101111
9 9
110011100
10 3
1010101011
10 8
1100100101
9 4
101010110
10 4
0101100101
10 1
1110101010
10 5
0100110001
8 1
11000010
7 6
1101011
10 1
1110100111
9 8
000101100
10 1
1001110001
10 3
0111101111
9 4
101000000
9 3
010010010
8 8
00000101
9 3
011000000
10 7
1010000111
10 9
1101100010
10 7
1000111000
10 9
1001011010
10 2
0110110000
9 1
110101010
10 3
0011010011
10 9
0001001100
5 5
10101
7 7
0100000
8 7
01010011
10 1
1000011001
7 3
0110111
8 7
01011010
8 3
11111011
8 7
00001011
10 10
0010101010
10 3
0011110110
10 5
1000010101
10 3
1011000111
8 2
01111111
8 4
00000111
10 10
1010110010
7 3
0111111
8 8
10111101
9 4
001100101
9 7
110000010
10 2
1011010001
7 1
0001101
10 2
0000110000
9 8
110101100
8 8
00101100
8 1
01111010
10 5
0110010011
10 5
1011011111
10 7
0010111000
10 4
1101101010
9 9
111001001
10 4
1000011000
10 5
0110011111
10 8
1000111100
5 3
10011
7 4
1100100
10 4
1000001100
8 8
10011110
10 6
0110111001
10 6
1001001110
10 3
1100011100
9 2
110011010
10 1
1000000101
10 7
0001011111
10 1
0000101111
8 6
10000101
10 8
0111101011
9 5
101000011
8 4
00110101
10 6
0101110011
10 7
0111010100
9 3
101111100
10 9
1011100101
9 4
000000100
9 9
010110110
10 9
1011000101
10 7
1100000110
10 1
1001100010
8 7
10111010
9 2
010111110
8 2
10110111
10 8
1010000101
10 7
1101000000
10 2
0010011010
10 5
1110000100
7 7
0010000
10 8
0010010010
10 9
1011101000
8 6
10001111
10 6
0101010101
10 8
0001001011
10 7
0011110010
10 9
0111111010
10 7
0111001100
10 4
0000110111
10 2
0011011000
9 3
010101000
10 2
0101110010
9 3
111001011
10 5
0011010001
8 3
00101001
10 1
0100011001
9 5
110110000
9 5
100001100
10 4
0000001011
10 1
1101101001
10 8
1010110111
9 1
011111110
10 7
1101010111
8 1
11001110
10 9
0101000100
10 10
1100111101
8 3
01000110
9 3
101100011
10 6
1011000010
10 7
1000000100
9 3
111100000
10 10
0010100000
8 1
11101110
9 9
110000011
10 7
0101111010
10 10
0100001010
9 7
010010111
10 10
0101111001
10 1
1001111101
10 2
0100101000
10 6
1011110110
10 10
1000110101
8 2
01110011
9 6
110110101
8 7
10111001
8 1
10001101
10 10
0111101110
8 6
01110111
6 2
101010
10 5
1111010100
10 10
1100101010
10 10
1100111110
10 3
1101111110
10 4
0110001110
10 10
0011100100
3 3
010
9 8
110111011
7 2
1101001
10 7
1010100111
9 6
110010001
8 7
00111110
10 10
0001111010
8 8
11000010
9 2
011111001
8 3
00100011
