50
100 15
1010101011101101101110111111111111111111111111101000001010101111101010001010011011101010101010001010
100 7
1010000011000000000101010000100000000010110101001101001010101110101010101010101000101010111010101010
100 40
1010101011101110100010001111111101111111111001110011110111110101011101000101010101010101010100001100
100 10
1101010100010101110111011101110110010101000101010101010101111111011111011111111111101101110101000101
100 9
0111011100110101000101000001010111010100010101000101110101010101010010000000000001000000001110010101
100 59
1111000100010101010001110101000101101010101010101010101010001010100010011111111101111111111011101010
100 15
1010101100101010111010101011111111101110101010010101000100010101110100110110101001111000000010100010
100 17
0001010101010101010100000000000000001100000000010010001010111010101010011011111010101011101000010001
100 6
0010111010101011101010101010101010101010011010100010110111111111111100010101111111110101101111101010
100 39
1010101011111111101110101110111000000100111000101010111111011100000110100010111110100010101010100010
100 62
0000000010111010100011111111111111111111011011010101001111101010101010001010101000101010101010100010
100 55
1111110101010101010001011101000001010011010100111111010111111111111101001110101011001010111010001011
100 63
1010000011000100000000000101010101010101010100000000000110010100000011000101000101010000101000101010
100 65
1010110101000000101010101010101010101000101010010111000101011101000100011101101101111111110101111111
100 4
0101010101010010101010111110001000101011010111111111111111110101110101010110101010101010000001100100
100 70
0101010000110010100000000101010101001000101010101011110010101010000001110100001101111101010101010101
100 61
0101011000000000000011010101100101001010111111010101101010010111111101010101011111011101001101111101
100 28
1010111010101010001010111010001011101111011111101010110101011101010100001111111111011101111010100010
100 41
0010001000000000011010101010111010101010000010101111100101010101010011111101111111101010111010100010
100 25
1101010101010101011111111111000100101010100010101001110100010101100000000000101000010101010101010001
100 20
0101010101010101110101000100010101010101101110000100010101010101011101011101011011111001110111111100
100 2
0110101010101010101000101010001011101010111010101010101000001000000000000010010000000001100110101001
100 54
1101111000101010001110100000000100100001011011010101010101010101010101010001001011011101110101011101
100 50
0101010000101010100010101110101010100111100101010101111110100010000000000000000000000000100010010101
100 53
0101010100111110001010100111111111110101101010110010101010101011100101110101010100000101010001000101
100 39
0100011111001111111110101110001010011110100010101101011101010100000000000000010000000111010100010101
100 7
0101010100011101011101010111011101001000111010000000001000100101000000000000010101010100010101010011
100 15
1011001111010101011001000000101010111010100010101010100110101111011010111111111111101010101010101010
100 7
0101011111010101010101111111111010101011011000101010101110111010010100011100010111010101010001010101
100 46
0101010100111101111011100110001001000101010101110101000101010101010101011100011101011110011000000001
100 41
0101110101010111101010101010000000001010111011101110001010101010101010010100001000110001011101011101
100 66
1010111000000000000000000010101010101111111111101000101011101011100010110010011010100001011110000010
100 60
0101010001111111111110101010101000101011001000111010101011101010101010101110100111010101001011111101
100 13
1010100010001111111011111111100100101000000010110101110101010101010111010101010101110100010110001010
100 61
0101010100110100000000000001001010110011100010101010111000101010101010111100111100110111110111010101
100 3
1010101010101010101010101001000001000001000000001000000101110101010101010101000111110001010101010010
100 8
1010100100011000110010101011101010101011001000000111101010111010101010100000101010101010101010100000
100 29
1010000000000101010101010101010111000101010101010111111111011101011111101010101000110100010011101011
100 20
0011101010101010101010000000001011101010111010001010100010000000000010010101110001000101011010100111
100 35
0111010101100001010101001010110111011111111111111111110101010101010011010101010111110101011101010110
100 19
1010001010110101011111110101110101010001100111010100000010000011000101010111111110111010100000001010
100 67
0101010101010101110101000101110100110101010100000001000000000000010001010000010101010101010101100100
100 17
0101011001010100010111000000100010111111110111001111111101010101010101010111010101010001001011101101
100 6
1010101111111111111111110101101010101000110100111011101010011110100110101010101010101110101010100110
100 25
0101111101010101001101000101001101010111010100011111001111111011111110100010000001010100010101110101
100 34
1011100010101011001010001010101011101110001011101011101101011101111111110111111111101010100001000010
100 38
1010001010001010110111011000101011101110111010000010001010101100000101001011101010010000101010101111
100 61
1010000010000000000010101010101010001111110001110111010101010101010001010100000010101110111110101010
100 43
1111101111101110101010011010101000101010101010000000001010101010101001111011000011011111101111110101
100 21
0100010001000000000000000001101100101010001010010111011101111110111010101010101000101010001010110101
