500
96 10
101001111110011111010110001111110001100101111011110100010110000110011111011000100011110011110111
95 26
11101010011100001011001011100110101110110010010001011100110100110101110000010111111011011011011
94 41
0011101111100010000100101011110111100110111011110100100100110101110000101000100101000101111110
100 20
0100110000100101101001100001011110111001100010010111000110111101111100111100011111111111010011110101
91 20
1010110001011110011100001011111111010101011011110000001001101101111110010100011000111101110
100 94
0111110010011000111110001001100101011010101110100100110110000011010001000000110010101111001110001001
99 85
001110011000001100101100100100101000100101001000111000010101100100101111101011111000111100001111110
95 47
00101010001100110110100011000111101011001011100100000011100010001001011000101101101001100100111
94 24
1001011111010101010010001011111010111111001100101101110111000010010010111001000100000010100100
99 52
110001110101001110000111011010110001111101011101001010001111111111100001111110010100100001011101011
96 56
111001110001010111001000000101000100100001001111000010101110101110010011100000101101110000101010
95 66
00000010000110000111001000000110001101000010101100101011100111101011110111101010010001100100000
94 9
1000001110001010010100000001110111001101100111110000101110011111101010011101001011001111101101
98 49
01100001111110111101010111111011011001101000101110100010010011011111111110011010101011100000111001
91 37
1011110100101000001111100100100101110100000011100111100100011101110110110000100001000001001
96 76
110111011001111010000011010000100100001000110100010111110111110010011000011101010000111000000010
96 1
011110101001110101011110100110100101010110000011011100110001101111000001001101111010000100000111
94 48
1110010001011110010100101011001101101110011110100000111101010100100101010101111110101001000011
90 17
111011101101010100011001111000101011100010011111100000000101001001110101001001101110010000
91 11
0110111110011010001101111000110000010000010010010101111100001100111000101000100011000000011
97 4
1011101111011001100100010100101110000101010010111100000101111011111001110011100000010000111110111
92 44
11001111111001101010100101010001000001101110010010110110001111001100100000010101011000000111
97 69
0001111001000010010011000001011001000111000101111100000010100000000000001111001000011000111011111
90 52
111000101010011010000000110100110011000101011001001001001100101001000101010000000111100100
94 71
0000100111100010010110110011110101000010001110001001010101111111101011011010011100100111011100
90 47
100101000001111110000111111000100000101010100100001100111100111010100100111011100110000100
97 20
0011010110111000110110110100011001000011101100000001100001011101011001110001101011100101111000101
95 69
11000111000110010000100111111110001001100000001110011100110010101011110011100011010011111010001
96 58
100001100010101110000010111101110011000111010000010000011011000001100001101000001101001010100001
96 56
010011010110101011011101011001000101011010011100001111111001000110101000111001100011000110001101
97 32
0011001101010010011110010001111000011100000100111011000110101100011010110111010011110110000101011
91 58
0011000011110010010110101111001100001001100011011100001100001011101110110000001010100001011
97 49
1100110011101011101101101111110010111100111101010101101110101001001000110000001100010110001110111
97 52
0110100111001001111111001000110000100101011011001111000001001111011010011000010111000100000101010
92 56
00100000001101000110101110000000000001001011110100110001101010001010110001001100100110001000
96 67
011100011011011101101011110010111111100100101100100000101101011011110100110001011111010010111111
92 6
00011011110011100110001000100001110111010111100100001111111001000001101100011000101111110111
93 89
100100000110110110100100111111101111111110001001001100010101100000011101100001000110110110100
99 17
010001111001010000000011101111010111010110111101010011101101101100011111101100010111010101011111000
94 53
0001100000000000000001101101100111101000000011110001101001101100111001011101100110111110101111
91 20
0001011100010001000110011110110111101110000011001111111011100011010000011011111010010110100
90 44
111111100011010010101001011101110100011111101000110011001011001010011011111111101011001010
95 32
01111011110101010100000001111000110011111010110101011011100001111000010100001101100010000000001
91 40
0001101010010101001001110001010010001011110010110111010110001111001001000110110000111101001
95 5
10110001101010001111110010010011001110010110001111111100111111100110000000110000111110100110111
91 61
0001110101000000011101111000011110101000100001111011010111010101000111111100101100111100010
91 23
0101001110010100001001101000011111110100110001010111110000111100000101111000101111000111011
92 24
10001100001100000000010001011010100101000011111010100001111001110101101100001100010011000010
94 38
1001011110110001010000010111010111111111011011111100100010110100101100011010110111000010101001
95 32
00011111011000011001010110001010111110001111100100101011111111110100111111000011111101111110101
98 33
01000110001111010001000111010110000110101011101000000001010100100111000010101010000010010010101000
91 87
1011100010101100100101101101110010110110100110110001110100001101011011011001101100101010001
96 6
011010010011111100011010100000000011111000010101011110010001011110000000100100110101010000100001
99 23
100011101011100011010000011110110100000110001100011001101101111011101111010010001000110001100100010
94 38
0101000000001101101000010100100010100000010101010110010001011100001010101010110101000001010001
99 82
101101011110010000110110001101001110010111001111111000011010101010101111000010011000011000010100000
94 30
1010010010011010100011101001001010011110000000110011101100110011111110001011011010000100001001
99 40
000010011011011110101111101101010000010010111001000010110110011010010110101101000010111011000001111
96 96
001010101100000110100001110110000110111011110001011110110000111110010010001111001001000000000101
92 42
10100001001000100000101111100001010111010000001100101101001010000010101000001111110111111111
95 12
00110100010011011001000101000010100001010110011100011001101110000100000110110100101010100001000
95 66
10110101101111000111100111110011001111000010110001101011001001110001100110100010000111011101010
92 71
11011000111011110111001111100001101111011010100111010000101100000010101101111111010101101001
94 23
0011111000110111001101100111110001000001101100000000100111000000001010010101001110000011011101
96 81
000001001110100100101011100000101110011100111010111000000011100011111001001011110010101110111010
97 25
1001101100101010010100011000110010111110001011001011010100001100001001111101001011000110001000011
95 43
01101110000010011010101101011111001110001000110000111010111110101010000000001000001110100110000
94 26
0010001011000010011100100100110000011000000101000010000110101110000110100011110110110001011011
100 64
1111011011100001100101010011100000000101011001100011101111001010111111111101011011110000101000001001
92 3
10001010011101100011111011110001001001101001000111101100101100011011011100001001101110100001
91 13
1000011000110010101010100011110000110010111101101001111000001111000110001111000101110110010
90 57
010100101000010010001000100111001001001100100001011001000001010000000101011111111100100111
99 29
001000110110000101010010000110011110011110011010011111101101101111011100001101101001101010100100111
92 63
11101110110000101101000111011011100110110000101101000001110100011001011110010111001010000011
94 24
0000011101011000101110010111110111011011101101000001001000001001100111110110101010001100110100
92 86
10000101111000101100111100100100110010011100001111101100000110101001110011111010011101101000
97 55
1110001101100000110111010110011000001111110000101000100000000001110101010001001100011111000001100
99 54
011000001100011110001100000111000010100000010110101011110000000001011111111101001010010001001010011
90 65
101100001110101011011000001110000100011110101110011110101110000110000011000100111001000100
96 14
000101110000000110010011011111111000001011000010101101100010101000100011111110110101000111000000
98 9
00110011101111000000101100101101010011011011100011101110101101000011100111010000101010110010001000
99 32
001011010101100100011011000110000001001111110000011000111100110000101111011001011100000000100011111
93 8
000011101100001001100110000110100010001010110010000101011100011001110100110011100010110100110
98 65
00111001010110000011001000111000101001100000010101000011110101000011110110001111001111011001110101
94 48
1110111000010101001110100010111101111001110110110000111101110111001111100010011000011111111000
98 55
01001010010010010001111110100101101000111010000100101110001001011101110000110011100010000011100100
98 29
10001010001010000101101110111000010111110000111111101001001111111011010010100010010100000010110110
100 5
0011000101010100111000111000110101010010101101010111100110101001100000101101001100001000100011001000
91 19
0001011110100000000011011110011111001010110110110011101000111000110011101111001110001101110
100 95
0000110011111101000100001000010100000000110011100110110100000011001010011001011011110110011101101010
98 47
00011010100111000011010001010010110111011100011001010110110010000011010000000001011100100010000010
96 70
000110011100100101100001011100100001001001000000010111000001011011110011001100110110011100111101
92 25
10011100110010100111000010000011101001000001000100100000011110100010100000100110101000101000
92 13
11000111110100111111111000100100000110110101011001001110111010011011110000110100100001111110
93 33
001001111111000011010101011010001001100110000000101101011010110010100111001100011011000111010
97 14
0100111100010011101100101111000011010100011001111011000011101010010000111100110110100101010100001
94 38
1010000011001001010001101110001111001000111101111010001011000000011000110100011110110000110000
91 84
0000010001011101000100111100110000001110100111110101100010110100100001010110010110010101110
90 8
101100111100001101010101000001100100010101110110111011001010000000001100110001111101001000
99 58
110110100010100000010000111010111110001001111010010101000010111101001101010100101010001011000001101
95 48
11111000101101101100101110010100111110110011101110101101001011011000010010011110011010101111011
94 42
0000111111010000111110011101011011001101000000001101011100111011010111000000010110111010111001
92 32
11101011010010100101010101100000001100010101100110001011100000011011011001010010001100100111
99 35
010111101001100010001101101000110010001100110101010000000110100011010001011101110100101000101100111
100 16
1011110111101010001110000000000101101110101101101100110011100111111100001100111000010010000110101011
95 58
11000001101111100001100010110111111100110011100000110110100011110101111001101001111000010011001
99 28
011101100100011110110001011101000001111000000101001000011000111100110011000010100110110010110110011
100 55
0101010010001000110011100000010111111000110001001001000101010110010000011010011111010010110111010011
95 74
01001110001110110110101110101010010001011011000001001110100001001011001100010001010100001010011
96 83
010010001101011001010001111000110100100111110111000000001111111111100011010000100011101011011000
98 63
01000100001110011011010100110010110101100110011100111101110001110101111100000100101000100101101010
90 6
011001011000100010010111101100011100000001110010111110110100101101001000001011011110100010
94 73
1001000110000111011011000101111000111011110100001111101101001100100101000100111111001000110000
91 6
0011001100011100011000101010111010110111010000010001011100101000101000000000010111110011011
93 32
011100011001111100011110100101100000111110010010001000000011101001001110111011000010110010111
95 14
00010101011010011001011110001010001011110000101001100111000101101000110111110010001111100010110
93 80
111000101100110101010010110100011110000110001110101110001010000011100001001111001010011000100
96 20
001010011011101101111001110100101001101100110111101000001100010001101110001001110101000010111101
95 91
10011110001100111101100111001000010011011111010100100010001111010100100000100000101010011011111
97 51
0011111011110000010011110111110001111111110101111001000111011111001011100100100010110110101110010
99 80
011100001011101010001011001111011101011011001010100010000010001000011010100000011100000001101000110
97 9
1110110101101001010111011010001111111101100100111110000001001000100011001110001111101001110110001
90 55
010010011010111110111100100011000111010011010110001001000010101110001101100011101000000010
95 67
11011100000010000100110101010101011101101001011111101010101111001011111000011101101000000100111
99 93
011000001110011001100000101011100000101101101001110001111011100110011001000110011001010001000010111
90 75
101010000011110010011011001010011101100010000010101001101101010001101111101101100100010000
94 53
1001001001100001101011111000000010001000011000111000000010110100000011100101001111000011000110
95 48
01110101111111101101100111011010011110111001100111111100100001101010110001100110111100101011111
100 70
0100100111110010000100000100101100010011001011000110111010010000110010111001001101011011110101010010
97 83
1000011111001011011000101010100010000110110110000011101000110110001111101010001101100110001010110
94 73
1011011101111001100110000001001000011101101000001001100101100100000010100100000101000001100111
98 63
01111101110100100001000000011001111100111101011110000111100010110101100101001001111100111000011000
90 86
011001100101101110111011001111110011110100101100110001110011010110011010011110011000100000
90 64
100011011000000001100111000111010101101001000000111010101011101011110001110000001111110111
95 86
01000001111101110101110111110111000111011110110001110110011010111010010011001100010110111011111
90 83
110111010111101001101011100011000110110101101100110110111000101011111111101110101111100101
100 57
0101001001100000100011100110111010000010000100010100001001110111110100001110101010001010111011101000
92 73
01001001100010010101110010001010111000010100101001000010011101100110110010001101101101111110
94 8
1101111111111010101000010111110000011101111010011010011110100000011001011111111001110101010111
99 32
010010100000000110001010110100000001111011011010111101100100011001111100000110000010001011100110111
96 25
101011001110110101101000000100101111110110010000110101100101000011100110010000011010110011111000
97 19
0000001010101010011110100100101001011111111001100010000001111010010110110100110011110011001000111
91 4
1010011110010100111010101011111001001100101010100110001011110111001011010100011011010001001
96 25
100010110011100100101000000101010100010111110110110010111101011111011000011001000111111001110111
96 70
011100100000100101001110100001100000101011110010001000101010000111001010111000011010101010010001
91 57
0010101010100101111101001000011111010100100101111110000011111101111000111100011100000000000
93 66
101110010101100100010111110010111001011100010101101010001001101111100000010100110010110110101
94 6
1101110000010001100101000011100010000010010000101110101111111000000101110110100001100010000100
92 7
11100111101101110010000111011100110101111010000101011110010011011001011011101011100011000010
90 71
111001011101001001001011100011100111011010101000001100110100000010110111101011000011110100
99 56
100010011001011101100001101110101100011010110010101101000101010110000111001011111001101110001011110
95 48
00100100000000001011101000010011000000010001100100010010110001100001000001100011111111111111101
98 89
00011010001001001111100101110100111111101001111111110101001111000010011001101011010100000010001000
92 91
11011000110101110110011111110001000110100010010101011110101010110011100100101000001101011010
97 50
0000001010111011110010000001011100000001100000111101000110100101110111111011111000001010101011001
91 17
1011111110101001111010110010100100110100001000111001101100010010010111011110000110111000000
94 46
1101101011110100011011011011010101000000110010100000110000100000110001011010110011111000001111
92 81
10000101011101011100000010111111010101011011101000100000100001110001001100110010111000111111
92 66
01011001110100001100011101001100111001001011110000001010001110000101011010101101001111101000
92 57
00000011100110010001000000111110111111101011011101000101010000000010101111010011001110110010
92 35
10110010010010110111010101010101101010110011100001110001010101100110000001100111010001110101
90 5
001001001100001001100100011111010110011111001110100010001100000001110000010011111111100000
92 50
00001010101000000001001000111011001110100001111101011100001010110001011001000010111000000000
93 57
010001101001001000000010110100101001100010111101000000101101010111001100111000010010000010101
96 92
010000111111111111001110010101011111110101010100001101011000000110000100110101011101000110010110
97 35
0100111001110000010110001000100000001001100100011001111101111000001001101000000010000011010000011
94 13
0101010101010110110101010001100010111000101001100011100101111010111101010110000100011100000110
97 80
1010110101101110111100010110011010001110110111110110100011101111011111101010110101011011110100111
96 5
110001111111000001110110001010010101110010010100111111100011101000111010010111111111000101100100
91 20
1110001101101011111001000010001000001100000101010101010101011111100010100000110101101100000
98 77
10010100010010111010100000100110101110001100010001110010000110101110001000010010011011011101000100
97 69
0000101000010000111011100111001011110010100010110000101001011000010010011110101010100101111000000
99 98
000001110100001001101110110011110000000111110000001011011001001100110111011010101100100100100001101
99 36
011011001100101001101110100110010001101111001100110101111110101001000101111010111111110110010110001
90 82
000000011101000011000001000001100010110001101110100010110010110011000110110111000000001100
93 22
011000000011110011110101110110011111011010011001000001111001000000001110001100101001011100011
90 15
010100111011100001011001001100110010111101101100001010101010100100001010110100110000100101
99 21
111011111101111100011100110100001001111100100110001101000011010000101001010110110101111101101110000
99 34
110000111101010100010010000110000101110001000001111111010111110000000010000010111101011000000111100
93 32
100110000010011010010110110010100101010101111110100000101011100110100111111011111011010000010
91 33
1100000011110000010101110010011010111000101010100110111100111100110001111011011111001110111
98 64
11100010101010010000111100111110101111111001110010111010000001101101100001111010101101011111011010
91 54
0100011110101000000110001010110111010111110100011011101111001001001001101110100111111011101
100 57
0111101110001110100100100111111100101111011110101111000111011000100101011110101101101000010010011010
98 26
01110001110000100101011110101110110011001011110110011101101110100110100010010100110001010011011111
98 47
10101010000010001101000100111011100110101110111110111100010100100110000011001101100110101010011000
97 46
1001001000110001100100101000110001000101010011011001000100110101001000111101000110001100111111010
95 40
11100000101101110000110101110010110010100000001111111101110101100000001010010011011010110100000
96 3
101000011010000010001000001001111110110101110010110111010100110100000101100011000110110100110001
97 5
1100100110101011101001110000011110010111001111001111110101011000010000101110000001011101101100101
96 69
001110100101110001011101110001100100111101111001011100001101111001111101101011100100000001101110
91 55
0000011001111111001110001001100001100001100011100100101001100100000111001001101010101101000
97 29
0010101000010001001000000001101001011001100110101001110000100011110100111001100111110000000001001
99 34
010010100110000001001101001111000101010110110000101100110100111000111111111111111110011111101011001
96 95
001110100010010001000100110011110110000100111100000011101010111100010011110110100111100111010000
98 68
01100101001111111101010110001001110000101001011101101000000111001011010100101011001001110001010110
95 29
10100001101001001011001111011000010010101011110101000110010000011110000111100101100000100111101
100 86
0000011100011100010110100011001011010000110010101110010111010001011101000010101100101001111100001011
93 79
010110000011001001111100000101100010100100100110011111010101100110101101111111101101111111110
97 88
0001000110000011011011100000110101100011101110011001011010110010010100010111000010111001011101011
100 45
0111100001100100001001101010011111110001010111011111010101100101011000001001001111100110111010110011
99 4
010111111110011101101011001110110011001011101101101000011100000001110110110011011000001101101100000
95 71
01111011010000100010111000101110001001011111001110110010111000101011011010111111110101101001000
93 5
000001110110001001111011111000000000000110101111111100011011111010000001001101000011111001111
92 89
00011101010010010011000100011111100111001101100010111010101011011101011001101101110001101100
96 30
100001110101000100110011111010001010000111100011100000100100101000011111101101011100110111110100
99 63
110100011010011101111010001110110110110010001010011011000001100011010100101110110110100000000101111
99 45
100011001100010000101110000100110100010101010110001000011100100001000011001110101010110011111101100
96 8
000011100001010100100101010111100101001011110110011011101100010010110100101011111110001100110100
91 7
1111010110100000110111011000000000111010011000011010011101100110000001011010100001101111010
92 91
00010101101001101011010011110010100100100001100011101000010011111011110100000001110000101101
95 93
10011101001001101000000111010001101100011100011000101011100110001010101001110101010100101110110
93 66
111100011100010100010000000000001011000001100011001011000000100100111010011100110010000011110
95 67
01011100111101110100101011111101001101000000011100101100110001100000111101010100110100110110101
98 69
11110100011000111010110110111011101111101011010110011111001100111010000010110001010011001110100100
95 85
11010011101111011110001100101010111011001011100001010111101100110011110110010101110100011101010
92 31
10011110010011101101100101011001111011001011100011100000000101011001001110010000010101111110
99 91
010111001100100100001000111011011001001001101010010100100101100110011110100111010010100111010110000
95 80
00001101101110101000001110010101001100101100101111001011010110110000011100100100011000001110100
99 51
001101110100100110100010110011100001010111101011000011101001010000111001001110110000011100110100100
98 97
00000001001010010011011111011000100011000011111000010011010101100110011010110111110101011010000010
99 24
001101010100010111111110110011100000100001011011010101010101010100011111010011010001101111101000100
93 58
011010000000110010001011100110101101010101010000010010010010110100001100011011011001111000100
93 77
110010100011010011001000111000100101100110010001100111000100010010101100011011111001010000110
96 70
101100000010100011111110101110100101101110000110011010010001001101110101001010110110010000101100
92 63
11100110001011100100010011001010011111010110010101101010111101010000000100010101011011010001
91 83
0111001001101100010000110000000010111010011000111000010000111010011111101000000011001110101
96 93
101000001010010100011100000000000010011010000011000011111011110111011110100110111111000001001101
97 50
1011010011001010001111010000101101101101110100111111100001111000000010110011010000011011101100110
100 96
0010001000111011011010101111000000101110100100000101011101110011001111011111100100000000100011110011
95 62
01010111110001100010111000100010000110001111101000111110110010100010000111011001110001000110111
96 13
000001111001010010010101010111101011010100110100111010001110100010111100000001100011011111110111
97 65
1110110101100000001001001110011111001111011100000111110100110100100100100010101100111011110101111
97 68
0111101001000100110010000110011100100100101101100110011000101011111001101101111101110111000111100
98 34
10101001100001110100110110111100101011011101000110111111000011110011101110110010111011000100011111
96 31
001001000100110011000101100000011011000000101110011101001100000001111110111000101001000110000011
92 45
10100110100100100101111110110001000111001100101111010111010001100101011111110010100101010000
92 23
10110010000001001001010000111011010111010101101111110000101101110111000110110100010001111100
92 32
10010110001001110011000001010111001010101001111101001010001000001111001011000111110111001111
93 20
000010100100110001011111100101001000000011000011111001000111110111100110101001011101001111111
95 84
11011001111100100100101011011100111110000000111010110000000011010101111110110001111000111000111
92 22
00100011000110010011110010001100000011000101001100010111111011100101010001010110110100011101
96 95
101100100010010110100111011110111011010111100100111101000010111110110011000110100101101000101101
100 4
1011101000000010010010110001010010111110110011111010010011000101110011010111010100100100000001111010
91 54
1000111101100010100000010000101000110011010111111001011100110000110011100001000100110101101
98 60
00101010001111101011010000000010011101011101110000100101010010000101110110001100110111011111001110
99 52
100010100111011101101001101001100001010101100101001011111000100100100000101111110011101000101001110
100 96
0001111100101101011000100001010011000100000011000100000100010010100111100000000000011100111010111111
93 49
111110101000111101100101101011011000010110011001101010000001100000110010101011010000100111101
91 14
1011000100101000000011111111001101100111011011111100111111111011110011100000010001110100101
93 4
111000011110011101100000111100010111011000111001010001111100001000100110010110111111100111100
96 50
100000110111010101110010011100010110011111000010100111001110100010001001101111110101100101100101
94 73
0001001101110100101100111000111011100110100010011001101110100000110101111011100110110011111001
96 95
011101101010011100111101001100011110000110100000111110001110000101010011011001011110000111110000
96 89
010001111001011001000100000110010110011010110100110011111000101011101110111010011111111001011111
96 86
100011011111101011010011011111000110010110001111011110100101000000111001001111011001001000111010
95 14
11111001001001101011011100001000100101101001100100101010011110111001110011001111101000010101110
95 43
01101111100011101000100001000000010110111110000010010100111100101110011010000110001101001101110
95 41
00100100011110101011100111011111001100010001001010101010010011001111010000111111011111101110011
91 54
0010100110000011110101100111011010111111000011001001101011110110110011111001001111110001011
91 41
0100011011011101111110110101101111011010111111101101010101111010001111000000000101101100110
95 94
00000110100000110111010100011101100001101110000001100011010101000100111010001001001010101100111
94 73
1111001001000101101100010100100100110100010100101010010111011001101011011111110001000000110011
99 76
101000000001000001101001001100101111101110000101110001110000000101110100101011001100000010001000111
100 71
1100110010011101100111011101100110100001011000101010011101101010000000100100011111111100100111101010
90 69
100110000111000010110110001101001111000110100101101101111010001111100000010001011111100000
99 93
110110010110011011001110001100111110010100000101101101001011011010011011010000001100100110111001101
90 29
000011111010000010111110110100011110011010111110101011111100111110010101110011110111000010
92 19
10010110000110110111101010001101001100000111101111001100001111111010000100101100000010111010
98 24
11000111000001101000101110011010000011101111111111110100000111010010111000011000010100000001000110
100 43
1001111000101100100101001000001000000110000101010000101100011111010010000010111011101101011111000011
94 88
0010001001111100010010011000000100101101101110011011010001111011111110111010100000101101010010
91 4
0110001000001101010110111011110011010110101011000101100010111011011110010101101101101101000
90 81
111100001101111011000001010100110111111111111011001010100110010101100101001000100111100101
97 23
1001000011011101110100001111110001001011010101011100000010000111001000000010110101100001110000111
94 92
1000100100011100000111001011111000001000010100111000001100111000010010100101000011001111010010
98 41
10010110100010110101100100111110011111111011000011100011111111110010101110110011011111001000101010
100 82
0110100011100111000010011010100100000110100100011101010011111110011011101101001111000010001010010101
97 83
0111111110001001110110000101110110001100110100100110110100110001101101111010110111101100100111110
98 24
00100001100110001110100000001000010101111101110100101111010000110000110010000100010010101110111010
92 62
10000001011101110010010011011001011111101101111010111100011010101111000011100010100101011110
93 21
100110000110101000111010001010110000100101100001010010001010100001001100011001101100111010000
96 80
000001110000101100110111010100010110100100101001100101010100010100111011010100001010000110010111
100 56
1100110001110001101001111000101010001110100100100101101100111100111110100001011000110001111010100011
96 45
011000001110110100101101010001000001101001010110101010101110110110110101000010010011001101001110
100 57
0110010101010010111001010011100010110101100010000001000000000111100000010001101011101000110101011001
99 1
000000001110101001100101100100100110111011000000000001001000001000111010110011100110001001110001001
91 49
0111001011001110101001010111011110101100011001010001101000001111111100010001011011001111010
91 84
1000011010101010100111110000001111001101101001010000000010011100101110100011100000010111010
100 90
1000010111001111100110101110000100100001000000110111100010001111111000111011000101010011111100000101
90 47
010011111010111111111001010111010101010101101001010110010010011101011010011100100111110111
96 12
100011110111010001001010001000010010000110000110010100001000100100011001001011001010101111001010
97 44
1010001011100110110000000100100010000101100111000101100110001001111001000000110100110011011000111
92 68
10111101010000100000000111000110110000011000101101011111110001100100011101011001100100100101
97 58
0100001000001100100101101110010101101110010111100000001011101010100111100011010101011100110000001
94 87
1011000100000011001000110101011111010010011100111110100001010000100111001000101000000001001010
98 94
11001100000101111111111001111000010110110011111101001011010110100101100010010111010111100000110100
90 75
000100010110011111011101100001111100011000010011101101001010101011100000110101011110101011
98 49
10111110011100010110000111100101101101110000100100011010000011100111111101000100000111101101101001
95 11
10100010100011100011010100111101010100011100111110110100001100101100001110010100001111100011101
99 51
010010010100111101000000010001100000111001101011110000111111100111001111010111001100010000011001101
97 9
1011001111110010101110101001010110011111101001001011010101111100111111110100100101001011000000110
94 55
0101000101011001100010110111100011011111000110110111110001011011100101101110010001111000100111
92 86
00110000001110001001111000111010100011100001111010011111111011010001010011001111111011000101
91 23
1100111001001010101000000000001000111111011010010001001100111100101000100101011111101100101
99 14
011000011110011000101010000010101100011111010100111101100100000111010111111111101100010111000111100
92 61
11001000001011110011111110111011010110111110010111000100011000010100100110011101010100000000
93 27
111011011000011110110100000110001100001101010001011110111000100101100001000100000000100111010
98 14
11110011110010000101100101000010100010011100000111111011110000100010110001001000111101011110101110
99 4
011010111101111101100100000111011110111110111100110110101100000101101011111000101110010110011001101
94 32
0111110000101001010001101100000011001111100001000000000011101000001001010010011111000011101110
99 24
100101000001010000001101001000111111011010000011101101111110111110100000111010000011110001101011011
95 38
00110111011000111001111110011001110011100000111010011011101011011001010001001110011000111011101
93 93
111001001110010001010000110001010100011001101110111000010111100100111101000001001100011100111
98 81
01110111011000100010110110011010001100100010111110011110001010101000100110001010011010000100000000
93 35
000000110111011101001000111101010000011101110111100110110111110011100100111111110011001110110
96 64
010010000011100110100001001001110100111011010010110011110111010100111010110101100011101000110100
94 81
0101000111000101000011111011000110011000011011110001100010111110101000100011100110010000101010
92 11
10111001011010010100110001100010001100000110100110110100011111101101000010010011110010001110
93 88
111000111110111111010111011001110101011111000001011110110000010100100111100011001110110010111
90 45
001001111111100101011001110011111000010011010001011101010100001100010110010011110111101110
91 38
0000000001100001111001001010110101010101100000101011101101110000100000111011010000111111100
98 62
01100101101000011100110001110011001111101001011110011111101100101000100110110000010110100010000101
94 29
0000011010110111000001000011000100110101101000000110110001101000100000100000111011111001001011
92 2
11100000111000100100011011010110001001101010001001001100001111000111000111000001100110001000
96 74
110000000010110111001001101110100001010010111111000000000101011010101111000101011000111101010110
97 92
1011011000001110110001010011011101001011001110111011000000101010100000111010001101111101010011110
98 3
00000011010110111000010010011100010000101010011111110000101111101110010011111010000101001011110100
92 14
01101111001011101010101111001110101101001110100010100100010101000000010011110110001111100010
99 11
011010101101000010111011111100001011101101111111100000111010111011001011100010010111100001001111011
99 22
001011101000111101001000111101101010011111000000100101101011010010110100000110010110100111001000011
94 71
0101111101010001001100111001101000101101000001110011010111010011011111001000101001110110101001
100 70
0101001001011101001111100000001001101001111010011101111101011100011111110000111011010100001110101010
98 88
01100100010100001111000111011011101001111000101101111001001011011010010000001101110011001110001111
98 17
01001001010101101100101101100110111111000111111010110001001001010110011010111111101101111101101000
98 4
01110010111111000000011110110110010111110100000111111111100011001000010101010011110110010000110000
95 84
10110110001110000111010010010010110001101011101100100010010000001101000110010110101101000010000
96 69
011110101011100010101000011010011001110000011101100011111110011001000100100111110100010100001000
92 66
10011111110110010011001101011011101101100000110001011100010101110001110101010010000110101111
99 21
011100011010110100110011001010111100011110100111101110110100111011100101110111010101010001101001101
91 14
0101011111011010011010000000011101000010111110011100000100010000110101001000011111000011100
91 27
1011001110010001100010100101001000111010010100010110101101000110110011000111110010011001010
97 37
0000010111010101010001000011111111001010111110010001111001001011101100011111110010011001011110001
99 21
111100000100110111100011000001000000110000000101001110100010001100100011100111011100100111110100011
94 86
0010100000001001001100001011000001000011010101100110000001100000100100100001100010010111100000
92 77
10010010001010100100100000100010010000101110011100010001000001011011111000000000000111100011
93 21
101111011011000110111001011111000110001100011100110000100000110011001010010010001000100000110
90 42
011001011110111111101011100111111111010101101011100010011000001010110100001011110011001110
95 3
11010001001101010101101100010101100110110000000101101100010100110110011100101101001001000001001
98 3
01100001011100111010111010011011111001110011111000101000010100110010011110110100111111100111010110
100 87
1100101010111000001010111111101100000010111101100111010000110101010010011000000010001001010011010011
92 43
11011100111011100110111011010010111010000110001001110111110010000101110101110011110101100100
92 48
10100011001101010100101101010010101010010001010110000100001001111000101111010011111011001101
93 51
011111111100001100100100010101000010000001100000101111011011001011000100000101011110101011111
94 77
1110111100010111000000010010111101000110011110000101111110100000100100110100000100010100111100
100 91
0001011111010110000001011011001011001000000100100011100101100100011011110011001011100111011001101011
93 91
000110000111111110100011110111011100010011000011111011110100101000110111010100101111001101010
97 38
1101000011011010001000101111110101001100000111100001100111110010001100011100111101001100100100100
99 53
111111001011100000000101001110000011000001010001011010100111011010011010111101101101000100100000011
96 8
000111000111010001010000001110101100111010111001001010001001000000110000100111110001000111011011
90 66
001111001001100010000001101100011111110100111001001111011101010100101111101101011100101100
97 20
0010001111111110111011111110001010101000111010100010111111100000010101110111011110101010011000100
94 13
0001110001011111111111010001010110111000011001101001101011100000101000100110101111111001100011
95 40
00011111111110000000001011011111000111110011100011000111011011111000000110010011001001101111100
91 21
0011101100010000011110001110010101111011111011100001010100000001011001001000101111011100000
98 37
10110011000111110101111010110011000110010101110111001000000001110011010111110010111001100010001110
99 99
000000100001101001011000000011101111010001111100100111000111111010000100101011010110010011001111001
92 10
01010101011001011111111001100011010101110110000010111010100111100001010010110010101000101111
97 74
1000101011011011111110100000010110001100101101010000101010101001000100110111000010001010111100001
96 72
000100000011011110100110010011000101010111000100110111100100001100100010100100010010011110001000
100 96
0011101000001111000001010101001000101101010100111100001111110010010111110001011100011000110011101111
98 27
11110110100100010000110100010111111011110001111010000111011011110001010100001001000101010101001011
98 54
11101110001110101101110110100111000100101000100000011000111010101001001101100000111001101011111011
93 34
101000101101010010111010000000110011000100110101100110111100001111100000110101101001111100101
93 61
101101100101111010100101100100111111011010011001111000111011000110101011000011100111000110001
98 86
10111110001001101100001101100111110101001010010001011111011100010011000001000000111100001001001001
97 35
0100000111010010111000010000101001010011110110100010101001001010011111101011011100000110111100101
96 38
000001011101110101100001010101100110000000001100111000111000111010101011010001101000000001101001
96 45
100111010010001010101110000100010011100011110101100100100000111110000101000101101101011001111101
98 32
10110111100101000101111110011011110110111100000110010111111001010101110111101011110101111100011001
99 6
101101110110011100100010001000111011010001100001101011000000000000011101010011001000000011010100011
93 43
110011010100010000101010010010110110011010010100100001111011011010100010011111110001101000100
93 83
011011111001000110111111110110111110110111010100100000101011010110000001110010000111011010110
92 45
00001011001100110110100101001000001000010100001101100000111000111000001100101111000111111011
95 47
00101011011001000011101000010110011010010000011110100101111100001100110011000010000110011110100
90 4
111111100000011111110001111110111000001010011100011011100110100001111000111011010001000110
90 32
101101011000101010000110010111011001101001110001101010111111100101010010111011010111000101
97 41
0111001111111001000001110110000000010111000111101001011001011100000010101011111011100010011100111
96 12
001101011111100101010110101111011110100111011101111001110000111111011011111001100111010110010000
90 7
100010110100011110100011101010010110101111111011001101001110011010010010001111100000011110
93 71
011111010101110010111000100111000000010010001010011001000101001101011111111001100101000111110
93 7
010100010000000111011110101011111111111110110010111001010000110001001100110111000110011111100
91 88
0001000001101110000011000100001000011110100101001010001110010000110010010011100100111011011
95 41
11001101100111101100100001000101000000100100110110110010110110001111101110000000110010111100101
93 61
110001011011010111010110000110110110011001110000001110000010000000000110101111100010101011011
98 77
11001000010001001101000010001001100101001010111101111001101111001111011111011001000011100100101001
92 16
11111000001110110000011100101110101011110011101110101011100110001000101010000111111000000100
91 65
0001001010110010011000001001110110001111011101011010010111001111111100101110000010011011001
92 14
01111001000100100010111010111000010111111000000101011111110011011110110110111101010101111101
97 27
0011100011111010001000010111001100010011001010110011101100010011110111110100010110101101011100010
98 57
01110110110100111001000000111101001011101011011100011010101000110011110111100000001001111110011001
96 87
111010010011111100110011010000101111101001010110000100101001101000010111001010110111100111001110
93 82
010110011010111111011001000101101010010011010100101111011001011101100111001101001101101101110
91 13
1111100101011000101110011100100000110000000100011101111110111101010001010011110001101111110
90 4
101100001101001001100000010011101111000001010001011101011000101111111111100011000100011111
90 16
100111010100010000100001100001000111001001101111001000001100111011111001110101110101010011
91 9
0110110111110111111100000101100000001101000001110000111001110110110010000111001000011000100
97 33
0101110100000000100101111100001101101000111101001010010110111001011110111111101001001100010010100
99 47
110111100000101011111000110111100101001100000110001011111111011001110001110110000111100101110111111
98 52
00101010111001110011111000110001111001001111101001110011010101110101101011011000001011001010111100
90 9
011001111101101110111100110111110000001101011000001110110111010001011100001001010100100111
93 4
011001011110011100000011100110111000101111101111001010100101110001011101000010111100100000000
96 34
111010111010000110001011111101010001100000111000100000110100111011000010110010010101101010101110
93 21
110111010000010111000010110010100111101110101100000000010001000100100010110111000110011011011
99 1
101011011100110010011001110000101111010101011010010000111001100001110101010011011001000100111000001
92 68
11010101101011001011001110010101010101000100101011111010110100110101100001011101100100011101
99 76
010001011001111110001011100101101110100110101110100111111111100100101111000010110100100100000011101
95 59
00100101111011111001100000110011011101100010011110111011101000100000110011101010001000001111010
95 77
01110010111000010000101110110011001010101110100110010000010011100101010100010110111110001001110
97 18
0000001111111011101000000010000000110100101011101000101010110010111100000011100100110111101010000
92 54
00010000110111011000001110110010111011011101000110011010101000110100010100101000000100011011
97 19
1101100110111111000010001010011001111100110001111010111001001010110110010001101101011000000100100
91 33
0110010111111110011001111101101110000101010010000111000010001101001010011010001010100010010
98 24
01101101100110110011010001011110000110001000000100111101110111010111111111100000011011000111011010
94 74
1000001110100000110111100110111101011111101111001010011111110000001110111101100100011110001110
95 41
10100011010011000010100011001000100010110101111001010000101101110110100110110100011101000110101
93 71
111011111100010010111101110110011110101001100111100001100110110101110000000111111100111010001
98 59
10101110111110001010000011110110011100101111000101000001111000100110111111110001001110011000000111
100 90
0010011001111101010000010100011010010000010000111111101100111111000111000111111100101000111000101001
95 5
10110101001000011111011111111011011100101100011000100110010001101011101011101110011110010000100
92 75
00001000100100101110110111011110011011101001110001010000010011111010010100010001101010011111
90 60
100111000100110111001101010000101110110001100011100011110001110101010011101011000100101111
98 40
00011011000000010001100111011010001010011010000011010011111100100110010111110011100000011100110111
100 27
1110111111101001111010111010001010100000000111001101101000111110001110011110010011011011001100101001
100 59
1101011001100111001110111101110101011100100110101010111011100100001100000000010110010101010100101001
93 16
011110111010111001000000011110111110000010110110010010011110001001010111101010101111000110100
100 15
0110100101000111110100110001000011010110001011100111111101101101001110011000010100010010100011010010
90 6
011110011001011111110000001000001110110001111000100000010101011001100000101000110011011101
96 19
111011011110000111100101000110000000101010111110100010101011010100100001110101000110000010000010
91 6
0110011101000001111110000100000001110111101011011111111010111101011001101001011101000100010
96 25
011011000111011101100000110011110111001011000010001100001100000011110010000001001101001100011011
99 53
111110101001111101001101001011011001111001001011101001001110100001101100100001100111011011011011000
99 37
011111000011001011011010110001010010000110100011101111101011100111001101110011001101111000010011001
92 71
00110010110000011100010001010011001111000111101100100000010001011111111110111111110001000001
99 13
001101111010111010110010110111101010011011010001111000010010111001111100101101110011011100110100100
97 16
0100111111101110100000000101000011111110000011111110010010001110111101000001011101111010100100100
90 24
001000110111100111000100110110100101100101010010010100111100101001100111111101110011110010
91 73
0101011001000110100100111010101101100110111000111101000100110011111000011100101010011101111
100 37
1001000111010100001111001010100101011101001011001000001101010000011110000111110001100001111100110110
95 17
11010000010001011100111110100101100001110001100010011100011100100010010111110010001101101001011
91 86
0011011011011111001010001010100001101100011011000000101111101110011101000011000100100010011
95 42
01100001001110001011110000100111011010011111001011001101010010000010110011001001011010001011010
93 78
010001000101000010001010111001101110000100110101001011000000101000101101101110110110111111111
92 19
11010000100100110101010100100101100000111011001110001000111101111111110111010110011001011000
94 16
0111000101110000100011110111111010001000111000000001100101010010111110010010000101110101111111
94 85
1100100100011010101011101010100100001111000011011001100010011011010100001011011111101111101011
90 67
010111000000101111000110101010010110110110011100001111100010010101000001010001010001000011
94 23
0101101100010100010001100110000001000110000011000101110001101101111001101001111000000110001000
93 1
100000100011110101001000101011111000101001111100110100101111111000101111001100101111001000011
90 34
101010000011011110100000101110100010110100110101101111100111011001110000010000111101100100
90 15
011001001010000001011100000101011101000000010001100000001101100111111111111110000010100001
99 85
110001111010011001011111010101011001001011011000111000111101110001111000100100000000010100010000001
92 74
01100011111101011111100100011011011001011000011101001110111110101001000001101110111011101101
92 36
01000101000011011000110100000110001010000110001011100101000010010110110001010100011010001101
94 78
0001110001010010100100000010110010110001001111001001100011010001100111100110001001000101000001
94 35
0011011111101101110101011001111001110010111010110011111000001110001010000011111011101001100010
90 50
110100001010101101111010111100101101100010111110001100110111101100110101011001100111111111
99 26
000011111011010100110101001011110101001000100110001101111011001010100111111010111001100001001010100
91 20
0000011001100101000001001101011111100011110010010100011111000001001010101111111100110101001
90 10
000110100101000000110101000010001011111010110010001101011110111011010000100001010000111000
90 85
111001100110000010100111000001111110110001111110011011001011011000110101100101001010011100
91 40
1011101001110101101011111011010000011100010010101100001010110111111111011111010010000101100
91 14
0101011000110100011010001010000110110010100001011100011001100100010110001101100010110001111
96 85
110001010001101010111101000010100000000001111111101001111110111010110011001001010100101110010000
94 38
0011011000010010001000101011000010100001100010101001011011011100101000111111100101011001001001
98 80
10111000110100110010111011010110001000111001011101100010111101001001011111111010110011011001110100
99 82
110000011000001001011000100010010110100001001001100111100110110010100010000001111111101110111111101
91 43
1111010010111100110111011110110011110101110000001110000111111111000110101101100100011000010
91 73
1010111100001100110001110100001001011100101001010001100101011100011000010001010011011101111
98 78
00010010100001110011101110101001000111010010010000111011000100001010011010111010001010000111011101
93 60
001111110100100110011110011100001101000101001000100111110000100010101011111101010011110010001
95 15
01110000110011100111100100011111011010011111001111100100100100001001111001100101000010101000000
93 71
111101100000001111000101000001000101100010011011110000110001111111011100111010011101011110001
96 1
001111001100111010001001000110010100101000110010010000010101010101010010110100100010111110001101
93 48
001011001111111010001110000000010100110101101110011011110010010100100101000100100110101001011
90 45
110101001100101110010000100011001101001111011011000101011001000110101110011110001101000110
99 87
011111110110111010101011100000001010101100001011111100111000010000111001010101101111000110110101001
91 61
1011001011110111110010110011100101000110111011011011110000110000100100000001011010010010001
93 45
000110101011010000010101011110110010101100100101100011000000100000110101101001100011010100101
94 74
0011010000000000110111010000110011001100010101011110011111110111100111110110110100011000101110
99 68
101111101101110101010001000101111010100110101100110000010001001101010000010011000100001001011110011
92 41
01000101111001011110011100011110001011100110000001100110011001011001000010110011111010000010
91 40
1010000101110000101001001111011000001111011000101111011100101010001111010110101010111101010
92 62
10110000010101101000111100110010110010101011001100100101001100110100111001000100010011110100
93 6
110101111100111011000001110001011111010111111101111111010111100010100101111001101110111000111
100 90
1110111101111100011001111001100100101001010011010011011010011000000010100000101110110001001101010100
95 65
11100101100110011001111000101001000001100111111000001010100001011110100111110111001100101101010
96 69
110011011000111110101010110100110101000111111110100110011100001001101100110011010000111011101111
96 73
101110011000001001011010001100100011110110010001000010010000000111000000001000011110111000000000
90 59
011001100010010110010000001010000101010101001001010000010101110110010110101100111010101110
