50
617 7
00010000101100101111100110000110101101011011110111010100111010100100111110000101001011001001110010111010000001011111001001110100110001000101000110101110010010100010010011010001100101110010111111101100110001100000001011000110110110101010100011010100101010011111001100000001000111010011110110101011101001000011100011100100110010001010101101011101001110011000111010100011000111100010000000100011110011000011000010010110110101101100000011111010000100010010100101110001011011010001101001101100101000001101101001101010101001001101000110111101111011000101111110111111000110000001010100000000100111110111110011001000110001111
613 1
1100111011111011110000110111111110010100111110011100100000001001011001111000000110101101001011110101001010100001000110111100000011011010100111111001110110111110101011110001001010100110011101101110111100010111010111010110111010101100010100001100011010000111101001101011110001010110110011011001110110010101010101000100001010011111101010101001000010100011100000111000010111000101000010101110010110101110111110111101101011111010101010010000101000001101110110100110101011001111110001000000100111110011001001010100000010100110111100101010001111100101100000000111000111010011111000010011001100110001001011101101001100001
629 6
10000001111010100010111111100110001001001011111011100011110101011100100001100110110111100011001001000100111100000001001110110101010101010011111110010001001100000101000111100101000100100111100010110000100110110000100000101100111000011101000110000111111100101111110001100000111011110011011001111001110110011101000110111011101000010010100111010000100000011111010101110101100010001001101110010101101010000000100111011101111100111010011010100001001001110000100000000011011010111101011111001011010001001100101000101101001111101111101111010000111101110000011001101000000111000001111111011100110011101001010101111101001010011100101101001
799 6
0011101000001100101100111110001010011001100111000000100001101001000000100000101100110001000001001100001010011110101111000100110001101000010110111001000111011100001101100011010011100101001100001011111000011110001101010011110010000010110010011101010110010110000011100100100111000111000111110110101111110101110001001011101100101001010001001011001110110101000101111010001110001011110011001000001001011001010010101101101001111101000000001101010110011010111100000100001001100011100111101111100101010000010111101110100101011111011010011101100100100010000110011111011000000010111010011000100010001001110011011101000100111011001110111110110101111110100100000100101101010100011111011100000100000000100011000100101110001011011101010101011001011010001101001001011101101000100101010010011001100010110001000011111
532 10
1011100010001001101010000010100001111100000101001000010011101110111010101011110110010000010100010110010011011010000001101000110001111110101101010110111111110110110110100111111001000101111101100100100111001110100110000010100111110000110011100011101001101010000100111011000101100111011100000000010011111011101111101100111010100110111111111111001011011000111011110101011000110111010101100100101000010111101000100111101000101010100010001101111000000001101100011001101001111011101010100000000101001001001011101011010110100011001001001111
513 2
011110101110100111011110111101101000001101110011110101111001111001001011101110101001110000000001000101010100010100010000001101101010110001010100110111101011111110001000001110000101001110001010010111011011100001000011011000110110100110110011000100101110101110010101010111001111010010100011011101010110100101111101010001100011010101111101010001000100001000111111100111011100011111111001111101010001011111110000101000110111110010100011110000001001000001110010111001000110001110111000100011100100010111101000111100011
988 5
0010110101011100000011100110101011100110111100010110011101010000100001110110111110100111101100001001100100110111000001000111100001011101100011100000011010101010111100001111001011111111000001011110100100101101010100001100110010100001111001010010010100001111100000001101001111010000101111011011011100110111001110100001111111010100101110000011000011001110010101110000001101010111110011110010110011011000001111110010010100110110001110110010000000111011100110110100001101010101001110001000101011111110000001000000011011011000101111001110001010111101000100001110000011010100001100100100000100101001001011011011100100000010011110111100111101110100100001101011101010111100001110100111101010101111100101101001010010100100100110100110000110100001100011000001001010110010110000101110111111011010000000100101011001010011111111010011100101001110100011000010101000101110001001110100001011110000110100110011011011110110110010000010110010111010101101111001000100111001100001101001100111101011001110001001
885 2
100010000101010101100001100011010111110101101000101011100001111100111100101101101100100111110010110001011100001101101010001101110110000100000110000100000100110111100111010010000000000010110000001111111010100000010011110100010001001010100010100001111111101001011011101101110111101101011110101110110010000111101101011000011100100011101101100110100000110011011001101101001100011000010010010111101111000011000001011010011111111010111000000001001000000010111011100001110010101101011100101110101000110001100110101000000010010110110101010110001110111101101000110010101111010011111100000000111000100001010000011001010101110100110010010110011100011010101010101111100111111010001101101000101111110001010101100011111111101010110000111000111010100010011001100010000000101111001010011001010110000111010000101100111010100111111110010010101110010111101001101000000111010010011000101011010100110011011
573 5
111011110111110110101000001110101100000001001111011110011011100011011010001110111100110001001100100000100010000000000101010011100100010001111101000011111100010110101010101001011101100110001110111011000001010000110000011100111111001011101001010101010001010101000100000000001100101100001000110000001000001011111100011010111111011010000011110000101110101111111000000111111000101111110111100111100001110111000101011110111010011001010110011101000110110101110010110101001110000011011110100010010010111110010011001101101000010011101110110101010000111000001011100111101101001100001
615 7
001101001000111011110111110110010000010001101110010010000101111011001101110111000011011111101110111100100111111001101000100011111110001110100010110100010011000100100001101101011110101001000111110001100101110011111110100101111111100111000101010100100101110010000010000110100001001001111111100110111111001100011100010101001100001111110101010010110100000011010010001110100100001011110111010101110111001101110101110001111011111010111101111110001111100011100100000100001010010101010000000000100101000110101001111101010100110000011100101001110110100101100000000010111010101001011101000000000101011010111111000000110100001
683 8
01101100011110000101001000100010000100111001101000100100011010101101011001111001110100100001011000111001111110011101101000000100001000001111001100011011001000001100111000110000111000100110101111000111101101111000110000011110101001010010101010110000000111101110001100110100111101010111001000101100000110010011000100000101110001100000000100100110100010000100000110000110011110100110001111010001010110110011010101010001010011011110101101010010111011101001101001100111011110000010000100111000110011111011010011000010110110110110010111100010111001010100011111100001110010111100010110100001010001000100011101100110010001111111011000001001011001001010100001111010000000000100110111111001000
670 8
0000011101111100010111101101001101010000100100110000111011110100000110110001110100010110010110101101010010010110101101010001111100111011110011101011100011100100010111001011000100110110010111101010010001110001011101100100010001001010011111011001100010011011010000100111010110011000111110010001110010000111110100101011111010111110001011110111101001001010101001010000010111110001101100100101011011011101100100010111011011011111000101110111110010101000001110010101001101101101101000010101111000100001110110111110000111110001001111100110000101110010111111110010011111110001000100010000110100011011100010001010100111111000011001011100111010011101111001101001101111111101100001
875 3
01001001111110111011000000010111011101001100001100100000110111101011100011110000011011000001010110001100110100101010001001000111001100110010010010101001100011001001111010011000100010110101001110110011111111111110101000110011100100011100100010110001100111010010011010101010100100010110111110010001110111010011010101111000101011010000011000111010001111110011110101010110110111101000100001111001001100001100001000010100010101010010001110000001011101101011111111111010011100010011011011000000100010111101010010111110100101011000101001111110111110010001110011011100111000110010010101101110000000011001110100111001000010011011111001001011100010101011011111010000100001101001011000011100101101101101011110001001100100010011100111111001011010000100100111000011110111101011100110001010100111011101011001101101100100011011111110111010100100010010101010001100100000001101100101101010110
619 9
0011111100100100101001011001001111010100100010111001001101111111011010111011111100110011101000010100010010001100100110010010000111101111001111001111001110110111100000100100001110110110010001001101001110010011110001101010010110110000100100010110110111101111100011001011101001000011111001111111111001110001001010110011000011011111100100000001101011100001100011111010010100001110000010100000111010101011111010111101111101010100010111000001011111110100000111101101101000101010110101101111100010101010000101101001111011001101000110001010001000010111011111011011011111101110100111101110010101010011000101010001000101111111101
962 10
01000100111101111111100100100110101101110000010101111001010111111001010100101000001000010000000000000011101101001011110000101000000110000001110111011001000101110111011010101111001011010101110111011011100010000001101100011110101111010011110111000111101010101011100011011000001000110110010111111001011000010011011101001110101100111100011011000001110110111110011110111010001101000000101101000001001011111000010011111000010001111000010110101110010010111100111100111101111000100111100010011000001110000101010000001100101010110011100111110000001111111100111010000000000100111110010000001100110101100000110101011100110010101111010111110011111110000001000010011101001110010100011100100000011100100001111100111010010101001111100001000011101001011100100100001111110101010010111000100001111110001001111001101110010110000100110010101111101001111001011010111110110001111100110100101110011101110000000011100010110001010001101111110111101001111111100010100111100010010110010101
829 10
0111000001010010010111101101011111111101101001101001111100100111011000101110011101010110011000011011000001100011001111100011111000110101101000010001110010011101101101010100010010000100001001001101011110000010110000011001001101011011000001110100111000011011110101000111110100110000001011011111001001101101010111110001111010010100010001110111100010111111110101011100011000111001001001011010111010111100011001100011110011010101010010111010101110111110010011010111001011111000001010011011111000010110011100001101010100101010001101001000100000000000110111100111011100101101011011001100100011000001100101100111101001110101100010000100000101100100010001101100000100110101100001111011110101111011000110011001010001010011000101001111001011101100000100111101110000001100001100011111010111110001111010011111111010110110101001001001101011001
751 7
1101100001011101110111011001111000001011011111010101100010110000110011010110001011011100101001101011100001000001100010110000000101110010001010101100000000010001110000001011110001011100010111101111111000110101111011110001011111110100110101101010111001000100110001010001010000011011011111110010000110010101111001011010111100010000010010011111010111001001111000101010011101000110010111111101010000100010110111000000100010010000001110100000110010010011100010010111110101110010000111111101111001110011011111000011110101010101110101011101110011110010010010010111001110010010000101001000001111101011011100000100010101000010100010000111000001100010001001111100100101101110011001111111111010010100101100111000110100011101111001000111010101010010011110011110010
534 7
101010011010101000011100001101111001011100111110100111110100110001101101011011101111111100001101101100101010111011010101011101100010111110010011100110101011000111000010110110100000001010000110110111101100010101111011011011100000110100100010100001110010010101110110001110010110011010001101100110101110001011001000100100000010010011111100100111011101110111110010001011100100110001110000100010000111111111011111100010000011001010111010111101001010011101010001100011010001100100111011000110100111100101001111010100110010000100000110011110
930 9
101010011010100010100110000110001101111111101101010110000111010111010000101000011110000010010101010110011000000111000101011011100111101110001111110000010111111010111110111001011100101110101010101000111111100101111000110001100001111111001101111010011010001100100110100001011000111001101010101011111111110011001110101010111110010001011000000110101001100011001001001010011010100011011000110101110111001011110000101011100001010111011011110111010100010000011100100110110110000101001011011010000000000111011111001110010100011110110001110110010001101000000100110000001100100011000000100001000011101011100110011100011110111111100000101000101111111101101110001100111111011110011000110011001001101000000110111101010100110010111100100001011101111011101110010000111001001101111110110000101000011100111010010000011000011101010111100101100100100011101001001111111000010101001011100110111010111001100001101111010111100110000110011010110001010011
587 5
10011101111010101011100100101000010101011111100100001000110100001111110011011111000111111111001011010001000100100100010011010111111101100111100110101111111100000011101111011110110010011111001001101101111011110011011000011011000001001001111111110010011000101010110011110110001110010101000000000110000001111110011011010111100111100000100111101111001111111010010011000001110010011101011110100010110000100101001111011001011100010001111101111110011110011011001000011110111110110010010110010000100100111110110101001101011011010111111100011111011100010011100011000010001001111011111110011001100
769 9
1111011111111001111000011101110100000100010011001000011000101110000110111011100101001100010111101110011110010110100000111111101001110011010100111011011001100110111000000010011001000011000010101000100011101110010011100100011010110110011001011011000011010101100110011011111111000000100001000111010000111000011111100011100101101010111011001000110111000111000001000001000100110010011011111110111001001011001111010000110110110111011111101110010101000000111111100101010100010110000101001001101110111010110000011100111110100000010100100011011100011000101001101011000011100100010111001101010100100111010110101000110001000010010110001110010001001100000100101010101101111011000100101100000111111001001110110100101011000001100100110011110101000101111100110011010010101001100110010
956 7
11001011111011010101111101110011000100000111100010100010100110001011000010100100110000110010111001101101000000101100100111010111001101001100111000010110110110110001010010111100001110000101000011100000111111000001010000111101001101101000001011001100000000101010000010011000110111001110100000000001100111101110000100010111100000001100001111101010110000010111100001100101111110101011110011100100001110011010111010111101111011011110011010100011011110110110010011001001000010110001011001001111101101011111000010000111011011010010001011100110010111101011111010110100101101101110001110000101110000011111110101010100011000110110100101000101000000001010001011101110011100011101001000111110010110101101111101111011001011111111011101010000011110001101110011110010111101101000001100001110000001010010100010100100111110100011011010011000011100101110110011101000001001011110110011001011100111100011100010000001111011011000101100011101001011011100101111010011100100000010
618 3
000000000011101011011110111111110000110010000101111000110010010010100101111101001001001100010010100010001110111000111100000011100001101001100011111000011110100001001011000011000011001110011111101110000001011110010101111111011000000101011001111111010101110011011100101101010000010111100110011011111000101101100001111110010101010001111010011101110111111001101010000111100100101000100110111101011001100110011101011111011111110111110000000110010000111011011100000111101001010111101101000110100000011011101111100110010001000110111000101111111110011011010011110001010000101110000010011010100001000111110111010101111101101100
994 7
0001101100011101011100111101010100011100100011100001110111101111011001101110101010001110010011001000001001100001010110010110011000100011010011010101010000001100110111000010000111101010010100110010111100110010011011100010001101100101101010101010111010111110100100101001101101111111011001000011000110000010101000001001111100011011110001000010001110101101000000001100111011001011100101100010111111111110011010100110011101000100010110000001001110001010100011011111111001011100110000001000100110001011001010111110100100110010000000001010101111100111101100000110101001100011011110101101001101010011100000101010110111111011000010101110101110100101100011110010111001001110011000100101010010011110010001001111011110011100100010100010101101111011001010000100101111010011100010110000111110000110110100101000100110010110011111010111000111000001101011100110101011100110110000000000011011101011010101100100001010111000001010101011011111011100000010011111001000110110101100011111101010101100100110011011111100
637 5
1010111001100000000110011101011000111011100111101101001100000101011000000110100101010111111001010001000000101011100010110001001100101001101001100001011110111001111010000001001101011000111100101100010011100001001011110001011100111100000100000000010100111000000010100010010111000011000000001000100011110101101110010101001000110100000011110001001010000110110101101001000010000101010010011110011101010011001110111001110101010101000111111100110001001011001011101101111000110000000111101111110000001010111101000011011000001101001010111011101100101100001101011100100100100000100101111010110001101110001100011110000000001011000011111111001010101
875 2
00000101010000001001110001111011110111111100100001111110110101010100111010001011100110101100100000111110000010010111011011010001001110010001011010011001000110001111101001101100000000011010010101000001000010011011111101111111011110110100101000011000100001000111100001110001111000011111111011011001001001111010000001100110000111011010100110011110101001000101110010101101001001011001101111001001111000000001010111011111001100000110100011000110001010000110001111111001010100100010100111001100011110011101101100000011001010100000100001101011011101101010000001000101100111010110101010111110101011001001100111010101110100011111000010111001000001000111111100010100101000000110101000100001011000011100010011111000110101111010101101111011110110110011010011011111000001011010000101001011011110001010011010101110000010111001101001110100100110001100110000111010001101010100010001110001010
507 4
111000111101001010001111010101110110110100011010000000101101111110001011000111111001110001100010101101001011110010111111001101011010100000100111001111111110111011100111011000011000111000011100011010010011111001111100110010001000100001101010110011101110011101111010111111100111101000001101101011011101100100100001001000111001010110010000101101001110011100110100101001011110001110100000100100000000000101111011011100101100001000000000010100010010101000110111110111110100100000000001101100001011011100010110001
769 1
1100100101010011010011110111101100011110001011110011010111001000100110010010011101011000001100010100010111011000101010000100000110010011011011100110010000110001100001110111110101101011110111000000001010001010111001100011000010001011100101111101111110001010010000111000101111101001110100001010011011010000011111010001110010001110000110101101001111011000001110101100011101010010110101111101111011100100000101000000100001001010110111000100101100010000111001111110110011101100011011101100001000001011111110000111110101010001000111110000010001011100101111001101111111110111100000110010111010010010000010011110000101110010010010001101111001001001000001000110011000010010001011110111101101111110010000111001000010001100100110000010001011001111101000101100011100110111010000100
990 7
101000001001001000100010000010100110010000000001010011100000010110011101010011110011000100110010111100000110110011000110010001010000110011110000011101100011110110000011010001001101010111000100111100110111011011000111000010001110000110100100000111000111110101110010100110001111000100011111111011110011111111001101001101110001100010111110101000001110000101011011000001000011111101111000011011110101100110111100101110100111000011000101101110001010000110111010101010011011001101011000011000101101100000110010110011000000110100111011111101001101111101010001101111011100010011000100000001101011110110011011010000010010011111101100111011101111000101100100000011010011100101001111001011011110101011001000111000000011001101011000110100101110011110111110011101111011001111000110010010101001111000010110100010001111011010100101110000010001101011010110110101111110100001001010110000111111111001010100011101110101011101000011010110111101011010111110111111111110110010000111000011100011111110100111001001
833 6
10100001010010100001101001011110111000100001111010001010011011011011111001001101010100100000100001010101011100001111100111000000010101111111111100100100011111001101010101010010011011100011000100000110110101111100100000011001000000100110001101011000100110110101111001000100011011100101001011100110100100110010000001000001111010111011110010101110010110001010110011011011011100011010110010101010001011111001010100000110010001110100011011110100001000000000010101101110010101111110100001010100011010000011111100111000000101100110000110101000101010001111101001101111001011101101001011010110010110100011000111000011011111011111001101000100110000101011000100011000011010101110111000001001110001000100100100001010101010000011111001100101101100110110110001001011101001111100110110100011011010011000000010110100110101001001110001100001011110100
972 4
110100110111010101111101100111100010001100111101011101100001100010111101110011001111100001011011101111010001011000100110001011100110001010001111011110101010110010111010100000100011011011001011101001000011001001100111100000011011110101101101101110101100011110100111100111110011011010100010001100100001101000000000110011001010011110011110111100010100001111110000011100111101001011010111110110100101111000111001110101101111001001000110011101011100101000110011100000111100001001000000110001101010101111100111010011010111011001111100100011000001010010001011011001111100001110111100101010110000110101110011011000111011010111101111010111010100010011100110111110010011000000110011111000001011000110001001000010111000010100100110110000011001101111010100111101110111111000101101001100011011010000101101010011110001001111111110100111101010111010111000110110011001101011010000100101100111010110100011111111001000011100010001000001000100010001111111011000000101001111111100100011010111
581 10
11110010100001000011101100001010101101010011011111110100100100000111001000000000001110010101011011011110011010011011001111110101100001000010000011100000100001011111001100100111011100011111101111010011100011001000110110000001101001110010100100011001101011011111111110100100010100101011100100011101010000100010000111000110011101010010100010001011101011100111100100100000110100110001101101100100100110111100110101110100110010100101010111001111001111000001010101101000111001001110110000011000101011101010110010110011101110101011010101010011001011110001100110011000111001100100101011001
930 2
001100001000010010100000011010111111010001000001101101101110100010001110000010000111000010000001000110001111001111000010000110010110001101001111100000001010111100010110101001111000000111000010011011000000110101011111100000010001110011110010110110000110101101000010111110110000110111101111000101010001111001010101101101010011000101001011110011000101011010100011011011010101111011010001100010110110001100111101111010111011001001010100010010111110010111100000010101101101100110010000001101010110100100101110110010101100011010001000000000000000101100100011001010100000011001101011110111010000010000111100110001110010111011011101010011010001110101110001110111110110010001111111010101100110100111110101000010010010010010101000110100011011100011001011101100010011110101001001011110110001111010101011111110111011100110101111000010111100001011000000001100010100111001001011101000010101000111010011010100100111110111010001100110001001100010
825 1
111110110010110110111010100001000010101110100111110010000100111000100010000010011010001111110011010101111100100100101001011101100010001011011101000010011010010100101011001010001110100001110111111110100111000101101010101111000001111001111111110100111110010000010011001111001001101100000100101101111110001001100011001101100000000111011101010111101111010100101111000100011010111100110100000100001001001011110000110001111001110001010000001111110001011010111011011101100111001100101110011110100100100001011100101100101111010000001010000111010011001111110100011001111100100111110111110011000001110111010111010011100010110001101100001011100111011011010010101001010101111001010001111101110000101001011110011100000110111110111110010011011111001101110000101101010110010010001010100101001110111110000001011111111011000011101100010011011
500 5
11100101011001010100001111101000110011100110010011001110100010110000101100000100100011110011001110111011011001110000101100010011111111000111011000111110010001101011101000010110010010111110000011001100011011011101100100111101101010111010101110100110010001011101011101001011001011000001111110110101101011110000110010010011000001010000101011000010101010001111000001001100101101001000100000100010011111010111001000010011001101011000100101001110000010000001101000100110110100110000110000100110000111110000
903 2
010100111000011101011000101010011101100001110110111001011011100100001101011101101111010001011100000111001100000101001101000010010000101101011101000100000111000001100100101000101110011000101101111000001100110001010111011100100010011111110101100111110101100010010000010001001100111001111011011101100000100000011000110001111000000000010010000011111001110100001100011010000011101111011001001101011110000010100011011000010010100101001010111011111010011011011101011010101000110111110111001101001011100011110101111010001000000011010111001110111011101011111001010010010111010111011001111100100001001010101110010010011001101001000111001001011110001011100010100010011001110100100111011011111011111101011101111001000011000000001110011011001110100000000101100001110100101111111011001011010001100101101111101001100011101101011111010011000101111011100000101001100000100100011101110110011010111011101101111011110001100
596 6
01100010001100101010010110010101111101011001001011011110011000111111000101010010001010010001101101100000011010011011001011011011000110001110000100001100010101101010110101000011110100011110001000011110101011010000100001101101110100110010110011100001000101000101010100010110100011101110001101000101011011000111000011111001010111100100001101010100001001010010100101110001101111000000111100011011110110000000100000010000111101000000110111010001100110011101111011111110100010101101110101010101001000100101010111000100011110011100010001111010111010101100001100010100000111100010011010010101000110100111
563 8
11010111101110011100010110110001100011010101000011100101010101111110000110101001011001001111111001111111100010000011110001001000111001110011111001011001100111000001110110001101101001000111011010101000111110110010001101101001010101010000101010000001111010011000000011001110001100001001000000101001011000101110001110000111111011000100001010110011010100001010111001001011100010111010100010000100101110011101101111101001010011100001100011101000011111001111010111011001111011100010010001100101101110010000011110010000001001101110101001101111110101011000111010100011000
564 1
010001011001100000011101100111010011000100000010000010111000101101001110101000110010000111001101100000010011000010001001111011100000001111101000100001000111110111110000100101000011101110100000001011110000000010010101111001010101111001101000111010011000000101101111001111011011101110010101000110101001001010000110010011110111010000000101100010001001111111011111001000111100100101100111001101100011101110000111100010000010000110001100001010110110110000011011100000101100000101000101000101110101011110010011010001110101000011010110111011101011110001101011111010101111
905 4
10010001110010011001110100011011111001010010000111101111010101010000110101010011011110111110000001000001101100111010110101111100110000011000010101111111101101110111111100110001101001010111110011110110111001101101000001010000011010110101111001010100111011111110111101100101100111000001101000010110011000111011000001110001000100000101100100010110101110010000100111100111101010011010000111110000001011111001000111011100100110110101101010101001110100001100011111011101000100111100101001001110100010010000001100001111011000010100100100111100011011101011111010000110010001100011000000111010000010101011001110110110010011011101100011010000011011000011100011011100100110111010110001011111110011001100101110101101010001010100111000000010000110000000001111000110011111110010001010111010010011011101011010010101000001011101111000110100111001000001011010000001101010110110001001001001011001101100000010000110111010100
973 10
1011010001010011111100011001000010100100000110011110001100010110011100010111100100010010001010011001110101100100001001001011010100100011001100001000111111000011010011000001100100011110001110001001111001111100111100110001000110000110101001001101010011001000001000001100010110111000001000111000110101010100101010001100011111000011101000100101111010101011011110110100100111000000011011001010100010110011011100001100111110010000110111100110010000100110000001010011010100101010000010000110010000101010011111100000001111101010010101010111000110101011100010111001000011101001011110111101001100101110010110000101111101010101110100011100001111110010001110100101101101101001010110100001110001110101101000100101110111101100111101000101111011101110111100101001000010000010011010011000111101000111011110100000011111000101110001100101100010010001010000111100001111010010001001100011011001100011101110101110001011001010001010011010011001010100110110110000001110110111010101100100100110110
573 1
000111011000001001100011010100101001111000101000010011101001111000111100000011000100000101100110111000011010110101010000110110001110101100110000000001001011011010001111010000000111001001010111100011101000111111101101101011011111101000010111101001001001000010011000001011101000100101011110001000100010001110110011000010011100101111110000110101101110101001111110110110000010100001011010100110010111001111110010000111111000111000100001101001111010011011111110101000101001101001110100010010110101101100001011110100010001001111111011011110100100010011111110100010010100110010110
812 2
00001010000101000001101001010111101001101001111111011110000011100111111001100101011111000000100000111101000100101010011011010100110010100010101110110110110011100101000111100111110001110001001001001000101000100001001101010101100010000110101010000110110000100101001001111100101101100101000110011011011000011101100110011100011001111000110001011111101111110101001001111111100001000010110101011100101010011110010001111010111001000101101100011011011100011001111010100000010000110101010010001110010010110111010110111011010010111111001110101101110010111110111101011000011001010001100111010100010111000100001100111100101100110100110010100100111000000111111001100011000100101110001111101101101110111111110101010100001101111000010111100110101000010100001001111110101000000101011000111000001110000001000110011010010100010100
893 6
01010110010011110000101111011011101000100000110010000110010111010101100011011100101110111110100000110000011101001111000100000110110110010111111110000111010110111010001101111111101101111000101110001000011111100100111011110100001000111001100000110010111001101011110001001101000111001110000001001011000011000110110001000100110111010101101100011001000101111010100111101010001111001001001100100101011011111110100001011000001101010101010111001111011010111100010101110010100101111000011110101000011111011110001001011110010000000100100110101010101101011001001011111000110000001000011111100010100111110100011100110011001101101100100100100011010000011111101100011101110110000001110110101110001110011110001111000011110001111011110001101011000010000011010001110000011100010100111010000011000011000101000110100110011111110000011011111110100110110011011001011110111110100110100010100011001111100100101001110
938 6
01101100000100000101000011111011011101111111001110111101100001001010001000000010011100011011111110101100011111010001001001011001000101010100111101010011100000100001110111100010000000010111101100001111101111001011001001000000000100011000001010011100101101010101110110001000111111001001000101001101110001111010011010001101000100010001000010010110001101010110000110001000000110110100111101100100100110000010100011101111101110010001110111100111010110000101011101101110111111110010110001100001100111101010000110000101111111110101111010000110111111001111110100001110111111010100000101001000001111110110010000111000111110000001010011100100011011111100111011101010001011001010011110100101001111101110110110110000110000000001001100011111011010001000000101011111100110110111001010011101101011000010010110011000001010011110101010100110001111001000110101110111011110101010101000000000000100011010011010000011001110011110000011101001110101111111101011
678 8
000111100011110110100110000001011011001011001111111011011101110010011011100101011110100110110110101100001000011010111100000100110001111101101011011011110111100000010110100101101011100101111001110010111001111111111100100110111100011111000111101110011111110000000010001011000011000110010010011100010100110001101100011001010101011100110010111111100110110110011111011011010011010000110011001001000000100000001111110100101000111001101101101100001010001111100001101000000100110111111111000100010111010110100111110110001001111110000000100111000000001111111100111101110010110001001101010010100000000011100000100110011001010111110100100001101001111000000011111000010010110010110001100001
850 3
1010001100011000111101110111100000110010111110010010101010000110000010100110011000110011111111011000100100110111110100011001011000110100111000001111101100000101010010011000011111001001000001001100110011001111100010101110100011001010011010111010101110000100001101101000101000111100110111001100100010000001001000110011110111010000100001100010110100100101011100001001010010110101110100010000010111101001110101010000001101100110011111111001000000101010100011110101101100001101011000101101001111110100101000101100010011110010110100010010000110010011011111001010101010110011010101000010000100100101011101001010110100001001111111000011110010100010001101110000000001100010000000001111111100010100011110110010010000110100001011000101110100011100010000000011000100110010100110000000110100011011000101110100100100111100110110101011110000100100100111001000000110
540 7
100010101100110100001101101011100111111111000001110101010001111010101111001001110111110100000100011011010000001010110011111111101000100000101001001111110011101101111001001100111000010011011001111010000110111010000001110011100001100001101010111011110001110010001011001111000000000010100101010000001011101000100111101110001100001001100110100100100100110111001010001110000101011000101110011010110101111111000100110000110101100011000000011011100101000110111010111000111000011110111100101001101111110010011000000100011111011100010011011001100010
777 2
111011011000110101000100101010010111110010010111110001101100111110010101011011000000110011010110001011010100111100111110100100011011111101110011110010110000100100001110101111011101110011010110110110111101101010011101111111110010001011100000011011000110010011011111111001110110011100010111000101001101010011000100100010101101010111001100111000000110001101101100010011101111011001010010111100000111001110010000100110001111111110011011001011100110101011111101110011010110101111110001100011010111011100110111010111001000100100000011101110000001100110001010010100010111001101011111100011110110100001011001110101010000100100000101101011011100100111111101100010011100011110100011000111110010100001001100001110001100000100111001011101100000010101110110001111110111010010110110101111000
623 7
01011100010001001100010010101101101101111000110010111010001100111100010100101010000100100001000000000101110100101111001001101101110011111100001111011000000000010110110000001111011001011000011011101100001011111011001001011110101011100000011110000010101100100101011000101100001010010111001010111110010010111001111011111001000011000001011110100001001000101000101100110010000001100001101011010110010010111000101001110110001110001011010101000110011011111101000010111001101001101100110101111111001101100111000010101100000110001011000101011110001110111110001010110011111000111111101011011100000100001001100010011000111100010110100
