50 30 700
982 150 160 330 252 877 607 270 689 832 700 530 80 799 288 804 858 461 192 913 503 881 763 571 79 606 605 901 504 448 670 874 411 241 229 82 715 117 439 525 250 104 501 339 66 76 642 624 272 379 
393 800 507 658 920 167 426 686 365 587 783 249 461 454 995 381 876 388 279 488 47 312 724 172 464 838 922 791 661 138 
50 2
19 22
8 6
33 23
5 16
40 28
47 14
25 1
25 6
28 11
45 19
1 12
12 17
26 16
21 20
17 5
21 8
21 26
45 20
12 16
30 17
19 8
50 4
9 17
20 3
42 25
2 23
40 29
10 2
10 1
17 16
2 13
34 18
46 6
36 24
42 6
34 16
13 3
1 8
18 4
50 12
24 10
35 20
37 20
11 27
37 9
24 6
26 19
22 9
5 30
25 26
21 15
10 6
1 4
18 5
16 1
17 23
6 18
14 16
48 11
33 20
48 14
5 8
33 15
3 3
7 4
5 27
30 15
6 27
20 25
13 10
20 28
1 28
2 12
26 24
18 17
36 29
45 16
20 29
20 26
6 19
32 2
16 13
27 4
18 27
43 23
14 20
42 18
12 23
28 30
21 24
2 11
13 12
38 14
33 3
15 20
35 4
44 7
35 13
45 17
50 3
39 22
48 12
4 10
29 27
36 3
40 15
42 17
20 17
10 18
9 26
46 8
46 18
21 29
41 11
30 19
42 28
9 11
3 10
46 1
18 13
50 24
33 11
1 16
21 27
13 19
42 12
41 27
39 10
34 15
14 26
40 1
19 17
3 7
15 1
14 22
32 29
36 13
12 22
47 23
13 28
41 4
40 25
5 13
4 29
22 21
9 30
49 19
17 14
18 9
12 27
2 4
32 21
13 18
27 15
1 13
3 1
13 13
7 13
40 9
44 17
21 17
34 3
5 2
43 6
18 16
14 23
18 23
45 29
17 7
39 7
2 19
49 17
23 8
32 27
43 17
31 9
47 21
39 2
2 9
33 18
21 4
41 7
44 15
24 3
25 30
12 13
47 19
36 20
38 27
37 8
11 13
50 30
10 5
3 9
25 5
46 15
46 30
34 13
27 25
4 4
45 15
45 26
26 12
43 26
5 7
31 4
23 5
21 11
22 16
16 23
41 12
30 2
49 3
29 10
35 3
41 13
22 12
17 8
18 20
3 22
6 24
37 30
4 6
19 2
20 10
6 28
43 3
29 9
45 4
41 20
7 29
19 19
42 21
23 10
50 9
35 6
24 30
34 1
10 20
11 14
50 5
29 25
16 16
33 13
17 21
31 26
15 17
27 21
41 14
40 8
25 15
25 20
18 24
37 18
32 4
19 3
48 9
31 5
48 25
19 7
28 8
14 28
24 14
40 27
44 27
35 8
24 7
25 25
31 19
15 15
2 5
15 28
7 22
16 7
43 4
32 19
32 12
22 15
26 27
9 1
3 17
13 25
21 12
22 29
7 21
46 5
46 22
50 15
6 20
8 7
38 2
32 18
20 30
20 15
19 15
48 1
38 24
28 21
31 6
43 29
50 28
10 10
18 15
27 19
27 29
33 5
47 12
4 28
12 8
26 28
40 16
3 28
34 5
10 15
42 30
12 12
22 30
7 2
18 22
4 19
4 20
1 17
44 2
30 1
25 13
15 16
40 22
33 7
5 4
50 1
45 18
24 4
17 28
34 21
13 21
34 29
14 17
21 6
35 10
32 5
16 19
6 23
5 25
15 2
34 14
30 3
26 21
23 21
9 5
49 26
44 6
32 13
39 23
9 4
19 6
28 5
7 23
29 23
10 17
16 6
25 11
26 6
47 7
25 18
37 10
50 25
22 1
29 8
14 25
1 18
37 22
48 18
23 25
36 18
37 23
11 10
22 2
32 3
34 30
46 21
18 10
10 26
20 7
49 6
9 22
1 5
25 17
22 11
44 25
42 11
41 5
39 3
29 26
33 29
11 15
10 11
11 11
16 3
2 16
16 28
34 11
38 30
8 2
27 5
31 1
35 11
14 24
11 16
42 29
36 6
13 29
45 9
31 14
39 18
36 30
13 9
34 24
6 7
3 6
24 12
11 18
18 29
33 28
7 30
14 12
30 22
47 4
38 20
1 3
48 17
35 27
8 22
20 19
27 24
48 5
44 19
25 9
48 27
37 29
33 24
4 22
28 29
47 24
35 19
38 19
19 25
29 5
45 25
15 9
20 21
44 14
2 24
14 9
6 13
3 15
27 12
45 2
34 7
9 6
25 19
43 8
26 10
41 22
27 23
17 27
5 17
24 23
17 24
7 9
8 29
36 4
37 24
21 1
25 22
22 19
35 28
25 14
25 24
1 9
36 15
1 14
22 5
46 26
19 13
43 19
5 11
15 5
24 17
46 2
32 1
13 26
18 6
5 6
4 18
32 22
23 3
4 1
13 2
26 20
15 14
50 11
14 13
43 25
7 26
47 3
26 1
44 13
30 25
29 6
2 3
25 21
33 8
18 25
6 9
17 6
13 5
1 26
15 6
8 12
3 20
15 3
16 22
38 9
40 13
10 16
43 28
10 13
11 17
42 13
32 9
33 16
30 27
43 20
26 9
39 26
13 23
50 18
12 19
8 23
37 12
45 14
2 8
25 23
2 6
23 29
9 8
32 10
27 17
29 18
38 6
21 10
48 15
34 27
22 22
9 25
4 24
33 19
48 21
2 14
11 8
49 20
44 22
30 28
6 17
10 24
3 27
29 13
23 26
45 7
29 2
12 5
24 9
7 27
23 11
12 2
46 25
26 18
34 28
48 20
21 5
38 23
24 27
49 2
35 21
43 14
33 14
31 25
49 24
47 2
27 3
50 21
19 24
2 25
9 18
37 16
16 18
38 16
35 1
49 22
39 11
1 27
3 26
22 26
45 1
25 29
21 22
48 22
22 7
26 5
32 25
50 6
30 26
30 7
40 20
19 23
38 5
18 21
16 30
8 16
49 30
48 3
12 28
12 18
44 9
18 12
26 22
20 1
1 2
16 24
37 7
24 1
27 8
7 11
12 21
26 17
17 22
16 17
48 8
21 18
40 23
48 23
31 2
37 14
47 8
25 16
28 10
24 28
23 12
38 1
44 3
42 4
12 15
2 26
12 3
48 24
36 19
28 7
16 20
10 25
40 5
18 7
23 17
48 4
45 30
11 2
5 5
46 10
36 11
36 10
3 16
18 2
15 27
14 29
39 29
25 2
40 10
35 25
26 29
32 26
20 9
16 21
23 27
7 12
17 12
15 29
38 21
25 8
46 29
22 27
37 5
12 6
19 4
38 11
14 2
23 23
33 1
12 9
26 26
40 26
