3000 2741
3 4 -5243
3 4 -5236
3 4 -5229
3 4 -5222
3 4 -5215
3 4 -5208
3 4 -5201
3 4 -5194
3 4 -5187
3 4 -5180
3 4 -5173
3 4 -5166
3 4 -5159
3 4 -5152
3 4 -5145
3 4 -5138
3 4 -5131
3 4 -5124
3 4 -5117
3 4 -5110
3 4 -5103
3 4 -5096
3 4 -5089
3 4 -5082
3 4 -5075
3 4 -5068
3 4 -5061
3 4 -5054
3 4 -5047
3 4 -5040
3 4 -5033
3 4 -5026
3 4 -5019
3 4 -5012
3 4 -5005
3 4 -4998
3 4 -4991
3 4 -4984
3 4 -4977
3 4 -4970
3 4 -4963
3 4 -4956
3 4 -4949
3 4 -4942
3 4 -4935
3 4 -4928
3 4 -4921
3 4 -4914
3 4 -4907
3 4 -4900
3 4 -4893
3 4 -4886
3 4 -4879
3 4 -4872
3 4 -4865
3 4 -4858
3 4 -4851
3 4 -4844
3 4 -4837
3 4 -4830
3 4 -4823
3 4 -4816
3 4 -4809
3 4 -4802
3 4 -4795
3 4 -4788
3 4 -4781
3 4 -4774
3 4 -4767
3 4 -4760
3 4 -4753
3 4 -4746
3 4 -4739
3 4 -4732
3 4 -4725
3 4 -4718
3 4 -4711
3 4 -4704
3 4 -4697
3 4 -4690
3 4 -4683
3 4 -4676
3 4 -4669
3 4 -4662
3 4 -4655
3 4 -4648
3 4 -4641
3 4 -4634
3 4 -4627
3 4 -4620
3 4 -4613
3 4 -4606
3 4 -4599
3 4 -4592
3 4 -4585
3 4 -4578
3 4 -4571
3 4 -4564
3 4 -4557
3 4 -4550
3 4 -4543
3 4 -4536
3 4 -4529
3 4 -4522
3 4 -4515
3 4 -4508
3 4 -4501
3 4 -4494
3 4 -4487
3 4 -4480
3 4 -4473
3 4 -4466
3 4 -4459
3 4 -4452
3 4 -4445
3 4 -4438
3 4 -4431
3 4 -4424
3 4 -4417
3 4 -4410
3 4 -4403
3 4 -4396
3 4 -4389
3 4 -4382
3 4 -4375
3 4 -4368
3 4 -4361
3 4 -4354
3 4 -4347
3 4 -4340
3 4 -4333
3 4 -4326
3 4 -4319
3 4 -4312
3 4 -4305
3 4 -4298
3 4 -4291
3 4 -4284
3 4 -4277
3 4 -4270
3 4 -4263
3 4 -4256
3 4 -4249
3 4 -4242
3 4 -4235
3 4 -4228
3 4 -4221
3 4 -4214
3 4 -4207
3 4 -4200
3 4 -4193
3 4 -4186
3 4 -4179
3 4 -4172
3 4 -4165
3 4 -4158
3 4 -4151
3 4 -4144
3 4 -4137
3 4 -4130
3 4 -4123
3 4 -4116
3 4 -4109
3 4 -4102
3 4 -4095
3 4 -4088
3 4 -4081
3 4 -4074
3 4 -4067
3 4 -4060
3 4 -4053
3 4 -4046
3 4 -4039
3 4 -4032
3 4 -4025
3 4 -4018
3 4 -4011
3 4 -4004
3 4 -3997
3 4 -3990
3 4 -3983
3 4 -3976
3 4 -3969
3 4 -3962
3 4 -3955
3 4 -3948
3 4 -3941
3 4 -3934
3 4 -3927
3 4 -3920
3 4 -3913
3 4 -3906
3 4 -3899
3 4 -3892
3 4 -3885
3 4 -3878
3 4 -3871
3 4 -3864
3 4 -3857
3 4 -3850
3 4 -3843
3 4 -3836
3 4 -3829
3 4 -3822
3 4 -3815
3 4 -3808
3 4 -3801
3 4 -3794
3 4 -3787
3 4 -3780
3 4 -3773
3 4 -3766
3 4 -3759
3 4 -3752
3 4 -3745
3 4 -3738
3 4 -3731
3 4 -3724
3 4 -3717
3 4 -3710
3 4 -3703
3 4 -3696
3 4 -3689
3 4 -3682
3 4 -3675
3 4 -3668
3 4 -3661
3 4 -3654
3 4 -3647
3 4 -3640
3 4 -3633
3 4 -3626
3 4 -3619
3 4 -3612
3 4 -3605
3 4 -3598
3 4 -3591
3 4 -3584
3 4 -3577
3 4 -3570
3 4 -3563
3 4 -3556
3 4 -3549
3 4 -3542
3 4 -3535
3 4 -3528
3 4 -3521
3 4 -3514
3 4 -3507
3 4 -3500
3 4 -3493
3 4 -3486
3 4 -3479
3 4 -3472
3 4 -3465
3 4 -3458
3 4 -3451
3 4 -3444
3 4 -3437
3 4 -3430
3 4 -3423
3 4 -3416
3 4 -3409
3 4 -3402
3 4 -3395
3 4 -3388
3 4 -3381
3 4 -3374
3 4 -3367
3 4 -3360
3 4 -3353
3 4 -3346
3 4 -3339
3 4 -3332
3 4 -3325
3 4 -3318
3 4 -3311
3 4 -3304
3 4 -3297
3 4 -3290
3 4 -3283
3 4 -3276
3 4 -3269
3 4 -3262
3 4 -3255
3 4 -3248
3 4 -3241
3 4 -3234
3 4 -3227
3 4 -3220
3 4 -3213
3 4 -3206
3 4 -3199
3 4 -3192
3 4 -3185
3 4 -3178
3 4 -3171
3 4 -3164
3 4 -3157
3 4 -3150
3 4 -3143
3 4 -3136
3 4 -3129
3 4 -3122
3 4 -3115
3 4 -3108
3 4 -3101
3 4 -3094
3 4 -3087
3 4 -3080
3 4 -3073
3 4 -3066
3 4 -3059
3 4 -3052
3 4 -3045
3 4 -3038
3 4 -3031
3 4 -3024
3 4 -3017
3 4 -3010
3 4 -3003
3 4 -2996
3 4 -2989
3 4 -2982
3 4 -2975
3 4 -2968
3 4 -2961
3 4 -2954
3 4 -2947
3 4 -2940
3 4 -2933
3 4 -2926
3 4 -2919
3 4 -2912
3 4 -2905
3 4 -2898
3 4 -2891
3 4 -2884
3 4 -2877
3 4 -2870
3 4 -2863
3 4 -2856
3 4 -2849
3 4 -2842
3 4 -2835
3 4 -2828
3 4 -2821
3 4 -2814
3 4 -2807
3 4 -2800
3 4 -2793
3 4 -2786
3 4 -2779
3 4 -2772
3 4 -2765
3 4 -2758
3 4 -2751
3 4 -2744
3 4 -2737
3 4 -2730
3 4 -2723
3 4 -2716
3 4 -2709
3 4 -2702
3 4 -2695
3 4 -2688
3 4 -2681
3 4 -2674
3 4 -2667
3 4 -2660
3 4 -2653
3 4 -2646
3 4 -2639
3 4 -2632
3 4 -2625
3 4 -2618
3 4 -2611
3 4 -2604
3 4 -2597
3 4 -2590
3 4 -2583
3 4 -2576
3 4 -2569
3 4 -2562
3 4 -2555
3 4 -2548
3 4 -2541
3 4 -2534
3 4 -2527
3 4 -2520
3 4 -2513
3 4 -2506
3 4 -2499
3 4 -2492
3 4 -2485
3 4 -2478
3 4 -2471
3 4 -2464
3 4 -2457
3 4 -2450
3 4 -2443
3 4 -2436
3 4 -2429
3 4 -2422
3 4 -2415
3 4 -2408
3 4 -2401
3 4 -2394
3 4 -2387
3 4 -2380
3 4 -2373
3 4 -2366
3 4 -2359
3 4 -2352
3 4 -2345
3 4 -2338
3 4 -2331
3 4 -2324
3 4 -2317
3 4 -2310
3 4 -2303
3 4 -2296
3 4 -2289
3 4 -2282
3 4 -2275
3 4 -2268
3 4 -2261
3 4 -2254
3 4 -2247
3 4 -2240
3 4 -2233
3 4 -2226
3 4 -2219
3 4 -2212
3 4 -2205
3 4 -2198
3 4 -2191
3 4 -2184
3 4 -2177
3 4 -2170
3 4 -2163
3 4 -2156
3 4 -2149
3 4 -2142
3 4 -2135
3 4 -2128
3 4 -2121
3 4 -2114
3 4 -2107
3 4 -2100
3 4 -2093
3 4 -2086
3 4 -2079
3 4 -2072
3 4 -2065
3 4 -2058
3 4 -2051
3 4 -2044
3 4 -2037
3 4 -2030
3 4 -2023
3 4 -2016
3 4 -2009
3 4 -2002
3 4 -1995
3 4 -1988
3 4 -1981
3 4 -1974
3 4 -1967
3 4 -1960
3 4 -1953
3 4 -1946
3 4 -1939
3 4 -1932
3 4 -1925
3 4 -1918
3 4 -1911
3 4 -1904
3 4 -1897
3 4 -1890
3 4 -1883
3 4 -1876
3 4 -1869
3 4 -1862
3 4 -1855
3 4 -1848
3 4 -1841
3 4 -1834
3 4 -1827
3 4 -1820
3 4 -1813
3 4 -1806
3 4 -1799
3 4 -1792
3 4 -1785
3 4 -1778
3 4 -1771
3 4 -1764
3 4 -1757
3 4 -1750
3 4 -1743
3 4 -1736
3 4 -1729
3 4 -1722
3 4 -1715
3 4 -1708
3 4 -1701
3 4 -1694
3 4 -1687
3 4 -1680
3 4 -1673
3 4 -1666
3 4 -1659
3 4 -1652
3 4 -1645
3 4 -1638
3 4 -1631
3 4 -1624
3 4 -1617
3 4 -1610
3 4 -1603
3 4 -1596
3 4 -1589
3 4 -1582
3 4 -1575
3 4 -1568
3 4 -1561
3 4 -1554
3 4 -1547
3 4 -1540
3 4 -1533
3 4 -1526
3 4 -1519
3 4 -1512
3 4 -1505
3 4 -1498
3 4 -1491
3 4 -1484
3 4 -1477
3 4 -1470
3 4 -1463
3 4 -1456
3 4 -1449
3 4 -1442
3 4 -1435
3 4 -1428
3 4 -1421
3 4 -1414
3 4 -1407
3 4 -1400
3 4 -1393
3 4 -1386
3 4 -1379
3 4 -1372
3 4 -1365
3 4 -1358
3 4 -1351
3 4 -1344
3 4 -1337
3 4 -1330
3 4 -1323
3 4 -1316
3 4 -1309
3 4 -1302
3 4 -1295
3 4 -1288
3 4 -1281
3 4 -1274
3 4 -1267
3 4 -1260
3 4 -1253
3 4 -1246
3 4 -1239
3 4 -1232
3 4 -1225
3 4 -1218
3 4 -1211
3 4 -1204
3 4 -1197
3 4 -1190
3 4 -1183
3 4 -1176
3 4 -1169
3 4 -1162
3 4 -1155
3 4 -1148
3 4 -1141
3 4 -1134
3 4 -1127
3 4 -1120
3 4 -1113
3 4 -1106
3 4 -1099
3 4 -1092
3 4 -1085
3 4 -1078
3 4 -1071
3 4 -1064
3 4 -1057
3 4 -1050
3 4 -1043
3 4 -1036
3 4 -1029
3 4 -1022
3 4 -1015
3 4 -1008
3 4 -1001
3 4 -994
3 4 -987
3 4 -980
3 4 -973
3 4 -966
3 4 -959
3 4 -952
3 4 -945
3 4 -938
3 4 -931
3 4 -924
3 4 -917
3 4 -910
3 4 -903
3 4 -896
3 4 -889
3 4 -882
3 4 -875
3 4 -868
3 4 -861
3 4 -854
3 4 -847
3 4 -840
3 4 -833
3 4 -826
3 4 -819
3 4 -812
3 4 -805
3 4 -798
3 4 -791
3 4 -784
3 4 -777
3 4 -770
3 4 -763
3 4 -756
3 4 -749
3 4 -742
3 4 -735
3 4 -728
3 4 -721
3 4 -714
3 4 -707
3 4 -700
3 4 -693
3 4 -686
3 4 -679
3 4 -672
3 4 -665
3 4 -658
3 4 -651
3 4 -644
3 4 -637
3 4 -630
3 4 -623
3 4 -616
3 4 -609
3 4 -602
3 4 -595
3 4 -588
3 4 -581
3 4 -574
3 4 -567
3 4 -560
3 4 -553
3 4 -546
3 4 -539
3 4 -532
3 4 -525
3 4 -518
3 4 -511
3 4 -504
3 4 -497
3 4 -490
3 4 -483
3 4 -476
3 4 -469
3 4 -462
3 4 -455
3 4 -448
3 4 -441
3 4 -434
3 4 -427
3 4 -420
3 4 -413
3 4 -406
3 4 -399
3 4 -392
3 4 -385
3 4 -378
3 4 -371
3 4 -364
3 4 -357
3 4 -350
3 4 -343
3 4 -336
3 4 -329
3 4 -322
3 4 -315
3 4 -308
3 4 -301
3 4 -294
3 4 -287
3 4 -280
3 4 -273
3 4 -266
3 4 -259
3 4 -252
3 4 -245
3 4 -238
3 4 -231
3 4 -224
3 4 -217
3 4 -210
3 4 -203
3 4 -196
3 4 -189
3 4 -182
3 4 -175
3 4 -168
3 4 -161
3 4 -154
3 4 -147
3 4 -140
3 4 -133
3 4 -126
3 4 -119
3 4 -112
3 4 -105
3 4 -98
3 4 -91
3 4 -84
3 4 -77
3 4 -70
3 4 -63
3 4 -56
3 4 -49
3 4 -42
3 4 -35
3 4 -28
3 4 -21
3 4 -14
3 4 -7
3 4 0
3 4 7
3 4 14
3 4 21
3 4 28
3 4 35
3 4 42
3 4 49
3 4 56
3 4 63
3 4 70
3 4 77
3 4 84
3 4 91
3 4 98
3 4 105
3 4 112
3 4 119
3 4 126
3 4 133
3 4 140
3 4 147
3 4 154
3 4 161
3 4 168
3 4 175
3 4 182
3 4 189
3 4 196
3 4 203
3 4 210
3 4 217
3 4 224
3 4 231
3 4 238
3 4 245
3 4 252
3 4 259
3 4 266
3 4 273
3 4 280
3 4 287
3 4 294
3 4 301
3 4 308
3 4 315
3 4 322
3 4 329
3 4 336
3 4 343
3 4 350
3 4 357
3 4 364
3 4 371
3 4 378
3 4 385
3 4 392
3 4 399
3 4 406
3 4 413
3 4 420
3 4 427
3 4 434
3 4 441
3 4 448
3 4 455
3 4 462
3 4 469
3 4 476
3 4 483
3 4 490
3 4 497
3 4 504
3 4 511
3 4 518
3 4 525
3 4 532
3 4 539
3 4 546
3 4 553
3 4 560
3 4 567
3 4 574
3 4 581
3 4 588
3 4 595
3 4 602
3 4 609
3 4 616
3 4 623
3 4 630
3 4 637
3 4 644
3 4 651
3 4 658
3 4 665
3 4 672
3 4 679
3 4 686
3 4 693
3 4 700
3 4 707
3 4 714
3 4 721
3 4 728
3 4 735
3 4 742
3 4 749
3 4 756
3 4 763
3 4 770
3 4 777
3 4 784
3 4 791
3 4 798
3 4 805
3 4 812
3 4 819
3 4 826
3 4 833
3 4 840
3 4 847
3 4 854
3 4 861
3 4 868
3 4 875
3 4 882
3 4 889
3 4 896
3 4 903
3 4 910
3 4 917
3 4 924
3 4 931
3 4 938
3 4 945
3 4 952
3 4 959
3 4 966
3 4 973
3 4 980
3 4 987
3 4 994
3 4 1001
3 4 1008
3 4 1015
3 4 1022
3 4 1029
3 4 1036
3 4 1043
3 4 1050
3 4 1057
3 4 1064
3 4 1071
3 4 1078
3 4 1085
3 4 1092
3 4 1099
3 4 1106
3 4 1113
3 4 1120
3 4 1127
3 4 1134
3 4 1141
3 4 1148
3 4 1155
3 4 1162
3 4 1169
3 4 1176
3 4 1183
3 4 1190
3 4 1197
3 4 1204
3 4 1211
3 4 1218
3 4 1225
3 4 1232
3 4 1239
3 4 1246
3 4 1253
3 4 1260
3 4 1267
3 4 1274
3 4 1281
3 4 1288
3 4 1295
3 4 1302
3 4 1309
3 4 1316
3 4 1323
3 4 1330
3 4 1337
3 4 1344
3 4 1351
3 4 1358
3 4 1365
3 4 1372
3 4 1379
3 4 1386
3 4 1393
3 4 1400
3 4 1407
3 4 1414
3 4 1421
3 4 1428
3 4 1435
3 4 1442
3 4 1449
3 4 1456
3 4 1463
3 4 1470
3 4 1477
3 4 1484
3 4 1491
3 4 1498
3 4 1505
3 4 1512
3 4 1519
3 4 1526
3 4 1533
3 4 1540
3 4 1547
3 4 1554
3 4 1561
3 4 1568
3 4 1575
3 4 1582
3 4 1589
3 4 1596
3 4 1603
3 4 1610
3 4 1617
3 4 1624
3 4 1631
3 4 1638
3 4 1645
3 4 1652
3 4 1659
3 4 1666
3 4 1673
3 4 1680
3 4 1687
3 4 1694
3 4 1701
3 4 1708
3 4 1715
3 4 1722
3 4 1729
3 4 1736
3 4 1743
3 4 1750
3 4 1757
3 4 1764
3 4 1771
3 4 1778
3 4 1785
3 4 1792
3 4 1799
3 4 1806
3 4 1813
3 4 1820
3 4 1827
3 4 1834
3 4 1841
3 4 1848
3 4 1855
3 4 1862
3 4 1869
3 4 1876
3 4 1883
3 4 1890
3 4 1897
3 4 1904
3 4 1911
3 4 1918
3 4 1925
3 4 1932
3 4 1939
3 4 1946
3 4 1953
3 4 1960
3 4 1967
3 4 1974
3 4 1981
3 4 1988
3 4 1995
3 4 2002
3 4 2009
3 4 2016
3 4 2023
3 4 2030
3 4 2037
3 4 2044
3 4 2051
3 4 2058
3 4 2065
3 4 2072
3 4 2079
3 4 2086
3 4 2093
3 4 2100
3 4 2107
3 4 2114
3 4 2121
3 4 2128
3 4 2135
3 4 2142
3 4 2149
3 4 2156
3 4 2163
3 4 2170
3 4 2177
3 4 2184
3 4 2191
3 4 2198
3 4 2205
3 4 2212
3 4 2219
3 4 2226
3 4 2233
3 4 2240
3 4 2247
3 4 2254
3 4 2261
3 4 2268
3 4 2275
3 4 2282
3 4 2289
3 4 2296
3 4 2303
3 4 2310
3 4 2317
3 4 2324
3 4 2331
3 4 2338
3 4 2345
3 4 2352
3 4 2359
3 4 2366
3 4 2373
3 4 2380
3 4 2387
3 4 2394
3 4 2401
3 4 2408
3 4 2415
3 4 2422
3 4 2429
3 4 2436
3 4 2443
3 4 2450
3 4 2457
3 4 2464
3 4 2471
3 4 2478
3 4 2485
3 4 2492
3 4 2499
3 4 2506
3 4 2513
3 4 2520
3 4 2527
3 4 2534
3 4 2541
3 4 2548
3 4 2555
3 4 2562
3 4 2569
3 4 2576
3 4 2583
3 4 2590
3 4 2597
3 4 2604
3 4 2611
3 4 2618
3 4 2625
3 4 2632
3 4 2639
3 4 2646
3 4 2653
3 4 2660
3 4 2667
3 4 2674
3 4 2681
3 4 2688
3 4 2695
3 4 2702
3 4 2709
3 4 2716
3 4 2723
3 4 2730
3 4 2737
3 4 2744
3 4 2751
3 4 2758
3 4 2765
3 4 2772
3 4 2779
3 4 2786
3 4 2793
3 4 2800
3 4 2807
3 4 2814
3 4 2821
3 4 2828
3 4 2835
3 4 2842
3 4 2849
3 4 2856
3 4 2863
3 4 2870
3 4 2877
3 4 2884
3 4 2891
3 4 2898
3 4 2905
3 4 2912
3 4 2919
3 4 2926
3 4 2933
3 4 2940
3 4 2947
3 4 2954
3 4 2961
3 4 2968
3 4 2975
3 4 2982
3 4 2989
3 4 2996
3 4 3003
3 4 3010
3 4 3017
3 4 3024
3 4 3031
3 4 3038
3 4 3045
3 4 3052
3 4 3059
3 4 3066
3 4 3073
3 4 3080
3 4 3087
3 4 3094
3 4 3101
3 4 3108
3 4 3115
3 4 3122
3 4 3129
3 4 3136
3 4 3143
3 4 3150
3 4 3157
3 4 3164
3 4 3171
3 4 3178
3 4 3185
3 4 3192
3 4 3199
3 4 3206
3 4 3213
3 4 3220
3 4 3227
3 4 3234
3 4 3241
3 4 3248
3 4 3255
3 4 3262
3 4 3269
3 4 3276
3 4 3283
3 4 3290
3 4 3297
3 4 3304
3 4 3311
3 4 3318
3 4 3325
3 4 3332
3 4 3339
3 4 3346
3 4 3353
3 4 3360
3 4 3367
3 4 3374
3 4 3381
3 4 3388
3 4 3395
3 4 3402
3 4 3409
3 4 3416
3 4 3423
3 4 3430
3 4 3437
3 4 3444
3 4 3451
3 4 3458
3 4 3465
3 4 3472
3 4 3479
3 4 3486
3 4 3493
3 4 3500
3 4 3507
3 4 3514
3 4 3521
3 4 3528
3 4 3535
3 4 3542
3 4 3549
3 4 3556
3 4 3563
3 4 3570
3 4 3577
3 4 3584
3 4 3591
3 4 3598
3 4 3605
3 4 3612
3 4 3619
3 4 3626
3 4 3633
3 4 3640
3 4 3647
3 4 3654
3 4 3661
3 4 3668
3 4 3675
3 4 3682
3 4 3689
3 4 3696
3 4 3703
3 4 3710
3 4 3717
3 4 3724
3 4 3731
3 4 3738
3 4 3745
3 4 3752
3 4 3759
3 4 3766
3 4 3773
3 4 3780
3 4 3787
3 4 3794
3 4 3801
3 4 3808
3 4 3815
3 4 3822
3 4 3829
3 4 3836
3 4 3843
3 4 3850
3 4 3857
3 4 3864
3 4 3871
3 4 3878
3 4 3885
3 4 3892
3 4 3899
3 4 3906
3 4 3913
3 4 3920
3 4 3927
3 4 3934
3 4 3941
3 4 3948
3 4 3955
3 4 3962
3 4 3969
3 4 3976
3 4 3983
3 4 3990
3 4 3997
3 4 4004
3 4 4011
3 4 4018
3 4 4025
3 4 4032
3 4 4039
3 4 4046
3 4 4053
3 4 4060
3 4 4067
3 4 4074
3 4 4081
3 4 4088
3 4 4095
3 4 4102
3 4 4109
3 4 4116
3 4 4123
3 4 4130
3 4 4137
3 4 4144
3 4 4151
3 4 4158
3 4 4165
3 4 4172
3 4 4179
3 4 4186
3 4 4193
3 4 4200
3 4 4207
3 4 4214
3 4 4221
3 4 4228
3 4 4235
3 4 4242
3 4 4249
3 4 4256
3 4 4263
3 4 4270
3 4 4277
3 4 4284
3 4 4291
3 4 4298
3 4 4305
3 4 4312
3 4 4319
3 4 4326
3 4 4333
3 4 4340
3 4 4347
3 4 4354
3 4 4361
3 4 4368
3 4 4375
3 4 4382
3 4 4389
3 4 4396
3 4 4403
3 4 4410
3 4 4417
3 4 4424
3 4 4431
3 4 4438
3 4 4445
3 4 4452
3 4 4459
3 4 4466
3 4 4473
3 4 4480
3 4 4487
3 4 4494
3 4 4501
3 4 4508
3 4 4515
3 4 4522
3 4 4529
3 4 4536
3 4 4543
3 4 4550
3 4 4557
3 4 4564
3 4 4571
3 4 4578
3 4 4585
3 4 4592
3 4 4599
3 4 4606
3 4 4613
3 4 4620
3 4 4627
3 4 4634
3 4 4641
3 4 4648
3 4 4655
3 4 4662
3 4 4669
3 4 4676
3 4 4683
3 4 4690
3 4 4697
3 4 4704
3 4 4711
3 4 4718
3 4 4725
3 4 4732
3 4 4739
3 4 4746
3 4 4753
3 4 4760
3 4 4767
3 4 4774
3 4 4781
3 4 4788
3 4 4795
3 4 4802
3 4 4809
3 4 4816
3 4 4823
3 4 4830
3 4 4837
3 4 4844
3 4 4851
3 4 4858
3 4 4865
3 4 4872
3 4 4879
3 4 4886
3 4 4893
3 4 4900
3 4 4907
3 4 4914
3 4 4921
3 4 4928
3 4 4935
3 4 4942
3 4 4949
3 4 4956
3 4 4963
3 4 4970
3 4 4977
3 4 4984
3 4 4991
3 4 4998
3 4 5005
3 4 5012
3 4 5019
3 4 5026
3 4 5033
3 4 5040
3 4 5047
3 4 5054
3 4 5061
3 4 5068
3 4 5075
3 4 5082
3 4 5089
3 4 5096
3 4 5103
3 4 5110
3 4 5117
3 4 5124
3 4 5131
3 4 5138
3 4 5145
3 4 5152
3 4 5159
3 4 5166
3 4 5173
3 4 5180
3 4 5187
3 4 5194
3 4 5201
3 4 5208
3 4 5215
3 4 5222
3 4 5229
3 4 5236
3 4 5243
3 4 5250
-4 3 5246
-4 3 5253
-4 3 5260
-4 3 5267
-4 3 5274
-4 3 5281
-4 3 5288
-4 3 5295
-4 3 5302
-4 3 5309
-4 3 5316
-4 3 5323
-4 3 5330
-4 3 5337
-4 3 5344
-4 3 5351
-4 3 5358
-4 3 5365
-4 3 5372
-4 3 5379
-4 3 5386
-4 3 5393
-4 3 5400
-4 3 5407
-4 3 5414
-4 3 5421
-4 3 5428
-4 3 5435
-4 3 5442
-4 3 5449
-4 3 5456
-4 3 5463
-4 3 5470
-4 3 5477
-4 3 5484
-4 3 5491
-4 3 5498
-4 3 5505
-4 3 5512
-4 3 5519
-4 3 5526
-4 3 5533
-4 3 5540
-4 3 5547
-4 3 5554
-4 3 5561
-4 3 5568
-4 3 5575
-4 3 5582
-4 3 5589
-4 3 5596
-4 3 5603
-4 3 5610
-4 3 5617
-4 3 5624
-4 3 5631
-4 3 5638
-4 3 5645
-4 3 5652
-4 3 5659
-4 3 5666
-4 3 5673
-4 3 5680
-4 3 5687
-4 3 5694
-4 3 5701
-4 3 5708
-4 3 5715
-4 3 5722
-4 3 5729
-4 3 5736
-4 3 5743
-4 3 5750
-4 3 5757
-4 3 5764
-4 3 5771
-4 3 5778
-4 3 5785
-4 3 5792
-4 3 5799
-4 3 5806
-4 3 5813
-4 3 5820
-4 3 5827
-4 3 5834
-4 3 5841
-4 3 5848
-4 3 5855
-4 3 5862
-4 3 5869
-4 3 5876
-4 3 5883
-4 3 5890
-4 3 5897
-4 3 5904
-4 3 5911
-4 3 5918
-4 3 5925
-4 3 5932
-4 3 5939
-4 3 5946
-4 3 5953
-4 3 5960
-4 3 5967
-4 3 5974
-4 3 5981
-4 3 5988
-4 3 5995
-4 3 6002
-4 3 6009
-4 3 6016
-4 3 6023
-4 3 6030
-4 3 6037
-4 3 6044
-4 3 6051
-4 3 6058
-4 3 6065
-4 3 6072
-4 3 6079
-4 3 6086
-4 3 6093
-4 3 6100
-4 3 6107
-4 3 6114
-4 3 6121
-4 3 6128
-4 3 6135
-4 3 6142
-4 3 6149
-4 3 6156
-4 3 6163
-4 3 6170
-4 3 6177
-4 3 6184
-4 3 6191
-4 3 6198
-4 3 6205
-4 3 6212
-4 3 6219
-4 3 6226
-4 3 6233
-4 3 6240
-4 3 6247
-4 3 6254
-4 3 6261
-4 3 6268
-4 3 6275
-4 3 6282
-4 3 6289
-4 3 6296
-4 3 6303
-4 3 6310
-4 3 6317
-4 3 6324
-4 3 6331
-4 3 6338
-4 3 6345
-4 3 6352
-4 3 6359
-4 3 6366
-4 3 6373
-4 3 6380
-4 3 6387
-4 3 6394
-4 3 6401
-4 3 6408
-4 3 6415
-4 3 6422
-4 3 6429
-4 3 6436
-4 3 6443
-4 3 6450
-4 3 6457
-4 3 6464
-4 3 6471
-4 3 6478
-4 3 6485
-4 3 6492
-4 3 6499
-4 3 6506
-4 3 6513
-4 3 6520
-4 3 6527
-4 3 6534
-4 3 6541
-4 3 6548
-4 3 6555
-4 3 6562
-4 3 6569
-4 3 6576
-4 3 6583
-4 3 6590
-4 3 6597
-4 3 6604
-4 3 6611
-4 3 6618
-4 3 6625
-4 3 6632
-4 3 6639
-4 3 6646
-4 3 6653
-4 3 6660
-4 3 6667
-4 3 6674
-4 3 6681
-4 3 6688
-4 3 6695
-4 3 6702
-4 3 6709
-4 3 6716
-4 3 6723
-4 3 6730
-4 3 6737
-4 3 6744
-4 3 6751
-4 3 6758
-4 3 6765
-4 3 6772
-4 3 6779
-4 3 6786
-4 3 6793
-4 3 6800
-4 3 6807
-4 3 6814
-4 3 6821
-4 3 6828
-4 3 6835
-4 3 6842
-4 3 6849
-4 3 6856
-4 3 6863
-4 3 6870
-4 3 6877
-4 3 6884
-4 3 6891
-4 3 6898
-4 3 6905
-4 3 6912
-4 3 6919
-4 3 6926
-4 3 6933
-4 3 6940
-4 3 6947
-4 3 6954
-4 3 6961
-4 3 6968
-4 3 6975
-4 3 6982
-4 3 6989
-4 3 6996
-4 3 7003
-4 3 7010
-4 3 7017
-4 3 7024
-4 3 7031
-4 3 7038
-4 3 7045
-4 3 7052
-4 3 7059
-4 3 7066
-4 3 7073
-4 3 7080
-4 3 7087
-4 3 7094
-4 3 7101
-4 3 7108
-4 3 7115
-4 3 7122
-4 3 7129
-4 3 7136
-4 3 7143
-4 3 7150
-4 3 7157
-4 3 7164
-4 3 7171
-4 3 7178
-4 3 7185
-4 3 7192
-4 3 7199
-4 3 7206
-4 3 7213
-4 3 7220
-4 3 7227
-4 3 7234
-4 3 7241
-4 3 7248
-4 3 7255
-4 3 7262
-4 3 7269
-4 3 7276
-4 3 7283
-4 3 7290
-4 3 7297
-4 3 7304
-4 3 7311
-4 3 7318
-4 3 7325
-4 3 7332
-4 3 7339
-4 3 7346
-4 3 7353
-4 3 7360
-4 3 7367
-4 3 7374
-4 3 7381
-4 3 7388
-4 3 7395
-4 3 7402
-4 3 7409
-4 3 7416
-4 3 7423
-4 3 7430
-4 3 7437
-4 3 7444
-4 3 7451
-4 3 7458
-4 3 7465
-4 3 7472
-4 3 7479
-4 3 7486
-4 3 7493
-4 3 7500
-4 3 7507
-4 3 7514
-4 3 7521
-4 3 7528
-4 3 7535
-4 3 7542
-4 3 7549
-4 3 7556
-4 3 7563
-4 3 7570
-4 3 7577
-4 3 7584
-4 3 7591
-4 3 7598
-4 3 7605
-4 3 7612
-4 3 7619
-4 3 7626
-4 3 7633
-4 3 7640
-4 3 7647
-4 3 7654
-4 3 7661
-4 3 7668
-4 3 7675
-4 3 7682
-4 3 7689
-4 3 7696
-4 3 7703
-4 3 7710
-4 3 7717
-4 3 7724
-4 3 7731
-4 3 7738
-4 3 7745
-4 3 7752
-4 3 7759
-4 3 7766
-4 3 7773
-4 3 7780
-4 3 7787
-4 3 7794
-4 3 7801
-4 3 7808
-4 3 7815
-4 3 7822
-4 3 7829
-4 3 7836
-4 3 7843
-4 3 7850
-4 3 7857
-4 3 7864
-4 3 7871
-4 3 7878
-4 3 7885
-4 3 7892
-4 3 7899
-4 3 7906
-4 3 7913
-4 3 7920
-4 3 7927
-4 3 7934
-4 3 7941
-4 3 7948
-4 3 7955
-4 3 7962
-4 3 7969
-4 3 7976
-4 3 7983
-4 3 7990
-4 3 7997
-4 3 8004
-4 3 8011
-4 3 8018
-4 3 8025
-4 3 8032
-4 3 8039
-4 3 8046
-4 3 8053
-4 3 8060
-4 3 8067
-4 3 8074
-4 3 8081
-4 3 8088
-4 3 8095
-4 3 8102
-4 3 8109
-4 3 8116
-4 3 8123
-4 3 8130
-4 3 8137
-4 3 8144
-4 3 8151
-4 3 8158
-4 3 8165
-4 3 8172
-4 3 8179
-4 3 8186
-4 3 8193
-4 3 8200
-4 3 8207
-4 3 8214
-4 3 8221
-4 3 8228
-4 3 8235
-4 3 8242
-4 3 8249
-4 3 8256
-4 3 8263
-4 3 8270
-4 3 8277
-4 3 8284
-4 3 8291
-4 3 8298
-4 3 8305
-4 3 8312
-4 3 8319
-4 3 8326
-4 3 8333
-4 3 8340
-4 3 8347
-4 3 8354
-4 3 8361
-4 3 8368
-4 3 8375
-4 3 8382
-4 3 8389
-4 3 8396
-4 3 8403
-4 3 8410
-4 3 8417
-4 3 8424
-4 3 8431
-4 3 8438
-4 3 8445
-4 3 8452
-4 3 8459
-4 3 8466
-4 3 8473
-4 3 8480
-4 3 8487
-4 3 8494
-4 3 8501
-4 3 8508
-4 3 8515
-4 3 8522
-4 3 8529
-4 3 8536
-4 3 8543
-4 3 8550
-4 3 8557
-4 3 8564
-4 3 8571
-4 3 8578
-4 3 8585
-4 3 8592
-4 3 8599
-4 3 8606
-4 3 8613
-4 3 8620
-4 3 8627
-4 3 8634
-4 3 8641
-4 3 8648
-4 3 8655
-4 3 8662
-4 3 8669
-4 3 8676
-4 3 8683
-4 3 8690
-4 3 8697
-4 3 8704
-4 3 8711
-4 3 8718
-4 3 8725
-4 3 8732
-4 3 8739
-4 3 8746
-4 3 8753
-4 3 8760
-4 3 8767
-4 3 8774
-4 3 8781
-4 3 8788
-4 3 8795
-4 3 8802
-4 3 8809
-4 3 8816
-4 3 8823
-4 3 8830
-4 3 8837
-4 3 8844
-4 3 8851
-4 3 8858
-4 3 8865
-4 3 8872
-4 3 8879
-4 3 8886
-4 3 8893
-4 3 8900
-4 3 8907
-4 3 8914
-4 3 8921
-4 3 8928
-4 3 8935
-4 3 8942
-4 3 8949
-4 3 8956
-4 3 8963
-4 3 8970
-4 3 8977
-4 3 8984
-4 3 8991
-4 3 8998
-4 3 9005
-4 3 9012
-4 3 9019
-4 3 9026
-4 3 9033
-4 3 9040
-4 3 9047
-4 3 9054
-4 3 9061
-4 3 9068
-4 3 9075
-4 3 9082
-4 3 9089
-4 3 9096
-4 3 9103
-4 3 9110
-4 3 9117
-4 3 9124
-4 3 9131
-4 3 9138
-4 3 9145
-4 3 9152
-4 3 9159
-4 3 9166
-4 3 9173
-4 3 9180
-4 3 9187
-4 3 9194
-4 3 9201
-4 3 9208
-4 3 9215
-4 3 9222
-4 3 9229
-4 3 9236
-4 3 9243
-4 3 9250
-4 3 9257
-4 3 9264
-4 3 9271
-4 3 9278
-4 3 9285
-4 3 9292
-4 3 9299
-4 3 9306
-4 3 9313
-4 3 9320
-4 3 9327
-4 3 9334
-4 3 9341
-4 3 9348
-4 3 9355
-4 3 9362
-4 3 9369
-4 3 9376
-4 3 9383
-4 3 9390
-4 3 9397
-4 3 9404
-4 3 9411
-4 3 9418
-4 3 9425
-4 3 9432
-4 3 9439
-4 3 9446
-4 3 9453
-4 3 9460
-4 3 9467
-4 3 9474
-4 3 9481
-4 3 9488
-4 3 9495
-4 3 9502
-4 3 9509
-4 3 9516
-4 3 9523
-4 3 9530
-4 3 9537
-4 3 9544
-4 3 9551
-4 3 9558
-4 3 9565
-4 3 9572
-4 3 9579
-4 3 9586
-4 3 9593
-4 3 9600
-4 3 9607
-4 3 9614
-4 3 9621
-4 3 9628
-4 3 9635
-4 3 9642
-4 3 9649
-4 3 9656
-4 3 9663
-4 3 9670
-4 3 9677
-4 3 9684
-4 3 9691
-4 3 9698
-4 3 9705
-4 3 9712
-4 3 9719
-4 3 9726
-4 3 9733
-4 3 9740
-4 3 9747
-4 3 9754
-4 3 9761
-4 3 9768
-4 3 9775
-4 3 9782
-4 3 9789
-4 3 9796
-4 3 9803
-4 3 9810
-4 3 9817
-4 3 9824
-4 3 9831
-4 3 9838
-4 3 9845
-4 3 9852
-4 3 9859
-4 3 9866
-4 3 9873
-4 3 9880
-4 3 9887
-4 3 9894
-4 3 9901
-4 3 9908
-4 3 9915
-4 3 9922
-4 3 9929
-4 3 9936
-4 3 9943
-4 3 9950
-4 3 9957
-4 3 9964
-4 3 9971
-4 3 9978
-4 3 9985
-4 3 9992
-4 3 9999
-4 3 10006
-4 3 10013
-4 3 10020
-4 3 10027
-4 3 10034
-4 3 10041
-4 3 10048
-4 3 10055
-4 3 10062
-4 3 10069
-4 3 10076
-4 3 10083
-4 3 10090
-4 3 10097
-4 3 10104
-4 3 10111
-4 3 10118
-4 3 10125
-4 3 10132
-4 3 10139
-4 3 10146
-4 3 10153
-4 3 10160
-4 3 10167
-4 3 10174
-4 3 10181
-4 3 10188
-4 3 10195
-4 3 10202
-4 3 10209
-4 3 10216
-4 3 10223
-4 3 10230
-4 3 10237
-4 3 10244
-4 3 10251
-4 3 10258
-4 3 10265
-4 3 10272
-4 3 10279
-4 3 10286
-4 3 10293
-4 3 10300
-4 3 10307
-4 3 10314
-4 3 10321
-4 3 10328
-4 3 10335
-4 3 10342
-4 3 10349
-4 3 10356
-4 3 10363
-4 3 10370
-4 3 10377
-4 3 10384
-4 3 10391
-4 3 10398
-4 3 10405
-4 3 10412
-4 3 10419
-4 3 10426
-4 3 10433
-4 3 10440
-4 3 10447
-4 3 10454
-4 3 10461
-4 3 10468
-4 3 10475
-4 3 10482
-4 3 10489
-4 3 10496
-4 3 10503
-4 3 10510
-4 3 10517
-4 3 10524
-4 3 10531
-4 3 10538
-4 3 10545
-4 3 10552
-4 3 10559
-4 3 10566
-4 3 10573
-4 3 10580
-4 3 10587
-4 3 10594
-4 3 10601
-4 3 10608
-4 3 10615
-4 3 10622
-4 3 10629
-4 3 10636
-4 3 10643
-4 3 10650
-4 3 10657
-4 3 10664
-4 3 10671
-4 3 10678
-4 3 10685
-4 3 10692
-4 3 10699
-4 3 10706
-4 3 10713
-4 3 10720
-4 3 10727
-4 3 10734
-4 3 10741
-4 3 10748
-4 3 10755
-4 3 10762
-4 3 10769
-4 3 10776
-4 3 10783
-4 3 10790
-4 3 10797
-4 3 10804
-4 3 10811
-4 3 10818
-4 3 10825
-4 3 10832
-4 3 10839
-4 3 10846
-4 3 10853
-4 3 10860
-4 3 10867
-4 3 10874
-4 3 10881
-4 3 10888
-4 3 10895
-4 3 10902
-4 3 10909
-4 3 10916
-4 3 10923
-4 3 10930
-4 3 10937
-4 3 10944
-4 3 10951
-4 3 10958
-4 3 10965
-4 3 10972
-4 3 10979
-4 3 10986
-4 3 10993
-4 3 11000
-4 3 11007
-4 3 11014
-4 3 11021
-4 3 11028
-4 3 11035
-4 3 11042
-4 3 11049
-4 3 11056
-4 3 11063
-4 3 11070
-4 3 11077
-4 3 11084
-4 3 11091
-4 3 11098
-4 3 11105
-4 3 11112
-4 3 11119
-4 3 11126
-4 3 11133
-4 3 11140
-4 3 11147
-4 3 11154
-4 3 11161
-4 3 11168
-4 3 11175
-4 3 11182
-4 3 11189
-4 3 11196
-4 3 11203
-4 3 11210
-4 3 11217
-4 3 11224
-4 3 11231
-4 3 11238
-4 3 11245
-4 3 11252
-4 3 11259
-4 3 11266
-4 3 11273
-4 3 11280
-4 3 11287
-4 3 11294
-4 3 11301
-4 3 11308
-4 3 11315
-4 3 11322
-4 3 11329
-4 3 11336
-4 3 11343
-4 3 11350
-4 3 11357
-4 3 11364
-4 3 11371
-4 3 11378
-4 3 11385
-4 3 11392
-4 3 11399
-4 3 11406
-4 3 11413
-4 3 11420
-4 3 11427
-4 3 11434
-4 3 11441
-4 3 11448
-4 3 11455
-4 3 11462
-4 3 11469
-4 3 11476
-4 3 11483
-4 3 11490
-4 3 11497
-4 3 11504
-4 3 11511
-4 3 11518
-4 3 11525
-4 3 11532
-4 3 11539
-4 3 11546
-4 3 11553
-4 3 11560
-4 3 11567
-4 3 11574
-4 3 11581
-4 3 11588
-4 3 11595
-4 3 11602
-4 3 11609
-4 3 11616
-4 3 11623
-4 3 11630
-4 3 11637
-4 3 11644
-4 3 11651
-4 3 11658
-4 3 11665
-4 3 11672
-4 3 11679
-4 3 11686
-4 3 11693
-4 3 11700
-4 3 11707
-4 3 11714
-4 3 11721
-4 3 11728
-4 3 11735
-4 3 11742
-4 3 11749
-4 3 11756
-4 3 11763
-4 3 11770
-4 3 11777
-4 3 11784
-4 3 11791
-4 3 11798
-4 3 11805
-4 3 11812
-4 3 11819
-4 3 11826
-4 3 11833
-4 3 11840
-4 3 11847
-4 3 11854
-4 3 11861
-4 3 11868
-4 3 11875
-4 3 11882
-4 3 11889
-4 3 11896
-4 3 11903
-4 3 11910
-4 3 11917
-4 3 11924
-4 3 11931
-4 3 11938
-4 3 11945
-4 3 11952
-4 3 11959
-4 3 11966
-4 3 11973
-4 3 11980
-4 3 11987
-4 3 11994
-4 3 12001
-4 3 12008
-4 3 12015
-4 3 12022
-4 3 12029
-4 3 12036
-4 3 12043
-4 3 12050
-4 3 12057
-4 3 12064
-4 3 12071
-4 3 12078
-4 3 12085
-4 3 12092
-4 3 12099
-4 3 12106
-4 3 12113
-4 3 12120
-4 3 12127
-4 3 12134
-4 3 12141
-4 3 12148
-4 3 12155
-4 3 12162
-4 3 12169
-4 3 12176
-4 3 12183
-4 3 12190
-4 3 12197
-4 3 12204
-4 3 12211
-4 3 12218
-4 3 12225
-4 3 12232
-4 3 12239
-4 3 12246
-4 3 12253
-4 3 12260
-4 3 12267
-4 3 12274
-4 3 12281
-4 3 12288
-4 3 12295
-4 3 12302
-4 3 12309
-4 3 12316
-4 3 12323
-4 3 12330
-4 3 12337
-4 3 12344
-4 3 12351
-4 3 12358
-4 3 12365
-4 3 12372
-4 3 12379
-4 3 12386
-4 3 12393
-4 3 12400
-4 3 12407
-4 3 12414
-4 3 12421
-4 3 12428
-4 3 12435
-4 3 12442
-4 3 12449
-4 3 12456
-4 3 12463
-4 3 12470
-4 3 12477
-4 3 12484
-4 3 12491
-4 3 12498
-4 3 12505
-4 3 12512
-4 3 12519
-4 3 12526
-4 3 12533
-4 3 12540
-4 3 12547
-4 3 12554
-4 3 12561
-4 3 12568
-4 3 12575
-4 3 12582
-4 3 12589
-4 3 12596
-4 3 12603
-4 3 12610
-4 3 12617
-4 3 12624
-4 3 12631
-4 3 12638
-4 3 12645
-4 3 12652
-4 3 12659
-4 3 12666
-4 3 12673
-4 3 12680
-4 3 12687
-4 3 12694
-4 3 12701
-4 3 12708
-4 3 12715
-4 3 12722
-4 3 12729
-4 3 12736
-4 3 12743
-4 3 12750
-4 3 12757
-4 3 12764
-4 3 12771
-4 3 12778
-4 3 12785
-4 3 12792
-4 3 12799
-4 3 12806
-4 3 12813
-4 3 12820
-4 3 12827
-4 3 12834
-4 3 12841
-4 3 12848
-4 3 12855
-4 3 12862
-4 3 12869
-4 3 12876
-4 3 12883
-4 3 12890
-4 3 12897
-4 3 12904
-4 3 12911
-4 3 12918
-4 3 12925
-4 3 12932
-4 3 12939
-4 3 12946
-4 3 12953
-4 3 12960
-4 3 12967
-4 3 12974
-4 3 12981
-4 3 12988
-4 3 12995
-4 3 13002
-4 3 13009
-4 3 13016
-4 3 13023
-4 3 13030
-4 3 13037
-4 3 13044
-4 3 13051
-4 3 13058
-4 3 13065
-4 3 13072
-4 3 13079
-4 3 13086
-4 3 13093
-4 3 13100
-4 3 13107
-4 3 13114
-4 3 13121
-4 3 13128
-4 3 13135
-4 3 13142
-4 3 13149
-4 3 13156
-4 3 13163
-4 3 13170
-4 3 13177
-4 3 13184
-4 3 13191
-4 3 13198
-4 3 13205
-4 3 13212
-4 3 13219
-4 3 13226
-4 3 13233
-4 3 13240
-4 3 13247
-4 3 13254
-4 3 13261
-4 3 13268
-4 3 13275
-4 3 13282
-4 3 13289
-4 3 13296
-4 3 13303
-4 3 13310
-4 3 13317
-4 3 13324
-4 3 13331
-4 3 13338
-4 3 13345
-4 3 13352
-4 3 13359
-4 3 13366
-4 3 13373
-4 3 13380
-4 3 13387
-4 3 13394
-4 3 13401
-4 3 13408
-4 3 13415
-4 3 13422
-4 3 13429
-4 3 13436
-4 3 13443
-4 3 13450
-4 3 13457
-4 3 13464
-4 3 13471
-4 3 13478
-4 3 13485
-4 3 13492
-4 3 13499
-4 3 13506
-4 3 13513
-4 3 13520
-4 3 13527
-4 3 13534
-4 3 13541
-4 3 13548
-4 3 13555
-4 3 13562
-4 3 13569
-4 3 13576
-4 3 13583
-4 3 13590
-4 3 13597
-4 3 13604
-4 3 13611
-4 3 13618
-4 3 13625
-4 3 13632
-4 3 13639
-4 3 13646
-4 3 13653
-4 3 13660
-4 3 13667
-4 3 13674
-4 3 13681
-4 3 13688
-4 3 13695
-4 3 13702
-4 3 13709
-4 3 13716
-4 3 13723
-4 3 13730
-4 3 13737
-4 3 13744
-4 3 13751
-4 3 13758
-4 3 13765
-4 3 13772
-4 3 13779
-4 3 13786
-4 3 13793
-4 3 13800
-4 3 13807
-4 3 13814
-4 3 13821
-4 3 13828
-4 3 13835
-4 3 13842
-4 3 13849
-4 3 13856
-4 3 13863
-4 3 13870
-4 3 13877
-4 3 13884
-4 3 13891
-4 3 13898
-4 3 13905
-4 3 13912
-4 3 13919
-4 3 13926
-4 3 13933
-4 3 13940
-4 3 13947
-4 3 13954
-4 3 13961
-4 3 13968
-4 3 13975
-4 3 13982
-4 3 13989
-4 3 13996
-4 3 14003
-4 3 14010
-4 3 14017
-4 3 14024
-4 3 14031
-4 3 14038
-4 3 14045
-4 3 14052
-4 3 14059
-4 3 14066
-4 3 14073
-4 3 14080
-4 3 14087
-4 3 14094
-4 3 14101
-4 3 14108
-4 3 14115
-4 3 14122
-4 3 14129
-4 3 14136
-4 3 14143
-4 3 14150
-4 3 14157
-4 3 14164
-4 3 14171
-4 3 14178
-4 3 14185
-4 3 14192
-4 3 14199
-4 3 14206
-4 3 14213
-4 3 14220
-4 3 14227
-4 3 14234
-4 3 14241
-4 3 14248
-4 3 14255
-4 3 14262
-4 3 14269
-4 3 14276
-4 3 14283
-4 3 14290
-4 3 14297
-4 3 14304
-4 3 14311
-4 3 14318
-4 3 14325
-4 3 14332
-4 3 14339
-4 3 14346
-4 3 14353
-4 3 14360
-4 3 14367
-4 3 14374
-4 3 14381
-4 3 14388
-4 3 14395
-4 3 14402
-4 3 14409
-4 3 14416
-4 3 14423
-4 3 14430
-4 3 14437
-4 3 14444
-4 3 14451
-4 3 14458
-4 3 14465
-4 3 14472
-4 3 14479
-4 3 14486
-4 3 14493
-4 3 14500
-4 3 14507
-4 3 14514
-4 3 14521
-4 3 14528
-4 3 14535
-4 3 14542
-4 3 14549
-4 3 14556
-4 3 14563
-4 3 14570
-4 3 14577
-4 3 14584
-4 3 14591
-4 3 14598
-4 3 14605
-4 3 14612
-4 3 14619
-4 3 14626
-4 3 14633
-4 3 14640
-4 3 14647
-4 3 14654
-4 3 14661
-4 3 14668
-4 3 14675
-4 3 14682
-4 3 14689
-4 3 14696
-4 3 14703
-4 3 14710
-4 3 14717
-4 3 14724
-4 3 14731
-4 3 14738
-4 3 14745
-4 3 14752
-4 3 14759
-4 3 14766
-4 3 14773
-4 3 14780
-4 3 14787
-4 3 14794
-4 3 14801
-4 3 14808
-4 3 14815
-4 3 14822
-4 3 14829
-4 3 14836
-4 3 14843
-4 3 14850
-4 3 14857
-4 3 14864
-4 3 14871
-4 3 14878
-4 3 14885
-4 3 14892
-4 3 14899
-4 3 14906
-4 3 14913
-4 3 14920
-4 3 14927
-4 3 14934
-4 3 14941
-4 3 14948
-4 3 14955
-4 3 14962
-4 3 14969
-4 3 14976
-4 3 14983
-4 3 14990
-4 3 14997
-4 3 15004
-4 3 15011
-4 3 15018
-4 3 15025
-4 3 15032
-4 3 15039
-4 3 15046
-4 3 15053
-4 3 15060
-4 3 15067
-4 3 15074
-4 3 15081
-4 3 15088
-4 3 15095
-4 3 15102
-4 3 15109
-4 3 15116
-4 3 15123
-4 3 15130
-4 3 15137
-4 3 15144
-4 3 15151
-4 3 15158
-4 3 15165
-4 3 15172
-4 3 15179
-4 3 15186
-4 3 15193
-4 3 15200
-4 3 15207
-4 3 15214
-4 3 15221
-4 3 15228
-4 3 15235
-4 3 15242
-4 3 15249
-4 3 15256
-4 3 15263
-4 3 15270
-4 3 15277
-4 3 15284
-4 3 15291
-4 3 15298
-4 3 15305
-4 3 15312
-4 3 15319
-4 3 15326
-4 3 15333
-4 3 15340
-4 3 15347
-4 3 15354
-4 3 15361
-4 3 15368
-4 3 15375
-4 3 15382
-4 3 15389
-4 3 15396
-4 3 15403
-4 3 15410
-4 3 15417
-4 3 15424
-4 3 15431
-4 3 15438
-4 3 15445
-4 3 15452
-4 3 15459
-4 3 15466
-4 3 15473
-4 3 15480
-4 3 15487
-4 3 15494
-4 3 15501
-4 3 15508
-4 3 15515
-4 3 15522
-4 3 15529
-4 3 15536
-4 3 15543
-4 3 15550
-4 3 15557
-4 3 15564
-4 3 15571
-4 3 15578
-4 3 15585
-4 3 15592
-4 3 15599
-4 3 15606
-4 3 15613
-4 3 15620
-4 3 15627
-4 3 15634
-4 3 15641
-4 3 15648
-4 3 15655
-4 3 15662
-4 3 15669
-4 3 15676
-4 3 15683
-4 3 15690
-4 3 15697
-4 3 15704
-4 3 15711
-4 3 15718
-4 3 15725
-4 3 15732
-4 3 15739
