1000 192 1000
542 547 1
647 648 1
530 530 1
60 163 1
140 163 1
68 163 1
110 163 1
163 448 1
54 58 1
198 200 0
512 514 1
163 790 1
43 43 1
40 40 1
163 897 1
668 671 1
163 475 1
626 630 1
773 776 1
163 537 1
163 371 1
572 577 1
148 163 1
163 905 1
388 388 1
990 992 1
905 909 1
102 163 1
862 862 0
401 405 1
472 475 1
51 163 1
223 226 1
108 163 1
697 706 1
190 194 1
692 698 1
759 768 1
873 881 1
163 266 1
473 479 1
163 597 1
955 963 1
50 163 1
163 854 1
4 10 1
163 558 1
30 36 1
86 163 1
163 469 1
20 163 1
783 784 1
163 526 1
342 346 0
793 804 1
105 111 1
29 163 1
130 163 1
320 328 1
977 986 1
42 163 1
259 264 1
300 303 1
989 994 1
12 163 1
464 467 1
856 858 1
596 598 1
141 163 1
412 416 1
555 561 1
146 163 1
700 704 0
85 163 1
873 880 1
382 384 1
600 600 1
782 782 1
638 645 1
439 442 0
80 89 1
38 39 1
620 620 1
611 618 1
817 821 1
163 911 1
836 838 0
163 328 1
743 747 0
128 131 1
24 163 1
163 222 1
36 163 1
845 850 1
232 243 1
313 315 0
403 403 1
476 484 1
318 328 1
429 431 1
248 249 0
209 211 1
787 794 1
163 478 1
16 16 0
775 782 1
659 660 0
943 946 1
990 990 1
608 617 1
734 737 0
52 163 1
29 163 1
24 28 1
29 32 1
364 365 0
452 455 0
666 672 1
163 714 1
163 268 1
775 780 1
29 163 1
154 163 1
627 632 1
518 523 1
297 297 0
543 555 1
217 223 1
29 163 1
547 556 1
116 163 1
163 824 1
351 360 1
262 268 1
504 510 1
790 796 1
356 358 0
615 616 1
830 831 1
33 163 1
360 367 1
47 48 1
643 646 1
163 196 1
579 587 1
163 449 1
932 938 1
524 528 1
163 830 1
163 874 1
163 278 1
663 665 1
163 823 1
798 806 1
163 742 1
283 287 0
482 492 1
27 163 1
900 904 0
371 378 1
639 640 0
57 163 1
163 453 1
46 163 1
110 115 1
545 553 1
145 149 1
653 657 1
573 577 1
312 318 1
673 673 1
643 648 1
232 242 1
311 311 1
414 419 1
750 756 1
751 754 1
961 976 1
129 163 1
163 896 1
905 908 1
88 163 1
163 168 1
985 991 1
163 679 1
740 741 1
428 428 1
53 56 1
163 890 1
35 163 1
868 871 1
881 881 0
421 424 1
324 326 0
128 163 1
469 470 1
163 474 1
829 832 1
57 163 1
257 259 1
725 731 1
880 888 1
761 764 0
211 224 1
141 142 1
464 469 1
115 163 1
857 860 1
312 316 1
45 163 1
104 163 1
163 311 1
25 163 1
32 35 1
885 888 1
163 179 1
387 392 1
337 342 1
163 745 1
177 182 1
416 419 1
163 461 1
588 592 1
889 895 1
163 870 1
636 643 1
349 353 0
49 163 1
857 860 1
950 951 1
809 812 1
114 126 1
163 226 1
24 24 1
155 163 1
298 298 0
140 163 1
163 554 1
5 7 0
261 262 1
163 438 1
163 306 1
937 940 1
460 465 1
212 216 0
153 163 1
163 207 1
581 583 0
534 535 1
330 333 1
906 911 1
106 106 1
858 867 1
24 163 1
769 769 1
795 795 1
869 875 1
163 329 1
218 219 1
92 96 1
163 654 1
1 2 0
858 868 1
287 292 1
142 163 1
402 402 1
146 152 1
98 163 1
18 163 1
12 18 1
152 156 1
517 521 1
899 901 0
912 915 1
623 624 0
827 832 1
576 577 1
958 973 1
95 100 1
63 65 1
560 563 0
835 841 1
296 304 1
56 163 1
863 866 0
820 825 1
483 486 0
428 428 1
67 71 1
840 843 1
87 163 1
92 96 1
800 801 0
19 163 1
643 644 1
163 757 1
430 436 1
163 237 1
321 332 1
768 773 1
163 196 1
29 33 1
373 382 1
777 779 1
946 949 0
622 632 1
140 145 1
665 672 1
119 123 0
110 163 1
660 666 1
402 410 1
565 569 0
966 969 0
28 33 1
934 938 1
592 596 0
112 163 1
81 163 1
838 839 1
506 509 1
466 467 1
936 938 1
81 163 1
272 275 1
545 556 1
101 101 1
650 650 1
263 264 1
97 163 1
163 641 1
827 830 1
829 830 1
556 570 1
762 765 0
695 695 1
318 320 1
911 911 1
628 630 0
883 889 1
153 163 1
163 316 1
163 897 1
163 182 1
645 651 1
120 131 1
45 163 1
932 936 1
898 908 1
920 923 0
15 15 0
100 163 1
4 163 1
50 163 1
373 381 1
76 163 1
668 670 1
362 364 1
163 723 1
27 163 1
870 872 1
32 163 1
163 368 1
589 600 1
180 182 1
547 547 1
163 360 1
407 408 0
37 39 1
708 712 0
99 163 1
389 392 1
935 940 1
202 205 0
163 291 1
113 116 1
52 163 1
81 163 1
163 828 1
49 163 1
268 270 1
163 267 1
675 675 1
28 28 1
72 163 1
163 262 1
272 276 1
875 877 1
431 432 0
755 758 1
74 163 1
635 635 1
281 291 1
297 299 1
4 12 1
59 59 1
438 447 1
274 283 1
163 652 1
750 755 1
12 163 1
529 535 1
727 732 1
322 329 1
987 988 1
174 177 1
578 586 1
294 300 1
42 163 1
892 895 1
262 265 1
293 299 1
717 721 0
188 193 1
163 357 1
733 739 1
965 968 1
147 163 1
101 163 1
174 175 1
163 336 1
312 321 1
21 26 1
25 163 1
519 521 1
498 501 0
292 292 1
163 187 1
881 883 0
163 302 1
926 929 1
67 163 1
797 801 1
590 590 1
510 513 1
888 889 1
692 696 1
163 291 1
163 361 1
24 29 1
389 393 1
41 163 1
314 319 1
227 227 1
126 163 1
99 163 1
978 985 1
193 196 1
13 163 1
890 890 1
139 140 1
630 631 1
163 304 1
671 671 0
367 376 1
57 59 1
541 545 1
572 577 1
539 544 1
190 195 1
161 163 1
106 163 1
117 163 1
742 748 1
163 163 1
323 327 0
129 163 1
388 388 1
163 633 1
920 920 0
163 669 1
74 76 0
987 992 1
798 805 1
51 163 1
163 935 1
253 255 0
803 809 1
956 961 1
163 768 1
205 207 1
642 644 1
97 163 1
163 838 1
128 163 1
54 54 1
536 541 1
454 461 1
37 38 1
539 539 1
75 81 1
108 163 1
51 163 1
932 936 1
281 288 1
294 300 1
163 169 1
21 163 1
364 365 0
870 879 1
82 163 1
97 97 1
163 274 1
13 163 1
163 632 1
979 980 1
759 768 1
537 539 1
156 163 1
37 42 1
122 125 0
814 815 1
163 806 1
873 875 1
954 965 1
163 240 1
163 437 1
357 359 1
157 163 1
915 926 1
207 208 1
27 163 1
436 437 1
163 421 1
163 824 1
889 889 1
511 513 1
163 434 1
110 115 1
543 543 0
163 822 1
834 838 1
163 303 1
761 767 1
163 272 1
163 476 1
163 518 1
655 663 1
163 435 1
954 954 1
163 381 1
35 36 1
83 84 0
73 79 1
163 954 1
163 558 1
170 175 1
46 163 1
19 163 1
89 97 1
163 915 1
306 307 1
348 359 1
400 401 1
163 890 1
707 714 1
803 810 1
19 163 1
161 163 1
516 518 1
163 873 1
163 418 1
169 175 1
163 954 1
141 146 1
334 339 1
163 465 1
988 993 1
811 815 1
229 235 1
420 426 1
941 950 1
437 445 1
106 107 1
799 806 1
69 163 1
430 434 1
163 688 1
163 210 1
163 953 1
628 630 0
58 65 1
178 178 1
89 163 1
3 163 1
555 558 1
573 575 1
56 59 1
163 228 1
208 209 1
96 163 1
163 648 1
96 163 1
4 163 1
994 995 1
43 163 1
163 460 1
163 529 1
369 371 1
117 117 1
24 163 1
156 161 1
162 163 1
81 95 1
163 443 1
43 163 1
163 894 1
142 163 1
634 634 1
163 907 1
157 163 1
163 822 1
664 670 1
823 825 1
486 486 0
163 655 1
265 268 1
836 840 1
163 317 1
681 689 1
522 526 1
214 221 1
474 479 1
872 872 0
61 163 1
13 163 1
687 693 1
943 952 1
76 77 1
387 393 1
4 163 1
72 163 1
292 296 1
163 481 1
351 353 0
51 163 1
492 502 1
896 908 1
569 572 1
875 876 0
163 391 1
182 185 1
279 281 0
234 239 1
806 812 1
163 174 1
778 779 0
163 751 1
558 570 1
52 163 1
71 163 1
994 997 1
395 398 0
921 924 1
558 571 1
163 247 1
237 241 0
158 163 1
139 141 1
867 873 1
129 163 1
372 381 1
970 971 0
61 163 1
479 488 1
813 818 1
43 163 1
444 444 1
81 163 1
138 163 1
28 163 1
102 163 1
142 163 1
370 377 1
825 831 1
639 644 1
13 14 1
272 280 1
969 972 0
414 417 1
490 493 1
912 913 1
942 946 1
601 609 1
645 649 1
163 751 1
163 609 1
163 187 1
323 329 1
167 171 1
69 163 1
63 69 1
43 48 1
79 163 1
791 795 1
636 644 1
715 731 1
895 898 1
129 163 1
507 508 1
362 367 1
251 257 1
163 840 1
163 715 1
107 111 1
41 163 1
799 808 1
355 359 1
151 163 1
679 689 1
163 210 1
14 163 1
451 459 1
142 163 1
976 987 1
97 97 1
73 163 1
872 876 1
70 163 1
163 491 1
563 573 1
473 474 1
141 163 1
20 163 1
163 866 1
381 385 1
548 552 0
363 365 1
163 794 1
879 884 1
69 77 1
52 163 1
898 909 1
830 835 1
50 55 1
511 516 1
34 163 1
163 759 1
107 163 1
161 161 1
86 87 0
402 410 1
827 828 1
163 913 1
163 468 1
167 169 1
163 492 1
142 146 1
108 163 1
163 193 1
163 617 1
163 932 1
232 232 1
612 614 0
665 669 1
684 688 0
667 674 1
163 165 1
152 154 1
127 138 1
185 191 1
163 905 1
859 867 1
384 386 1
508 511 1
474 480 1
808 814 1
987 987 1
7 163 1
73 73 1
98 163 1
23 26 1
334 335 1
197 208 1
536 537 1
12 17 1
271 271 1
753 758 1
626 632 1
262 262 1
261 266 1
991 997 1
163 934 1
5 11 1
889 893 1
65 66 1
93 95 1
263 268 1
163 387 1
163 597 1
516 522 1
152 163 1
163 386 1
793 794 0
313 316 1
163 340 1
448 458 1
716 724 1
993 999 1
172 177 1
965 975 1
389 391 1
163 385 1
791 798 1
41 163 1
390 400 1
546 546 1
163 375 1
163 631 1
411 414 1
315 318 1
814 816 1
174 176 1
163 803 1
901 901 0
424 425 0
610 618 1
163 516 1
163 681 1
604 608 0
804 804 0
40 163 1
162 162 1
67 163 1
980 984 0
163 521 1
500 505 1
958 962 0
152 163 1
657 659 1
394 401 1
78 163 1
932 935 1
964 967 1
319 319 1
82 163 1
535 541 1
651 656 1
68 72 1
257 260 1
576 577 1
373 375 0
1 163 1
767 772 1
447 456 1
929 930 0
677 682 1
876 884 1
163 995 1
990 990 1
666 669 1
490 502 1
72 163 1
223 228 1
517 517 1
109 163 1
16 21 1
163 597 1
163 479 1
95 163 1
27 27 1
633 634 1
949 949 0
768 770 1
163 252 1
163 383 1
103 163 1
110 163 1
349 353 0
770 772 1
60 163 1
537 541 1
165 171 1
73 76 1
14 15 0
662 666 1
219 219 0
576 584 1
111 163 1
163 933 1
163 346 1
104 104 1
109 163 1
383 389 1
940 942 1
113 163 1
31 34 1
163 503 1
50 163 1
23 28 1
163 464 1
157 160 1
55 163 1
70 163 1
917 920 0
491 493 1
24 163 1
163 412 1
430 434 1
141 163 1
757 757 1
111 163 1
618 618 1
163 269 1
823 823 1
978 985 1
602 605 0
674 678 1
163 163 1
163 878 1
153 163 1
820 822 1
492 492 1
580 580 1
163 617 1
29 34 1
393 397 1
163 381 1
163 769 1
163 476 1
191 197 1
628 635 1
163 163 1
13 163 1
292 295 1
384 386 1
163 778 1
681 690 1
112 163 1
141 144 1
219 220 0
163 697 1
737 739 1
557 558 1
163 877 1
845 849 0
866 866 0
598 599 1
163 334 1
273 287 1
106 163 1
188 192 1
163 335 1
534 539 1
50 51 1
696 697 1
163 766 1
803 810 1
801 806 1
163 243 1
586 597 1
83 163 1
666 670 1
658 661 1
157 163 1
163 384 1
622 626 1
163 263 1
62 63 0
186 190 1
182 182 1
367 371 1
404 411 1
495 498 0
163 955 1
300 306 1
163 544 1
910 910 0
726 730 0
536 539 1
750 753 1
133 137 0
163 806 1
132 163 1
111 163 1
163 915 1
62 66 1
193 203 1
163 563 1
6 10 0
752 758 1
163 292 1
163 774 1
163 534 1
291 299 1
163 540 1
64 163 1
163 469 1
27 163 1
811 815 1
413 413 0
66 163 1
777 783 1
163 299 1
142 163 1
163 609 1
275 289 1
771 772 1
290 292 1
90 93 0
