1000 368 1000
142 917 1
73 808 1
528 529 1
37 38 1
391 393 1
437 438 1
319 323 1
83 84 1
811 813 1
185 188 0
510 511 1
140 144 1
648 657 1
436 951 1
268 269 1
585 586 1
418 419 1
578 580 1
321 478 1
224 225 1
155 156 1
804 805 1
70 71 1
311 312 1
747 748 1
78 907 1
273 519 1
164 165 1
933 936 0
887 888 1
489 490 1
360 361 1
4 626 1
380 381 1
549 552 1
791 792 1
868 879 1
666 667 1
157 685 1
365 370 1
694 695 1
299 300 1
953 954 1
172 173 1
303 304 1
175 944 1
328 329 1
554 555 1
209 211 1
102 103 1
170 171 1
590 591 1
234 237 1
579 579 0
630 631 1
557 560 1
316 318 1
146 147 1
373 592 1
153 956 1
386 390 1
130 308 1
4 933 1
33 958 1
403 406 1
20 729 1
723 726 1
836 837 1
57 61 1
702 703 1
540 541 1
3 4 1
257 261 0
340 342 1
603 604 1
161 979 1
928 929 1
476 818 1
822 827 1
9 11 0
5 841 1
626 627 1
515 518 1
5 994 1
692 693 1
75 76 1
133 134 0
436 437 1
366 369 0
617 620 1
219 220 1
175 176 1
289 290 1
759 762 1
526 527 1
822 825 0
990 994 1
916 917 1
829 830 1
649 664 1
987 987 0
522 523 1
563 564 1
326 327 1
875 876 0
678 679 1
977 980 0
136 832 1
70 980 1
104 929 1
782 783 0
66 67 1
191 192 1
492 493 1
906 907 1
106 109 0
142 144 0
952 953 1
125 126 1
373 374 1
527 528 1
74 75 1
296 297 1
957 958 1
806 807 1
877 878 0
613 615 1
966 967 1
23 24 1
696 697 1
156 157 1
4 5 1
683 684 1
799 800 1
762 763 1
548 551 1
741 745 0
695 696 1
568 569 1
150 151 1
82 799 1
776 779 1
547 548 1
446 447 1
986 988 1
71 72 1
951 952 1
157 630 1
450 451 1
406 407 1
385 386 1
969 975 1
109 111 1
684 685 1
131 132 1
970 972 0
671 673 1
429 430 1
348 349 0
581 582 1
275 278 0
310 311 1
65 66 1
435 436 1
994 995 1
93 794 1
781 784 1
685 686 1
675 676 1
686 689 1
5 479 1
805 806 1
135 664 1
65 249 1
812 818 1
501 502 1
178 636 1
125 587 1
445 446 1
432 433 1
567 568 1
211 216 1
339 340 1
533 534 1
80 82 1
48 921 1
996 997 1
625 626 1
24 25 1
269 270 1
604 606 1
477 478 0
985 987 1
278 281 0
39 40 1
566 567 1
353 358 1
785 786 1
447 448 1
917 918 1
954 955 1
487 488 1
207 207 0
913 914 1
858 859 1
48 966 1
343 347 1
678 997 1
141 918 1
291 292 1
480 481 1
85 86 1
407 408 1
909 910 1
627 628 1
218 219 1
962 963 1
148 262 1
434 435 1
571 572 1
797 798 1
42 43 1
690 692 1
770 775 1
462 463 1
922 923 1
79 79 0
393 396 1
3 993 1
251 537 1
534 535 1
104 837 1
6 7 1
705 706 1
113 121 1
184 187 0
174 175 1
46 47 1
752 756 0
984 985 1
483 484 1
292 294 1
677 678 1
950 951 1
718 718 0
415 416 1
147 148 1
512 516 0
632 633 1
149 965 1
556 558 1
13 253 1
3 960 1
287 288 1
834 835 1
521 522 1
938 939 1
167 168 1
769 774 1
503 504 1
208 209 1
199 202 0
968 972 1
676 677 1
126 127 1
748 749 1
483 963 1
409 410 1
78 81 1
208 995 1
682 683 1
489 843 1
770 773 0
963 964 1
644 645 0
914 915 1
844 851 1
505 506 1
126 307 1
803 804 1
732 736 0
958 959 1
932 937 1
421 422 1
883 884 0
753 758 1
735 735 0
89 834 1
978 982 1
417 561 1
374 375 1
1 993 1
398 400 0
166 167 1
853 855 1
127 128 1
46 859 1
422 423 1
24 984 1
955 956 1
313 314 1
729 730 1
175 966 1
802 803 1
606 608 0
208 889 1
884 886 1
642 644 1
751 752 0
350 351 1
643 647 1
579 581 1
652 656 0
468 472 0
665 666 1
57 984 1
550 551 0
294 295 1
354 359 1
596 597 1
848 854 1
667 668 1
11 886 1
254 255 1
423 705 1
841 842 1
864 865 1
895 896 1
577 579 1
459 460 1
442 443 1
502 503 1
997 998 1
192 649 1
293 293 0
15 916 1
27 782 1
326 757 1
558 559 0
440 706 1
327 328 1
377 378 1
2 3 1
104 109 1
865 875 1
72 536 1
306 307 1
42 517 1
912 913 1
990 992 0
236 240 0
267 268 1
103 104 1
162 163 1
28 958 1
141 145 1
658 665 1
707 714 1
359 360 1
449 450 1
674 675 1
195 203 1
171 172 1
119 949 1
886 887 1
80 993 1
428 429 1
698 699 0
268 803 1
672 672 0
431 432 1
123 761 1
731 737 1
59 62 0
448 449 1
961 962 1
124 125 1
121 123 1
40 41 1
105 110 1
947 948 1
255 260 1
8 941 1
974 980 1
250 251 1
210 215 1
562 563 1
706 707 1
650 652 0
553 554 1
484 485 1
21 975 1
570 571 1
899 900 1
42 953 1
48 818 1
2 953 1
636 637 1
416 417 1
681 682 1
31 32 1
983 984 1
23 820 1
898 899 1
890 891 1
328 963 1
222 430 1
529 530 1
443 444 1
569 570 1
995 996 1
621 622 1
395 395 0
500 501 1
159 160 1
749 754 1
704 705 1
338 339 1
82 83 1
536 537 1
247 248 1
589 590 1
687 691 1
86 87 1
57 693 1
88 88 0
784 785 1
129 130 1
574 575 0
295 296 1
592 593 1
271 272 1
670 672 1
233 643 1
1 905 1
631 632 1
22 945 1
270 271 1
20 21 1
386 936 1
492 691 1
41 42 1
960 961 1
310 924 1
180 181 1
45 46 1
486 487 1
790 791 1
242 243 1
923 924 1
739 744 1
504 505 1
258 263 1
354 357 0
37 460 1
539 540 1
882 885 1
697 700 1
637 638 1
407 638 1
455 456 1
152 153 1
223 224 1
269 601 1
154 155 1
971 974 0
59 65 1
546 547 1
315 317 1
115 119 0
243 244 1
117 120 0
881 883 1
798 799 1
411 412 1
392 394 1
465 466 0
2 997 1
541 542 1
149 150 1
764 765 1
641 642 1
5 6 1
333 338 1
148 149 1
930 931 1
918 919 1
506 507 1
819 820 1
758 759 1
105 456 1
168 169 1
465 473 1
555 556 1
857 858 1
3 909 1
172 429 1
160 161 1
393 393 0
520 521 1
314 315 1
860 861 1
30 31 1
263 264 1
440 441 1
639 640 1
727 728 1
424 956 1
186 190 1
153 542 1
926 927 0
743 747 1
165 166 1
897 898 1
352 947 1
112 113 1
192 193 1
728 729 1
76 77 1
633 634 1
766 767 1
128 129 1
801 802 1
92 93 1
48 49 1
623 624 1
902 903 1
181 182 1
157 306 1
656 659 0
347 350 1
591 592 1
290 291 1
843 844 1
143 146 1
420 421 1
284 287 1
945 946 1
383 384 1
43 962 1
179 180 1
768 773 1
689 690 0
460 983 1
444 445 1
56 57 1
575 577 1
425 428 1
47 48 1
295 949 1
297 298 1
496 497 1
525 526 1
586 587 1
226 231 1
716 717 1
528 831 1
474 475 1
55 56 1
792 793 1
77 79 1
163 164 1
795 796 1
216 217 1
429 729 1
306 837 1
190 191 1
5 999 1
495 496 1
438 565 1
901 902 1
925 928 1
497 498 1
635 636 1
880 881 1
217 218 1
910 911 1
475 478 1
153 154 1
87 89 1
317 317 0
738 739 1
314 624 1
312 313 1
7 10 1
303 793 1
859 860 1
341 796 1
464 472 1
491 492 1
378 379 1
94 101 1
413 414 1
457 458 1
545 546 1
9 14 1
472 474 1
408 409 1
809 810 1
786 790 1
367 371 1
288 731 1
93 100 1
195 965 1
253 254 1
453 454 1
351 352 1
88 90 1
959 960 1
381 382 1
248 249 1
8 12 1
673 674 1
577 957 1
387 389 0
52 53 1
645 648 1
904 905 1
452 453 1
509 510 1
855 856 1
508 509 1
210 498 1
342 345 0
382 383 1
19 20 1
305 959 1
535 536 1
942 943 1
903 904 1
158 159 1
233 234 1
680 681 1
402 404 1
400 401 0
132 136 1
70 964 1
931 935 1
500 827 1
787 789 0
414 415 1
34 999 1
404 405 0
915 916 1
565 566 1
320 325 1
711 715 0
478 480 1
298 750 1
43 44 1
95 102 1
615 616 1
660 663 0
856 857 1
73 207 1
379 380 1
80 80 0
1 2 1
736 738 1
498 499 1
451 452 1
599 600 1
845 848 0
321 326 1
633 951 1
835 836 1
476 479 1
31 523 1
461 462 1
397 402 1
244 245 1
298 299 1
417 418 1
863 864 1
220 447 1
908 909 1
935 938 1
956 957 1
144 144 0
507 508 1
114 993 1
537 538 1
857 957 1
861 862 1
893 894 1
232 233 1
363 364 1
410 411 1
624 625 1
794 795 1
304 305 1
921 922 1
99 263 1
182 188 1
765 766 1
271 864 1
821 826 1
758 919 1
35 36 1
104 440 1
892 893 1
616 619 1
438 439 1
161 162 1
25 905 1
441 442 1
597 598 1
511 517 1
362 363 1
165 793 1
430 431 1
246 247 1
838 839 1
204 205 1
235 916 1
894 895 1
277 286 1
88 910 1
252 253 1
177 178 1
582 583 1
693 694 1
91 92 1
302 303 1
138 139 1
583 584 1
778 779 0
831 832 1
361 362 1
594 595 1
29 983 1
439 440 1
584 585 1
290 956 1
544 545 1
219 571 1
49 50 1
183 189 1
21 22 1
268 589 1
869 873 0
907 908 1
59 795 1
388 391 1
201 204 1
775 776 1
307 308 1
175 966 1
384 385 1
412 413 1
272 273 1
26 27 1
828 829 1
211 214 0
573 576 1
688 690 0
439 897 1
73 74 1
911 912 1
220 741 1
629 630 1
36 37 1
595 596 1
28 842 1
538 539 1
491 683 1
561 562 1
75 716 1
14 18 1
543 544 1
176 177 1
888 889 1
889 890 1
793 794 1
135 897 1
328 496 1
982 983 1
494 495 1
924 926 1
605 614 1
949 950 1
100 481 1
341 346 1
830 831 1
796 797 1
587 588 1
638 639 1
948 949 1
249 250 1
151 152 1
929 930 1
329 330 1
28 29 1
196 199 0
842 843 1
371 372 1
493 494 1
703 704 1
704 966 1
588 589 1
877 880 1
740 746 1
245 246 1
490 491 1
53 54 1
45 951 1
976 981 1
67 68 1
22 23 1
668 669 1
946 947 1
531 532 1
988 992 1
13 17 1
121 121 0
97 100 0
551 553 1
169 170 1
34 35 1
133 135 0
95 98 0
300 301 1
532 533 1
463 464 1
227 230 0
305 306 1
593 594 1
850 853 0
331 337 1
807 808 1
726 727 1
482 483 1
112 962 1
49 831 1
488 489 1
433 434 1
73 486 1
327 887 1
5 444 1
77 959 1
800 801 1
813 817 0
419 420 1
45 830 1
602 603 1
9 10 0
700 701 1
817 819 1
460 461 1
862 863 1
941 942 1
891 892 1
423 426 1
642 920 1
730 734 1
111 112 1
55 593 1
485 486 1
114 122 1
29 30 1
779 783 1
458 940 1
332 336 0
26 983 1
456 457 1
38 39 1
308 309 1
27 28 1
751 755 0
1 706 1
265 266 1
944 945 1
640 641 1
827 828 1
760 761 0
989 993 1
652 656 0
104 964 1
352 353 1
458 459 1
301 302 1
669 670 1
372 373 1
622 623 1
19 600 1
33 34 1
193 444 1
330 335 1
376 377 1
572 575 1
18 19 1
837 838 1
51 52 1
84 85 1
709 710 0
810 811 1
130 131 1
54 55 1
905 906 1
68 69 1
708 716 1
137 138 1
524 525 1
134 137 1
560 561 1
155 908 1
425 426 0
964 965 1
229 232 1
264 265 1
139 140 1
939 940 1
564 565 1
542 543 1
424 427 1
940 941 1
767 768 1
194 201 1
317 319 1
266 267 1
967 968 1
718 725 1
206 208 1
235 241 1
166 431 1
32 950 1
375 376 1
998 999 1
364 366 1
634 635 1
644 646 0
309 310 1
601 602 1
195 730 1
220 221 1
59 63 0
609 613 0
777 780 1
90 91 1
701 702 1
25 26 1
840 841 1
32 33 1
170 983 1
598 599 1
943 944 1
69 70 1
833 834 1
519 520 1
454 455 1
965 966 1
225 226 1
461 677 1
530 531 1
900 901 1
222 223 1
499 500 1
173 174 1
59 62 0
618 621 1
832 833 1
896 897 1
628 629 1
618 619 0
44 45 1
679 680 1
251 252 1
14 16 0
866 869 0
763 764 1
839 840 1
321 324 0
205 207 1
256 262 1
221 222 1
58 64 1
808 809 1
518 519 1
396 401 1
720 724 0
750 757 1
481 482 1
274 285 1
241 242 1
919 920 1
50 51 1
72 73 1
157 158 1
178 179 1
920 921 1
815 815 0
193 194 1
717 722 1
123 124 1
273 277 1
288 289 1
820 823 1
523 524 1
600 601 1
283 285 0
