777
796
815
1156
1250
1303
1502
2247
2289
2316
2480
2627
2923
3130
3198
3488
3817
3982
4010
4036
4084
4133
4162
4354
4393
4885
5199
5225
5242
5496
5563
5880
5979
6237
6516
6757
6868
7116
7316
7396
7436
7574
7642
7814
8405
8474
8708
8739
8791
8816
8838
8866
8939
9347
9457
9580
9682
9940
10321
10351
10391
10456
10507
10853
11289
11582
11678
11814
11944
12055
12316
12462
12897
12984
13227
13426
13794
13863
14040
14154
14290
14495
14570
14850
15190
15338
15363
15732
15789
15904
16368
16432
16753
16765
16894
17534
17723
17780
17905
17960
18278
18859
18915
19029
19067
19187
19424
19747
19763
19876
19927
19967
19972
20024
20224
20265
20336
20445
20530
20791
20864
20896
20990
21060
21139
21256
21495
21989
22287
22466
22514
22607
22762
22850
23100
23190
23235
23830
23890
24105
24182
24390
24895
25259
25462
25500
25528
25886
25939
26024
26109
26687
26961
27182
27305
27614
27699
27855
27909
28039
28054
28159
28332
28367
28512
28601
28665
28744
29400
29513
29633
29843
29896
30509
30589
30865
31154
31197
31378
31687
31922
31935
32036
32114
32246
32293
32367
32481
32554
32924
33158
33211
33241
33280
34086
34385
34664
34764
34954
34977
35060
35088
35217
35537
35570
35638
36579
36617
36685
36864
36878
36914
36962
37292
37390
37731
37750
38041
38401
38473
38515
38629
38734
38838
38847
38866
38943
39006
39040
39371
39408
39533
39616
40142
40257
40333
40487
40699
40869
40883
40931
41243
41381
41417
41503
41558
41578
41647
41700
41902
42038
42096
42311
42507
42594
42766
42799
43129
43194
43303
44247
44298
44330
44413
44727
44741
44928
44986
46249
46386
46464
46629
46664
46696
46783
47144
47172
47607
47925
47981
48080
48517
48736
48817
49724
49929
49934
50306
50496
50978
51042
51074
51374
51541
51867
52027
52389
52620
52669
52809
53020
53108
53142
53377
53430
53814
54204
54267
54351
54803
55251
55286
55476
55540
55569
55619
55895
56285
56542
56586
56659
57175
57243
57319
57411
57450
57875
58009
58689
58719
58799
58952
59415
59444
59578
59653
59717
59987
60188
60399
60790
60808
60844
60901
61372
61464
61495
61542
62058
62208
62282
62429
62535
62583
62626
62717
62795
62863
62891
63696
63864
64189
64218
64697
64936
65767
65835
65924
66234
66418
66452
66679
67096
67303
67372
67449
67635
68478
69141
69347
69363
69503
69904
69942
69999
70070
70081
70785
71025
71424
71475
71497
71731
72086
72452
73063
73092
73145
73205
73313
73596
73687
73949
73992
74157
74289
74504
74548
74859
75163
75203
75220
75260
75581
75669
75763
75791
75967
76048
76335
76382
76598
76925
77161
77335
77379
77537
77714
77778
77859
77878
78140
78282
78608
78736
78930
79024
79489
79666
79762
79869
79947
79965
79991
80048
80426
80573
81540
81757
81993
82096
82288
82587
82608
82633
82663
83082
83921
84774
85015
85579
85650
85732
85799
85835
85888
85933
86027
86259
86358
86596
86820
87010
87105
87139
87287
87373
87424
87462
87579
87822
87911
88152
88384
88453
89233
89515
89722
89780
89815
90296
90333
90544
90634
90690
90734
90896
90986
91095
91151
91182
91231
91287
91521
91585
91651
91707
91770
92175
92290
92446
92630
92699
92907
93102
93336
93367
93444
94022
94273
94333
94436
94616
95066
95121
95228
95279
95550
95607
95780
95846
95963
96387
96511
96934
97189
97242
97304
97548
97669
97772
97838
98103
98131
98152
98176
99092
99192
99393
99555
