1234 234
319
79
319
69
272
78
202
121
175
148
241
325
260
294
55
34
237
96
145
12
5
344
15
199
129
337
108
252
25
180
173
343
259
147
313
87
224
72
109
301
219
5
280
35
200
334
315
91
332
114
102
336
14
117
91
142
10
199
48
34
280
123
279
95
269
246
181
49
317
290
251
92
196
88
28
50
323
342
140
309
13
143
300
26
161
45
70
171
145
19
106
80
141
39
174
311
187
257
262
60
103
167
54
200
254
81
249
232
325
290
195
337
87
149
264
150
96
235
320
240
254
327
221
296
268
297
262
109
208
178
168
212
344
123
66
155
106
314
41
85
160
137
323
148
188
143
297
283
33
173
79
286
155
300
236
77
251
54
87
15
231
156
226
132
279
291
286
39
161
228
25
320
19
2
122
108
144
321
45
176
148
26
18
302
325
156
280
230
209
21
244
342
177
124
128
110
316
315
50
33
197
74
254
117
322
277
127
120
252
171
198
302
98
117
258
77
272
95
306
38
17
106
281
193
131
63
204
3
279
155
35
32
228
190
50
204
122
176
226
275
249
325
231
1
96
46
78
270
140
285
209
156
46
144
251
78
108
109
81
41
264
17
72
48
207
23
154
328
199
281
257
102
260
143
102
257
90
81
83
229
21
193
286
313
336
191
45
345
202
27
40
22
44
13
316
250
283
124
134
136
306
292
237
220
89
240
34
178
321
18
308
243
211
249
210
103
341
156
5
197
183
291
218
128
304
189
279
241
214
67
278
175
13
169
296
4
310
231
83
285
249
46
84
16
196
293
20
191
6
24
290
90
315
64
217
175
154
52
317
23
118
249
99
130
319
49
35
283
182
118
125
85
65
208
2
260
58
21
7
63
292
296
54
261
262
172
337
70
223
308
92
340
113
92
26
333
141
61
172
224
80
296
210
144
61
211
305
20
133
213
329
79
66
37
241
327
208
134
51
85
96
45
326
110
136
253
97
178
313
269
56
294
121
265
92
181
32
298
102
165
68
85
145
133
121
288
114
230
76
66
216
74
110
196
183
148
104
280
325
318
105
283
267
225
104
260
308
136
115
64
202
182
51
1
314
171
190
329
303
266
296
173
339
308
271
176
110
29
12
336
248
18
175
71
243
279
233
107
316
2
72
172
85
122
74
300
195
264
283
152
184
233
324
79
195
151
156
206
81
70
197
329
87
26
54
231
206
286
337
176
189
64
2
273
185
323
227
34
241
66
87
326
201
313
306
297
118
116
158
199
185
256
182
174
183
137
59
44
325
51
121
168
16
123
343
102
100
224
38
242
290
124
222
47
91
182
343
111
199
155
309
286
312
47
114
150
183
74
95
64
124
215
232
41
239
229
143
338
9
82
136
200
205
259
246
198
342
244
308
196
300
173
136
267
219
151
318
303
224
67
22
250
183
155
192
77
38
334
316
293
70
107
148
177
20
295
276
17
193
238
114
50
65
151
218
185
301
190
142
81
158
163
330
340
317
79
71
256
67
42
106
39
50
155
117
316
104
47
234
297
186
2
248
152
152
120
336
9
309
34
90
23
99
321
17
317
54
335
228
23
31
235
308
327
44
326
297
147
27
186
345
114
89
247
265
143
21
157
151
231
190
142
253
288
20
172
260
320
161
44
244
93
278
108
74
223
88
272
24
114
14
271
227
103
172
48
245
95
204
297
227
296
94
37
238
15
208
54
334
23
344
135
115
178
242
90
55
330
16
79
345
277
4
227
34
77
176
278
73
35
229
202
330
224
238
124
238
2
80
129
271
78
263
40
256
159
31
310
143
293
290
143
224
195
271
159
174
101
91
246
37
222
4
268
2
143
294
240
144
28
270
69
7
187
10
262
345
287
129
45
235
73
89
15
170
14
174
343
16
166
145
53
42
149
222
291
291
170
185
337
99
109
60
106
197
70
269
98
11
52
142
147
27
230
162
196
145
335
193
161
155
337
115
99
42
336
44
235
63
130
226
63
140
285
70
336
256
339
335
169
292
132
315
318
263
33
168
63
22
262
125
79
156
239
177
197
131
122
86
95
251
213
158
292
153
129
282
310
122
271
133
69
304
5
288
222
37
13
186
306
274
212
39
331
105
117
85
137
140
72
134
292
285
193
238
92
321
174
56
98
1
91
68
207
95
257
83
131
269
170
338
100
36
278
85
42
296
169
80
90
241
213
36
180
60
273
173
36
3
130
35
251
220
4
112
216
260
96
249
184
265
241
185
202
174
269
145
26
340
224
116
235
92
53
316
53
228
143
335
132
174
271
37
49
274
148
264
91
145
167
176
311
310
15
167
40
283
213
65
179
92
82
68
85
135
285
137
264
329
29
50
158
299
334
206
228
38
26
318
183
95
148
148
59
64
217
98
248
84
162
82
175
244
51
161
280
336
298
198
319
326
149
131
279
137
238
63
175
166
282
259
260
331
61
220
49
277
317
297
263
35
280
92
180
330
253
114
320
107
213
196
334
17
326
169
55
121
232
131
286
168
44
200
56
7
74
104
185
292
302
102
326
236
96
161
221
250
176
97
11
291
292
246
307
175
69
263
295
202
49
235
272
339
336
327
345
311
85
185
159
289
188
139
81
283
201
301
187
279
300
99
224
246
344
87
322
68
4
271
269
299
62
195
195
52
78
194
264
65
280
77
8
123
118
88
307
220
291
149
153
147
247
31
47
246
19
24
215
270
196
40
223
258
137
319
211
214
168
130
278
4
206
187
28
225
177
335
100
122
138
252
268
286
185
216
88
105
141
204
29
239
244
154
151
282
127
16
150
196
47
330
102
253
73
