92310351984
21069748384768
370544722575360
903248802217984
1064327255687168
1117103813820416
1125899906842624
1125899906842624
1125899906842624
1125899906842624
1125899906842624
1125899906842624
1125899906842624
1125899906842624
1125899906842624
1125899906842624
1125899906842624
1125899906842624
1125899906842624
1125899906842624
1125899906842624
1125899906842624
1125899906842624
1125899906842624
1125899906842624
1125899906842624
1125899906842624
1125899906842624
1125899906842624
1125899906842624
1125899906842624
1125899906842624
1125899906842624
1125899906842624
1125899906842624
1125899906842624
1125899906842624
1125899906842624
1125899906842624
1125899906842624
1125899906842624
1125899906842624
1125899906842624
1125899906842624
1125899906842624
1125899906842624
1125899906842624
1125899906842624
1125899906842624
1125899906842624
