33422284800
2973916382304
36310949834752
95831457792000
129093832015872
139637976727552
140737488355328
140737488355328
140737488355328
140737488355328
140737488355328
140737488355328
140737488355328
140737488355328
140737488355328
140737488355328
140737488355328
140737488355328
140737488355328
140737488355328
140737488355328
140737488355328
140737488355328
140737488355328
140737488355328
140737488355328
140737488355328
140737488355328
140737488355328
140737488355328
140737488355328
140737488355328
140737488355328
140737488355328
140737488355328
140737488355328
140737488355328
140737488355328
140737488355328
140737488355328
140737488355328
140737488355328
140737488355328
140737488355328
140737488355328
140737488355328
140737488355328
