1125331200
46175019008
316310487040
680432762880
932544774144
1057501478912
1095216660480
1099511627776
1099511627776
1099511627776
1099511627776
1099511627776
1099511627776
1099511627776
1099511627776
1099511627776
1099511627776
1099511627776
1099511627776
1099511627776
1099511627776
1099511627776
1099511627776
1099511627776
1099511627776
1099511627776
1099511627776
1099511627776
1099511627776
1099511627776
1099511627776
1099511627776
1099511627776
1099511627776
1099511627776
1099511627776
1099511627776
1099511627776
1099511627776
1099511627776
