920683200
48485470208
328040054784
744059043840
998605062144
1090921693184
1099511627776
1099511627776
1099511627776
1099511627776
1099511627776
1099511627776
1099511627776
1099511627776
1099511627776
1099511627776
1099511627776
1099511627776
1099511627776
1099511627776
1099511627776
1099511627776
1099511627776
1099511627776
1099511627776
1099511627776
1099511627776
1099511627776
1099511627776
1099511627776
1099511627776
1099511627776
1099511627776
1099511627776
1099511627776
1099511627776
1099511627776
1099511627776
1099511627776
1099511627776
