293 801
166 25
157 60
139 97
16 12
352 49
67 78
181 95
169 49
379 8
93 89
218 92
388 63
66 46
221 83
118 88
96 59
71 10
400 76
220 42
1 80
67 55
122 80
383 50
219 4
156 57
299 78
309 94
47 34
363 34
133 15
18 57
356 51
246 45
348 64
220 72
359 41
31 39
299 60
302 39
49 69
237 51
23 69
42 73
140 65
7 16
169 84
278 27
223 95
269 31
62 41
32 85
61 68
236 38
98 64
271 100
13 54
346 24
143 53
285 89
57 75
302 9
75 56
31 23
123 34
168 1
186 95
353 49
14 88
340 100
194 15
266 66
173 38
266 28
61 76
188 8
261 70
371 88
220 36
384 64
386 68
392 32
179 85
331 37
76 66
275 99
158 65
215 55
86 11
44 85
363 4
123 18
107 59
310 97
282 85
342 98
351 37
95 51
62 71
40 46
323 60
215 54
342 93
188 67
284 17
197 55
309 32
352 78
400 77
207 93
188 9
317 70
68 34
322 74
294 26
390 77
350 26
91 2
140 92
272 34
46 41
128 59
341 4
27 24
101 67
15 54
340 54
219 68
398 83
303 32
365 68
266 92
31 91
74 69
17 91
326 80
68 97
158 24
207 80
323 3
176 72
92 24
98 75
328 11
100 44
262 42
306 80
309 26
308 76
210 88
303 79
223 35
233 57
151 87
113 13
306 71
393 90
184 27
343 21
347 4
127 86
124 59
120 53
320 93
242 97
219 25
170 61
370 59
266 86
158 12
286 74
130 14
61 36
277 4
302 77
50 35
102 86
338 66
143 8
101 28
98 98
43 45
162 8
315 20
294 17
64 67
368 84
175 35
118 63
306 33
53 36
92 53
3 2
202 59
107 47
330 32
280 72
156 91
115 50
36 77
298 27
49 21
20 96
303 59
362 94
116 69
91 21
21 71
34 59
298 61
344 86
66 58
307 21
240 2
230 58
109 26
256 58
44 95
153 88
264 15
26 15
286 60
170 41
66 57
92 19
36 29
92 9
291 87
43 90
400 39
324 64
162 44
387 36
10 35
176 98
222 25
305 77
8 89
12 97
100 56
237 65
106 97
333 7
77 55
162 47
358 57
255 80
215 99
89 41
14 42
269 72
21 74
216 56
224 94
90 9
1 91
349 62
33 10
150 43
396 72
64 44
388 77
109 50
296 58
173 65
315 14
69 64
179 91
19 22
226 7
280 19
382 97
384 34
247 90
396 96
155 79
240 3
219 14
364 99
142 57
186 29
66 55
381 32
18 1
368 74
304 74
177 93
312 35
222 24
55 98
96 33
267 11
71 8
92 2
