1833 8501
11 64
388 29
170 28
193 6
315 90
243 94
369 21
95 52
235 38
141 68
12 43
357 90
145 62
63 82
20 59
193 34
369 16
185 44
127 70
105 4
8 83
383 73
136 55
287 40
99 98
330 24
336 60
162 70
356 39
89 97
374 24
53 23
323 82
168 4
324 26
318 91
366 76
148 68
67 61
63 12
232 42
159 42
311 27
55 36
238 65
130 27
46 67
147 57
373 6
274 80
373 50
149 55
244 15
209 34
60 74
118 21
167 31
372 28
12 96
362 30
52 50
289 7
19 47
232 33
43 30
200 36
67 36
29 57
343 24
384 24
226 92
32 10
72 9
207 63
369 89
55 3
46 29
69 31
222 81
341 22
255 9
30 23
221 46
115 12
209 22
165 38
6 70
55 51
152 63
65 65
112 24
177 26
20 78
254 70
263 89
294 58
9 18
386 15
352 44
355 52
207 43
199 23
358 12
183 87
59 81
196 1
33 55
393 11
339 50
256 52
128 52
195 42
370 86
305 15
189 57
193 19
233 7
151 57
29 22
338 24
105 87
5 5
389 83
99 2
210 92
332 71
276 68
132 27
367 32
228 91
12 49
126 52
199 92
330 73
118 65
234 12
95 77
179 46
38 88
272 60
219 84
76 47
111 29
72 19
195 25
310 94
28 22
94 97
66 50
87 84
309 84
345 82
352 24
237 6
300 31
267 19
113 53
175 8
239 87
146 55
325 41
260 3
183 28
133 16
45 37
388 36
197 15
164 74
362 98
96 1
163 66
152 48
59 16
41 42
306 43
332 97
329 55
85 45
198 7
254 18
342 76
349 62
292 76
360 14
19 45
261 19
210 38
2 76
343 93
308 62
217 27
136 6
400 22
373 47
43 34
184 79
273 38
350 71
109 41
230 94
86 74
33 97
286 80
325 18
138 48
5 32
147 3
68 29
194 93
279 67
248 5
342 2
134 56
311 31
336 92
243 86
55 22
335 15
296 99
241 72
326 11
191 15
321 61
304 70
365 22
244 52
235 14
264 55
23 55
145 93
89 61
288 67
20 15
167 32
335 63
3 18
177 13
274 89
391 33
359 72
227 9
27 75
98 77
273 46
225 22
181 3
250 37
204 86
356 4
72 36
354 73
68 80
87 9
383 72
182 98
342 77
100 34
260 98
1 52
194 82
155 83
149 60
284 79
17 25
210 6
25 38
351 39
102 98
174 17
25 16
33 18
12 9
186 23
125 18
219 1
112 66
57 22
147 62
341 84
68 10
190 14
346 77
105 42
148 58
133 39
6 22
112 48
232 25
139 7
147 41
9 44
184 75
63 10
169 92
44 61
35 24
274 14
229 73
236 98
120 30
144 2
219 11
122 90
210 94
347 17
311 29
312 60
82 75
5 81
10 94
152 64
252 56
318 72
93 88
397 5
261 73
243 80
311 20
378 15
343 40
322 70
97 81
88 85
298 17
190 2
136 99
117 28
323 60
175 27
354 35
9 100
327 41
351 36
214 59
81 28
54 20
398 85
237 94
88 46
276 77
129 4
127 28
109 70
33 53
21 50
13 99
112 90
135 58
353 45
344 89
163 11
22 60
139 96
393 42
253 95
7 69
230 8
91 51
139 82
347 10
292 15
75 3
165 98
42 91
47 32
81 58
123 90
212 21
45 95
151 51
149 91
59 98
239 98
48 21
57 98
316 14
223 38
371 80
370 87
378 94
341 3
306 58
240 99
295 39
383 73
339 83
236 62
252 3
249 100
280 63
230 53
72 93
398 18
22 2
128 90
21 56
310 82
219 53
172 61
266 83
107 86
68 13
167 28
384 26
57 11
58 49
311 6
112 12
312 52
101 11
35 20
314 10
314 36
221 11
136 61
258 85
99 19
84 29
320 9
398 69
289 26
136 9
284 71
291 60
331 56
332 97
4 94
136 52
174 24
268 13
73 41
151 97
113 85
252 11
366 73
194 89
276 12
15 40
393 97
299 81
269 52
3 92
121 29
311 19
198 14
298 73
197 87
376 15
27 7
151 37
265 91
91 75
86 95
176 55
159 63
239 9
367 66
99 4
38 52
363 75
73 35
123 22
319 41
110 27
5 48
192 71
299 25
131 56
123 80
290 19
275 28
300 43
86 93
54 67
295 86
221 65
216 97
198 15
163 94
277 37
160 19
262 75
338 15
25 2
75 88
386 28
378 81
120 25
98 67
128 34
172 51
261 67
172 42
251 97
61 15
332 4
335 32
78 6
131 8
349 54
222 30
5 83
122 53
53 60
96 2
1 81
282 33
307 11
284 65
396 87
230 62
249 60
184 34
268 34
45 84
388 39
105 90
310 99
113 41
122 40
202 42
185 59
92 77
158 9
6 65
103 32
31 17
301 48
164 86
375 42
19 22
16 22
349 56
176 6
139 75
77 9
190 74
66 54
174 44
280 37
290 68
48 72
216 10
35 28
33 25
373 60
163 65
230 43
248 49
43 98
81 4
340 29
316 54
351 99
193 91
30 39
214 78
230 70
354 74
242 13
259 67
308 64
387 26
125 83
102 5
148 59
105 34
48 88
348 97
151 87
29 16
31 76
84 2
154 66
36 77
126 73
134 95
262 18
63 88
116 24
116 58
117 49
337 69
396 15
215 79
72 42
226 29
91 96
378 2
95 90
71 94
265 58
395 88
30 85
315 48
4 39
55 70
137 62
223 18
267 35
57 1
336 89
381 82
65 61
364 19
21 91
261 48
364 2
157 32
328 71
349 58
87 62
263 66
291 37
166 97
364 19
282 71
112 83
58 28
270 82
158 22
393 35
355 95
13 41
351 79
106 46
11 11
320 2
225 15
269 59
58 99
32 90
237 37
281 32
42 44
33 13
60 43
231 18
392 87
230 6
267 86
199 94
381 10
116 36
104 12
43 92
77 59
182 15
81 48
206 89
123 76
197 59
128 21
257 47
226 59
6 41
212 90
284 40
196 97
192 36
226 17
120 17
383 90
105 60
66 67
333 27
11 46
164 40
224 34
101 30
25 10
42 88
67 79
165 7
309 68
267 87
324 82
357 1
290 9
382 24
233 3
8 91
383 90
87 65
312 50
181 42
370 7
286 2
363 97
377 52
380 27
395 32
341 41
355 55
320 34
90 32
303 98
320 29
272 54
4 69
14 56
53 99
118 74
254 26
52 34
306 32
400 47
153 7
189 92
14 48
139 81
105 25
390 40
150 98
176 16
121 56
23 14
229 1
261 10
364 3
394 57
37 39
47 65
269 9
272 33
66 90
181 13
297 92
310 25
59 62
309 73
40 3
378 86
72 94
360 92
48 51
353 29
116 81
73 71
96 48
156 99
378 76
352 11
23 99
107 41
185 42
178 52
330 73
195 92
351 90
169 10
69 58
94 66
234 21
331 52
332 35
9 45
215 12
14 81
114 77
379 8
358 77
101 85
243 94
248 38
276 13
236 78
30 59
392 80
232 64
224 16
383 56
187 35
290 76
254 87
160 88
218 43
247 36
50 5
178 35
223 72
398 3
88 82
84 28
150 60
29 6
198 67
179 77
389 77
370 86
242 27
82 57
153 71
114 28
34 13
293 56
17 16
379 39
199 9
229 44
224 44
262 23
58 78
225 36
159 61
257 94
255 21
212 88
307 61
398 73
203 60
248 55
99 19
236 30
345 7
204 76
150 27
256 35
326 2
101 73
157 49
344 79
8 58
58 32
352 24
316 73
103 7
317 88
331 92
52 20
134 23
186 51
390 53
309 94
20 75
13 35
376 59
336 76
42 46
370 58
284 17
82 36
45 87
21 85
245 63
360 55
325 79
72 30
277 54
97 57
283 75
383 31
327 3
339 5
18 14
295 60
195 17
151 5
19 60
123 35
176 9
193 77
327 27
359 66
267 66
202 86
24 59
83 55
177 30
130 26
74 37
238 68
60 5
78 42
337 63
160 80
254 15
209 70
83 33
29 81
310 93
157 23
211 58
321 55
244 13
383 3
280 97
205 7
126 11
1 7
211 46
127 62
258 7
285 35
132 46
11 17
113 51
17 97
182 62
366 86
253 38
76 94
370 65
255 52
116 76
146 5
55 22
96 91
122 8
180 21
62 99
59 4
324 55
43 8
202 40
123 90
146 43
265 39
352 35
33 28
234 76
147 24
135 82
394 62
99 75
269 78
338 86
8 11
18 91
312 43
38 69
149 71
254 62
30 89
209 62
14 9
183 53
389 31
136 36
110 86
388 58
145 76
115 81
36 5
288 28
42 63
182 100
121 97
224 11
383 26
79 65
227 65
383 19
372 73
275 17
165 85
14 32
98 33
38 26
117 93
151 16
45 23
294 12
338 90
103 82
362 19
317 24
287 6
10 64
295 28
138 10
313 87
368 59
59 20
218 62
68 85
159 21
93 77
287 22
81 52
183 85
277 80
40 47
111 73
30 31
60 65
253 46
295 93
3 25
213 73
396 34
397 24
314 54
208 98
240 84
209 71
204 89
343 50
359 32
340 25
244 6
296 50
196 13
134 40
92 96
284 74
89 31
141 43
92 28
72 86
146 26
206 69
107 10
70 90
87 95
251 75
150 64
2 64
228 47
181 39
336 60
95 51
116 9
301 94
382 15
352 3
90 93
270 27
157 14
234 96
136 99
159 24
198 33
215 65
272 25
301 8
339 83
393 38
108 41
270 93
326 28
160 85
261 22
248 49
214 48
10 21
392 40
129 37
63 24
294 62
7 46
2 74
237 51
142 56
205 50
264 51
62 98
12 82
202 22
18 14
367 93
277 29
75 44
367 25
126 64
223 39
316 15
122 85
378 29
93 58
330 80
339 9
391 95
128 80
284 91
314 53
323 52
103 39
183 14
316 68
356 3
341 82
246 6
245 74
274 1
23 92
47 41
208 61
334 18
235 47
19 31
199 22
156 47
183 20
219 90
245 34
3 24
286 60
117 40
74 43
198 31
236 25
5 87
52 94
7 47
307 60
202 100
179 100
213 62
263 60
195 61
335 50
303 23
160 8
156 36
144 96
44 2
348 89
364 76
128 93
202 63
9 61
290 72
365 82
375 90
322 98
126 86
255 70
388 1
119 71
62 74
80 95
47 83
330 89
397 67
172 81
77 14
271 91
12 26
285 93
84 26
139 26
4 71
240 87
197 14
178 38
110 35
207 59
357 64
32 29
289 92
395 21
346 74
385 50
207 38
131 3
114 65
213 43
55 54
260 41
208 40
39 42
385 55
296 90
72 22
162 4
101 59
274 48
191 27
10 40
305 16
60 63
318 46
266 2
277 43
283 82
165 10
339 59
346 51
58 46
327 65
158 6
131 42
147 63
66 53
311 35
230 27
136 35
315 1
312 91
264 64
241 22
225 47
317 57
128 64
392 29
49 90
305 99
55 2
187 64
222 39
8 25
145 70
318 48
144 50
95 8
309 65
283 40
300 74
103 54
173 73
362 35
154 31
342 6
244 84
189 34
333 90
152 95
220 42
297 51
280 98
302 79
396 28
325 79
215 30
227 29
194 25
137 8
22 22
333 68
269 51
339 62
29 67
220 80
246 48
172 88
394 86
140 63
68 32
301 94
76 50
147 30
74 41
62 57
12 38
399 13
391 97
385 33
140 21
123 47
67 6
173 64
287 35
286 2
181 29
99 100
237 61
400 45
99 30
82 84
242 65
340 94
229 96
204 34
49 61
349 57
258 99
37 49
367 47
211 60
339 73
205 57
282 35
170 69
316 86
111 70
234 39
105 42
16 24
356 48
147 10
11 57
24 12
218 57
298 4
69 3
219 60
33 65
10 62
78 29
34 91
341 70
400 16
151 87
228 22
47 49
2 98
224 47
142 23
347 71
392 14
159 71
164 18
149 96
236 79
393 8
49 95
106 68
3 16
261 93
209 35
274 90
31 48
203 78
330 86
341 46
372 67
155 88
77 7
201 31
386 16
61 30
212 14
279 47
164 87
238 58
372 86
372 100
86 95
275 28
52 51
352 46
85 28
312 67
384 78
333 39
316 6
360 41
116 95
223 10
132 57
262 34
176 25
158 53
339 92
17 5
149 88
165 69
375 42
32 57
85 37
302 51
123 5
164 45
330 3
288 15
214 94
331 10
104 21
264 73
280 59
111 32
315 50
236 8
315 85
14 73
86 60
85 95
180 72
243 48
356 72
46 73
355 60
156 8
203 24
71 93
28 15
123 59
193 28
185 93
192 12
162 76
20 27
182 8
361 71
367 51
321 84
77 50
183 74
139 56
222 66
237 47
137 51
397 50
312 58
121 66
61 61
269 38
341 99
221 12
291 28
242 48
207 5
302 34
310 62
13 62
326 42
17 37
122 89
274 3
254 12
225 51
39 56
72 53
307 10
49 80
392 3
63 77
6 54
253 4
288 24
157 67
193 19
381 9
287 79
31 47
255 40
372 46
177 55
75 37
48 17
324 50
341 28
86 77
215 29
296 73
228 84
184 5
298 34
330 17
259 87
333 68
37 8
398 7
73 9
143 63
107 48
1 34
338 51
219 94
57 61
400 20
270 63
187 36
373 15
203 100
36 17
220 12
272 71
13 66
52 60
66 98
277 14
112 83
175 51
238 94
39 29
243 4
118 19
72 89
56 92
178 30
137 21
197 18
85 48
163 34
103 47
297 75
310 27
43 35
323 59
18 28
243 3
70 72
28 28
348 76
322 33
177 90
262 49
259 29
382 41
28 37
370 60
253 51
314 72
106 26
15 48
392 2
150 47
99 31
255 26
193 16
292 63
155 16
263 88
226 33
15 41
281 34
205 94
391 20
230 86
206 86
146 29
19 1
193 51
261 35
357 85
191 34
27 22
191 68
16 35
205 78
178 89
374 82
374 52
258 2
196 95
3 88
380 18
82 11
45 23
98 25
162 61
338 67
313 89
174 69
7 60
170 19
41 21
80 68
227 56
303 80
392 57
372 94
257 7
203 2
245 6
199 78
182 69
317 40
14 57
85 66
21 6
58 48
207 61
284 91
23 93
62 32
164 65
350 47
118 7
177 8
146 60
183 28
100 30
244 61
19 72
269 69
144 80
195 41
211 13
5 19
208 81
120 96
234 46
191 59
29 97
129 68
5 68
227 78
299 49
86 74
367 17
307 3
269 80
233 94
248 89
281 87
259 67
35 28
195 31
307 51
121 35
87 64
204 8
339 87
257 64
350 36
359 68
284 41
309 3
11 83
134 34
283 77
82 40
35 8
288 22
305 85
130 94
383 11
200 43
381 63
4 20
237 57
248 89
249 54
121 7
140 2
96 1
284 31
165 85
284 26
55 17
325 47
354 41
264 61
211 84
228 8
26 23
270 54
310 3
73 36
139 42
100 33
7 7
75 52
294 39
325 18
84 47
66 24
204 49
132 49
234 66
281 84
237 14
397 75
311 99
300 49
107 36
63 90
38 50
215 40
224 5
85 89
232 59
113 31
178 58
3 48
197 2
120 31
200 24
152 34
336 15
196 42
130 54
239 94
153 6
339 9
110 51
252 78
133 20
156 36
235 56
377 78
243 49
306 100
13 46
301 18
22 61
389 91
223 9
332 28
235 77
306 42
88 78
228 10
186 63
308 26
374 17
146 16
143 44
327 40
51 92
144 5
359 17
311 12
178 46
130 15
242 30
389 30
27 73
245 99
26 50
112 81
29 60
101 60
50 63
85 1
162 72
301 51
278 62
228 100
329 78
202 84
201 86
314 43
29 20
255 31
285 90
250 82
64 64
282 1
378 45
337 91
124 40
358 92
226 93
73 28
232 100
127 52
227 93
147 95
288 12
191 94
223 57
342 30
383 98
124 39
220 36
273 48
362 83
386 10
120 64
64 87
251 48
32 99
385 56
19 30
110 8
197 98
255 72
247 2
140 16
49 14
91 5
46 66
316 67
135 20
279 14
129 78
245 36
62 55
173 46
106 2
289 95
226 36
348 90
250 9
362 59
255 82
14 76
41 39
277 20
92 17
353 28
318 47
377 46
360 81
250 70
242 91
240 100
16 35
116 40
351 99
382 30
139 96
330 30
294 55
68 89
211 44
17 75
14 69
216 88
173 72
186 20
190 96
92 99
24 49
380 76
51 58
271 71
141 45
246 26
254 5
394 14
117 25
65 77
136 80
358 14
279 31
53 76
347 68
337 81
344 43
28 86
24 64
287 9
196 91
313 94
292 56
245 91
176 9
70 66
144 56
345 9
129 89
44 98
306 31
38 11
185 18
345 97
297 24
328 13
