48 662 100
1 2 10000
1 3 176711
1 4 167173
1 5 165100
1 9 55531
1 10 73275
1 11 61441
1 12 167847
1 13 192161
1 14 123414
1 15 20784
1 16 97308
1 17 10000
1 19 197768
1 23 20935
1 25 183517
1 28 168514
1 29 74090
1 31 36692
1 32 144069
1 33 41187
1 34 37489
1 36 172414
1 37 179058
1 38 18187
1 40 60360
1 41 87371
1 42 63717
1 43 45657
1 44 124212
1 45 86829
1 46 180802
1 48 99241
2 3 10001
2 5 146388
2 6 59094
2 7 77410
2 9 179742
2 10 51772
2 12 162029
2 14 80207
2 16 57809
2 17 35940
2 18 9999
2 19 161306
2 20 179095
2 22 187409
2 26 168680
2 28 184690
2 29 121646
2 30 138072
2 31 188691
2 32 57078
2 33 63001
2 34 165872
2 37 116595
2 40 96592
2 41 86212
2 42 40851
2 44 39158
3 4 9999
3 5 63116
3 6 128714
3 12 146497
3 13 89278
3 14 161501
3 15 149655
3 16 16019
3 17 78459
3 19 9999
3 21 28070
3 22 97875
3 28 29011
3 29 75926
3 30 78671
3 31 78319
3 34 159240
3 35 102817
3 39 38296
3 44 33813
3 45 165992
3 46 52162
4 5 10000
4 7 190849
4 8 158854
4 12 140608
4 13 124863
4 14 139622
4 18 133153
4 19 151561
4 20 10000
4 22 82293
4 23 10982
4 24 196508
4 25 185568
4 26 43461
4 29 18862
4 30 168950
4 34 191944
4 35 116046
4 36 130654
4 37 90527
4 40 87046
4 42 19824
4 43 142529
4 46 186090
4 47 102200
4 48 158068
5 6 10001
5 7 29329
5 8 198829
5 10 38224
5 11 123643
5 13 192894
5 17 41326
5 18 101728
5 19 79589
5 21 9999
5 22 144195
5 25 35399
5 26 101074
5 28 29646
5 33 38714
5 34 10966
5 35 51771
5 36 72324
5 37 78325
5 38 160915
5 40 123752
5 41 54485
5 44 138735
5 45 131689
5 48 115193
6 7 10000
6 11 17336
6 12 13279
6 14 62155
6 17 123307
6 18 197103
6 19 144324
6 20 187472
6 21 166431
6 22 10000
6 24 177341
6 25 168359
6 26 36860
6 29 106882
6 30 174259
6 33 192507
6 36 12924
6 38 181161
6 41 59515
6 42 106293
6 44 41151
6 45 57175
6 47 129948
6 48 91382
7 8 9999
7 9 47958
7 12 47374
7 16 167533
7 17 117521
7 18 63822
7 19 97655
7 20 114265
7 22 16383
7 23 10000
7 24 14917
7 26 174742
7 29 132207
7 31 69934
7 32 49029
7 33 155744
7 34 68266
7 35 150372
7 36 79509
7 39 12527
7 43 149723
7 44 156299
7 48 103155
8 9 9999
8 12 114137
8 13 129495
8 15 46857
8 18 26315
8 19 67192
8 21 108000
8 23 179804
8 24 10000
8 25 30659
8 26 91045
8 27 150945
8 28 156276
8 32 39349
8 34 153824
8 35 88452
8 37 49382
8 41 43240
8 42 127505
8 45 158222
8 46 70802
8 47 74361
9 10 10000
9 16 10011
9 17 100453
9 19 44923
9 20 117040
9 23 172614
9 24 104693
9 25 10000
9 28 152785
9 29 78868
9 31 107690
9 36 168959
9 38 99679
9 40 51698
9 41 46421
9 42 93459
9 43 79213
9 46 97762
9 47 87220
10 11 10001
10 12 62567
10 13 85968
10 16 166753
10 18 185558
10 21 169077
10 22 100487
10 25 92079
10 26 10000
10 29 166736
10 30 31917
10 33 65406
10 34 135413
10 35 167409
10 40 191215
10 41 27548
10 42 109490
10 43 83223
10 44 68068
10 45 90339
10 48 197724
11 12 9999
11 13 169810
11 14 110503
11 17 192790
11 18 181995
11 21 166228
11 23 72102
11 24 149530
11 25 197051
11 26 42676
11 27 9999
11 31 175432
11 33 70961
11 34 133376
11 36 185771
11 37 87242
11 38 81399
11 40 107670
11 41 22602
11 42 188594
11 43 45743
11 44 173524
11 47 130472
11 48 48279
12 13 10001
12 14 175650
12 16 45476
12 17 160616
12 18 101588
12 20 124745
12 21 131061
12 24 142952
12 25 105344
12 26 111094
12 28 10000
12 29 103727
12 31 170619
12 32 160658
12 33 185632
12 34 136757
12 37 63542
12 43 65427
12 45 122193
12 46 146528
12 47 71572
12 48 67303
13 14 10000
13 18 182026
13 20 20820
13 21 162178
13 23 144679
13 24 17673
13 27 32222
13 28 40386
13 29 9999
13 30 32739
13 31 179331
13 38 181321
13 41 80013
13 42 169315
13 44 142934
13 46 136261
13 48 132662
14 15 10000
14 16 179772
14 17 37531
14 18 39461
14 19 72557
14 20 150292
14 21 49317
14 23 99794
14 24 160581
14 25 86825
14 26 111011
14 27 157387
14 28 188204
14 30 10000
14 34 33501
14 36 138904
14 37 43775
14 39 48547
14 40 38087
14 41 159672
14 42 95719
14 44 186246
14 47 125899
14 48 166429
15 16 10001
15 18 96159
15 19 101654
15 20 164576
15 21 182593
15 24 177119
15 25 131462
15 26 121472
15 27 147284
15 28 26800
15 29 49626
15 31 10000
15 32 191011
15 33 65867
15 35 82038
15 36 40546
15 38 148392
15 39 48338
15 40 46685
15 45 158107
15 48 180161
16 20 73689
16 21 103884
16 23 130143
16 25 62031
16 26 71669
16 27 121719
16 28 28020
16 30 69714
16 31 138980
16 32 9999
16 33 183290
16 34 78809
16 35 193194
16 38 148541
16 40 180891
16 42 125972
16 45 105291
16 48 39802
17 18 10000
17 22 75642
17 23 51246
17 24 144192
17 26 112431
17 27 172230
17 31 81295
17 32 57675
17 33 10000
17 34 116344
17 35 194028
17 36 116248
17 39 133292
17 40 187165
17 41 165067
17 43 130389
17 44 43272
17 47 101514
18 19 9999
18 21 98322
18 23 185150
18 25 136165
18 27 17705
18 28 21179
18 30 158876
18 34 10000
18 42 93856
18 45 107368
19 20 9999
19 22 37732
19 24 75827
19 25 69106
19 26 122014
19 27 114511
19 28 121497
19 29 117234
19 31 75899
19 32 180629
19 35 9999
19 37 80484
19 40 167821
19 44 135070
19 46 72539
19 47 72610
20 21 9999
20 24 13765
20 25 192462
20 26 186618
20 27 102840
20 32 76127
20 33 123061
20 34 46655
20 35 138338
20 36 10001
20 39 67967
20 42 17407
20 44 107133
20 46 129619
21 22 9999
21 25 148819
21 26 86041
21 27 121263
21 28 71074
21 30 70636
21 31 38825
21 32 67138
21 35 178274
21 36 35077
21 37 10000
21 40 12857
21 41 147271
21 43 91115
21 44 133289
21 45 112696
21 48 116577
22 23 10000
22 24 23617
22 25 150874
22 26 153433
22 28 149508
22 29 74139
22 30 79615
22 32 26978
22 33 183034
22 34 64805
22 35 179019
22 38 10000
22 40 131008
22 43 67072
22 45 99585
22 47 25119
22 48 21250
23 24 9999
23 25 190679
23 26 197069
23 27 148965
23 28 144427
23 29 55970
23 31 69601
23 32 184333
23 33 108755
23 34 151783
23 35 98188
23 39 10000
23 42 196123
23 44 171303
23 48 196874
24 25 10000
24 26 195193
24 28 65020
24 29 58524
24 31 12223
24 32 11493
24 33 156032
24 35 121948
24 36 126594
24 40 10001
24 41 102282
24 42 87832
24 44 52840
24 46 26443
24 48 57992
25 26 10000
25 28 17181
25 29 128873
25 30 48455
25 32 190245
25 33 39611
25 34 45492
25 35 119501
25 36 157051
25 37 19537
25 38 26961
25 39 66871
25 40 138571
25 41 9999
25 42 81167
25 43 139950
25 46 163686
26 27 10001
26 28 12376
26 29 38659
26 30 180623
26 31 94273
26 33 197093
26 36 59075
26 40 178516
26 41 11000
26 42 10000
26 44 140032
26 45 132491
26 47 157787
26 48 152189
27 28 10000
27 29 90527
27 30 53241
27 33 131174
27 35 176063
27 36 67915
27 38 84165
27 40 69784
27 42 127033
27 43 9999
27 45 137528
27 47 132033
27 48 59985
28 29 10000
28 30 131398
28 31 108236
28 32 103368
28 34 17682
28 36 189283
28 37 137646
28 38 96809
28 39 19402
28 42 100264
28 44 9999
28 45 53054
28 47 58948
28 48 23921
29 30 10000
29 32 165220
29 33 151733
29 35 24099
29 36 137948
29 37 73348
29 41 84146
29 44 60236
29 45 10000
29 47 64000
29 48 19497
30 31 10001
30 33 180270
30 34 157010
30 38 180635
30 39 14117
30 40 12904
30 41 189970
30 42 119292
30 44 133464
30 46 10001
30 48 188367
31 32 10001
31 34 65337
31 38 158087
31 43 126404
31 44 183574
31 46 12688
31 47 9999
31 48 131230
32 38 149296
32 39 43899
32 40 103167
32 42 162716
32 43 47631
32 44 15512
32 47 73541
32 48 9999
33 34 10001
33 36 195511
33 37 10345
33 38 50595
33 39 114581
33 40 88209
34 35 10000
34 39 141724
34 40 101111
34 42 13112
34 43 63212
34 44 89474
34 48 189259
35 36 10001
35 37 61294
35 39 181685
35 41 26069
35 44 84006
35 45 131717
35 46 15751
35 47 17888
35 48 10557
36 37 10000
36 38 198041
36 39 58068
36 42 106361
36 44 134286
36 45 41476
36 46 35955
36 48 187591
37 38 9999
37 41 69471
37 42 21240
37 43 53160
37 44 160085
37 45 21749
37 48 176274
38 39 10000
38 40 139751
38 41 12072
38 43 100165
38 44 152272
38 45 197011
38 46 79199
38 47 47714
38 48 168589
39 40 10000
39 42 80554
39 43 150366
39 45 64113
39 46 183247
40 41 10000
40 42 156313
40 45 183659
40 46 70405
40 47 94641
40 48 17534
41 42 9999
41 43 121833
41 46 171816
41 47 52992
41 48 37666
42 43 10000
42 46 117263
42 47 198563
43 44 10000
43 45 193640
43 46 158119
44 45 10000
44 46 57378
44 47 118575
45 46 10001
45 47 53345
45 48 92307
46 47 9999
47 48 10000
7 14 29
6 37 45
15 20 36
12 14 43
3 12 20
21 29 32
2 19 46
9 18 48
4 13 45
20 36 45
9 33 39
33 45 47
4 11 15
1 9 45
30 31 46
8 32 39
28 30 41
12 15 29
20 43 45
5 13 29
1 20 22
16 47 48
21 31 44
16 18 30
20 24 29
25 29 48
3 45 46
3 15 25
1 31 38
28 33 43
16 27 42
22 35 36
24 33 44
17 21 30
2 24 48
3 5 47
4 34 43
16 29 39
6 36 45
14 22 29
3 25 35
7 9 35
11 39 46
15 22 25
2 8 30
2 35 37
15 19 40
5 24 28
6 12 36
9 31 35
22 25 34
7 27 48
3 9 14
24 42 45
13 33 44
9 19 45
1 8 30
27 37 44
19 29 47
3 8 10
3 10 48
4 9 26
1 14 43
1 29 37
36 38 44
17 46 48
5 14 31
4 33 37
8 10 42
17 26 44
9 24 28
26 29 42
4 17 18
2 21 33
12 13 29
2 39 47
20 36 39
6 10 42
10 33 39
8 14 39
2 34 43
11 24 34
15 26 40
3 6 14
9 23 25
16 30 47
16 22 36
2 3 48
14 22 26
21 28 41
8 17 35
4 41 45
14 25 38
8 25 46
5 28 37
7 19 38
32 36 42
21 23 33
32 35 45
16 25 45
