49 548 100
1 2 1000000
1 4 4997310
1 5 9225997
1 6 11564845
1 8 999999
1 14 10800980
1 21 5890838
1 22 8560569
1 24 7931878
1 25 3901555
1 27 5434551
1 28 3355590
1 29 13653165
1 35 7735183
1 36 1325196
1 37 12376502
1 39 3854339
1 40 4406500
1 45 7475940
1 46 8297556
1 48 1835957
1 49 3925666
2 3 1000000
2 6 8881570
2 8 5055414
2 9 1000000
2 10 1818568
2 11 14714887
2 12 13769979
2 13 9308497
2 14 9441448
2 16 5716750
2 20 5509445
2 21 1203077
2 23 3621324
2 24 13445030
2 28 5599224
2 29 3592389
2 42 11904000
2 44 2503726
2 45 14951788
2 47 9854814
2 49 6594544
3 4 1000000
3 9 5542189
3 10 999999
3 12 12696534
3 15 1552747
3 22 3077752
3 26 6247257
3 27 8719344
3 28 4993382
3 30 1667400
3 32 7325531
3 33 5836765
3 34 3086325
3 35 5125633
3 38 4330332
3 40 3135229
3 42 11544425
3 44 8299080
4 5 999999
4 8 3832826
4 10 12962050
4 11 1000000
4 12 8211984
4 15 1321394
4 17 11924489
4 18 4716295
4 20 10797943
4 22 9503015
4 23 9783987
4 24 14963356
4 26 10975075
4 30 9908485
4 33 13158590
4 34 7719653
4 37 6065447
4 40 8167752
4 43 11220366
4 46 10859182
4 49 14058566
5 6 1000000
5 8 11698085
5 12 999999
5 13 1845820
5 14 11010263
5 17 8910699
5 18 2019495
5 20 7110755
5 22 7984161
5 24 7966702
5 28 5631851
5 30 2743274
5 34 3827105
5 35 7265860
5 36 2972729
5 41 2314175
5 46 14003343
5 47 3960785
5 48 2693623
5 49 13815695
6 7 999999
6 8 9663067
6 10 12382236
6 12 12543998
6 13 1000000
6 15 6195998
6 19 5145512
6 23 14587228
6 25 11336167
6 26 7588744
6 30 8678532
6 32 2708634
6 34 12169730
6 37 5402353
6 38 3964842
6 40 9122462
6 42 10723356
6 43 9525581
6 44 3150885
6 47 2077226
6 49 14564014
7 14 1000000
7 15 4697805
7 16 7477930
7 19 8447579
7 20 14563898
7 22 1599661
7 23 13001572
7 27 9292473
7 28 8478676
7 29 2555097
7 38 4924583
7 39 8356771
7 40 2938874
7 42 3142454
7 45 12010948
7 46 1078034
7 47 8170226
8 9 1000001
8 10 6565780
8 13 2340418
8 14 12024331
8 15 1000000
8 17 1395596
8 18 10995349
8 21 6209199
8 22 8355041
8 24 9731665
8 26 13323438
8 30 3611916
8 31 8120216
8 34 2625317
8 35 8504474
8 39 9089028
8 42 13497131
9 10 1000001
9 11 10877435
9 12 8241844
9 14 6029000
9 15 9331647
9 16 1000000
9 19 11620635
9 20 8572029
9 28 3358656
9 32 14972976
9 33 7450950
9 34 6039997
9 36 11055461
9 39 6098989
9 45 4280652
9 46 5667828
9 48 14068313
9 49 14239187
10 11 1000000
10 13 12663285
10 14 13872152
10 16 1091520
10 17 1000001
10 19 12475674
10 20 6961394
10 21 2430632
10 22 7672955
10 25 8607291
10 26 5342109
10 33 14418409
10 36 10090043
10 37 3720894
10 41 2346934
10 43 12608867
10 44 14958189
10 47 1577924
10 48 7104130
11 12 1000001
11 13 12545925
11 14 3001895
11 18 1000000
11 19 11167669
11 23 1698415
11 24 8958380
11 26 12880019
11 27 14943850
11 33 12854067
11 35 1648101
11 36 7836377
11 39 5749811
11 42 5024318
11 45 7336350
11 47 1017592
11 49 8098352
12 13 1000000
12 14 3509429
12 17 14278434
12 19 999999
12 20 1704795
12 21 6082506
12 22 9947445
12 23 7315754
12 26 6110990
12 28 8464194
12 29 12864164
12 30 12937895
12 31 1851306
12 33 10806246
12 39 7178616
12 45 9215499
12 47 2154696
13 14 999999
13 15 7972855
13 16 4035861
13 17 6011113
13 18 9536982
13 19 8094789
13 20 999999
13 21 5097883
13 22 4969173
13 24 8619760
13 27 6672294
13 28 12370173
13 29 4717648
13 30 3962175
13 32 10114212
13 33 8758991
13 41 11148434
13 44 4639458
14 17 7373207
14 18 3430674
14 19 1271778
14 20 3082044
14 21 1000000
14 22 11421803
14 25 13890292
14 30 11518473
14 31 12684847
14 32 11943240
14 33 2163223
14 35 6811162
14 36 3700623
14 42 8713437
14 46 2717905
14 48 8949631
15 16 1000000
15 18 8242597
15 20 6188938
15 22 1000000
15 25 12974312
15 27 11065982
15 29 4353854
15 30 9705207
15 33 11790449
15 35 6348382
15 38 8566963
15 40 2192597
15 41 7183844
15 45 13086594
15 46 14147834
15 49 6221613
16 17 1000000
16 19 5623876
16 22 10124116
16 23 1000000
16 24 5831649
16 25 9532068
16 26 12146186
16 27 1332220
16 28 8578879
16 30 2113020
16 31 5513229
16 34 14811919
16 37 2459975
16 39 14535563
16 41 6201809
16 42 4951520
16 44 4328096
16 45 14508817
17 18 1000000
17 19 14062136
17 20 5653801
17 21 2672912
17 24 1000001
17 25 10106133
17 27 1525958
17 29 14564564
17 31 10535347
17 32 14121663
17 35 9373387
17 39 6630999
17 42 13034337
17 44 6351960
17 45 7878462
17 47 12947758
17 48 10972705
17 49 9146946
18 19 1000000
18 20 8178149
18 25 999999
18 27 7771390
18 28 2612701
18 29 2953871
18 31 7070513
18 34 1964601
18 37 1399856
18 38 11607089
18 40 12515862
18 41 5412846
18 43 8287443
18 45 14672938
18 47 1727646
18 49 13181623
19 20 1000000
19 23 12436552
19 25 4346761
19 26 1000001
19 29 12831145
19 30 2799991
19 32 10685432
19 34 14085088
19 36 14221283
19 37 7127403
19 38 14066968
19 39 1705290
19 41 5107119
19 46 11986113
20 21 1000000
20 22 10997312
20 23 14554283
20 24 13377142
20 25 10043929
20 26 2724756
20 27 1000000
20 29 5010816
20 30 1972167
20 36 1040634
20 37 10061344
20 40 13831719
20 41 14974337
20 43 3593413
20 46 3525600
20 47 11217529
20 48 13500241
21 22 4642992
21 26 9481344
21 28 1000001
21 33 7084342
21 36 11569788
21 37 1553143
21 38 14448746
21 40 4742889
21 41 6287278
21 43 7156307
21 49 14407138
22 23 1000001
22 24 7378632
22 25 4823754
22 29 999999
22 31 6722421
22 37 2567797
22 38 9843635
22 39 2505863
22 41 1444331
22 42 8581804
22 46 4463371
22 48 10082626
23 24 999999
23 27 10544709
23 30 1000000
23 31 9103414
23 34 5043051
23 38 6746045
23 39 4843334
23 42 6494656
23 43 7475187
23 45 13974421
23 47 10773359
24 25 1000000
24 26 7748936
24 27 1257743
24 31 1000001
24 32 7345626
24 40 10556149
24 41 13246350
24 42 9070239
24 43 13713703
24 44 8907116
24 46 9727872
24 48 7542638
25 26 1000000
25 30 11415810
25 32 1000001
25 33 4192141
25 36 1988938
25 41 4350868
25 43 13156147
25 47 11445779
25 49 13008029
26 27 1000000
26 28 14040299
26 31 10773555
26 33 1000001
26 35 7919082
26 36 13318521
26 37 1144516
26 39 4818392
26 40 2588750
26 42 11065029
26 47 7463316
26 49 5857854
27 28 1000000
27 29 11214278
27 31 14120241
27 32 3077908
27 34 1000000
27 36 7216133
27 37 12876263
27 38 11871165
27 39 5529429
27 44 3543041
27 46 6562791
27 49 12855524
28 31 14756017
28 34 4210627
28 35 1000001
28 36 5243202
28 38 5301038
28 41 13059506
28 43 8055336
28 48 4398911
28 49 6536810
29 30 1000000
29 33 7270554
29 36 1000001
29 37 8255673
29 38 7990930
29 41 7028442
29 42 1042359
29 48 10125905
30 31 1000001
30 32 6506145
30 34 14373641
30 37 1000000
30 38 13702515
30 41 4017788
30 44 14338728
30 45 12548366
30 46 7628180
30 48 5153123
31 32 1000000
31 33 3772629
31 34 10419453
31 35 10182178
31 36 4123842
31 38 1000000
31 40 1173626
31 41 3913298
31 43 13020666
31 45 8947031
31 46 9868158
31 48 3154640
31 49 13061255
32 33 999999
32 36 3014919
32 38 7730245
32 39 1000000
32 41 12773590
32 47 3016880
32 49 3602422
33 34 1000001
33 37 14241796
33 38 2355810
33 40 1000000
33 44 11965496
33 45 4301316
33 48 8283982
34 35 1000001
34 40 4669085
34 41 999999
34 47 10135678
34 48 1036089
35 36 14746748
35 37 6830516
35 39 14984445
35 41 9181030
35 42 1000001
35 46 7153265
35 48 14561043
35 49 10148107
36 37 999999
36 38 6559012
36 39 12723860
36 40 14515758
36 43 1000001
36 46 11604538
37 38 999999
37 40 7821905
37 44 1000001
38 39 1000000
38 41 13000776
38 44 4514893
38 45 1000000
38 47 8294864
39 40 1000000
39 43 5330375
39 44 3252040
39 46 999999
40 41 1000000
40 43 13775764
40 44 4115065
40 45 10414903
40 47 1000001
40 49 13852977
41 42 1000000
41 45 11337612
41 46 3009453
41 47 7463809
41 48 1000000
42 46 1373499
42 49 1000000
43 44 1000000
43 45 8252001
43 46 12215156
44 45 1000000
44 47 4674093
45 46 999999
45 47 5506870
46 47 1000000
47 48 1000001
48 49 1000001
2 7 14
1 10 18
16 31 34
3 37 39
17 28 33
38 43 45
18 44 45
30 41 43
3 8 30
15 22 30
3 6 49
23 29 49
21 23 31
24 26 31
2 15 42
1 19 37
3 25 47
5 8 21
32 34 40
3 21 30
24 26 29
22 43 45
11 23 36
2 15 48
16 34 48
14 37 38
8 12 26
10 14 23
5 21 36
18 40 41
5 15 49
19 27 43
19 25 31
20 47 48
4 32 41
4 31 48
5 30 37
13 24 40
4 31 40
20 28 49
3 5 49
25 41 45
14 23 39
25 46 48
7 17 49
16 28 35
9 16 49
9 12 35
3 43 47
5 18 47
12 33 40
2 16 27
1 8 9
9 17 37
1 41 42
10 14 22
21 41 47
2 21 42
31 34 47
7 36 37
13 15 19
38 42 44
10 39 47
4 15 21
4 37 42
10 23 25
7 16 27
10 34 43
38 39 40
13 17 45
2 5 22
11 26 39
1 13 21
4 11 39
5 20 23
16 18 47
21 24 43
11 20 42
16 25 33
26 27 35
3 27 38
5 14 35
1 23 25
36 40 41
20 26 45
9 11 14
2 18 43
10 39 44
6 15 36
11 27 38
6 25 44
17 19 34
2 18 25
3 15 16
4 6 34
7 21 27
3 6 16
23 45 48
1 4 35
8 19 30
