14588 8888
9564
3262
9340
-5424
-9638
-5481
-8362
-6998
-382
-9351
-3299
5798
4626
4355
-6399
9676
393
-6045
5083
1792
-5808
-755
1622
-9142
-7700
-4392
-8365
8129
-3171
-514
-1029
-9806
2788
-5675
-3212
3908
-9034
7476
-5082
-9270
-7084
2727
-2947
4150
-6837
-8024
9553
9334
-3808
-9041
2083
7742
577
-4294
4761
-3465
863
305
3449
-6372
7827
-6713
-4556
2438
6711
-8188
8623
-957
2918
9841
279
-6033
1739
-3973
-8468
-8161
-10059
-9915
2162
-7041
9199
-7667
-1218
-43
2745
6781
-10188
-2060
-7353
-222
9855
7483
8803
357
-4745
9075
-8206
669
-7432
1568
5296
5590
-9504
5614
5153
-4951
1526
-9817
9601
6775
9834
-9192
2654
2677
-4478
-7578
4543
-8813
2340
-4527
-716
6868
-5645
-8564
9883
9263
364
-5946
-2341
9035
2702
9359
-1137
7637
-4472
-2768
-8723
7689
-8494
-1229
-5453
-3839
2348
-4787
-4235
62
7128
-4954
-3849
1193
3724
-6840
-8738
-5829
-6451
-9483
-6848
9024
10185
-950
-4345
-2136
4487
-480
583
743
-1960
-2432
8442
-3213
-9386
-5230
-9012
2283
5240
9963
6955
337
4569
-3689
-1228
-8027
-7017
7901
4796
-8109
8573
-2247
-1233
-9396
-7442
3347
-9711
5523
-1464
-6951
-7626
2127
8568
4502
-3174
4220
-7591
-4704
-2217
4608
3423
3589
-478
8972
-3621
-5654
-3864
6512
5605
4723
-4824
-1437
-3147
-7080
5382
717
-7308
288
2744
1612
5643
2397
-8342
-8978
8546
8549
-1176
-662
-8273
-10140
9375
-7110
1078
9592
-4642
8885
-3657
3108
-2442
4011
-6466
6988
-5691
4258
-6993
6581
6843
-6447
-978
-6111
5543
4719
2940
-9318
-7706
6889
-2385
638
-349
5615
-6954
-2814
9947
-5166
-4525
-8338
3369
7979
263
1115
9362
-10087
656
6191
9839
9164
5233
9862
-10093
5560
6373
228
1683
8870
-2799
-3043
2187
4013
-3385
566
136
-6502
6222
-3987
-4836
-9055
6001
-3846
-237
1588
-2752
-7718
2183
-1805
2370
5013
3165
8479
-2472
2252
-9919
-6272
-6285
-9264
4771
-5074
-5321
7983
-8193
3914
-1710
-9400
5720
-5247
6201
-1493
-108
4679
-4588
1791
182
10199
-3528
-7790
-3892
5591
-2977
7862
-5295
-5741
593
-6308
-143
-5033
9398
8020
-8882
5348
7290
-2137
7297
-3041
-6357
1138
-7016
-8361
-2761
-1263
6034
-6788
-8709
-8114
3921
1183
3900
-5549
338
211
-303
6479
21
-9519
-1771
-6108
9742
8777
-9043
9253
9267
5804
5636
-789
5799
6658
8873
9898
-159
-1057
-5374
8789
914
-491
-3391
6002
-2887
-5220
-5308
-7091
6205
9912
3373
7693
-620
-1865
-2103
-9176
-7426
2242
-5609
6023
-1517
1346
4418
-6723
2676
-2539
-10195
-1494
-711
2586
5439
-1163
-8270
304
-6761
6558
8679
-3356
407
9316
-8326
-2317
892
-3330
7513
56
-7049
-2855
9016
416
3231
-3775
-8329
-1353
-9420
-7658
7315
2963
-9447
267
-6381
4855
6178
-6975
3307
-9652
-1334
2282
4404
-9134
-4593
-7961
-3844
-4075
9889
9436
-722
-8040
8138
-9731
-4405
6412
-2619
-4606
5850
-6752
-405
9117
5370
-9835
-8353
8732
-6149
8912
-5692
-6197
9061
-9700
-5183
-7073
-7598
-10115
-9906
-7609
5261
3035
3071
-2106
8914
-8528
1105
419
5763
-9662
-1467
10045
2663
-121
-1662
409
9937
-8604
-780
9780
2465
7891
3723
-8561
516
-1888
-8400
1367
-3777
2923
2240
-216
-4781
3960
-360
-7847
-1803
4006
2738
-7785
-8921
-5570
-6078
2208
-3744
2999
-3061
427
-5814
-5731
7337
-3327
7940
7883
-3102
1420
-1520
1869
-522
6982
6104
4867
-5362
2886
-9370
8299
1273
-9296
-6099
-1198
9820
-9642
8292
294
-6497
3123
6095
-1331
-980
-5109
1514
-7468
-2406
-2324
-2177
-7948
-4295
-9586
-5446
2729
-4734
-1268
3153
-7133
-3547
6257
-7548
2308
-9917
4007
8343
5113
-3862
650
-2706
-5545
3653
9513
-6831
-6472
-3587
-3622
8043
-5606
-2871
3675
-4901
9123
7981
-968
4408
8648
-3961
-5327
-1842
-7910
1374
4464
9954
9538
-9529
1204
-7260
2273
375
-8026
6874
4140
7377
-2933
7153
-1930
9440
-3952
6022
-3179
8703
-1502
9950
2882
6653
-6648
-140
4513
7268
-9137
-5058
7698
-9501
4871
215
7659
1203
4738
7188
7610
-4156
-6453
7908
3867
7283
7323
-3506
8324
-4535
7789
-2131
-2347
-524
-2346
-1848
-2293
-9981
189
-9572
1795
7405
2795
-2110
-169
4806
-917
-8642
-7312
5054
-7316
-760
114
-9122
-2895
1711
9008
-4732
2880
-7950
2678
-8445
6160
886
5031
-1366
2087
-1327
-2962
-858
10114
-6389
-9941
-8838
6024
-8673
-1290
3298
-10203
-2462
-2985
1604
-7189
2310
4065
2579
1460
-4730
-2566
-9150
-803
-8817
9656
3999
1729
-8476
-1070
1794
9973
9605
6601
5791
-1323
5571
-2185
5252
-5704
10060
-2584
-7472
2439
-2194
-3370
-7034
1357
5472
-2258
9800
2593
10198
4899
805
-2088
-1003
-6374
-135
10041
1901
6650
-8142
-1032
7388
-1554
-5751
4317
-4657
9710
-1351
7320
8545
5325
4067
8341
4197
2211
-6084
5092
-2400
-6738
6147
1682
807
-3623
-4903
7590
-2009
-1283
-8126
-5934
-6266
4595
-3792
-663
-2379
-3152
-1632
2832
7421
-9630
406
667
7123
1381
2921
3252
9771
-7565
-2924
-80
5970
-6426
-8067
2205
7541
1575
-9646
3094
-9200
-6949
2155
800
85
-7733
-6632
-2874
-2313
9040
-3348
9466
8000
-9189
-5920
-5426
6627
4725
-3596
8466
3899
-3787
-7788
2650
2851
8125
6416
5687
-4201
-8553
-5135
-9854
-5968
5238
3859
-829
2149
-5980
-6189
493
3948
2986
5528
4384
8985
4522
-1197
-6170
6299
-9667
2605
-3991
-1871
873
-9307
-1276
8148
-4275
-4320
-798
-9740
940
2816
1260
-8052
-9345
9781
4183
-7620
-4675
-1019
3430
-5338
-1120
3379
2113
-8641
-9344
7618
-400
8529
5194
485
9673
-5373
-4263
3129
8938
5958
-6234
986
7567
-5769
-9422
4399
-4526
-3076
-6929
-956
9825
5792
3766
-2466
-7419
-5594
-6555
-10121
3610
9099
-6163
-5717
-2030
3444
-97
3685
7058
-7250
-8918
-8830
-4743
4964
-5848
-8584
3850
8271
-5667
-5801
-3273
-8336
321
9027
864
2362
5344
-9226
-7899
2939
-9606
-7907
9207
2084
-3903
-4808
8187
4189
-8430
-6970
-818
-7870
-4833
-6157
9298
6202
9360
8395
9046
4246
1926
-985
5193
-5925
-3166
9701
689
-1599
4152
7237
7210
3608
-258
-2268
-9138
-9036
-8565
8076
5558
613
-3405
-79
-6413
8807
-5695
-7363
-679
-8478
280
6393
8960
4086
-5305
-5853
6996
-9166
-2802
-3236
-972
-4636
-7668
1697
8245
-2779
5266
3877
-8998
3658
6356
9863
4495
-7439
3565
403
6319
-3564
-6841
7865
4805
-2099
8296
-9366
2883
-5512
5328
2120
10
3866
896
10173
-277
776
8635
4203
-1858
-7455
3963
-5385
1882
7622
-8446
5624
-9389
8658
-2495
-10062
-4822
3542
-8748
-9864
5601
-6434
-6070
-6595
-7656
-5694
-8449
185
6812
2105
1918
3463
3136
5663
3702
-587
9097
-5776
-8367
-5923
9401
-3609
-5080
6199
5755
-5423
5642
-560
3567
10149
-1742
7779
-3374
3456
-7914
-2979
5032
6510
1768
1942
-2335
8606
-6276
-6009
-8589
-5749
4727
-154
-7533
659
-5178
4988
-1677
766
-3388
7458
3186
7299
110
-5072
-354
-769
-1664
-1099
9979
1033
1474
-1993
84
-5568
-2130
-2526
-2801
5037
10176
1974
-374
-4637
3371
5703
-3737
8117
6687
6094
-3457
5401
-4291
8048
2508
-2809
-3194
-3757
7124
1779
4139
5712
7731
9354
-4908
-6950
5746
2524
4927
3114
-7157
-8486
-1014
-9636
6608
-326
-2122
-9993
6322
4483
-1240
4281
-5455
9832
1292
-6261
291
8094
7006
8657
5626
-2951
5651
4322
-1835
-7818
-2777
-5767
1090
-6573
4574
-1887
-913
-1191
644
-7339
575
5372
-6498
-7817
8003
7928
7586
5603
7387
-8501
-9928
8357
298
-3959
-8891
2322
-7506
-7252
-5059
-7067
-9368
8786
-5406
8551
-8483
-439
-6885
-4332
-4172
-7773
7197
7531
-91
292
-5185
-415
420
-9495
9449
1347
-8871
5323
6150
3793
7804
-7379
8967
3615
1296
-3159
-2766
1854
5855
-8740
-1751
-2437
510
-8562
7747
1325
-4176
-2991
6387
706
3569
1302
-4792
713
4209
-6897
-3280
2660
-8304
-7129
-2558
2636
-2853
4510
-3836
-2053
-1516
7597
5991
-9294
-2603
490
2577
6575
-9714
1190
1496
-9703
9984
3735
1895
-4116
5897
-7454
70
3019
4514
7118
-7792
-8569
-6559
9664
-3901
5413
-1185
-488
7863
4175
-9300
-8735
3016
-4122
10091
692
-5269
9931
-7791
9408
-5781
-1306
8201
2145
3313
1071
2602
-4462
-4900
8045
-2965
-6422
-9844
-2549
2292
6838
5658
4453
4206
-7797
6192
6060
4828
-3462
381
-3422
-1415
-1548
3816
-313
8284
-5118
-1251
-6896
-5063
-2984
2470
2333
5100
-5205
-5475
-1419
6644
-915
-2572
9758
-9465
3034
-9470
-1116
6662
3180
10099
5460
-5825
9571
-4157
1855
-3881
-168
-6530
7180
-975
-4115
5302
1001
6789
8456
1775
-7417
9815
5835
-2239
-9688
-6937
5865
5371
-6924
3679
5773
-8903
-6887
6488
4025
825
-8180
2280
-976
-4260
-7619
1488
-7170
2771
-506
6475
4594
7542
3039
9962
-2633
8128
5163
-9968
9680
-5772
2490
-3834
3306
-3191
-3823
-1780
-4815
-4278
5403
9457
-6941
-4242
141
-6809
-2409
1550
-7759
9076
7688
1511
3258
-2363
6038
6786
-9146
5191
6932
-1432
2574
-246
7436
-5551
7098
-9593
27
6528
9042
-5572
5628
-919
2405
-1920
-3937
3357
1279
-8764
4891
-4459
530
3962
-731
-9412
-4027
5824
-4945
-1893
-8213
-132
8617
533
-5533
-1096
4100
-33
4952
2364
-1583
-8354
10175
2497
1897
-2215
190
-7007
1837
2173
-2565
8018
7101
4356
-862
4960
-4869
5469
7459
1038
6584
-10029
-2746
5885
849
-4840
-8281
-6049
2569
779
-5199
4819
-4467
-9153
1188
4843
-4866
710
-7042
5249
-7082
-5262
4607
7112
-7021
9241
-3343
2067
8647
-3308
-5355
-6365
4501
163
-3691
-3772
-3415
9257
-1630
-3053
-7959
9086
-8182
-8240
6759
-3829
4422
7310
-3706
-2435
-4720
1996
1041
-8011
8731
7996
-10148
8453
9479
-2969
-10127
9007
578
-3659
6811
-3760
-3222
-1600
-4881
6249
5088
7219
6294
6548
2164
-6646
3344
4289
2519
8480
8948
6171
-4564
-3923
4227
-7109
2598
2642
8923
5146
6304
-2786
6437
-1018
9278
-1508
6385
8932
-7407
-4516
-7178
7583
8010
7835
8688
4003
3055
-5398
-333
3665
7726
-1587
8767
-8035
-9803
213
5870
7572
-8615
3059
8408
-4225
-1433
-2533
-9628
3182
6709
-2824
-2808
6477
-9976
678
-281
-5014
-3988
6014
7338
5196
-2355
-4443
-1342
3769
-9948
997
7193
-1441
733
-8953
238
7869
5187
-8143
-4641
-266
-9285
-9853
-4740
-1952
-6586
-9544
10130
4823
4059
4894
-3843
6983
4185
9965
4082
1094
-1312
9998
-3895
4328
-1408
6613
-3916
-6757
-3543
5478
-1992
5215
5928
-3264
-3684
5419
8392
5394
59
6819
-5023
-4756
1899
2877
-6240
-9856
9023
-2955
-5474
9997
-5711
1914
540
-9071
-4009
-10046
3175
-1750
2312
8093
1924
-9472
-5638
-3033
-5832
10120
-6364
-8032
4136
-5281
-3279
8755
9417
-7095
-7843
9338
-623
5561
982
-6208
-6516
6277
-4415
339
3940
-7131
-9633
-4378
-10107
2718
5887
758
921
-3755
368
2512
-9380
7248
-5945
-9597
-9057
5866
-113
4813
-8629
-2076
7372
-6806
-2758
2911
-5447
-1919
-608
3799
6400
4475
8231
5293
-5901
-68
-1553
-1236
-7602
10129
-2966
2284
9372
386
-3475
3046
-7152
-6541
5094
9587
-2553
-842
4694
6568
-4428
-51
-9426
-4436
-2622
-3042
9393
-5350
-3699
5272
4793
-3218
4728
-8465
-5710
-3975
-5963
9052
2275
-1359
-7595
-6666
4829
7052
-827
-4052
7486
6697
4375
-7846
-4477
-8461
-3906
-1870
-9548
9822
-8678
4304
-9015
-1256
3950
7651
2646
4248
191
3548
-1244
-1678
5451
9047
-2719
-6296
7642
-5243
-8199
9161
8836
6717
-7397
-4329
-605
3854
4054
-3740
2365
9695
-4580
-5951
-492
9938
2048
-9424
-558
-1766
-7401
-254
-3349
-1856
2142
6348
-8239
-2066
-507
6121
1551
-6594
-9414
687
3100
-6233
-6817
3603
-111
2970
1776
-5121
8167
9129
1592
-3073
2721
2403
9067
-2307
1730
8718
241
7069
6639
-2723
6873
-2959
3060
2001
5987
-8961
1352
-1052
-2825
-5595
7894
-4938
-4222
-9474
8071
3680
-1013
-7259
5190
-9830
10095
5318
1933
10035
8172
7089
-2077
-8410
-3789
3917
-513
-1328
9644
4080
1978
-7582
7223
6655
5319
-7653
7238
2850
-1788
2967
-9349
-3269
-9823
3295
-2112
-7831
2199
443
10065
6386
-4060
2190
4892
3037
2794
-10163
-7347
4531
-8861
8940
1611
-6382
9357
5229
9050
4838
-6274
-9290
9190
-8563
-6765
-10181
-4632
6702
-781
-8451
2299
6350
6462
-7684
-3134
-250
-700
4430
-5260
4933
-1011
4199
633
19
6216
1372
-6822
-5685
-3196
-7184
6355
-7256
-6933
1843
-3813
5095
7606
-8977
3804
145
-8556
-1021
-1936
10162
5833
9888
9249
6532
1049
-7900
-1902
4774
9312
-756
9882
-5616
-1625
2202
-9878
2542
-5071
-7495
-6720
-37
3047
-2784
-8934
-971
-9140
5670
-2728
1665
1917
2671
1364
3889
-10082
-7875
-3339
2330
-9565
-556
-5587
-6540
7617
489
-1438
-1756
4012
-7390
-6256
5320
-8706
3144
2467
5418
8937
7896
-6306
8525
1986
-1396
2594
823
-2854
5881
-3942
3257
-8086
1440
8741
-7438
31
1442
-10042
-413
-4672
-1638
1321
-8405
9918
6090
929
-8289
-9295
9327
1385
-8785
-6133
-8229
7313
-5291
4850
-2989
5129
4913
-9759
-9463
8328
7150
-8512
-5598
-3328
8262
9935
-7805
7848
9770
9275
9525
8046
-9453
7463
-7296
-3207
8926
3853
8098
-8674
-2857
7697
-8719
-8168
-1691
1736
5538
2691
-3945
9358
2818
-8695
8911
-647
-8943
584
-5020
-2630
-8173
9805
-3819
-8511
4247
3176
-6391
-5165
-6798
-7161
1822
2819
-9719
7776
-5859
6327
-1387
5004
-6657
7437
7871
-1274
2509
9925
-7566
8531
-1497
-2739
7176
5237
-7218
-9520
7729
-473
6311
5805
1807
-2606
-2667
-3089
-4841
-1934
-8184
6223
-515
-8513
-6704
-8009
379
-2353
4983
9350
-7672
6138
-9675
2562
4835
-8068
-2316
1272
-3325
5721
8250
837
-64
-2588
-5937
-9151
-8939
4873
-5102
5375
-6546
6552
739
2612
5972
4876
3972
4751
494
5542
3118
-8683
2318
4671
3636
-9347
2869
9451
-7543
-3640
8889
-23
4056
-8842
-8403
3318
-293
2822
-7550
-1103
-8510
-6417
-5622
-672
7955
2450
-7559
-7025
9021
4645
1975
8843
-705
-8671
-3782
-2140
-4961
-9258
-6810
2601
9415
-7635
-5349
-747
3553
-1046
-7743
-8145
4677
932
1799
4683
7657
4768
-2168
2423
6421
4353
-8997
1375
9910
-351
-6693
-7340
9155
-9261
2952
9518
3600
-9059
-6649
9933
-9276
4160
-3202
8580
-10008
-532
-8509
7148
-8784
-8422
8783
7636
5602
6058
-4714
5497
-8254
-2269
10000
-7367
9684
6544
-519
1962
-4434
4786
-10056
3633
-7032
6015
-1686
-2902
-5123
9591
8596
-3109
5794
3233
3000
-2417
-4863
-8330
-8745
4742
11
1910
8359
-4801
5886
7234
-440
9698
7913
-4981
9899
7374
-7714
-4088
-8421
-7861
-8663
5114
-3453
-9773
-5494
10050
9048
-7198
4482
9018
2696
9826
8078
-6654
1002
437
-8104
2139
-3490
-877
3563
7396
-4111
-2221
-1692
-10024
8841
8360
4897
-5145
8540
6733
6310
-34
-423
-1718
-6617
-221
-2893
2418
-1261
4146
3229
9514
-4001
-2551
-7023
5611
-4383
9113
5480
4663
-5448
-4986
6398
7267
5617
-5393
7781
-8739
-2896
-2639
7639
9256
-4053
6847
-6473
7569
9287
-2917
8051
3932
10167
-6152
2041
6012
7289
-8526
-8765
962
3149
-7686
-8062
8753
7895
-2051
-518
-4724
2817
-5961
-3574
495
10192
3730
-5787
-6588
-9821
-8620
-992
2327
-4050
-6953
5002
-8609
-2020
7182
7819
-4333
-8234
-128
-6307
1606
-7398
-1391
6536
7008
-181
7802
3367
10088
9353
7102
-9074
3063
-7404
6760
-4008
10206
-7707
925
658
6235
7892
-9753
-5585
2097
9699
2489
4917
2089
-8945
1318
5678
-7125
-7200
6787
-1660
-8661
7166
-9563
-8795
5977
-8845
1119
3904
-1085
1928
-9305
-6716
-7414
8660
4693
5552
-157
-2681
-9266
-3438
-3230
1395
1428
881
-3559
5513
9791
-10025
-7930
-648
-4305
3439
2161
-1022
5073
9902
-767
1810
361
9611
9104
7537
7163
-8666
8996
7293
-4772
-5464
-2151
3754
6174
-9704
-8811
-4251
-920
2114
8676
-8384
-1913
-8295
-4105
4265
-2343
-2163
-3800
-6397
117
-7744
2868
5180
8369
-1253
-376
-9989
29
-703
10211
-8749
-8355
993
-3524
-8590
-3140
-4721
1659
-3155
2909
3170
6436
-3403
-6179
-7385
-6560
-5524
-1721
7750
127
-370
-1972
4138
-8570
5365
9786
579
1341
3143
-3352
-1673
-1585
6132
9181
-5810
6686
7045
-6566
5105
-3270
1457
-9670
9331
100
9179
-9322
3500
6618
-5312
1483
9885
7001
-6695
233
569
8380
-9559
-6587
-5918
7941
-6642
2374
-9136
-9124
8314
1532
5986
-754
5144
-2592
-195
-8979
4423
2274
-6862
-5839
8141
-2665
-4192
-784
7059
9988
1143
-1626
7386
-1384
7064
-3488
-9262
-7577
2684
-6849
3722
5137
6010
4572
6538
9304
-951
-3408
6749
-6331
-9757
-6082
6785
-5011
-4762
7164
9798
-7760
-6290
-7515
-1778
-7057
-7549
4496
-4652
384
-4890
7371
2528
5387
2200
-1422
224
-10072
-6379
6161
4689
-3664
-8614
653
-564
-2640
4984
-5395
-7647
-7477
-5000
8821
-8669
-1912
9641
-7556
1020
-3626
-10064
3001
2012
-845
-5891
-5141
3244
-503
5431
-701
802
-4499
-9985
-6431
-265
-7335
-76
3821
3579
5935
7912
-4347
9092
3398
-5342
-8232
9624
9690
130
-5189
8455
6175
-788
456
-336
8160
5724
9748
-4403
5511
-912
9019
8470
7471
-2146
-4043
-1700
3695
-1850
1523
-9284
-3390
-7000
-7192
9252
-8321
8947
2485
4735
-5730
-588
3036
1864
-7225
-6995
-350
-3795
9169
-6974
-4713
-988
8397
2774
6722
-8269
3726
-7358
-5727
3546
-727
-7344
4767
2192
2
-1465
1125
7678
-6879
-6349
1167
6585
-9956
3734
-665
9394
1714
-6465
1121
-3018
-3440
1658
3529
8447
-165
-952
4239
10190
2267
4918
1389
4473
-4445
-3413
-1802
6003
4245
-2052
-4074
464
6637
9066
1390
-4695
-7015
7300
-1472
-6073
5569
-1894
616
-2803
7030
6994
1503
9720
-4546
-5836
4448
-6647
-3211
-1555
271
-462
-8958
941
-3700
-20
-990
-6571
2732
7326
7415
-6353
-939
-1140
1486
-2635
4217
5795
-7662
-3426
-625
9329
4571
-8434
-2174
-4520
-8952
-5736
5489
-5990
-8331
6097
9228
7076
2805
9005
5456
1581
9209
5127
6182
2049
-1534
2884
-4682
-9640
3275
1285
6115
-6997
4648
-5206
-9867
2013
-1030
-184
-10202
4390
2789
5257
-9578
-5160
5502
-2506
4113
8115
-4015
-1269
6210
-7072
1146
-4825
6360
3282
8437
1994
-8484
-401
-6880
3386
-9000
7136
6985
1122
-5197
-7206
-6842
-5917
-315
2373
-4887
15
-3078
2158
3557
-4348
8192
-8224
9392
-240
9103
-7424
7324
-1064
-2953
-9760
9098
-6396
6796
4902
-1963
-3649
-48
7746
-1885
-1470
-879
-736
-7723
1295
-7046
8849
-4117
-3627
-5287
4211
-6236
7097
2517
-4659
10010
-6
7800
-6529
-6116
2228
-6485
3113
-4143
6718
-4970
-2281
4005
3597
-4647
2381
-4861
-3562
3160
2892
5380
-3338
6491
-2101
302
-4935
-4898
-6675
9356
-8170
9552
-6894
8212
-977
-1988
-3359
-4821
-808
3012
-7343
-7423
6534
1760
-1657
5796
-2232
-248
-6314
-8524
-7392
-2735
4351
3837
-6461
282
-4851
1889
-8156
6187
8829
2300
-149
9185
6109
7279
-4044
4127
-7652
-7298
-42
-615
1819
-9132
9629
2214
-1397
-6362
426
9083
-8763
1050
9986
-542
8527
2664
-1160
-8178
8530
9038
8047
-9049
3742
-7529
4830
94
2792
6050
-3084
-2212
-3981
8707
-5452
8386
1833
-8056
-7596
7695
-422
-5964
-9789
8300
7334
-4599
-7627
-6169
1955
6492
10156
-4686
-8220
-7445
9530
18
-5390
5676
-2469
4101
9721
-811
-9475
664
-344
2899
-6229
-8973
-10030
-1840
-6947
-9090
4804
10028
-2054
4566
1701
-6440
-9374
-809
-6766
-8368
6501
1213
-1734
-9765
-2157
-4490
6380
2756
-6154
7911
-5530
-2160
-3753
-476
-5149
-4865
4912
-642
-1280
-8776
2812
-9692
9861
8404
-657
2897
7211
4508
8107
-4809
-2537
1716
-7673
-9319
-6531
-1393
4204
-4857
-1035
-6298
-8393
5610
-5440
6482
-9649
9775
3663
-9512
9735
-9896
-1834
-2750
93
-4306
8198
9930
-3852
-2286
-1644
-2494
-2182
-4846
3651
5297
5931
-2980
-8241
-9566
-9647
7365
-3912
3630
-3654
4722
-9324
7921
5785
2483
2250
-5486
-3064
-7191
9485
-5421
-1257
791
-6851
-7535
3181
6903
-6076
1141
-531
-2547
-2759
9542
903
-7443
-115
996
3418
-500
-4515
-1429
-5366
-2454
-6136
-7956
210
5693
661
-5482
7581
-2760
-7852
-943
-4827
-6203
2515
6518
-7927
9691
5579
10002
1785
4884
-6284
-408
-4552
6052
8432
-6248
-2707
9145
8459
-8779
-8507
9598
10021
-3928
-6134
-9432
-6225
5284
-3632
4128
-7770
-4542
2253
-1631
2522
1801
2230
-4419
-8593
7276
-158
9441
-6712
-2468
-3246
555
8632
1067
3856
-2040
-995
-5563
8895
-6456
-6428
3955
-4135
-2645
9031
-10145
5108
2666
-366
3091
-6622
7020
7196
-5228
-9245
-5012
-2475
3796
3953
1416
-10122
6551
-9908
-4511
1072
2930
-7194
-4760
4698
-8069
9476
3400
-4548
6628
-2478
-9995
8496
-1201
511
-6956
1092
6677
8111
-3805
6181
-742
-8059
6866
-1042
9795
-8500
-9279
6930
-9505
8425
-2387
-2419
9306
45
-9220
-9709
-6089
-3875
-8277
-5212
2733
-7828
9555
-3568
-6741
146
6844
1053
-2210
2580
-7113
-4991
5471
-9595
-5437
-327
6900
4456
-9516
-4620
9577
-8655
-8014
-9079
8383
2356
-3014
797
-9635
3363
9568
4123
-3225
-7036
3585
6100
-1362
8333
-7168
1956
-2797
-295
6519
5522
8488
-3841
4061
-4609
-5842
-6774
8060
-1156
5672
-3487
-6505
-9877
-153
-3238
7207
-1104
2116
-5955
-5259
-5402
5826
-7134
-9442
3485
-7554
4249
-4455
-2458
8019
-5051
2071
-4553
-2607
1126
5245
-467
-2452
-4563
-2096
-5392
-6804
1226
-4640
-3259
-8285
4055
-10210
8920
-4816
-4339
-3435
-4769
9596
4547
-7969
1582
-156
-1615
1813
9214
3104
2763
-2916
3451
9763
-2057
-2098
2813
-7422
9011
-205
1155
-7753
-8601
4651
9029
4433
7925
3054
-2456
-5473
8176
-5737
8429
7062
-7039
9289
-9779
6469
2503
-5823
-7087
-1886
5506
-7736
4921
-7247
4372
1782
-6483
-6833
-3746
-4940
8757
5133
5949
9462
-1591
-832
5864
-4633
4114
2304
-8790
1620
5268
8474
5846
4344
7833
-8653
5620
-7650
8857
-2474
-3441
-4536
6859
5627
-7487
-61
5565
122
-2685
-4231
-5957
6354
-10182
6992
-7778
-2143
-7839
2441
-4784
-8236
1310
7632
-5577
8698
7482
-10044
4673
-7478
253
-7461
4529
-1830
5527
820
1180
7342
-4223
6661
1344
10170
-8586
-1316
7143
-624
-10157
1704
-3593
-660
-5840
6251
5162
-5904
-10012
2785
4870
-6701
-768
-7457
5971
4798
3855
3925
-2413
9321
7984
-6922
2978
8339
9733
-9496
-6185
-58
8595
-95
-8235
5377
-2995
-974
-3830
-5283
-7628
2179
2184
9243
7816
4037
4484
-7648
-5457
9824
6902
-7824
3648
4010
6913
4589
-9547
-5854
-8788
-1560
-3989
-367
196
-9582
-6367
1753
-2126
1727
1674
-7236
-5292
-7203
9416
3986
4845
9911
7573
9406
6093
7026
9229
343
-398
-1699
2386
-7066
10009
296
-3676
-9991
-1564
-3345
-935
-5003
5244
-8876
-3239
-7228
-1
-1451
7447
-6048
9651
3406
1911
6915
3355
3555
-1702
-2166
8975
-9064
2354
-10178
1114
-2694
6204
-2068
1195
5779
8498
3997
-5803
5357
-9053
5924
-4427
-1945
9627
9674
-8705
6148
-2987
6764
6065
-9746
-214
-8377
-4481
7613
6496
7306
-4758
6280
6745
4081
-502
-9333
10160
-865
-905
7467
-7274
9265
-5369
-1542
-1329
-9682
4753
-7820
-3707
-10113
-1333
9734
4393
-4221
3377
-4466
-2541
6615
3927
1675
-2266
-9060
1080
2123
7600
-6968
8280
-8183
3302
1305
-5324
-8301
5271
-8016
3319
3425
-3540
-7266
-857
-8913
-1806
-10144
5875
-5213
1107
6990
-9379
8309
-1637
-5514
8869
1772
-10123
764
-8758
-5876
-2935
3150
8534
-1463
-2328
-9869
2936
-1852
9736
8077
6736
-9236
6839
-9082
1421
1645
10004
-8370
2254
477
7766
-3324
-6489
449
538
-1549
-2272
-1509
2236
-5553
1679
7558
-4541
-3366
5019
6194
6987
7305
9028
-5207
-5288
-2264
-1339
-7177
-7614
3466
6744
-9427
2175
-869
-2189
385
9554
-388
359
-7530
8074
-3494
-1449
-3336
7077
-8263
-4319
2167
8736
9739
10089
-3040
-5690
-8866
-450
9274
-3646
5818
7936
-9314
5715
9678
3447
-4308
741
2303
6166
6607
-6815
3214
-10048
-3747
9247
-2673
9955
-7081
9332
-8139
-7691
-9946
5793
-5750
3023
-6057
3642
-2220
-4707
5430
-287
-7860
-8105
208
-9836
-6401
-1258
2903
-7202
-3130
3798
8320
-7090
-66
-484
3561
9160
434
4085
8598
931
-57
-10038
-2956
-7539
9216
5718
3872
1740
7784
-2389
-72
-8323
-698
3641
8986
3831
-5788
73
-5677
3235
-7922
-102
4910
-10196
-1179
-4860
3607
2000
-6016
1208
202
9195
-8223
-1976
6557
8318
-9881
3951
6635
-8651
-7971
-4831
-6359
-5378
4996
-81
1546
7576
6297
-9468
2203
-8542
-2937
1767
7382
-9196
7687
5539
-8639
-3613
5232
-5459
602
-8962
4492
4783
-1759
-310
-7812
-4421
4069
5040
2833
6768
6062
-3551
-2656
-1787
9109
-6684
-4429
6522
737
10143
6139
2028
-1282
3504
-3515
2321
-7399
5613
576
-4076
-1713
1365
-6011
6162
3200
-4141
-1656
-1456
9106
-7014
7527
-8887
5952
3481
6923
8375
-444
6035
1462
876
9581
2380
-5680
-6864
748
-10125
4335
9526
9671
10193
9301
-4219
9119
-9471
1932
-183
-2492
3765
7605
-632
-4517
8799
-1178
260
1361
-9204
8373
9659
-893
247
-10027
-2484
2219
5830
-3635
-4963
9381
-2971
-5689
-6037
-5674
-2627
-6926
-7449
2556
-1475
-9335
-5973
1205
-3401
-8855
391
-759
-9020
5468
8824
5136
-7047
7823
7803
2879
-3580
1515
9073
9944
-10126
-3731
-4062
3686
570
-5397
6215
3774
6855
8481
7934
-9990
1536
-4852
-441
-1851
7631
6352
2410
-831
-6553
6029
3946
-2115
1966
-1182
2085
-9712
6577
3949
8246
-6480
5140
1379
-7105
-4267
6676
4063
-9171
8517
7877
-7685
7013
-9299
8444
6439
2055
2141
-5276
-6891
-4302
9569
-4998
-612
-7510
9713
8364
8622
-970
4690
-4425
-8722
4145
2430
-9218
2599
-9311
-6916
1817
8469
-4409
4877
-7403
-5495
7740
-1083
9378
3807
-9371
-3644
-1086
334
4603
6638
6213
-4596
8567
981
-5640
4748
-8244
-6112
4000
5285
9874
-7711
-8597
-1651
-8867
8659
-1818
5593
3752
-5170
-7239
-5573
-1066
3759
3086
5104
-3470
4629
1056
-5077
-537
3161
5294
7932
-2445
-2482
-8044
231
-786
-8371
-933
-3741
2749
-9088
-5507
-8433
1277
-2401
1468
2095
-8523
-9156
-7893
-1425
7801
-3958
-7935
-8308
-2390
2309
9531
-5883
-6882
10194
-607
6959
3450
-5516
9829
-8576
-4937
2922
-1424
5363
-8892
8402
2176
-10155
482
9045
4163
-8733
9149
-8724
-1811
3443
-2059
3677
-8491
7534
9486
-2544
-226
3216
10191
6508
2994
-1322
5359
-8008
-3013
-902
-5167
7264
3890
-1728
7240
5061
6405
-1998
3045
6593
458
5409
6705
9507
-5155
-4200
-2919
5001
714
8762
-4777
2823
-1284
3888
3638
-7867
3980
-8152
-7253
-6629
6158
666
-6086
8310
-8102
9535
4944
-1023
5307
3995
6592
-9850
6017
-6125
8801
-3591
-6539
2600
-7144
6454
6346
-3670
-9511
10174
-10102
-790
8944
-7226
617
-6598
-6846
9095
783
7037
-2740
6107
1528
-6946
-5115
-8189
4391
-2659
1613
-9884
5834
7460
-6183
6325
-628
6452
-6877
-9895
2476
-4579
8095
-7262
1498
-4905
-3224
2981
-819
2573
8796
4597
-693
-4854
1247
1829
-10018
2064
10075
4084
3860
-7748
1123
-2481
-9281
594
3393
2687
9809
10013
888
-5738
5044
10166
7669
2873
-4631
1504
52
10015
2125
8585
-3806
967
-2993
7502
2507
5699
-1610
-2314
-7292
-487
2092
9009
-2412
-2731
-3354
9802
7115
4461
3976
-1597
634
2535
-9139
-7957
-2616
6438
8454
8990
-9768
-188
777
-7882
-7490
-9383
-2700
6706
-353
10094
-1947
-2039
-5742
-6071
8218
10011
-5684
1725
-8155
-9217
6747
6561
2061
-8993
-10096
-455
8149
-9616
-2662
3605
8171
674
-1128
3146
-1237
6881
274
2062
471
3452
4782
3389
-5811
7303
-2689
-2015
-6542
8050
-9939
-7634
-6127
5125
5641
5060
-276
4654
1783
9168
7680
6338
8737
-2907
9860
-1481
8087
-3639
-2118
4674
-2129
4168
5713
9799
6515
9152
-9080
-9969
9679
9497
-10026
-5299
-6433
-5326
-765
-6241
7165
8492
-5289
-8258
7156
2147
-1580
9934
-8214
-49
4907
-4859
1270
4413
7137
6000
-7783
-715
8910
-7079
10197
-9589
-1877
-9940
-9003
-8106
-4364
4040
6418
1039
2263
-5161
-6828
-3517
5234
1184
4754
-499
-5863
4285
5201
-5049
-3660
5027
-6326
6767
-2213
4557
-7838
7544
-7856
-5596
2004
-9498
-2207
4363
4387
-1264
-4712
-8251
-7886
4017
-3662
9388
3690
9818
-6692
8682
-9978
-8427
-5010
2229
-6525
1259
217
6927
7902
2090
-390
7864
5816
2395
8548
-5682
3967
5535
7199
-1386
-2121
-4277
-4070
-1450
7832
-5899
9634
10183
-9619
-356
2008
-2657
-9901
9116
6572
-5379
9749
-6582
-120
7866
8351
-7111
1563
-1177
8485
-7051
-2900
-8963
-7589
1593
-7075
-5076
3432
-7227
83
-4810
3027
-5921
-8833
1356
-1749
1501
-4581
9812
1320
-5317
4240
4132
-4153
4018
6931
6816
179
-9382
-3002
-2218
3530
6966
-2291
5253
-9886
-3206
6126
-7951
-7879
-2668
-2647
-4549
6232
-3865
-8897
3913
2296
3514
6965
-7676
-5340
9952
-3329
5580
4029
8825
5806
4966
-9840
-4618
2837
-3087
1964
7713
4488
6807
4573
1861
3510
9556
4613
-8754
-8230
1418
-8061
-836
4041
-937
-2901
-3716
2516
8306
-7179
-9464
7677
-4180
-3223
8899
1931
-8742
-7623
-1453
-4283
7104
-9767
-2570
-8185
1732
-1617
6128
4205
6570
-3074
-10037
3556
-5908
-7357
-1537
-1215
6172
-314
3918
-2159
-6610
7878
-2332
223
8135
-7321
8428
-505
5821
6195
-9543
-9558
-2031
8822
-5646
9221
3537
5174
-2938
10073
-4374
4441
-8806
5867
3790
619
8555
-3148
7765
4458
-3177
2675
1340
5097
8613
3693
-6077
8850
4605
8066
-4241
-2037
-4992
2800
1712
-5705
7607
1841
-1294
-9666
3132
5576
3934
-2241
9175
-193
3341
610
4469
526
5939
2561
-6643
6083
-2618
-4297
-7270
1031
-8197
3288
-2392
7641
-2972
-6660
6667
8344
-1605
2455
-6450
-5592
-5903
7811
-795
-9875
-6313
651
-8356
-7587
-4710
-6779
4230
6734
3195
-7138
6824
418
10017
8522
-6217
-10134
-8127
4584
-8272
9105
-55
-6978
-6604
6159
-6545
10118
-5356
-4030
5156
-7011
9452
-6145
-6105
5981
4590
-3550
-8543
9725
-4967
-1940
-5902
-1300
2180
252
8728
-9913
-3350
-5983
8547
3655
4489
-1640
548
5649
-5960
-3620
-6173
-1147
-5150
1250
9750
7244
-3103
4440
3260
3417
6080
-9448
-8800
9093
5734
-8691
-3411
-6390
-7393
-7976
6468
5334
-3455
-399
9469
-1164
1439
-6685
6944
-3874
7012
7519
6336
704
170
9527
-4094
878
2712
5181
5950
8847
9916
-3763
-9521
-8969
9876
8730
-8766
-4090
-7498
-1773
-3492
-6914
7331
2134
7381
-3208
-1747
3601
-8726
6691
3637
-3265
-1530
-1388
6141
-728
-9958
8772
-1844
-7696
-5683
9343
-7119
-9546
-4973
2425
7926
-3126
2591
8096
9550
7560
10084
-10039
6371
-8217
-3467
-10184
5219
9872
-6972
9115
1879
-5559
5735
-7826
-3277
194
2927
-2305
-1172
-1935
8631
-6335
8506
-6708
-4032
8282
5070
-5405
-6337
-3897
-4941
-708
-4346
2960
-7794
6264
1567
-4920
9017
-5997
-5346
3847
699
318
-7474
9590
-9668
-6619
2717
5110
-32
4987
5050
-5280
-7978
9478
3353
1572
-5892
2996
7126
10034
-1796
9778
-6625
-8694
-378
-7132
2407
-1793
-3427
9445
-7376
-4930
377
9148
-1646
-2154
8307
6291
5218
5134
-1722
-2260
-512
-8252
-4649
-7224
2858
-3271
-8006
2491
6690
6513
-8497
-7395
-5882
7275
-4974
-5555
2926
-4858
-5052
-5822
-5631
-1533
8980
4936
-9784
8700
4676
-3219
-1524
1764
-9794
5417
-9238
8881
5985
-3301
-3694
7670
4437
496
-2510
-3869
2244
2331
-8391
8103
2716
1168
-8956
-2634
-6737
-7727
598
-9573
2932
-1355
7083
-8859
9078
1037
-5381
3342
-718
6282
3372
8566
-2625
8909
-7749
-6672
6680
3688
4646
-3138
2806
4853
-9920
160
5008
-4568
9182
424
-10014
-4731
-6180
1570
6079
3891
7451
2762
-8413
-372
-8951
8832
-9623
10139
681
9131
-5210
-63
5117
-5029
-2446
6432
-3112
3445
-10209
961
2906
-2222
8675
4092
4388
6288
3582
550
-1565
-6973
-129
7271
1382
5046
-8041
6960
-3896
-1482
-5914
-9508
9574
2958
5868
-5932
10189
-3583
-9213
-5248
-9615
8968
-3827
6061
4083
-1921
8274
6614
8685
3099
-5316
-4236
4692
-5880
10104
259
-6825
286
1765
-7078
900
-9297
9807
-1287
5999
826
6925
-3594
-9499
-8900
-44
2527
-6186
-1330
-7829
6155
-5509
-4314
-2231
4814
1809
4591
5774
6958
6989
-4521
3871
3884
-6206
-8775
-5557
-7888
-9107
3247
2117
3815
5168
-828
2345
6423
-1471
635
-9575
-9283
-7964
7557
2852
8643
-2074
3358
4765
8463
2288
-4929
9308
-4315
621
-38
-8780
9579
1373
-7873
-9001
-5982
-7314
-9288
-9797
6533
894
6403
9509
804
6905
5501
-118
-8834
10110
-6270
-5664
-1358
9604
-2171
4313
-9077
4435
-8583
-2581
4042
6886
4778
-597
-8708
5909
-7552
-8616
7988
4785
3243
-5953
9975
-4078
5517
8210
7019
9411
-2459
-9309
-5274
2830
1377
-9959
2078
7433
-9837
-5947
1232
1847
-7859
-554
3964
457
-6871
3788
6137
-9144
-9600
9280
2070
-622
3454
-9729
-2810
-6808
1872
1311
-9428
1063
6814
-2913
1225
3278
-1965
1558
3708
5656
-6394
7410
-2695
5546
8636
-6762
3286
-6318
1332
7601
1106
-5927
5335
7666
-6441
-7756
-7508
-7917
668
8774
2597
-1650
-2614
-6861
5989
-1720
6122
5258
-6527
-7525
9246
3017
4179
-345
-4612
-8515
-2383
2621
4021
-5081
2196
-7140
-1337
-8514
-5765
9859
7411
5485
6678
2277
-4155
5936
-9180
4107
-8837
5267
-4373
9409
2860
8670
1696
-3292
-4323
-10201
2251
-7333
9248
2463
-596
-3820
-7369
-6549
-1060
-2679
8389
-5790
-3228
-3267
1027
-5784
6729
-5599
3758
6537
-3203
9120
-4106
1635
2204
-2421
8315
-5809
-7088
-6850
1680
-6287
732
2188
2005
3650
-3939
-1559
-1900
4148
-6728
-1234
528
4186
3893
4862
2582
-7682
2209
-938
-451
5922
-6143
6858
673
1762
-5856
5719
5148
-882
2422
-4024
1407
7775
-1242
6074
-4519
-3870
-9643
9893
-7431
-5479
4119
3947
2957
-5098
2867
-5789
1824
4454
1741
-432
-822
-7352
3817
-8627
6665
-3499
8929
-2725
-6042
6129
9967
-8287
5884
-9033
-9716
1485
834
2567
-8222
923
-5221
-4688
-273
3681
9454
-3311
1016
8942
8704
-4948
-5188
-8746
7278
8055
3933
245
-4149
-6743
2548
-1670
3619
5910
-10158
5006
-186
1880
6220
3507
-4660
-4298
-2377
-9849
-5540
-3117
-7937
-371
4303
-527
1916
-4126
4233
-3592
-220
-9032
-8852
-7630
278
4110
2464
5096
9402
-9614
6470
-4518
6207
-2910
10052
-3119
8773
-7855
-4729
-6714
8804
-2672
-2384
-5360
5225
-4670
6969
-8532
-6683
-1688
9796
8672
1561
8902
1985
-9541
-1608
-2623
-1951
-9500
-7205
-6520
-778
4551
-9953
-5815
7122
-4407
-1708
6794
-6268
3801
2350
-2428
4398
5347
-8495
-9927
-8752
-8875
4976
9561
1458
-8716
-5739
2709
-1314
3317
9788
1653
7121
-5461
3473
7375
-3472
-3201
-7285
3857
-7261
7428
-5106
1192
2029
8147
4842
-574
8493
-7284
-5246
1313
5696
9444
-7763
6487
928
-2056
-3442
-4446
-5733
-6664
-9681
1619
1084
5648
-884
2564
9326
8865
2590
-6936
-649
4773
-874
8450
-5748
3331
2367
4788
7394
466
580
6659
-5916
-10204
46
774
8316
-4616
4112
-5588
-787
5508
-2976
-4031
-5343
-8924
7858
9921
-4214
-6289
-1426
-324
-5725
-2063
4262
-9219
-3673
-4
5411
-7915
3558
-3672
-709
9361
-1538
-9851
-7638
9632
773
1227
549
-7822
-365
1574
4550
-7555
10020
-6963
-8582
-2583
7769
-10137
4797
-3026
-5367
-7947
5241
9762
448
6605
-8552
2315
9792
-285
1566
1040
8033
-695
8535
-5242
4687
6351
7599
6407
5877
4685
5131
9966
-2982
9602
-3283
-4120
-2499
8002
9708
6945
200
-4252
4268
-3780
9900
6427
-4577
-1401
6231
8628
-2148
-2793
-750
-1427
771
-7085
-9352
-9689
8599
-3718
2632
9879
-840
9069
-8202
7518
-8227
1221
2262
-78
9609
3692
3783
6499
-5048
1618
-5548
8174
3337
1034
396
-8022
454
9827
4711
4368
-3031
1490
7304
-6273
-3566
1769
-1571
-8668
5618
-9167
6278
-5143
-3332
-1399
-7737
5024
-3291
3303
-553
9197
3115
-6753
-5895
7717
746
3394
945
3253
4068
-10147
1095
-5124
4615
-729
7307
-5091
7735
1790
-9434
-753
4048
4965
322
-4449
2027
-7496
-9557
-9728
6682
3375
4049
4716
6514
-5388
6281
-6113
-4736
-107
9477
-8317
155
6424
-6746
-9766
-3930
8
-1255
-3446
2905
6028
-6334
1477
2711
5905
4493
-101
-5975
-9852
-9603
1529
-9971
-242
7004
-8219
-10124
1288
-5827
5943
9330
-317
-6123
8999
8133
-1737
-2320
2641
2554
-6732
7044
7288
3145
9062
-3845
8358
-7464
8644
-2319
-5915
4962
10154
6258
-3483
-8831
-410
8684
-1968
-600
-7311
-4287
-924
1521
-2724
-387
-8844
2638
4337
-3376
-1081
-7135
-8416
40
-770
1235
9235
-2550
-707
4733
8862
1338
9764
-5820
-8089
-1883
-5505
-6392
6293
5929
2334
-4290
166
-7646
2836
-2501
-8611
1607
-4583
6671
-8702
3498
-8941
7099
-5589
4639
5930
-10111
8242
2889
3572
461
-4447
-1958
-6827
-8278
5759
-7973
7389
-16
839
856
-5400
6506
-544
1859
9607
69
-7060
-436
-394
1757
6219
-3416
-1601
-7611
-4934
-909
2715
-9777
-2026
-9158
-9461
-9936
6464
5176
-3824
-1908
-4544
4540
-6630
3666
-10171
7120
1202
9808
4650
-3005
-1489
-289
-8729
-6756
-652
112
6865
-3383
7574
-4325
1404
-5445
4763
-7916
-4019
-7074
4662
10177
-2080
-799
1194
-7114
5015
-9254
7880
-123
-1108
-2609
-10081
-4004
-6493
1443
-9754
1414
1513
8399
906
-7970
5035
-8798
-4273
-9833
-7501
-1246
-3276
-10061
-5802
-6758
4310
99
3996
3833
911
-7145
4450
4359
4545
-6907
1459
-7053
6563
2613
-3381
-1402
1161
918
-7872
6486
-3814
-5597
3305
6721
-4124
-6056
5706
8710
10159
-8618
-3062
-5686
-8574
330
-1695
-3314
229
4299
6769
10085
4028
-9089
-6098
2243
106
-151
8283
-7942
8558
-7967
-10047
-7002
-5204
7272
-9846
-2575
-4882
-3575
4121
8322
8578
-5042
-3468
-5065
8981
3584
-8279
7972
3205
3460
-2856
-1012
311
-8577
10053
4764
-8727
-8467
6328
7068
-9339
1076
1412
-2688
-6383
2620
-9037
10168
2388
-7416
-1979
-7616
4286
-6020
-10076
-8957
7505
-6656
1148
-3876
-618
-7837
-5018
-7815
-9056
-1209
4171
-9730
7787
2216
3217
-3068
-3079
5227
-4307
8816
1761
-2708
5039
-9645
-6698
-3863
6793
-8964
-3297
-6772
-7434
4471
2682
895
2372
3020
-8536
-3380
4625
-4780
6027
9523
-7562
1586
-3749
-3192
4706
-1431
6091
-6429
-694
3065
2487
-5857
-4362
6651
-7453
-8124
-10001
1735
1539
5138
-6292
-7093
-1836
4202
9208
-4747
-4463
-9687
-8409
-7242
-3971
-6790
3287
6459
-2866
6227
-1577
397
6562
-6368
-2525
-8982
5087
3290
7287
-5837
-2393
-3711
1047
3334
-5745
2655
9880
9165
9439
10055
-7440
6696
3781
-4401
7889
8154
-10077
-6430
2941
-147
7633
-9320
5132
-3532
2107
3484
1823
-4270
-5716
-6032
-4354
-7481
1239
-1904
-319
-8021
8701
-6569
-9342
-3241
4091
8108
-3538
-9722
-10141
5575
-5547
1186
-4818
3785
6075
-481
4173
9178
-2783
-8007
-4943
-9702
3786
7798
-6317
-6238
4643
-4381
-5800
-256
-9584
8424
-8901
-8971
7258
-5498
-8163
-7728
-109
5634
-4746
-3469
-1846
-2246
3025
871
-9873
6176
4539
3678
4232
-6363
2747
-6739
1480
-591
-1061
-2448
1815
4457
-5399
7920
-4187
9637
-603
7162
-1478
9159
-4624
-5034
1231
965
-5
-9203
1196
-2234
-3536
1784
2990
-2109
-2791
-8070
-2757
-3879
-4142
-6556
-1336
761
1609
2753
7994
-859
2534
-4194
-3710
5025
-9866
7492
8994
-9233
-2842
-1491
-4953
-5496
-8680
-10098
5608
475
-9560
-7169
6703
2589
-9094
-2225
6565
-3571
4133
2496
-347
-8490
-6069
-2563
9467
-430
-329
10003
3909
936
-5504
-5688
5306
-10022
-1967
2032
3998
10128
-3414
2440
7341
-4534
8853
9250
-7885
152
-1297
9838
3549
-1068
991
-8744
-8072
8382
-3478
-3169
-8504
-6021
-817
3127
7400
-2811
-4324
-4523
3436
1977
10116
6964
3495
1715
9455
-5239
9943
-4759
3919
2844
4656
-10019
8207
2845
8747
3486
-3198
-8928
2946
307
4700
-131
2891
463
-7364
47
-7281
-5139
9293
4064
6242
-4237
6763
-7452
7890
-2408
-244
-866
-7982
-1949
-8452
-5578
9905
-7755
1173
2737
-8919
9567
-979
7699
964
4661
-7
-4942
2021
-1245
-7408
8808
-4868
1589
9460
-3554
-9421
-3312
-4002
-5345
-9942
-3586
-7884
4749
8505
9613
9385
-3489
-8275
-963
3193
-8113
5005
785
-1541
7294
7954
-8058
-1839
2964
3
-3362
2974
953
9369
-9537
4567
1621
626
2705
-7201
1726
2693
-7117
1363
-7370
-218
9686
9894
2351
8970
3410
-7965
-7851
1838
10078
9292
-2135
-3090
-8029
3234
-7048
9724
-561
-9390
3534
9399
-9271
-563
-1219
-5845
4379
3604
-2683
7624
-2193
-6167
8835
7010
1832
806
4338
6576
9376
-4696
-3797
5583
-2197
910
-9949
7898
-9084
-655
-7175
4023
-203
-7526
-4601
-7254
-4779
-5633
-3990
-2195
-9337
-5038
-2344
-4790
5208
-4978
2772
9391
-3261
-6295
-5550
8259
8649
-7999
5754
-6046
-5969
-9315
3794
6980
-8930
-775
7243
-6018
-5661
497
-6193
6188
3142
3476
39
1800
9625
2256
8840
5286
-4178
-1093
-2885
1703
-6237
-9373
-9387
4154
-4089
-6063
-4431
1286
-1324
3448
6977
-7429
-7009
6888
8560
-9234
-7024
369
4159
-4741
-4886
2754
4350
2394
-5757
8276
-7366
-5758
6940
-8487
5116
-7043
-67
-8083
989
-2796
-7903
7849
-2311
5996
8146
1165
6044
5086
-2692
6835
3826
-5493
-2861
3024
2513
5544
-9291
4885
2840
-2493
-7710
4402
5195
-9745
7413
8955
-8417
2888
4638
-139
4096
4879
-7351
-10165
-6449
1590
2025
-8162
-8769
8057
4524
-2132
-3088
-1857
5764
5336
4460
9128
9127
5101
-2624
-4274
-180
-3022
2755
4888
-3285
1411
-5119
8131
1097
7528
-4968
6131
-3021
2720
-6088
9892
-8854
-5158
-5861
-5358
-299
-9260
-6574
-2339
-4470
1903
1278
-3674
-4848
-6324
-4669
1059
-1136
4395
-8288
1733
-2559
-814
8557
9707
4207
-9847
1360
-3687
-8082
-3979
3048
-8898
8036
-8608
3480
-2653
-3761
-3828
1469
-1051
1969
-8441
-417
-5128
-7724
8819
1867
5458
3321
3745
1878
-6670
-8411
3698
6255
1959
-7536
1873
-6244
-2169
-8761
573
8904
9787
5304
4752
-3985
-9723
897
7028
-3773
9751
-1652
-5655
-1216
7488
7022
-5701
-8946
1752
-8175
8412
-7038
4195
-3300
-6320
-7470
-251
-8750
9141
262
-8954
9429
-10100
6198
9816
-9783
4321
-7962
7345
-7185
-5428
-6780
-2124
9964
-6875
7643
794
5313
1383
-8894
10007
-8477
-1473
-9348
1987
735
2881
-362
-4932
-2686
-5851
4104
-7868
-604
7725
-3163
1298
4977
1492
1789
6942
-734
1446
4668
-3210
-5465
-9811
8814
8256
-3578
2248
-9206
-7853
9914
3248
-8420
6742
-7362
-2890
8508
9081
6117
6776
5332
6689
-2669
-5660
-3240
2150
-10032
-7322
-2434
9237
4371
-8436
6583
-1026
-7825
2849
-5420
-8877
-1376
-8935
-3250
-412
-5849
3272
2156
-7215
-3595
-2701
-5298
7251
8886
4570
-2920
1266
-9068
-1403
7690
3861
-4755
-4161
-7842
-6754
-5353
4382
5967
3503
-1224
-9588
-8443
8013
-8760
-7273
5786
1863
2271
9310
-5537
8907
-119
4103
-7317
1207
8233
-7771
7187
-7621
8169
-885
-1005
-6481
-3764
-5064
-1860
2399
-5625
-509
6623
6550
-3880
7664
-5434
-8713
-6420
3227
6883
-8097
-6524
5078
3434
13
7167
-645
-9904
-890
-6911
-545
2514
-1724
3122
-1499
7568
2278
-4598
9405
-852
6939
1500
4444
-6092
6901
5668
7507
6247
-6820
1417
6800
6938
-2073
-2104
6920
3382
1684
-541
-4045
2876
-851
-8475
-4697
10172
-4766
7336
-3982
-9737
867
-5414
-7588
-6303
-3683
9240
-4699
-2742
8257
3512
-3050
9539
9286
404
6750
-3944
-8073
-5416
-7450
10187
9744
-3935
8419
3920
-4955
-7945
-2894
3767
-4087
-5310
-9194
7931
-8216
-7217
-7183
-9102
-1248
-1062
567
-8191
4312
-3573
3501
-640
-479
-7703
-4026
9960
4799
1627
-9570
-261
2543
-6673
9660
9972
8592
-2287
6286
5838
-9490
-7412
3822
-4058
-1461
-8936
2019
1127
8092
5177
1006
6254
9191
-1943
-7944
-7841
9980
1024
-5911
-1434
9987
-6948
-3340
-1594
-2420
7923
-571
-8414
-7092
-5483
1289
9341
53
4309
-7159
-6829
6332
8211
3106
-1142
-4033
-1831
9585
-4923
-3316
9377
3274
1413
-1995
7212
6715
3968
-636
-4979
148
-9907
-7106
-2451
5484
-3588
9654
-9143
-9639
3902
-3365
7003
-4916
-3255
3545
-6309
-6921
-7249
-3539
9232
-7761
-6184
-4369
-5427
-10079
3131
1693
3533
-947
4452
-26
1629
2460
-6652
-9515
-6495
-3497
207
-9868
3883
1634
6411
-6041
-8017
-1616
-7151
5890
-5045
2726
8794
9231
9100
8521
3397
7708
-5630
-7230
-1144
1436
6476
-7503
4498
6316
2361
9932
7720
5650
10112
290
-5226
7924
-3943
763
8667
-1970
4166
10071
-4800
10106
-9951
6724
-2502
-745
8805
-7221
6144
942
-4537
-5250
5536
8848
1149
-6961
1614
-654
-5582
-1907
-5251
-7857
-696
5179
-1596
4366
3750
-5157
8787
3075
5009
-3838
-6030
3721
-4680
-749
-7904
1405
5126
-5566
7629
-4226
8253
5919
7997
1291
-7475
5300
5311
-6250
-1892
-5771
-6976
9790
7494
-1777
-7232
4276
8350
8612
2948
3667
6064
3044
9087
-3162
-7511
8717
4922
-2416
-3527
2997
-8502
-1937
-3003
-9658
4071
5200
-5198
-4360
-5665
-1758
-2172
-2201
8346
-6039
-959
6395
7704
6490
-8084
1187
2119
-5354
523
-7739
6668
-6262
-3966
812
6040
5637
-4144
6719
-1808
9459
4999
6748
3842
4181
7446
9858
4129
-4576
3072
1088
6279
8797
-4034
7679
6631
-1065
1010
-7523
-887
-8868
5383
-2829
-5607
5330
-8266
2576
5147
-6892
2942
1243
-546
872
-1073
3008
239
3249
-8028
-9536
-9727
-934
9108
9022
3526
89
10150
3628
5309
-161
3028
8950
-3531
-8917
-9489
1087
4066
-1672
-5541
-2042
-297
7061
-9096
-6404
6612
3204
-10058
2457
-3281
-525
-8255
5164
7986
582
3458
-5944
-9133
9481
-2674
-8247
-1153
-6414
3714
-2082
2934
-5994
1938
6275
-6142
-7094
-1774
-4950
7269
-9365
-7810
-8394
5329
6211
5966
5467
-5722
-7553
-300
4664
-1738
445
-8995
5659
6031
4896
-9147
7493
3709
-323
-5998
-7768
3156
-5761
2477
3419
2863
-9774
8381
-8150
1845
4162
9418
2498
4837
3576
-730
-3125
-6603
1210
9255
-6909
8572
2323
5992
7155
4994
-7730
2790
9545
1045
7946
8348
8165
6300
-7291
-3778
-5874
9404
2369
3424
3776
-1252
269
948
-8312
-5770
8049
-7702
-5732
1671
-9961
-5562
-2734
7887
-1315
-7754
9162
-3915
-6509
-6245
1603
5707
-4985
-2611
-8335
-10135
-358
8575
4102
-5408
2035
-7465
104
-3970
5454
1676
-3496
-9242
3429
-9510
4238
-3158
-5783
-4170
3491
8118
-9039
3070
-4327
-8034
2950
7384
-7462
-4254
-9205
-10006
-6302
7233
7235
-8537
-1368
-7427
7764
-3049
3310
1770
1309
7055
-6791
4349
-1223
5669
6547
-3320
-3936
-4500
-4316
2555
178
5435
-7116
5444
-740
-9663
8721
-2414
-7096
-6626
-6135
-2531
-8815
1152
-3616
-5709
7540
-126
-8520
5089
6727
1957
-4795
1707
-87
-10180
10092
5747
-7499
6852
-6096
2227
-7054
-7683
-1518
-4744
-7579
677
6124
-1891
-8793
-320
335
1628
10207
-2043
-8791
-4611
-10142
-6265
721
-9583
-5600
-2034
8080
1623
4528
1849
431
4182
7327
-2904
9065
-199
-4365
465
-5708
2929
2198
1556
-3614
5700
5894
4282
8349
-816
9524
-9437
5066
-8164
-8541
-5026
-2336
8626
9419
7190
-1134
9594
5407
9697
5277
9610
-8771
6579
-5778
-1241
-8544
8140
-8600
7033
9540
2730
-4424
6212
-686
-6821
4257
5491
-1265
-2002
-8204
8378
5216
4256
9653
-5017
7018
3188
7378
-3978
-5635
8778
-2511
3924
7160
10049
-2931
3739
4914
4020
6928
2017
1394
-6943
-5361
1666
-9683
-1335
235
-5282
-2306
6455
-2839
-5462
3289
5878
5273
-7231
-8205
2429
4911
6611
-7355
8884
-4497
-2302
3093
-8681
-1812
-2360
-6818
7318
-6878
4621
-1230
-9843
-1189
7325
8159
6004
6591
-9631
7086
-682
-6523
10031
2003
955
-7732
5681
-4975
4468
-8715
3120
-3437
3232
-7874
-3242
-9776
-4406
-6853
-3907
7836
4880
1519
-2368
-4318
2841
2629
5752
1820
-9793
2865
-3157
-8286
2371
1447
5500
7807
1642
-8460
4770
4158
-7154
-197
4750
-3139
-8554
-10117
8602
-8571
-7780
7354
-6979
9407
-2798
-4602
-36
-9456
6602
-2815
-7070
346
8119
6329
3768
2649
6006
-4414
-7348
1206
-8264
5028
2382
5860
71
-8687
-4261
-2402
5623
1527
-6521
9491
2391
-793
177
-5007
3581
-562
2165
7521
-1484
-1170
-8015
6624
-8550
-3183
-3081
5873
-9054
-5768
-646
-3552
5702
-966
411
5391
3682
3173
-8915
-6051
-6621
9533
7752
-1999
-3541
-3898
-8294
483
-8880
841
144
3656
9193
3719
5612
9922
6971
-4380
-3184
2914
3887
-9186
6863
-9996
557
-3606
8426
6007
-860
8075
2433
4191
3038
-3097
8991
5995
7216
-3420
-8181
-4715
-9657
8005
-8415
-8039
4164
4014
690
-9929
-5907
7484
4834
684
-1906
-4946
-7799
8883
9202
-9410
-74
-6263
-7139
-984
9580
-1602
7774
-2100
-1430
-6026
-7222
8195
7204
-1862
-1113
6218
6153
-6419
-2223
-1145
-8499
-10016
5869
8624
7762
-9848
4131
-1763
-1181
-1345
-6087
5112
835
-7952
-8770
-751
7497
6856
-6361
-3848
-5954
4196
4352
3544
-468
-6999
7319
-1746
-3111
-8579
6243
-8888
-5526
5488
-1896
6777
8352
-1220
9534
-3727
-4826
-232
-744
-6634
-5564
-4479
-8538
459
-4357
-1350
-517
-14
3803
1118
-6448
-4438
8448
7645
6341
2713
-10138
5621
8120
-5470
-994
-5629
8290
8828
-9842
-2486
4331
-5872
77
-2782
-6388
-1075
7504
2480
-4093
-10067
4280
8677
332
8334
-5518
-5062
3482
-10200
-3215
2290
9002
2473
1299
-6600
1317
9367
2294
-2767
796
6321
-8605
8179
9694
3471
-5275
2908
-725
4627
8686
5476
9101
2504
-8177
627
-854
-8482
7604
9438
8503
8099
-28
-7029
-2069
2835
-5279
-2181
2431
7346
5531
8743
-2357
-8652
-5412
8625
5574
3304
-4266
-9384
6740
6196
-6620
-1922
6918
-9126
7391
6484
-6467
7608
9268
3748
-5209
-5337
7473
-3378
3395
847
9999
-4708
-4849
2016
2186
-5079
-284
352
2500
-2578
-4442
1946
-7425
-824
-4990
5965
-7509
3133
9845
-9502
116
-2075
5396
-5743
-5726
-7793
1687
4370
-3066
-2838
8038
-5120
90
428
-7280
-2872
4559
2520
-5844
8345
1303
1025
5182
35
1579
8053
-9272
-4165
-2698
134
1698
8610
-10033
-4412
3266
6460
-9752
6339
1685
9621
2843
-1884
-904
8457
3057
1117
5697
3818
5900
-1466
9325
175
2342
-4530
-3083
-5441
-1755
2834
-1989
5993
4038
-9317
-3969
-5671
5912
-6494
142
8302
-999
-1058
-236
-5762
-7980
922
2453
9223
-5466
6893
9282
3518
-257
-2831
7943
1354
3957
5333
-6330
137
4190
-7402
-8215
-174
8153
-4993
7050
-4134
5047
-1853
-4619
-10103
6271
-5673
-3077
8519
3520
9532
1876
5256
-6991
-2736
-1654
-3974
-9118
-9273
-9831
-2006
-10036
7360
10057
3771
-2411
-614
-5942
4789
2301
1409
830
5756
-6081
-3101
-1308
4558
-6283
-3361
6055
-3931
630
-2233
-973
-3178
-75
-348
8374
-4856
-3263
1663
-3929
8151
-5913
4864
86
6200
8293
4228
-7933
1101
6224
-7741
9769
6312
7063
8228
-4213
7356
-4703
-2560
8594
-2658
22
1731
3326
10132
-2680
3011
-6854
2249
7594
-176
-1881
-2915
1479
1552
-1000
-8751
-7909
4097
-1825
8905
5151
-4279
9211
-3479
-5525
-3905
5067
-5581
-4989
395
-1641
-9044
8085
6669
-6230
-1132
219
-7897
-5184
572
-9435
4137
7158
5744
-8376
595
-6908
5152
3570
543
-6445
-3209
325
-2237
-838
-9224
-9772
1004
5030
8023
6783
7409
9323
1009
5988
7987
-1089
8265
720
2571
8337
5386
7561
-5384
-2741
-589
-998
-757
-2769
-5202
5487
-433
-9669
3254
-3599
98
-5432
3519
103
-486
2775
4909
2644
2648
-2396
1866
559
2011
7265
1545
6406
1983
5438
3221
-2722
-6085
9814
-6784
-4108
-7876
9484
-1925
-9251
2536
-2765
24
7146
-7665
1506
171
8366
782
5940
3364
9397
-4169
7998
6782
-1398
-2325
-7524
4895
-5740
3110
6025
-150
1961
-4982
8298
7990
-3779
-7186
3237
-1175
-7845
-3056
4264
-6957
6226
987
2014
6726
4271
-3010
-3611
-8768
-8699
8385
2270
-4925
-8305
6342
1576
3751
3705
9743
3704
-2557
7989
138
3392
4480
843
891
201
-8121
-2538
7479
-7993
-9051
-4947
-453
8587
-3992
-2776
5211
-5159
7171
-8714
7246
-4147
-6343
3629
4229
6402
2821
-341
-6681
5278
3713
-3993
3052
4512
7654
-7301
7814
-3096
1980
7040
6103
8692
2479
3421
-7065
2596
9125
-7715
-3190
-8983
-9732
3323
340
-6267
-9230
821
-7661
8012
-3007
2846
-4995
-6008
7181
-6710
-1667
-7031
4035
2018
6526
1444
-4554
10108
-6252
-5314
4198
-2424
283
-4655
-1875
-8186
2585
3135
-5492
6305
-8248
-9210
-5410
-2743
-1054
-9819
5021
-9227
6072
-1828
3513
10133
6209
2699
-6190
1238
8976
2928
-2983
-4051
629
7466
-9982
-1706
8471
-9482
8303
-9013
8619
9974
-7564
1997
268
-2329
1212
-2862
-8325
-8243
8539
6543
-9865
-7738
7977
3965
1423
8650
-7361
7071
-4212
2426
7547
-586
-5760
3858
-9562
-4811
9364
726
7213
5433
-2604
-5938
-6366
-688
10070
-7418
-6503
-5926
1648
-2703
-8472
-5090
-1681
7580
3256
-8100
-4451
-3431
-5976
-8132
-3116
-5171
-4701
-1991
8925
5436
8387
-4046
10152
6899
5043
6500
-9269
1262
-7709
6795
5290
-7692
-4099
2289
4678
8864
-1133
9785
2587
-5223
2091
5425
-4215
-7949
-7830
-3602
-6504
792
-6435
-2998
-6146
3886
1639
3220
-8379
-8931
4389
-4485
-2352
-8319
-442
1874
-8516
10080
3762
1748
-6376
6895
7722
-901
-5214
447
6826
-8693
6478
3625
5231
-1222
60
-8313
7974
6688
2133
-3791
-8190
-9446
-3590
-2111
-1505
-8987
-2007
4737
-2661
4376
-8208
8037
-25
3029
204
3409
5055
3268
-6214
1661
5841
-124
-7350
-8473
-9225
5122
-8851
-5604
-312
1452
-10169
4118
4396
-4726
-6986
-1343
1624
7939
6259
8203
10109
3396
-10023
4971
-9170
-3006
5956
-8458
-868
1981
9897
-8065
-1445
-9665
-8690
-1723
-2224
-4465
3105
-3477
-8992
4292
-8001
-10040
-4216
8440
-306
2690
-4904
7100
7295
-4939
-534
4969
-1781
520
1950
264
-6457
2461
3577
2279
-5192
2764
-1743
8878
1953
-2010
-1036
-5341
-1079
-5053
-1827
4343
3717
-8311
-7809
-9183
8407
-2022
-17
501
-414
6801
-7245
-2285
9756
-848
-6047
4604
4385
-9891
-504
1301
4634
-6120
-7806
-643
-162
7655
-1573
6596
-611
3197
3941
-4614
-3701
-1098
4893
3346
7795
-8839
-2036
9741
-6315
9355
-8974
-10136
9135
3720
7538
-3502
-2530
4623
-3293
-4839
-6867
5858
-8249
-1584
-4533
1595
4681
4658
3189
7584
9215
2944
-1110
206
3712
-1643
