75439 13200
45238
-19820
-29165
-36582
-37822
15186
-26997
42655
21534
-51560
9782
3189
29257
58
-26556
23705
31923
1190
30346
-4090
29776
39816
-26923
1713
-40156
-37284
27214
-24835
9645
8519
3727
-5135
-36983
-32605
-26953
41553
4205
-4391
-38263
29153
14737
24053
23469
-37185
-29523
-727
7198
50506
-15944
14053
-47887
-46608
-52437
19974
24658
19856
52685
13957
10365
-12839
47336
-1722
-10481
-15184
1234
-39248
-16565
36199
-6427
18096
6322
11683
-44140
2905
6458
-42427
40514
38163
-51754
-45192
-6385
-45246
46960
49847
22918
-20969
17959
-18025
43424
29430
-10356
-46357
29757
-422
-6578
22711
3576
46847
-34687
-4181
38833
-8224
42588
660
2074
31456
30738
32879
35117
-20520
38261
-33943
35275
-15991
-47064
27088
-25684
37629
-14198
-12129
1323
-40026
-16973
-19514
-49577
8524
52137
-10412
11751
1493
9297
16465
12300
-21573
-36855
40242
-14491
25997
30234
-27997
51799
-27226
-6604
42246
-32388
43694
52745
-21425
-8288
-24608
7608
-7116
25911
1925
42062
-22522
-19129
-12314
44570
10400
47033
44679
-28078
32313
-15888
15519
-8562
-26679
-4327
10198
43110
-13098
43187
20110
3461
22001
8780
17916
-40125
-10017
32964
-5184
-50864
33515
25125
-22263
8377
-5437
28331
9596
-15908
17168
-26933
-1485
43750
-46853
31253
38680
-41202
35360
-52609
30616
-29056
-26241
-26893
-28758
-39184
-14996
52474
13332
-32682
47513
245
26748
32710
40904
-16020
10808
-24757
-5890
28173
11198
45527
-30657
20851
-36191
-23748
-9612
2440
-43602
-33531
6325
-17473
19806
-36229
26416
-5451
1080
34620
28647
-10691
-33428
19690
-50088
4329
-46183
-32802
34266
37270
12536
28399
-43055
-32224
-48622
-42786
44874
21976
33308
-22512
-42913
30970
35381
-49375
36373
-37167
-23309
5164
42594
-37013
38011
2862
41800
30249
4589
-41890
16332
30251
-40304
-35373
7809
-23345
41126
-47358
-47514
11463
1897
28856
9878
43346
44976
-50285
23841
-52715
-40462
-1331
29652
7814
-11081
17557
-45698
27726
-8643
-49047
28772
26507
34461
2432
7694
850
-294
-13628
40392
705
13117
14571
40036
-20357
-39773
37615
47009
-43847
-26665
26211
-32431
-4923
-9007
-37463
18109
44402
12539
1583
30530
-14163
23319
-36519
-33154
38390
-47581
-25920
22053
37801
5445
-14221
-24316
951
12542
-18614
30671
-25946
24970
-33229
921
46517
-22309
16834
-34784
-15700
-5996
27360
32656
1700
22069
46216
-17720
22164
43012
15894
-32284
26358
-26668
22999
-20315
22576
1534
36305
17360
-48583
-48792
-14002
-42975
4621
35248
9046
-34632
52098
24505
2727
18332
23053
-21376
20743
-6167
-16738
-30939
-15094
-19401
-38502
-41483
-6105
-51068
20775
38935
47532
11983
-2959
5221
33559
27603
19059
-39533
1638
28655
47801
1655
-3380
29155
-10594
-23250
-37434
23034
-26791
36032
29533
-23021
-47429
47354
43743
-16748
1312
22498
7031
5048
13616
18857
37066
37100
10552
-45936
-50741
-27363
1787
-28309
35271
12616
3526
26255
43494
-38289
-20816
8755
7211
-35601
-22131
37607
-33782
49896
-24112
19154
47359
15152
-4949
11397
-22953
47412
-21239
-18579
-7227
23931
210
-50147
-24644
-43598
-37371
-22398
-38428
1247
-35512
-19834
5426
42288
31000
49036
29402
21155
-41591
-1530
7467
5208
-8935
41960
21657
-20789
29787
25869
-16657
23202
-52182
17389
23109
-1318
27953
-5765
-28015
-30382
9539
-1869
11887
11426
-1149
-21151
20004
14765
-8364
27783
-17945
-44498
43753
12530
-8457
19313
5125
11994
-5033
-178
-25717
50462
16975
-44786
19822
43919
-24030
-13622
11575
20123
-14307
38303
-16524
-30985
-45707
34490
48807
38089
37976
-965
27767
-48450
-21287
51376
37102
9636
-13907
-52662
-12270
43214
-12087
-52320
15906
-38660
48919
42808
-41099
-47144
-12852
-15153
-23321
-13033
51516
-16715
44640
25492
-18047
15936
46631
-43482
22024
27579
-49568
13290
-9002
-42815
-14878
28265
50441
20011
-47439
37266
41192
26823
35859
28771
51298
-42934
-7935
-3280
28402
44822
-6077
15751
27826
-1068
14036
986
23668
-26818
-5239
-29037
47407
-29605
8076
38745
-45338
19467
-18272
-44502
-1971
-27137
18214
37899
-38972
-15133
-4124
-20591
-10418
26480
-4806
-48990
-34040
-31849
11184
38887
-16925
-674
30198
-14448
6453
16607
14445
-32650
-33042
19873
-2350
-24926
40950
-44232
47971
4203
15859
9661
13865
-44680
830
44756
-45109
-21399
-11309
-20583
-50331
-27998
34557
-34083
-14349
-6319
-5559
34258
-14090
26140
44412
8398
-46814
-36622
45042
-35036
48329
51246
-48348
23511
-36928
-173
-256
-9728
-41038
-34691
1833
-4984
10924
23882
43714
6296
6365
-33970
4189
-27560
-24028
29285
-10638
51850
20196
-32819
11002
1058
10504
26707
35326
-31875
-42735
4901
16663
-19882
49724
15852
337
6213
-10097
13621
6795
-50515
-52230
-4400
12805
45947
32054
44834
-37026
-24282
28228
30527
52301
32918
44952
5223
43856
17511
-48209
7725
45860
51512
-46858
-15763
-241
-10399
-12345
-52587
50078
22104
22004
-12880
-44851
-18821
4754
32779
-46119
3273
16967
47973
8149
-13375
-31431
11264
-39716
-6
30821
-27824
6315
40611
-30463
-35056
22141
5323
10968
-24002
-8696
3095
-47970
20156
30922
35144
-6366
51383
-44531
-34212
-50471
32842
-11566
-15310
4294
5121
-12771
-15879
-50533
-30498
-51682
11014
37306
7933
10042
16573
-52169
51929
-29638
8711
-3562
-5476
-11969
-38965
-49510
22872
26986
-41203
-37687
49630
46861
-6857
-14734
-38106
31671
-10060
32745
41848
-2219
25502
10853
-33051
-37901
-17906
-42770
-12484
-50057
14800
28368
-46465
-22712
-37211
17366
1231
-22237
-26934
22253
-51401
-9688
42029
-14482
-15326
-15690
27450
-39740
45785
52168
-2402
3960
279
33335
-23534
-47775
14263
-1751
-38160
-23578
-37059
-39373
-3614
-17729
-6112
-24174
-42704
-33890
30879
21313
-52485
51078
9987
-47930
43533
42065
14915
-41704
18493
33136
-13426
3968
19539
21049
39854
-614
39416
10474
-47020
-27877
15382
32332
18329
-36985
-13684
-6684
-31152
-2759
-19782
-38325
-12328
-5170
19373
48679
-8815
3637
11631
-9403
51362
17026
-40059
-37860
-9361
15007
-41333
-30078
-51250
20914
37907
-9927
10827
-16060
31697
44389
29990
-10462
-7568
-24148
10032
-18338
15444
12882
-32876
41570
-39657
-7885
643
21252
9947
39332
37356
44519
4608
8911
-27671
30123
42182
-52565
-51297
-17183
-17673
-3206
13184
46940
-39398
-46015
34425
41182
-9068
-19517
47203
-25736
22466
-21030
46572
17030
-16933
6013
4833
-9259
-343
-25114
51022
-20251
33437
-11073
22264
31457
-12471
29515
18145
-44922
28452
-50870
35423
-39339
-8999
-14993
-39438
39376
2248
-36861
33740
-38153
-19366
11093
32873
-26765
35402
-33619
-49982
49873
22316
-21941
-10789
-43878
38597
-32789
-35338
20312
45887
1035
46836
26399
39583
39492
-38776
-1257
13636
-43248
23409
50250
-44385
37498
-32808
40073
31417
-47541
-5862
11601
5013
38087
-33977
10439
-30488
-34980
3335
-24217
41938
48524
50941
48419
-45795
32358
19986
46747
33831
-45420
-17643
-13799
51777
-27628
-47178
40767
-41486
-36569
-52505
47950
-47278
-9210
-32754
50637
-11840
10982
5312
-32423
-19972
-43299
36499
49306
-43361
2146
-28344
23775
16906
-42716
-9942
-27812
-14628
8697
10497
-23591
-51558
-49132
-16997
-51304
-20211
-20980
-43574
35525
-7130
28643
44632
-6687
14956
1635
-35212
38044
-35013
-37000
-48943
-38435
-27283
38223
-17614
-50005
42264
40159
49760
-41047
35689
-23703
16791
40633
4982
-21293
2318
24533
-49282
31369
-38155
-26959
27446
28720
3621
47257
-36870
-52010
-20727
-25697
-46935
4156
-34541
41168
-11929
-3499
-30634
19436
-31915
35685
-26891
-3141
-17201
-32902
37577
2699
-36088
19398
-14309
12927
2600
50011
49133
32148
13730
39440
-36505
8843
-31192
27388
47292
-33375
-17946
-20199
28097
51054
44342
4137
22317
-24777
3096
-19082
-34971
-10466
-10889
46332
-43480
-11311
39003
-11278
43136
27948
23049
-25724
18571
46131
-23027
-5084
25993
-19848
19227
23223
-26144
-40831
-34576
-7137
-51566
31385
-25980
-20965
-34671
-41856
42221
-2062
5768
35001
-6611
51116
21977
-7594
-42884
-42879
19842
49027
-38441
-11001
23587
47652
-6257
46986
25834
-27811
-35505
19116
21150
-24210
-11615
-3345
-5815
16229
27482
-52739
33119
25938
-2685
27527
2487
-26875
38064
-472
-38617
-14695
-14233
-48815
-1651
3062
-12665
-25838
-42807
-2223
-29878
52802
21919
-43760
17244
-7048
-8129
-11170
9385
17915
23543
35555
-17580
-31212
-4821
16097
-26464
43363
11633
4214
44692
32064
26786
27003
33849
-46494
-13047
-3340
-21047
-45259
43791
-29930
-20939
-25232
52663
-6647
-48400
32351
18495
10972
8128
41904
-25785
51184
27681
48997
15976
-19503
-3997
1446
-47056
-38014
-38266
-51828
-15182
-3732
29098
14619
32610
-460
16539
4375
-41407
-44552
-46521
-20901
-41197
-35456
23236
-800
36441
-49330
48950
2694
-2093
-18958
-12127
-9082
38775
-46761
28581
37950
42472
-51409
-10977
-3289
-41557
-421
21687
8366
-26309
41450
18398
38653
-51591
-13758
1060
7023
-28236
-27922
-50530
-42090
-7654
-45047
-13119
-28447
-12640
-20433
15586
15278
20924
30127
19767
-19946
14154
-39045
-23880
15191
8158
-22868
-31834
-49239
-48270
-28902
52119
33470
-6048
-9561
-31873
41288
-35313
21711
27960
46383
24507
45939
-24838
33377
-9665
-9873
-27070
-1790
-29581
42937
-6596
-28850
11583
-15211
-38602
-19105
-47233
-24078
2136
49163
3888
-9461
-43773
11297
2521
-39232
6370
1906
-2295
-37484
9336
46005
-33758
-34202
-15111
-15390
2268
40001
4387
13277
4858
-8863
28879
-17602
-46552
9133
21777
-45217
-13749
-41767
4590
-47339
-33252
-10740
-16299
-29645
24650
-41897
-22899
-12035
-3786
-39645
42674
-34871
23844
-30125
-43800
29744
40212
-25688
46904
-44644
28750
37103
-7989
20051
-35285
-33247
22609
46681
-26591
42091
5332
42943
-42522
21972
49422
10682
26251
23096
-51356
-7884
-40757
504
49805
29249
-868
-23298
-29329
-11230
17950
-8386
28056
10616
-50448
18727
32926
42740
-15349
46957
12018
-26587
20474
26868
36495
21459
37824
-32364
39252
16992
-10538
-28883
20738
-51732
37476
-52202
26229
39579
25301
-7602
33625
1677
-24436
1588
-2925
11785
20311
-25008
29506
28293
-6221
-17403
-49060
-8669
-43203
8279
-36723
-44265
3304
-12287
17681
-21375
-36905
7807
21823
-5367
32707
-10544
-34920
11890
-4344
32943
-45919
25886
9648
-43162
2691
-17825
48690
42341
43140
-12209
41378
-19011
-3310
-10753
36195
6194
42394
9784
-9756
-24698
-36523
2082
30914
-44333
26660
4543
39655
-9208
37132
-19146
25364
41245
29628
-34489
49846
3885
33075
33077
10623
-2854
44259
17490
34118
38336
-52156
-34981
-17914
32942
-40537
844
48569
37757
-27057
41301
-21793
-18287
-19464
-31397
-27808
-12341
-20640
-49500
3787
-45543
27534
-45244
29163
26989
-35511
38098
3131
-42776
-21008
41323
16173
20788
-46165
31702
-25573
-7848
-20253
-32518
8356
49899
-17527
-12445
-11679
-6791
13525
15493
-21906
38091
-20598
-52213
-14438
29566
-14591
-10804
-30458
35049
-9903
47662
42121
27089
-4196
18951
21569
-11975
41427
-19465
30583
-25094
25633
-20021
-46764
-49818
51902
-34624
-41645
-33645
-38272
46749
-28424
45896
8107
51210
15957
31715
49442
23403
-40992
-1639
-48535
-24307
-39359
13422
-33381
-16005
19641
41605
40460
-32488
15841
-27464
16067
-46502
-41734
32239
-23542
-7146
51016
-10518
-47458
-25877
-41277
41955
2686
-16843
12303
17531
-12497
16578
50694
-24653
17169
-40416
-38750
-9997
-52626
52554
-23466
-2657
6281
4789
51561
6920
-30923
38125
47010
-51785
-33576
13779
-45711
23829
-19002
-26267
-45979
-10796
22571
4915
-38919
51858
-3753
33184
-20732
7195
-28124
-9529
-41250
-25529
-29560
8714
-19790
-31401
50134
-44253
-39858
42529
-16597
-24904
-8066
4932
-4588
23235
722
40163
-16914
11942
-1660
-32097
-13144
9806
31240
47831
-38333
21456
-49058
26807
49723
-37558
52794
33373
48156
-44387
-4549
16418
18997
-7392
-12172
15791
-15827
-8537
-31201
-32285
-10346
3097
-910
2330
-13480
-11041
-19240
-41435
15363
93
20880
-45570
-38871
-14563
50907
-17047
5942
8455
24029
-7850
24954
13251
23770
19910
11391
-22000
-49921
21359
-27319
-28049
48001
-50442
-19176
-41807
47363
7356
-29903
7733
21218
-26618
-43852
49563
2675
-9684
-41838
-28891
-44044
-6200
-25778
28766
-52550
44855
-10524
-18363
-24554
-7375
52383
37019
29408
46082
-12201
-13104
23661
40620
40356
-4405
-45479
35571
-26655
-23604
-42212
-51479
34722
-37178
-22440
-6157
-39754
-28540
-22336
36695
-27365
35178
19759
38778
52536
8445
29749
14093
-34757
-20303
-50033
31355
35175
-7289
-4319
12913
-37472
-8693
45739
-44801
1484
-35780
-31529
24044
-9562
13174
39980
9890
-15537
-50621
-36362
15812
34924
4007
3462
50333
35925
-48068
-23537
9468
32514
20366
-1480
802
15798
-10231
-42297
-4779
-44805
31231
-25013
-23751
-2615
-47616
-21790
-11853
41286
18701
-11440
-37259
17277
50859
4309
31602
-48233
40683
-16690
7558
-9862
-18352
49139
-11944
44594
-24019
50358
-10122
-2305
4249
39917
36712
50633
-1861
-49183
16187
-51698
-12465
-15277
41777
4962
-46794
28770
33731
-19803
46209
25805
-8312
-11924
-25642
27592
25777
-15706
-31023
-51204
-2026
-39197
-50824
27000
36
-28836
-6586
-5588
-33555
-17042
46252
6084
-21652
-28091
-51515
8286
30210
-46887
25726
-28491
39465
-4869
-3932
30312
27605
3042
-48282
-44218
-21654
-23097
-2952
9424
45642
-10455
39025
34185
37160
10907
-32301
2597
14916
29879
-28035
4527
-12457
-3229
5096
-23672
-25315
-37151
-37869
32257
26238
37227
9071
21532
-24218
-11088
12155
-15365
-20927
-32492
42883
46771
2168
-32523
18546
-845
-384
10129
-17184
-20285
6448
3070
43365
-2628
48388
-3852
-26995
-52518
90
-10213
-16444
27393
-1267
33935
-32433
-19788
32413
41311
39810
23339
26493
-16917
25747
41920
18675
13788
-45544
-51418
13165
27846
-16909
8008
-31852
-20616
21801
27776
26302
18787
-8821
19672
-43708
32858
-29961
-2519
24701
-24067
5518
46842
-3746
21231
-10833
-24324
9829
-19399
13306
-3686
46039
39367
49427
41718
5245
-45254
11434
-11793
-39491
-24095
11799
17241
40091
22356
-25600
6735
22408
45616
-225
42724
6195
42620
9572
-25055
44836
8
-521
-6398
4225
46857
12376
-45380
-1679
4874
-34032
39845
-37213
-12263
-38605
-28609
-52043
6839
-36621
-1320
44939
42699
-14005
21967
26598
-24550
618
-8750
51429
45760
19796
27292
43994
13121
18487
-19063
-46017
-186
49018
-9013
-35430
-17936
-33106
-26097
33804
43324
-46078
7351
-15884
-16604
-34607
26625
870
-12165
-37573
20978
8774
-37766
-16897
-15226
-32649
-3329
37980
-37218
16946
-9721
36786
-49423
5330
-33993
-27889
-22088
48317
-18347
24851
-7254
21108
26486
14822
-39320
-13255
17383
38332
21299
-587
25725
44708
-47194
-48265
19584
27054
-51613
15756
18778
-43657
-13632
-1847
12920
-31517
-52121
999
15631
20968
-44117
-36919
-52245
-20304
-2730
-14940
-5009
48527
-45220
-44056
-10326
-21251
-44841
1208
-34219
21604
37870
-5905
-48375
46666
-2019
35218
36802
-20282
-27376
-34311
16333
-42787
37304
9816
-42643
8450
-19745
6868
-8731
-47900
22606
-38518
-25823
-16498
22331
18226
-36298
-44112
-23603
-3003
11804
-15033
22229
3737
-32551
-20150
-31321
-32955
5837
14245
19619
20835
-47637
30456
-16034
-41287
34390
32515
22095
-5575
-41851
33657
9042
44362
20712
51552
-13116
7171
-37009
6434
38232
-28410
4179
-41732
12587
36668
-12700
42552
-36790
-27193
35071
52600
24684
-16513
42505
-7983
14767
36830
20605
-21077
-2210
-682
-21700
18893
-2192
-16474
-11500
-1219
25857
-30889
-52699
-46411
-15782
28866
31452
-19692
39454
-152
50903
11492
49211
-15948
-3166
10407
-33885
-7249
-33386
22387
-13222
51081
-46149
-50363
15562
-7096
-32622
50582
549
9762
26861
-10446
-15701
-23749
-40844
27296
-3878
-38466
34771
-19229
25850
-11557
-24615
-39653
45899
-23596
35152
-26146
4892
42287
14580
16742
15127
-40430
-23178
-15558
-382
16372
37445
9663
20973
23928
4547
38253
-10394
31155
37711
-19282
17330
-33713
46625
-49108
-36979
-4213
36346
20683
-36514
-13818
20967
-5527
-40917
-39814
-16334
-49652
-31562
40573
13041
-17712
25727
-5552
-25368
10425
30117
-34748
-42895
39091
-21475
5066
29002
-22796
-44775
7673
-31536
-45248
12258
5740
-10850
31340
-52779
22472
-38097
-29272
33968
11927
2714
20486
27679
49984
-19368
51743
2018
-50714
24097
42296
-41337
-36927
-22692
-11274
25424
-19382
-32940
-20299
-51314
22410
-49746
-18815
5230
37992
-27674
-22484
-25496
14411
-36234
18112
-36351
41219
47485
-3443
-39074
-33170
23799
2732
32397
1392
32528
46272
26368
-23174
12740
-50696
10288
-20106
37077
-48533
11302
16505
51331
-4432
23826
-15686
-21356
50998
48372
11204
-9676
-47668
52321
-36614
-35156
24907
50919
-29074
-27852
-47994
-9263
2090
-47141
-939
41009
-41523
-31563
32456
52014
30561
14733
13689
19207
-96
-42198
-38484
9718
-6576
51272
15336
32454
-34729
-41548
-23600
49028
-37501
-48715
-23743
-28052
-30480
25881
-32196
-31527
-30672
9824
-6994
36046
2111
-19836
-12654
11082
4025
-17507
48912
13821
20159
-16970
-18269
-34443
822
49059
33457
50093
-36183
11070
-50834
-21683
380
26557
52680
5425
9146
-43235
-21437
-50667
-41610
35761
25914
-4523
-4808
39822
-9087
35432
1474
-42662
-28454
27571
-45781
-6214
-7562
2717
8268
5427
-46408
19185
-4033
40444
26357
33665
17721
49794
4261
-13727
24940
26273
24483
332
40303
16976
-36294
-41082
-44256
-31474
-31687
-22470
29535
-28153
-6885
-21236
29069
-3847
-5204
50596
-28896
-52519
-34072
-13093
-40348
-501
7338
-27716
10327
36767
-28664
27962
-23248
38711
22051
5805
44696
27500
-28483
-44616
-30992
-34714
-52528
-3824
2698
381
35404
-7319
5603
-42336
-48332
35694
-25689
-35214
6551
-50777
46123
-5528
-26827
3060
18845
17415
8656
13199
16926
47838
-41053
-1873
34057
-26590
-50936
946
-43271
-35581
24592
-27794
-13696
-28534
18010
29766
7570
3306
-40262
37602
-20417
27787
6074
-8738
28439
-29544
-11880
-4623
31324
39240
28419
-10454
36749
-26606
12466
-43001
-4419
-1853
-51475
-24780
-31889
-36651
25042
33297
28476
38902
33669
34550
-37891
41342
26091
-39095
-28507
30853
-26975
-43771
27611
-4680
1406
8632
24613
49716
-10768
6335
25814
34717
-11212
-39931
-29550
23116
5054
31524
47455
5284
-51248
26690
24306
7107
-16100
-46447
9735
27203
-25194
49629
-27424
35356
17810
-6675
48616
-18909
27667
-19330
-51839
43022
-4477
-19915
31946
39746
-12218
12152
-36964
-29464
-49262
-473
18255
8105
-10006
2080
-28693
40968
-49988
32782
31523
-29733
17879
-43566
30317
34081
50738
-25570
-47882
-7202
-40955
-14719
46312
-45064
-12217
11182
-29565
-33530
-14366
2792
-930
23057
-15356
42249
-37654
-31463
-40195
-3365
-46034
47311
-19113
46813
-45486
30490
-46700
22405
-20256
-34692
-49854
-1209
-52397
34828
33880
-18306
-24540
-20543
26862
28948
-45232
-39839
42968
5315
10376
6158
41160
-24200
-9205
-43557
27963
28539
38493
12027
11861
-8125
34359
-27282
6231
-43981
-9995
-2788
-30177
36163
-12350
-39495
21079
13968
-16845
-9017
-1100
-51278
27713
-28881
52219
51687
-49231
30730
-34133
-34630
-33369
24504
-40027
23230
22876
-2118
2483
15163
44263
36628
1962
-50566
41108
-41362
51075
-17295
-52402
-12520
28251
23874
25536
45946
-8460
-503
-48102
-5723
42557
1162
11764
22224
-22599
-44776
-43360
-11046
-42026
-32947
-29633
-39966
19391
-7977
46386
-3406
-27179
-27229
-45345
31405
32941
-22680
-3496
47708
5858
26326
-40603
-34157
-19133
-40191
32974
3952
-51197
25442
-21885
9513
5640
11644
-36556
-44282
51195
-7399
22530
42822
19624
-21471
39476
-32033
44350
22122
-6032
-9958
16882
27045
14857
530
-14842
-44075
-14626
29864
9050
-15907
-15531
-5700
19429
-21242
-2720
-42031
49137
-47091
44087
-30621
7636
-4289
-40450
9187
-44481
-37923
292
42940
-26216
16686
23472
20396
9003
-16457
7232
32972
-21697
42080
-11739
-37020
-44223
-23086
10788
-11787
49127
1678
-51640
27710
-8403
-36853
653
28389
31691
-30221
52688
23125
36675
-19150
-46241
35792
16555
-39547
-1887
-9464
49122
-41165
39049
8892
-45752
-41386
-28580
12900
7573
-7027
-2222
45015
23507
-38203
25855
-5389
27467
29139
-45556
-51036
37378
30133
7424
1216
32317
-16919
-29435
-43808
44343
-16685
39033
12659
19683
6485
30517
-15448
-28683
4451
25575
52658
40117
30485
-21772
30935
-47760
4083
-10216
43114
13017
-42294
-19661
48284
-18935
21933
51193
8687
-45984
-33945
35583
14175
9401
40564
50404
-2423
43006
29052
12883
23828
13297
30656
39308
-4177
-47556
30227
37690
37990
-25680
-28125
52560
-35949
-51889
44186
26442
-40828
-39031
-26411
-3729
30366
-48207
39134
-25888
37192
23912
-25776
-21497
-7792
-34862
-45473
-5498
43117
-16336
-21723
-40610
34520
8705
-50613
-19921
2388
17854
52668
21641
-47750
-6991
-37534
-16599
-22652
-32660
-5103
14224
19267
24774
-19477
23614
-43890
-47068
-41733
-8466
-44861
-2361
-41675
31775
-17443
12936
-41184
-7959
24087
41411
-50967
-35480
10340
-15498
-18260
-5320
36114
36818
-18871
-49517
-41143
-40936
22797
-13849
-40206
31805
24186
40395
-30018
22614
14453
-48483
153
10862
-44074
-49554
-51631
35319
36645
40842
-1637
36680
-30440
32501
12735
12032
-46565
-28894
47877
43345
-21686
41237
51082
293
47489
37673
-36740
14952
-20449
-43853
48137
37865
-29793
-15870
10611
-13051
6276
-35940
6750
29396
-27340
23965
-30623
14324
-39079
-29502
-47931
-15115
38442
7806
50162
-23263
27975
22142
-1585
44483
-1997
27514
47135
-23942
-33707
-25473
-16462
-13494
20652
-18444
15410
-44729
32976
-33412
-22228
48034
31728
-52643
17457
4286
25487
-45026
37983
-47356
21751
25269
29284
-21824
36154
5174
-25296
11473
43616
51715
-31361
37696
-16739
-19012
-11167
42814
36439
11923
45284
36840
-40677
-26880
20488
-23510
52511
31669
39299
-47737
20728
43905
-39117
1544
40120
-35654
35352
-28075
-45381
9770
21834
-37402
-30871
34667
-49798
24986
-35222
29084
24714
37327
-39686
20001
-11879
-15472
48174
-38666
12989
-25235
-31006
34378
10173
-10959
-6743
20693
45679
34531
2140
44094
19710
-50495
40274
-21628
-8060
27242
-35810
45331
14515
43809
22296
-8853
-47220
16577
-51419
-32690
-11738
-17939
25334
-3325
33181
7817
-13260
-13325
24800
-15279
50021
-27142
30408
-1630
38762
25406
24037
-3933
787
-10079
-9332
-36466
25004
-12111
-19747
-41736
35663
46442
16562
-16321
10201
31089
40626
-51744
-2880
-2282
43742
29236
43803
-4651
-4370
-22972
33650
-38016
-3944
21872
-50086
-35383
-23146
13191
-21518
-36703
-25832
-25019
15412
-36446
45134
9127
27355
34644
-36131
-6394
5469
-20394
3235
35522
-34663
-35622
-14031
32695
-11197
-34836
-46217
12757
48978
-28148
-43429
8564
21100
32526
23815
-9930
-10219
-8053
666
35209
7581
-42571
-23144
32672
-13192
33742
5155
21371
21740
38186
26705
-18360
48431
20093
9946
44303
33663
-19335
-47619
-23654
8032
-48117
-16593
-47155
622
-31232
5073
-7242
44814
21913
45758
-17272
-14023
-48008
-17355
-1184
-4599
-26235
-9627
-49154
7953
9230
-25971
1627
-24405
-25556
-24176
948
-25295
-29701
52754
-40574
-29271
-2513
-20691
-34376
-14479
10641
-27545
9166
-29931
7927
-46371
19507
-14585
-34242
33679
-25846
-43104
-24133
-49244
51773
-15893
-24277
24322
-7397
-36341
-20564
-6939
40619
-32874
-43824
-34629
-50737
12635
15129
44233
14961
-18298
-26974
8602
44334
7864
31438
-11233
-20916
22258
12568
3615
38096
9799
-50465
-24125
-26413
-6375
33495
-47316
-32893
-20724
-28161
-30260
18333
-25377
51321
42347
-46796
-49826
-52488
4453
46323
35827
-38322
24033
35257
-25059
-35160
-8073
-45881
2491
-18316
-24196
-24042
22203
-34884
-38861
9199
45358
3946
-7742
-51819
-5466
29129
-18707
-35502
-4126
-20656
36891
49997
27128
5751
44883
46380
-20421
-35106
49041
49189
7980
-36304
-17143
-1915
23085
10473
-31315
-22653
38459
20204
-49932
5703
-44704
-27965
24941
40084
20845
-12946
-30082
-12752
-6409
-3243
-24985
-52165
-45884
-16242
10868
42711
-15733
-26207
2866
26476
-1062
-19473
13984
42997
16525
26588
-5371
27093
3259
-21682
-27083
-11276
34484
-12009
-27650
6414
-22127
-51916
-24937
-5512
-5530
40419
-42002
-22907
3586
13179
-34923
10448
19897
-15738
-32624
28000
-2132
30423
-22881
-27210
-39537
-23406
-41032
-21354
-14243
51672
6532
-22747
-14155
3771
41510
2285
8083
11064
-43103
6285
23370
-44078
-50092
-9814
-43737
-15742
2986
18518
41348
-12992
-18645
13135
-47615
-17359
31168
47384
-30881
27484
-29717
50645
-33987
7531
34532
-12323
-36264
14135
35039
36761
-12166
-133
-33841
44946
28157
7739
-45040
49876
-4628
15165
-9598
-45424
34439
8539
-51273
-39811
35464
21208
-27127
-29038
-52164
-5975
-35396
-7632
-6190
-51185
1102
-42019
16171
-46184
6582
18229
-12370
39160
46428
22595
-33013
-19155
-1618
-33130
47430
40908
29303
-385
-26067
23029
48545
-47209
-2787
5137
-41871
31027
16677
50576
26386
49043
-51667
-51533
-29794
44945
36974
-3874
-15588
48814
12875
45160
-16623
-41628
44366
-30888
-45980
-1908
5008
32205
-37768
-6454
45705
51169
23212
-37095
8067
-32098
-14978
27842
-22926
30444
-45812
-10012
-7711
-37880
28144
50066
-36636
45782
-21292
49192
-13692
-42688
49765
44111
-30436
-16549
-2718
-24853
25733
-17801
36971
-20392
8965
-24400
7547
2940
14851
-31345
16393
42351
42468
47271
44804
8400
-14739
25044
-40045
38638
35201
20398
11094
4302
28904
45836
1723
-40942
-50625
-51714
-10957
-9031
-50172
4630
2243
22671
-51448
-2911
-2846
27209
-43668
-52542
48199
-52030
-32719
16969
14995
21393
-38922
12031
-41278
51809
46776
3282
34353
20479
-5558
-13397
13534
45726
33893
-3855
38174
28629
-128
38237
-23381
-26434
-50892
23228
-46010
4279
-21968
-24021
-18773
7216
-3055
-40684
-9295
43481
-4077
15730
39126
-18091
-3790
-33254
-42064
-23291
49006
40981
-10320
3792
-26671
-11369
26331
3567
-49703
52571
20158
-47587
51564
38335
17189
26276
45169
-28475
7978
-41062
39733
-9543
16771
42046
35365
16175
-28844
43952
-30063
34038
-26715
47721
-34686
15300
-6669
39603
-33891
26716
-48316
52756
27526
39051
-5148
51253
-46922
831
21121
20414
-10770
-9429
-39782
18264
-1762
-7709
-51529
36166
-31306
31102
-43562
31953
-48254
-31265
-6751
33121
44022
37834
52491
12495
44160
15910
19561
12234
-47246
-4425
47129
-39807
-16126
10007
22455
17949
49531
14607
42372
-30677
41969
47527
-14177
-23779
45684
-33354
-2454
43415
-25309
-7414
16832
40470
3726
-27805
-1756
51723
26071
-7106
-28661
24424
-41543
-52212
49977
39463
-19087
33406
-9129
43955
-2101
39420
49651
-12117
-31245
-50305
38209
11348
-37274
-21896
40783
48115
30727
36711
32104
-37325
-7586
-34257
1714
16776
-52273
-48078
21746
11453
-30008
-50205
-28963
-12199
38002
31644
-41035
-32659
29852
16701
21042
27406
28685
11368
1274
43442
-13092
-40588
-34214
22226
48387
21369
-12645
-13584
-38632
15219
46882
31414
48188
-36815
10845
-28136
-30289
64
-36653
-17451
-105
-14747
44240
-28204
4759
28951
18278
-12460
-34019
20587
-16596
-14790
38258
38115
20840
32026
11132
-46855
-40862
24548
-7909
46661
-10700
-7945
3124
39800
1820
28689
24354
44913
27349
48809
27304
9450
39386
13611
23165
-39727
-51144
-8578
20065
36798
29336
40189
-52099
-44069
37130
-17327
31388
-29224
2608
-44598
-48355
-26183
19268
-47792
-10257
-33462
-28184
-49906
3647
35767
-48382
22375
-12229
-32774
-52159
14231
7471
15623
-43781
49538
52201
-35307
48153
-9851
33975
-46834
-33346
-46276
3413
-27429
1233
18989
16230
-13493
-762
29886
14255
-6415
3587
1704
24066
-18033
-49394
-47210
-27051
-42220
20005
33577
-26277
-49115
-20585
-50177
-28126
30850
-1253
1092
-32736
43224
-50275
-39292
-33951
6488
22650
18046
30304
24157
14674
19218
-24925
17469
-8335
42269
-31803
-45101
40853
11092
-35282
-18198
24576
-35127
28177
-20287
21037
17023
22189
32544
14710
26886
-18430
13273
-46619
38533
-48363
27483
31807
22891
4293
-21204
-18551
-34106
12776
-35076
-48155
29176
-42104
-11701
-47117
22321
-22098
-47999
15927
-2170
-50422
1164
-12284
20183
-33695
-6264
-22149
-36727
13977
42830
26643
36561
-6714
-15088
3568
24930
12275
2393
20877
-32920
41027
-25949
16866
-37697
37682
28989
-9444
44040
36572
-25103
47255
21334
-29182
3441
45848
39162
46620
-46885
-23358
41702
-28788
19371
479
-9871
51353
47166
-37475
29547
-16664
-45903
19426
-16504
7145
-29527
-46235
-47347
-46051
50259
-7409
-11477
32138
25594
9417
44657
36221
-24630
-398
-24845
17348
20168
36015
49946
-32640
25199
1768
378
-34852
-562
35018
42919
-5005
50962
-6603
18613
-862
22202
33347
48592
-41080
-4757
49311
-38773
28773
4686
-36109
15966
-48020
27818
3139
26137
51424
3520
31351
8446
49355
43865
26497
-17315
-28697
-2298
29924
-26124
-6421
34000
23329
-52580
-5146
52610
23885
-13781
-35684
22521
38956
9132
18719
-48957
12541
-44754
-12198
32378
50208
-5261
2368
-38216
25054
-35123
-45165
-15104
31947
28887
-48893
-48423
-13321
3086
-31185
-32340
33581
-45449
-1115
-26676
-10548
-10540
39212
34060
-52128
12232
22967
-22847
51582
-8407
43606
8291
43969
-39586
22240
-23533
28001
12162
36693
-3781
29801
45069
12954
-49603
-16130
-34704
-18504
22698
5336
51368
38851
-40366
-3031
12717
9454
8659
-11385
-34506
-41710
30349
-39340
-33417
-40751
-15717
-23964
-18288
-19587
40293
-38729
-51198
19334
13075
33027
14858
48874
-41615
2559
35540
-49783
-40568
17832
3466
18466
24876
36935
17785
41676
-44399
40813
-10625
-9580
6866
-44847
-24569
-33931
-39968
-35929
29629
-8448
-6498
1447
-824
32898
-20403
35458
-31344
-24885
-28514
46806
5214
-21422
4152
-21046
-8803
25430
27276
-6419
18515
21691
27109
-18107
38134
-8557
-8599
10718
-46894
-25479
-52284
-23949
48320
-15266
2197
172
46286
40468
10506
-7372
-52561
-44782
39226
20323
-2068
-46507
46975
-17943
-2514
50674
15760
-49408
10855
51136
6992
52743
29493
-13552
-1215
1131
12942
46089
-15560
15814
7054
-47415
-44937
5986
2857
8598
-50345
34933
19572
4267
11548
-9637
42685
-34004
27816
-15946
-21757
20387
-40542
38999
39751
-45205
9499
-32906
-14217
-51606
48988
-2778
-31119
-14232
28668
-31831
-16553
-11472
11307
-23769
-25077
-8588
29340
39412
-1511
15098
-19645
-29291
-41120
6020
47885
-4518
17045
-43679
-36004
6671
27675
1858
-21540
-47961
-32031
-21926
29247
20013
28398
-15796
29609
12937
8290
-43019
617
-11893
-46944
18957
-29896
-32401
37091
-32219
8123
-25395
-9437
-40465
-18803
43843
-31680
-26046
-52400
35636
2424
38619
19250
-48694
18936
-22572
-16853
-45765
44785
14843
5702
38736
47138
-20936
14249
3478
-10499
4054
-27702
32995
-40180
-29438
-37408
11655
51635
5966
-25562
-32742
-3445
4422
32327
-39210
-44703
50672
2421
-4775
-45681
31977
21647
-3377
-46964
-5279
8447
-23644
14987
30584
-5780
-22705
34993
12079
-7948
13390
-46709
-43829
31267
-41280
13792
34332
21857
816
42582
-28145
50849
31197
48563
3748
29427
50651
43058
-14264
-43726
-33823
29795
-45893
7192
27525
31395
-20522
11567
-17885
-17989
46345
39346
31255
-26527
16320
-19740
34041
-4937
-35126
22957
-51435
49871
-23805
12188
31638
-46598
14930
-29541
-30295
-30253
-34496
-17154
-16251
51369
-26292
-6509
-20882
-16073
-18129
-50545
-36202
-5586
14261
17161
35794
-16833
-40428
-8112
-14430
-19090
13626
-1226
-9341
-42415
39342
25576
-52001
12986
16077
35092
16995
31017
42004
22574
44511
-3232
48803
2271
32100
-43327
-15774
-34315
-16813
36327
-29454
-10634
-6161
14682
50313
41770
-32897
-32931
-12100
21066
-25260
5614
-23773
-29751
39229
-6685
38594
39198
23728
-23226
-10954
-23176
41269
37866
-20754
-12455
13207
-768
-18757
-42817
17670
13972
35067
-30580
51749
32314
44472
35575
17911
-30269
40740
17338
21874
17185
-29057
-20153
-14288
-23976
-47772
11700
-45093
-52581
-35834
439
12629
-29979
37477
-170
-43066
50744
11469
21070
13503
29262
52000
-32038
-40007
39926
-45355
18400
4810
1772
-22547
-31134
19278
8762
-46981
-43373
-796
45607
51388
-8488
-16780
31916
21012
39834
-8376
-20554
47754
-51946
24268
39464
-7016
-23036
-3114
-36257
-20350
-21253
-10153
3971
4151
42531
-37876
-19461
-29122
-36989
-16622
-42365
41680
17867
-1460
-9369
-51228
-8134
-31640
-24296
36676
-21248
1387
-21837
-2362
-36364
32386
-7759
-42980
32141
31347
-45063
31957
-49220
-35763
-23989
-45904
-50015
25137
-5157
281
-19308
52706
-17385
-833
45703
32008
-33869
-11228
24837
-11629
-49866
-52092
-35742
-39021
-5238
-41688
28462
-22553
35526
-31580
24806
46923
-13181
42511
-25310
46098
-40969
42959
-40998
22479
-2689
37433
-34517
51978
41123
-52585
-1918
37505
-3452
-28511
20171
-49172
-14067
46483
-18891
15883
-13785
14414
-42567
14798
50483
-4062
-4895
-6367
42361
-34990
49547
-18177
30386
-12186
-25012
43217
-37156
49187
36878
45500
3709
-7426
-47248
4136
22397
50857
-16700
28626
10082
-1843
-17307
1479
48165
-26948
47445
43069
43090
-23623
32400
-12072
-10658
-10869
29039
48673
11636
8302
-15496
-23210
-35412
39426
21962
19737
44529
8359
-5258
-4816
-40058
-35840
15998
-3842
10706
-4417
-49242
-28328
9179
-43392
-21780
-20284
31568
22318
-15255
15051
41816
24739
35677
-33509
-2967
44815
6224
13988
39400
-32416
36370
5924
8165
49819
3279
-33455
-22348
-43838
-9650
-32082
-6255
-22870
-46596
-42750
-42900
1082
-8922
39104
-49180
23490
-9061
-43936
51205
-36484
-31511
29195
-38133
24034
42587
51147
-13278
27359
-12614
-52456
8415
41313
2992
-6727
2013
41795
-47128
-5884
-19179
-28432
-6493
49302
17346
22326
-37413
-31854
-15564
28767
-47774
-50985
25370
-49893
-15253
31927
52496
-4797
20121
23066
-47544
-47060
-1758
18860
-19494
42718
34296
-15762
-2926
-27990
-22059
-45223
-32466
-41422
-38404
4446
12884
-13795
-26943
-44283
-18960
14925
-37332
-9456
43088
-42603
-28541
-52446
5473
-19527
-39437
19571
13497
-36467
-770
7774
-4423
26771
21035
10411
-19237
-20138
29389
9626
24967
-25712
-22901
-8694
46426
42112
38109
35115
-22508
33029
-39478
-14389
-11156
51713
21317
-20423
30231
45717
6012
-12347
-31028
-42714
45326
-3112
33736
3596
-10744
41420
-5419
1038
-51323
-6568
26657
-17804
-3840
51454
28120
1259
51721
-31343
35868
-7773
32870
-44098
-16939
38021
13836
39936
-40788
-41547
29133
14101
-32588
42955
20450
9794
-49649
16869
-26573
-49272
-3264
-51573
-2662
-21736
-40141
-3098
-48556
-45182
-24305
40583
-2601
17345
30974
37155
-29466
-30909
52295
41428
-51593
13516
22536
-17520
27201
28976
-23675
-25948
-34900
50757
-20137
-25124
38507
45844
49951
5937
-36175
47276
-38945
-49659
-42523
-44336
-52503
33281
-52428
-47432
25754
-33356
-35759
20744
32194
-44441
50758
-14971
-30592
-44203
52208
-42425
-10226
40556
-21670
-3004
-22618
24887
34337
-37918
-4954
32773
-51034
-44631
41514
-51201
-7046
17390
13775
-24571
-9383
15142
-27442
-33721
32744
-9944
-18985
-36538
-50393
-43115
-38712
-45604
41987
-35515
-20929
12957
3470
21360
-37204
-37357
44349
18413
41909
-46630
9773
34267
30612
50247
18725
-25058
-33090
-8581
-41930
-12182
17017
-5646
31575
-38361
11194
25902
-49655
-12320
40715
47582
-1016
49285
-26892
-26073
-46468
-46733
-24786
-344
24795
-9939
-51312
-5676
-14769
-37981
-1533
-4877
36344
-30662
-51325
-3927
-42208
52155
-19926
-4073
4552
-47082
-15510
-20674
-15932
21424
-24691
-16745
-31870
-35229
26172
2409
-42498
10280
26394
-26666
42993
-6519
-11423
-42613
-9801
-872
16784
-14736
-1441
-15664
-36255
-15206
10147
41793
29996
29815
32125
537
-23847
12264
3696
-7273
-2482
41849
-14160
3958
-42096
32988
-9859
14679
-27415
31881
-43638
13381
19174
-50779
27984
-8845
35431
29568
37118
18000
-50105
-11148
35564
39432
47702
-2763
-32310
-17610
-3632
31660
9334
-30817
5551
-26288
35079
-41072
-27522
-34200
-1454
10922
-12998
-38934
33030
-15281
-43325
26185
-8382
-18621
34622
21020
14225
-6831
24929
13707
39399
36637
-16161
49465
-18633
39558
18973
31811
-7780
29414
22236
49933
16304
-33064
19499
-6702
5301
41973
32359
-34985
-25763
41922
-20920
34328
28055
-28813
9630
20772
26698
39862
39677
44329
22478
-6530
9667
-7320
-43192
29471
38951
24092
34978
15213
28481
51470
51181
48114
-23344
9537
-18054
-45653
-10271
39719
-3091
-51869
-20579
-7011
7333
-38273
46353
-24696
3337
32355
-21143
51758
12216
39857
-13004
10417
-49519
-10604
39268
15207
-44512
28625
4080
5865
-34011
-33212
12791
-34437
24918
-40200
-40249
15355
632
-43068
51030
-38274
-27129
-25098
-22340
-48031
49679
44424
4641
18514
49318
49166
-11947
897
-50888
-36127
32990
-18585
44364
-1302
-9821
38825
17202
26285
-41171
27737
25187
-52761
50410
26502
22974
-28535
17339
-35336
39208
22424
-28160
5661
11153
18584
-4848
-51491
-29914
32149
51728
15378
-3363
13646
-41395
-6330
-47337
6180
-26907
26659
9515
28104
26168
-37429
-10961
-33715
21621
7324
5535
-26381
-31966
35061
-38068
34099
-43684
-42897
-19902
51258
846
-4221
-14774
22349
18432
-38356
-46060
-47126
-22562
-25151
-50002
-9863
2378
-8000
-45243
36982
31394
-73
-9547
6573
40939
-41295
-9085
43126
26431
-33694
-47669
-30313
-51537
-10292
20962
9396
40916
32198
-1801
-6424
1401
8408
-35080
18657
32805
27785
-30499
-1260
22581
41189
41882
37164
-27244
39718
-21815
52598
-33167
48446
15597
-32669
19955
-5970
17847
34111
-36464
44246
-40106
31114
-835
-35358
16543
37106
27123
-24070
38104
863
2087
31500
-11784
-38107
4175
-28619
-11383
25831
-39944
-43334
27015
27099
-32017
-19005
11457
3488
20073
6131
17609
-38362
25503
35420
43863
-3572
-17450
38056
27566
-14474
29233
-25147
31956
9272
-31449
43673
43496
-24556
-18609
-42543
-39626
-5707
22083
48833
-4581
-49656
6402
-52486
7321
51100
-50764
2830
13155
2529
22893
-29157
-3908
-29650
-22376
-4824
18605
25340
19801
46030
22991
-41325
-46387
18372
26119
-23227
-7776
49438
-2122
44101
47932
51385
50704
35457
51247
-31565
27655
-38242
43304
-43251
26784
-39177
25335
-22286
30754
-1468
33942
-34670
14277
35132
15384
40157
3320
-6455
583
-47368
26739
-49961
-1924
-1054
48902
-33183
39362
-3449
-16140
-32701
-32971
-2414
38245
-4290
51171
-51986
10612
37786
1118
51318
-20797
47493
12544
45086
-29974
-20079
26735
42353
-7060
-31969
18203
-46275
-30995
-36313
-34772
29094
-16151
-3383
-45989
8070
52280
46544
-25253
30500
-26032
29630
16948
20203
21024
-30239
37814
42759
-13541
-29494
-1947
19300
-18562
25457
-14428
21462
-38562
-6555
28734
48857
28327
-35681
13495
38338
44494
33331
-38733
7889
-33294
-9018
-4579
13591
-48742
43387
-23402
38062
-4971
-22889
49666
-49050
-7007
8038
36784
-35898
40847
-6015
-37608
19657
45659
21664
-45699
4449
46079
38351
-32274
-42889
18313
49489
48933
-5788
-47892
-41782
9227
-48713
-16231
-8887
20696
-49124
-2509
5447
23419
-2346
33002
-35755
35633
-37401
14624
-13107
-41267
44764
40832
43857
-49591
16446
-29779
8122
-32325
-14390
-50852
-13840
-35795
6313
-47809
19171
40960
-37700
-48390
-2058
1594
34857
-13906
40562
-16289
-36603
-47681
32402
552
-46819
7113
47674
-20131
45189
-51379
-25116
49484
47477
-19699
-44013
46310
15068
1805
-28140
9243
-24724
-4260
12513
-2045
39771
-41887
-25616
-19920
-47447
-33921
-10811
-18029
-26622
16547
-13658
16765
49229
-24283
16582
-21758
-39462
42181
29063
-48106
26296
-6923
-12590
52029
-27712
-27638
-42575
-8978
-14350
-41626
-65
-9484
51565
-35692
7012
17878
26843
-24181
-40883
-36869
19538
17960
15830
-18020
-38084
17401
24466
16220
652
5517
8954
-25513
-8591
31384
-26704
11758
-45332
19355
-10818
-30529
8951
-32831
40587
51165
51940
-51628
18593
48856
-17404
37737
9753
-2307
-24068
5580
45735
-39207
-9162
49079
14015
46402
-11777
18731
-20713
17148
-26136
-46008
-46874
24057
-11305
37890
-2867
34177
-24
44871
28597
-13324
-1119
-728
11316
39365
-30679
-978
41529
-545
-33749
-19944
1661
-18180
28898
-16952
52130
-47162
33681
31833
50748
37781
25319
15324
-30667
39054
6001
-1617
7708
32558
5335
23444
-34366
-48784
-12103
-52709
-42774
-13088
-37257
44264
-48204
-8523
-37966
43250
-40869
-34419
46746
19626
27112
49646
-29321
25749
50411
16707
19072
2989
-32763
22853
-42617
-10574
47732
1829
-6004
-514
-37461
46777
-38066
-12417
-17846
1612
36068
-13439
7124
37292
-23583
-9482
-10802
-40160
51168
31743
39990
-26788
48894
-36508
-38205
5764
-35580
16259
-48010
-24721
-51079
-3605
18945
5652
-37903
-36605
-40962
-24520
20678
-5021
-52567
22968
-51567
4701
-23518
-49273
-22378
35920
-39999
2116
11040
4668
-22062
10737
32594
25723
13229
-31902
-17087
-33929
-33986
-30864
-31318
34479
11564
27416
31279
4285
46348
2059
-21568
5062
49162
15719
35101
22738
-28037
7505
47734
-19600
-30446
-5109
-33174
-40469
-52579
5712
-42664
-2017
-20490
26683
-48763
25396
36560
38226
38349
42773
-803
46330
-21160
-42055
-34660
-45262
10045
42625
-34055
-24673
-19966
20949
-4036
9414
-45882
-4931
20565
52395
-29802
-19452
-14991
-40176
38975
-45328
-9030
-48697
-1440
-13848
48326
24996
-898
9913
24574
-5495
-51975
-27626
-42395
-22720
31081
12056
19283
-1567
35169
40211
34410
12684
17232
41314
4841
15975
24964
29937
-45136
-26405
40105
6887
38438
-38598
-17186
-45375
31225
-23726
44488
-32890
-13305
-50575
-16410
-15990
-22927
-32142
27743
-51151
-35031
32829
9184
9798
19807
-9426
-1928
-4378
-49843
-52674
19260
21550
46058
46431
46385
-51984
-2261
8547
-46446
-16329
-11125
13941
46441
51724
-33426
-11267
21667
7165
36596
-22615
-51840
36156
23459
20117
-31448
-48596
43506
41291
-9545
-48194
12131
-49965
3404
-30232
29395
-5995
38890
-47524
-26869
3708
-50897
33277
-20704
-44097
-37712
37415
-30455
-21845
47143
8463
-10684
-21719
-33910
50654
-44965
29198
-42332
-44332
-27033
-27280
-34685
32120
-37276
31198
51677
-51117
45759
35603
2512
-39937
22290
19107
-35854
15940
-12529
-35903
32403
9201
19924
13470
12379
-43048
-12666
-7347
-28186
19583
31454
22777
-40396
42211
-46881
-36824
14703
-9725
-26078
-45098
16196
45066
-20416
6489
-670
44438
4550
50244
-18615
6955
12983
18485
-31949
44360
9353
-37035
-37678
-50118
-27581
-18595
-4993
603
-16404
18714
-51657
25619
-8701
-32174
-38667
47446
-616
38085
-5168
35379
45157
30700
-13014
47025
28270
-36301
3640
-6613
7628
25507
-39280
-51064
42736
43731
-36034
21649
-32382
-15204
36511
-25929
-51373
-15151
22094
44316
-49390
-50498
-52039
-14315
31904
21015
1314
12596
-11807
43388
-51101
-30920
1795
49994
-47323
20814
-8042
50702
-15600
-44345
26325
-27876
-20899
-48341
19808
-18797
-18075
5757
-30245
-44317
37669
-20614
-44929
32557
51658
-47080
-4517
36666
-37016
-33802
16430
23974
47759
-8884
-38397
-18533
41081
14433
-29586
-24924
30162
24712
-40877
22832
36963
-51513
18224
22138
-416
7979
23900
-6829
-2561
-28677
-33501
-35032
5458
-24262
-12335
37314
1169
12521
9359
-25643
40593
47421
-49170
20007
-30268
-5693
20806
26189
-46419
-20630
6505
-40498
22117
-19358
45468
33138
34597
-1067
-33597
-37612
-47024
-13715
-18077
27217
-34272
49821
35146
-21674
34945
4259
-10764
23622
42164
37817
1662
-33879
34309
1241
21048
-43930
20757
7119
-22590
-37717
-44765
-26876
-18227
-1351
30710
4471
-8894
-32281
34450
-20351
-8866
22216
-26160
-8390
-14532
38571
31329
-47884
7811
22441
-47709
20947
3945
-29184
-46803
20836
9567
-38741
22917
-49650
-2634
2208
6250
-41138
2420
-25837
-49585
-8263
-21436
38048
-22582
-24225
-21038
-119
-28264
-41662
41671
-26545
8196
49580
-15247
51755
52731
20617
33866
-18950
-44020
-67
41502
44048
51706
-41088
678
45273
-15695
28889
25917
37421
-10193
45652
-10241
44049
14498
-52675
-42082
-34124
36009
-49091
9744
-48217
20420
11287
-38855
-19711
-40834
-48993
47247
-3759
-8005
30259
18603
-33606
-25101
-45551
-12713
-43883
-8601
-45215
20406
12886
-8998
-24468
7514
39336
21940
-22655
16538
27352
22857
31435
47492
26724
-16817
33706
-35234
-5416
-49645
-39732
-18104
33000
-38327
13388
-19511
47753
-32147
24401
-42578
-8748
17331
6449
-1037
20942
8647
-17312
51546
32675
-37278
52013
-38822
36677
-9022
-43795
-34305
27080
-32010
-14104
10672
19009
-7877
49762
8331
25893
-37973
-362
22021
10964
-47321
33213
-13223
-12853
-22937
35094
-22628
24370
32798
-18507
52574
43112
46311
-43837
33322
-11266
19996
10262
-29462
-48656
-43697
11871
-38839
-17816
-20981
-23888
18715
-35600
40290
12696
7500
-9149
2776
31505
-817
33242
43706
-47474
-29013
50947
-8834
26654
50346
30447
41057
34420
-33632
26419
-14208
-32683
52138
42985
-3288
23608
37296
45079
-5087
16660
41998
-14128
3528
-23566
-36018
-20812
-20095
6544
29338
-6232
51650
46415
-14345
44667
4691
-10275
-25978
-51264
31269
-34228
23512
-9827
-5889
-45575
-42413
21269
25889
-27537
-259
-39819
13623
43431
34530
15342
-5567
-22641
46705
-51142
20164
-46137
-3076
-35848
16322
-52586
-45546
14880
7303
1151
-1242
-47933
3351
-52258
-6115
-1542
-34570
-34830
26644
7655
-8347
-31645
-177
13617
48996
-42102
42344
912
25397
-27678
49955
-28638
2781
-18616
-6749
2816
-18462
47057
-8794
37569
38009
41819
-20586
38707
29900
49326
12864
-11003
18266
-17159
-36248
-47448
24396
-30130
-2150
-33860
-46449
2046
27728
-30477
19610
48211
-4194
-46290
42990
13694
24397
-4421
-23156
34992
-40037
1863
-15604
26066
5694
40437
38674
26062
31512
37779
28391
8931
-1005
-17220
-10459
21901
18807
22447
-22076
-19010
40882
-11933
38001
-22404
-10703
25167
-30207
14556
11037
50110
127
-38239
37802
-46281
15771
28821
41365
-22052
-37961
27978
4250
-34731
7086
47520
35284
-42128
32847
-11312
49681
17584
5953
43469
-35999
-22769
-6121
34276
18588
28986
25427
-43412
-36117
34878
-39345
12433
-1358
-41995
-24797
26376
13661
-33871
-6159
47796
-35295
3426
31478
-10277
46825
44447
22829
-5304
-36274
28428
-33
-48880
-37795
-36288
-26280
-8765
19170
27255
-19906
42824
22524
5566
18012
-51365
24368
-2024
39357
-42725
-32164
-43999
5114
8980
41019
30045
24798
-8875
-6928
-29192
44211
-15074
51482
-32604
-49731
-29044
-16544
19771
-48955
3071
-9705
9480
46676
30058
-44558
-927
16815
38846
-16949
49481
12491
2973
-22534
9717
28096
36029
23471
7600
-35881
11578
-4720
-39409
27020
-46134
22351
18121
-48878
-50851
-48391
-43732
11376
-38173
35933
36812
33874
44595
-27147
-31629
-34221
-36269
-8544
-34269
9338
-46162
-4010
45581
38337
23733
15871
-1505
-13670
13499
-28553
27810
-46760
-52041
-14355
-18357
15479
-45354
48948
45305
-45378
43862
-24915
28936
47580
-24035
10022
-47331
7596
24423
35454
-1028
13925
10746
-48475
46254
2252
-2329
-13367
-15140
40521
21224
25128
16535
-6808
49418
27968
-13082
-49905
44271
11162
21642
41813
6710
-37071
14994
-33594
26918
47977
-18087
26652
-21502
34203
-49385
-46835
-155
10560
28351
-3435
1874
25970
19230
10874
-20770
-1636
11353
-7892
-32252
13258
11347
-13190
-46372
-38207
-49130
-25352
51130
22710
33176
26045
-26100
14588
-15568
-40648
48938
40433
-38128
22850
-16466
-37568
44450
29251
-20902
3684
-48100
-36829
-30250
19024
12931
-32991
-14697
43658
35041
46961
-46093
45385
14442
25703
-47266
35216
46732
-47113
-25454
33481
-44891
15984
42595
34886
25225
-3294
-11119
-3810
10134
38102
-37455
13624
48110
32807
21491
26268
-24500
-367
34487
39326
-41493
12547
30308
-23122
-30164
-36385
38806
41792
-33480
29591
-50943
43010
-1040
-49804
38757
19324
39475
-50103
33163
25690
22036
18165
13900
25739
7277
-34317
-6010
16881
46706
42826
24206
46500
10393
10873
27106
33109
-21396
-18139
-874
-43491
-14187
-18808
-39286
32389
-38144
27509
19447
26951
25603
-29528
27018
46920
-6627
26915
14098
2326
-52162
-33433
7553
-17894
-49857
-18517
-10579
-9758
-43939
-7484
38381
-37320
-39484
13015
47598
10821
11691
13853
-40478
-12390
-35747
-5283
-34084
45683
-27934
-50406
-219
49604
26256
37070
40483
-45808
34817
-33275
16122
-27463
-47627
-28179
-16603
17935
17072
-44093
-8270
34354
373
39868
-35491
-41374
34112
-51812
7464
-32680
-29105
-46472
25609
22509
-40760
24266
-19431
-27334
-31348
18780
19359
-52190
14481
49963
-35241
4105
-28542
-24758
3484
-43430
38100
-2147
22730
-16846
-44747
-42747
9563
19781
32186
-24222
-15447
13831
-15082
42391
-23699
-1211
-21675
-24720
-21584
13395
-25099
-48397
41874
-46953
-49534
47959
-33073
44171
-42553
16375
51336
35820
4038
9374
-19405
-4299
41351
-5213
21717
47811
12040
21323
25695
-16486
33689
16095
1739
-31593
-46025
-25622
-31597
22779
39269
-14497
20859
-28502
21496
20749
-1324
-5853
4088
48743
43780
17337
23692
18764
48843
43975
-35226
-30452
-30877
-24059
32929
-13347
-37900
-15526
-20477
28249
-36956
-20917
-26551
-21849
24785
-32912
39879
32965
42152
13817
47487
11825
35593
-8655
-15589
23910
-51876
19783
28842
-47904
-13026
27557
16168
31899
-31740
-47818
49833
19588
-17418
22275
2573
-2176
13063
7922
52633
41015
-31398
26621
-49918
12041
-4231
7704
45172
-30290
9299
-15806
-2531
42135
-27437
10295
-43347
-22514
15541
-42861
-32027
48077
-3274
-49241
-42490
-51244
50421
27882
-41183
-11953
-48182
-33458
-46237
25348
27356
-48643
36287
40995
-39082
42893
36524
-34370
-10072
-20626
-31690
42534
-42326
47978
51393
51407
-45671
-27266
37093
38225
-16358
-15810
36240
-35861
-51065
-25281
-46893
-21091
12107
-40173
30595
550
14698
-4445
1512
-29202
-44313
22152
42971
43484
4301
-34552
14404
3910
498
-5123
-47798
-44803
14353
34921
402
-37108
-21524
2100
-17080
-5716
20769
52012
40631
25577
16775
-37952
-34880
-32480
-16241
-27345
30513
16268
-28576
12505
-43390
1649
-2983
-3906
29615
-17486
1146
28330
-488
-1076
17650
-137
45809
-39387
24208
-43359
-29534
963
-26770
45928
36557
-23255
-33808
21332
-47028
28800
42792
6501
-1652
-4538
-48876
20270
-23267
-27227
27207
-33703
-13903
-807
34797
24083
-39837
40501
4682
13387
5206
-8330
-27367
-41161
9114
-39064
34480
-28378
31901
-41876
-35930
34046
27386
-52217
36111
-46403
-38270
10726
-6620
-39951
28277
3544
47452
-18663
823
43382
9320
-52095
-52094
-46672
24227
-1749
-27218
-35812
-45297
6562
21300
-6502
14801
-33348
38472
22946
9591
-20142
-52268
2965
-839
-14828
31437
13728
-3251
31534
19691
-49552
-40050
-29673
-33686
30861
-45031
25827
-47342
-7895
-26109
49872
-10328
-41815
13233
5929
-6295
-36660
-30351
15570
-13124
-8280
16557
-44106
-13326
38927
-11159
28102
-11436
-25453
-17255
-11356
-18193
50342
24768
20790
10772
3205
51549
13938
-39576
-5706
5908
26131
12955
21097
-23999
-48045
-18211
29106
-40601
5695
39090
41234
38875
-33653
-9908
51261
-28675
-1087
33248
-41447
9518
-50866
-40943
9525
15754
-18704
-23497
-36044
29976
-34647
-49227
-9012
26980
-19142
23746
-17607
-34553
-12712
22266
5324
-11664
-21660
43720
-18703
-36542
51711
20368
-21194
-10015
-17261
3361
9112
-4353
-36265
-46955
-11090
46433
42484
-46566
-24286
-22169
31819
-51736
778
-5531
17954
-4528
-19680
9379
-18081
-37782
47736
-7419
17288
44010
15495
-36450
4135
49937
-15177
-38577
-4857
5338
-42642
-25976
3161
22740
33508
-13205
-11624
-47697
3724
37811
30661
-17808
-22854
45737
39717
14485
34897
24300
-9138
-35492
-43465
37098
22055
-28712
-30936
-27751
21466
-36302
814
22677
-46488
-27673
-2832
51459
-32061
-39851
-27126
20784
-17481
7599
-968
19485
-44455
-10427
-29590
32726
22883
48537
-22123
-10018
11360
-45955
-6640
-11466
30903
2004
26472
25175
24524
23777
4373
22245
-32286
46251
28149
-45818
11721
33814
-22298
-40698
-21172
26604
-24755
16606
40686
-8950
-36412
-6429
1564
47324
9425
16847
-33134
37088
36099
4076
29256
34464
20061
-12222
48274
23412
-1760
48467
-19728
36882
-18852
-12385
-39617
-12301
21246
-45148
18068
-48043
-5572
46232
50730
-29603
42886
6910
20858
-17822
-12970
35482
9819
3879
-4324
-15006
-16569
-4918
6589
26612
46204
39929
33416
24153
-17367
43255
-30391
6903
22585
-26670
40716
39793
28076
2770
27100
-42407
32115
32784
5012
-1879
-47996
-36689
-45418
21527
12483
18630
-869
-43476
10451
30836
10683
-4219
-22046
3903
-13928
-25868
1070
31547
30342
11382
-1862
36493
-29816
-45794
-45078
8753
-2086
-21594
37497
-25521
-7943
-15622
-1032
-49275
-22039
31258
41845
26785
1920
-38192
-12517
32662
24919
38963
33599
-34474
-350
18479
-8963
13682
11065
-40446
18505
-49090
30284
-3463
-48989
52344
6525
-21886
-31851
9722
28616
-17722
-48172
14382
-27140
-44167
-16099
-21398
26120
24935
-17284
-24390
11363
16720
-38824
15119
16250
-10167
27806
-45170
14948
-41198
20813
-24205
-3014
-16374
-9590
-37025
40199
47088
2873
28114
36770
32068
-29027
23652
11078
51215
39187
-26378
6550
-10655
-50743
32309
22346
23206
-52339
-21331
-6124
47956
4616
40873
-3210
-34651
31180
37231
-22462
-11616
-17649
-6937
-6063
50136
30678
36251
-36936
-50818
-23002
26254
-46102
-39072
21358
-3707
1222
13045
39962
-15272
-20161
-49949
-7788
40447
30549
-301
13169
22539
-7519
-29869
8250
-25745
20126
624
-39448
48411
-2049
3422
1824
-32019
-47054
-16728
-2596
-42252
41003
-25526
-43770
-12670
45793
-29968
-23303
27703
33678
-49056
-27987
28197
-40665
-50876
-15388
-32447
920
-48408
29510
37024
21295
16368
8801
23241
18512
1895
-33398
-49745
44984
-42003
-15352
25153
39659
-47845
48121
6310
-483
7541
3955
-28518
51845
-30744
13230
38429
27881
-4855
-46339
37080
19890
2365
50678
-24437
30092
28416
-16325
-11155
-44930
-50828
31154
2801
-21004
-4143
-35947
-18767
-20409
22542
-14222
-10606
46037
32199
-36476
-4208
15616
46207
24158
52697
22307
-35042
-24255
-12649
47915
-40271
-2443
-49466
40694
24140
25144
11158
336
-41443
-14826
11178
-15520
35896
-15634
-40604
-42871
33795
-13058
-43893
-12163
-12496
-1113
52319
32865
28445
-41472
-13627
-8543
31771
-45867
-47222
37776
-51352
-52350
-7728
45433
25969
29324
29767
25249
-50612
14134
18687
-34329
44684
-12681
24136
20672
-18496
-8031
-43572
-16184
-52333
9321
34574
-48670
-5936
-28987
52449
-23182
47842
-27784
11711
29006
-10912
1099
17095
-26883
41458
51382
-23426
21595
27396
52418
51807
1810
-5308
-10666
49429
15036
-26135
40977
46578
-218
35255
-50592
37643
34988
13841
13342
-1309
5483
37728
-7029
33273
-21957
31467
-8546
-8113
44599
-26143
30470
-46320
21297
-19936
-2749
-47081
43514
-21965
-20060
11892
19427
-25558
4951
27627
31526
-19143
-20017
-3714
-50670
-28612
42775
-37236
42396
44802
41412
52187
1180
-4997
-37232
9094
-6101
32585
-33562
31550
-41191
-49283
-3519
37783
19696
-8942
-20923
-8473
-44827
36659
-15434
27153
18548
-37594
-25026
26751
-3494
-28934
-31729
13916
-46336
27697
-22234
28782
-22218
-23955
-43525
20146
123
8412
35750
-22600
23821
27131
-11690
-9081
11740
50982
-26105
-22461
-51394
-25934
-19103
-12143
7479
47766
31233
-31944
-13316
21367
17776
44630
-23664
39001
-10490
43504
27517
-49388
9203
17763
-11726
30430
-30706
7579
11517
34507
-21625
-51328
50918
45625
713
-30880
11882
-25293
41476
38767
-8015
50139
12458
-11333
21116
51282
34110
-22227
14661
-1781
-31059
-36453
-29231
-30897
-18412
-24754
48298
-46701
12638
44068
-45155
26258
-27733
21173
-3610
-48338
-20318
40350
-37566
-48451
13178
-33777
11779
42579
23483
31288
4765
-21374
-19616
-3934
20566
-31133
-30114
49516
-1375
31262
12456
27653
-2439
-40456
45447
-46090
-30568
-10929
-47
42834
11709
33463
-47200
-25392
-20994
-45915
-37708
-2338
-48822
15626
22583
-51585
13307
-51848
11696
-48354
27252
42358
-14202
-185
42524
26940
-17913
-44379
13337
52562
6776
-17271
35752
-51589
35495
32687
10805
-30105
-38657
-2493
14044
-28135
-23293
-41379
-17627
-31332
15200
37511
-47348
-19322
6648
732
22163
-44492
-7175
38167
-9078
29441
34357
-39019
-40765
-42149
39741
46055
38755
17777
-4551
-19789
35856
-38614
-4303
6775
7595
-1409
-1027
3425
32734
-6784
16348
30138
30589
-11210
33025
-49105
-7631
35733
-15901
7325
-51416
-34109
-42969
-14525
46740
-15594
29797
40379
20518
3591
7633
-49236
-39709
-37530
50423
-18992
-7732
613
-6988
8605
-18391
-44912
14988
41457
-46889
5409
-44053
44422
-26872
-38954
-20634
-47479
23968
-21744
-7098
44624
27561
47102
52607
-36471
12298
-35113
8869
-1197
-2672
12881
-23662
44582
25555
-23643
33888
-5167
16934
16712
42856
12492
-52671
35886
-23855
1860
11847
36788
32226
-40597
17282
-34449
-31533
34372
-21195
-44021
-5747
25204
5108
-31276
-25420
-42405
1607
-34603
39451
23592
36617
-15521
-32394
-48313
-13313
-15885
1271
45171
-29697
-13253
-15203
-916
-40436
-3859
50972
-6567
-27636
-24293
-27058
-7411
10117
-37113
-30146
-48092
-28569
-1123
-28147
-3297
17636
4442
-8975
36475
40461
51095
12383
-21449
-48693
13530
43440
25584
-40202
8430
-254
18779
-16111
41005
-10224
-44826
-13212
14819
41044
16405
34906
-4974
-23204
7183
-37441
-19977
40602
14066
18629
-3385
-3720
-11973
2681
-11006
-135
49622
28118
46289
12897
49836
27696
34745
-5604
-28751
4098
83
-12831
-24430
-33067
-49889
33500
9950
-49943
15533
43332
-11149
-50952
39996
-27022
-9381
-52312
34588
-15786
42126
-24408
-25769
-3817
9791
-46410
-43041
-43274
5353
23895
-23906
-9443
-29307
14186
-22500
48506
36121
44739
7661
18280
38342
4163
-31001
40681
-3053
1969
1966
-14791
19667
-37324
28635
29764
-25875
-11389
-14562
1455
32110
33830
-21981
33095
-30734
-27740
20703
43578
-14514
-8530
50261
-48850
13127
45596
-50614
-3769
-6809
-12046
36041
18251
-48603
-36465
-44833
-35712
6463
26600
-32572
-41312
-14847
-9924
-9303
-19213
-3609
41017
-20378
48124
15578
15876
46186
16274
-21136
17859
-42497
-37003
24312
47894
28346
20571
-19132
9134
-50492
19510
-26252
11916
-45319
29250
21598
-19798
40320
27010
42618
-44126
-52798
48651
-38412
24470
32195
-40225
-22608
-40471
29653
36271
-22176
-47564
-49068
-33132
37508
14282
31270
-44862
-10565
6425
-31639
19191
10597
51213
-10215
-29146
13465
-3989
-16415
27867
-23180
-28992
-6638
41939
-52255
-33783
-52005
-1597
28333
-11604
-10071
-25064
-27071
22272
-51070
36844
31419
19119
-5159
8120
3537
-45704
-8798
-7783
7622
44449
6497
-24590
-10258
5015
6686
52711
-49259
19396
-9049
-22569
14081
-42636
28573
-24155
-50163
-46942
31377
29219
10738
26042
-1560
51622
34287
-9716
-818
17972
-10976
45588
26858
-26709
13510
-36048
-52661
-23501
-34874
-43817
3538
-12832
50542
-35879
14370
27623
20174
-3865
31814
28860
7037
-9778
47002
16980
5119
24291
21984
2584
49590
-45554
-22772
3760
46812
-35687
-50993
23812
15176
6291
-40921
-43072
-23571
39109
12705
14008
48158
12436
28613
23103
-20944
21450
-18631
3080
21076
40636
-3133
5997
14185
-2742
-14823
39471
27943
48568
-145
-36226
-3638
-28692
31934
9097
-38251
-175
22380
-21119
-8267
12833
41569
-10649
-20052
-16773
28418
14721
10093
-3646
-34991
-11911
-18771
-20022
13885
7930
1841
40466
-29046
-16875
-1173
15941
6024
42986
-32924
29311
-9348
-39829
17411
-25388
43468
10152
-48863
34928
27144
-51620
22658
-11938
-48536
34330
-21438
5288
34107
-15689
-37813
34308
44787
-36518
-28444
29917
20756
26897
12451
-30149
14467
-21255
-23371
29496
-42784
-1837
-25647
-7278
-22443
-20133
-45969
-12268
-22287
14778
-31096
-21822
-30538
15781
-28637
-1436
-42854
-33389
35909
-43457
30813
24249
45406
13600
-4783
-31406
-42245
-24147
-25930
37482
43550
14643
17004
-9099
-882
-45070
-22725
-31599
21041
13024
-14741
-12231
8900
-1246
-18809
-10614
950
-36848
-28700
-27402
-17716
-6430
20935
13734
27494
-42118
-15699
-22520
27648
-36665
52601
52023
-23870
30690
-7262
-36454
-49020
-31333
47277
-11482
-39285
51177
52125
-40323
3691
5860
-49532
47521
17875
9328
-18734
-27875
-14138
23849
44324
16098
40935
19323
-8299
-10701
2954
-20202
7657
-28170
-1514
3991
-42039
25833
-3919
-36545
-46368
-18848
-8077
41757
-4747
44454
-33855
-38696
11013
37073
35952
30948
-51061
-38716
-48310
22749
26196
27949
3151
-12782
6907
-37650
33578
3768
48434
43640
-6058
-1870
-52413
-43827
13721
-49015
37187
26826
34020
3972
-46443
-37094
-27317
17141
-1842
-4945
-16179
-39518
28131
14764
51160
167
-12565
-34895
-50795
47769
28433
-47476
-36800
8734
-22372
34286
47394
-42851
37733
-48663
5390
-11997
-11213
47385
32469
-30288
-29873
-52009
-39281
42933
-10269
38772
-11819
-47906
-19504
-45849
-41776
-35197
-31297
-37158
17698
45225
36559
-48677
-31632
-9142
-9587
-35908
12933
-5637
21891
31029
-20310
28849
-2159
-10628
-4091
-52090
-32001
33367
16971
-24185
38960
-4052
-51207
-42896
21607
-21999
-34417
9653
-27243
-46068
-40005
-42866
-31007
18836
-13351
47980
-5850
15850
-10664
10221
41490
23932
-11821
21638
-33716
19351
34556
47724
34966
-27327
-13236
-18535
40967
-31464
-7624
29699
21052
42499
3909
-3585
-11231
-10178
-41612
49850
-47565
7248
799
48003
49654
9009
17629
46109
-815
-50844
-13942
33442
16851
-8600
-4142
33210
28163
-20359
-18149
-37753
-4868
-12802
-37252
-13446
-52243
-14492
3550
-33219
-18448
6332
7839
-894
-45067
46549
38004
5462
11031
-10657
32857
-52240
-10632
6490
51603
-26651
31300
4659
-38515
-25049
-52180
-4928
-9639
42155
-40459
-22114
17354
-3244
32328
-45475
44470
-17455
39421
9776
-2837
45176
25732
20086
-47355
-38568
-6765
5372
-9877
37184
-32372
-24419
38055
-47858
11370
5717
39077
-28801
-8249
-6204
15900
32344
-15603
-50082
10711
-33293
-6778
32248
1265
-41239
-43810
-47747
-14954
-49334
-39673
-41481
46350
-6321
-13932
-21602
9848
-18906
25169
-47215
-9990
-39120
26740
-30464
-20010
19684
-25666
23136
-22765
3162
34733
-4207
-47334
27835
25197
-2748
2680
13528
-33944
-3226
44095
5553
20646
30811
-38541
6164
30631
33595
5544
-5822
-3966
-12564
47795
-42350
13023
45193
42137
1986
-44238
-3630
-31726
-7967
38043
-30390
26257
-38812
47400
-32067
-212
-38624
23711
-30945
39323
-34140
-45373
22312
-48292
-14898
22613
-34914
37302
804
-44838
31095
18885
19406
42174
22353
-8432
52081
41853
10314
-44522
-12808
10551
7603
34708
10238
-25425
15532
-39030
-22775
7286
25100
-32925
-45745
-41051
-4320
25705
-29178
-25861
26237
-20391
-1706
-51774
-34822
-4049
35179
-4497
-18859
-1073
-19550
32365
-4094
-30315
39075
37663
-28394
40205
-41043
51509
13572
-1156
-42790
-49753
-30466
-3410
3649
50284
-18127
45017
18309
-36731
-15681
-33227
16341
27004
-33536
32108
41107
51265
52341
-27448
41872
-30094
18652
12981
-45816
12176
-49664
-995
41401
26854
3973
41437
13066
-29175
29049
-25632
-48904
-9730
-38847
-4746
35251
34225
-3950
-37444
4943
24616
15016
37758
22072
-29959
40851
7354
-38240
-23124
-31654
36001
-1738
-52249
32294
-35807
-41426
-12470
50301
11294
-2079
-36319
37068
38701
-18435
-17553
50609
-28137
1341
13934
-14723
-48028
5500
-4605
45857
8213
10571
40649
9234
-25772
-20898
-9535
681
-23080
12449
32132
51639
6439
45978
6561
44940
46508
24679
-38586
-10704
700
-16391
-6023
6768
24276
-3414
31468
42369
31777
33465
-34633
-8560
-51797
6790
-44370
-8367
-16755
37083
-12571
5887
-34984
-9175
-18334
-8749
-31337
-48932
-17274
-36054
16387
7649
12227
33094
31209
51896
42081
-40526
-16629
-25180
22292
-32478
-1426
-8453
14108
13147
-52465
-19197
-51072
-18486
6286
-34942
46789
-1595
13760
-21412
-46655
-11581
50915
-39721
23971
20802
26284
22204
-1527
-1750
7507
-27308
-39436
34982
29158
-16811
-17128
33216
-37179
51408
-45444
-24513
18345
-43683
-43660
44421
48644
-50561
-24090
-10073
-43367
43014
17096
-38881
44229
-51716
43513
4600
-15202
-50684
43143
4427
-25565
-8195
21446
13710
-39574
-5268
37657
15344
-52390
-45135
-17260
-10674
89
46151
39297
30510
-24744
42677
-2119
-52405
3110
12642
13123
20853
-16236
20372
-21980
33019
-20928
13068
-31903
8871
23394
33738
-5477
-1379
-38746
-11186
35979
32629
28005
-39155
14318
35777
10027
-1792
19855
-30323
32963
-2640
-34543
-18932
-19209
-40659
-24469
41315
-31213
8169
45253
-21565
12594
-30359
36078
41440
-46422
35841
45583
17799
-42139
49539
-44096
368
-13997
48504
-49558
25290
34741
-15919
48334
33120
24827
-7089
8148
24404
-19981
-9696
-11187
17488
9757
-43268
-34702
-19642
-28615
-11193
25376
-36417
2354
24716
12996
50957
39107
45563
13964
37848
36796
-3301
14921
40240
37560
-11516
12612
16167
-18838
15221
-49329
32511
23756
-51182
33928
24476
-39080
-19852
-11868
8025
35901
-24912
47659
-23436
-1336
13479
-42119
-3430
-23084
-20088
43931
-23359
-264
14357
-36970
41749
-4519
-39119
-37169
41100
3455
-29451
46457
44124
-148
-4418
10887
-41377
19248
-10795
47149
-25380
-32923
-16260
50228
34097
16507
-15275
-50539
-16668
-2016
-15368
-44103
50948
10665
14920
39034
-41669
-10960
46929
146
38968
32828
-51824
-5131
30941
-14297
-19668
32727
46862
30637
-12288
38821
-46145
-48627
24389
-47049
-47848
50664
2066
-44231
39663
-19065
38146
22442
5550
8482
38552
51094
-23879
36633
-47733
7030
-7970
-2287
1559
48498
21113
4572
47819
20292
16164
-45377
-24498
-26012
46642
39296
-14592
-48366
-45335
-14267
-6623
-10329
-2535
-38608
-43777
45983
12502
29711
8861
15677
-34611
37987
-27910
50558
-31083
-10881
-20982
39356
42469
-40819
10620
18777
-26812
-49916
-2752
4835
21377
-8850
-37319
-30607
34610
-36224
18924
19173
32218
8028
-2205
30708
22933
-23152
-17372
-26678
-47967
-17953
4170
-17851
-17990
-46954
-13504
34527
20642
33021
36105
41649
5019
34189
-40131
-32113
30669
-44426
2734
-31519
-33972
-27684
39778
40513
-48947
43690
-36064
-39100
-42173
1003
30873
-6065
-6003
50961
-37234
31793
-9918
34313
28468
40913
-10299
-23970
-37617
8371
-14011
12563
31612
42238
22010
-41594
-31215
-37695
52263
43230
4223
-17787
-46155
1340
7331
20307
-4147
15289
209
-24971
-46846
4380
-25481
-520
-1539
46820
4851
24810
-17118
2750
-7103
-26589
-39190
35444
46658
30238
34220
13650
35683
41993
19589
-49702
26848
-43524
3850
19520
30051
4197
-2145
7591
27832
-21893
-46356
50908
18248
44024
30611
-31598
-954
21582
24453
-32078
42586
46185
-38467
31162
40452
-16956
17113
-13570
-35686
-20701
-38811
2441
-39129
-19286
-25050
51486
-7985
34321
-50397
-25178
38987
32578
38553
-36220
52331
-17050
-1220
31581
52713
19372
10724
36724
10189
-37504
30047
-10915
34567
34678
20666
30952
32230
-32637
3142
1464
49776
-4368
-283
4443
-32303
-18446
-17621
-16550
12586
16805
6547
49669
3231
-51943
43517
9101
51277
40791
-32936
30943
22274
-38721
52373
-50374
-15750
-45591
-30399
-10591
-43493
49209
-6069
-36381
-19015
-52656
22158
-36756
14165
-22390
-4333
1374
-14751
-2009
-26656
43215
-28106
-52758
-25681
-1602
-17352
-42607
-32856
25899
32073
-21925
-27041
-26371
8690
35682
44175
19003
37610
7900
-23355
3541
-24703
-48909
43157
28920
-29753
-51890
21391
-18337
47122
25091
45550
14831
9931
-51411
-26461
4129
-3167
27871
16419
-11682
18722
-50344
-51422
-49055
41455
12960
39863
25645
-19823
39988
-30885
-25203
17180
-9148
49713
-17931
30784
-29159
28506
30563
-36252
-26363
52363
20041
20113
20896
-24829
45469
47006
38788
39259
51155
-20273
29858
-20644
-21267
-32128
-554
-5422
-10590
-45721
-12918
1536
-29681
-37054
21492
-11713
19390
-50632
-6881
39684
52495
24325
8353
29627
5687
16988
36477
-50080
-32374
-39066
16506
-42998
47706
-42327
42723
30870
-46086
-43227
-27462
44308
25330
52300
46725
18218
-24636
26592
-48297
42464
-2639
-33376
-32367
15740
44225
-49992
8918
-1143
22818
-43125
-43766
-23950
-44116
4113
-43675
-47899
30989
-596
-16192
-36623
20453
18738
-33727
4745
2260
52388
16108
41642
-34457
4269
10333
523
41146
21696
49598
-42429
43499
-12627
1754
-9305
7986
-48696
34856
39165
-21102
22041
-35691
-19892
-26106
-4503
-51872
-28478
43181
-47883
-48572
-4149
-45748
43301
-40380
-2164
-42836
-32766
-18236
-20791
48075
-12611
24969
-30
-42476
39971
-19594
-8092
12447
43308
14869
-23000
24557
34398
-38691
-33329
-37060
11327
-29488
-9356
37639
-9202
12067
-29137
42957
8518
1977
25121
52047
7078
-43665
50211
-27230
-3044
25985
-31683
-29200
-41224
39417
-50956
-38486
45131
13921
39544
44858
15649
10444
-21289
4006
-827
28461
-23088
-31301
-21059
-1456
42132
-33826
10699
-5038
12408
-44908
44064
-29460
23715
-13777
35576
29355
29835
21344
16359
-49111
-24446
-28238
-32587
24474
-21911
-32574
-44943
-9165
47504
26098
-28092
-32937
-16568
26492
-23304
-42823
-1205
23576
15270
11599
-52207
-45633
21259
-52730
21439
7233
15313
42732
33459
7492
-24879
5894
-17424
-32493
-15420
-9971
-25211
-46053
27086
-35981
-25897
49016
40736
9731
5380
35324
-38280
-50478
40729
15005
19219
-22151
18219
-7194
39029
-6253
10975
-36081
794
6933
19353
-44983
-48257
-49606
27886
23070
-19650
-38914
33589
49658
28857
-30014
-32922
-48586
-38312
-31455
19959
48937
-24204
-26232
38195
-3245
37096
-12990
51032
-35740
-702
51616
16928
22199
25530
-43377
19905
-18792
-10441
-35185
-27624
8402
-27275
-24817
45929
27854
-46912
14946
17570
51503
-4819
24043
17790
13042
-22108
18835
-29188
3904
-9734
-24363
50260
12212
-28023
42161
-20348
-16223
20393
48808
28648
-24911
48430
51456
10354
37521
45419
-32243
37175
7634
23947
14584
34902
-39449
13861
-40520
-8200
16160
48420
-46214
22109
52250
12419
-3094
-37633
-17434
13578
35957
40085
25621
-47588
29731
41064
45229
23798
37531
5064
10946
41290
51923
39983
-11860
9222
18158
52522
-12775
31698
36232
32850
-47225
-26586
4725
28923
33440
44652
-29559
-23992
-50309
-39456
2138
31874
21033
-597
-4619
9126
8977
45996
16819
-46158
49789
-41169
2526
7932
-21504
-30928
-23613
-50571
45949
39957
-9041
19506
3474
39731
34662
10537
-11441
-50230
5354
10090
-17774
12943
-20369
-15291
-46038
-20758
-1812
-47047
-16679
40219
-3314
27445
-306
36387
-13218
13852
-51787
37889
38370
-40778
24865
-45265
-22633
36022
-23170
20046
6590
20895
-29196
24546
-30454
-17640
39254
-9442
24441
43169
5557
29005
39251
38176
12126
-33660
34368
51176
-5291
32335
23761
-22118
-15350
-18538
-23803
28138
-25786
-51880
-12266
12620
-38032
29545
28536
48734
-4767
31483
-3140
-21196
-33413
5024
28490
-40810
-51271
-30355
43344
-12134
29186
24874
10681
-28291
-27224
8996
-32509
-8615
-19136
-23859
-34721
-51874
1675
-17835
-46635
-26852
44982
39065
-12559
4653
34132
10564
-51485
-21205
22882
-11375
-45518
-11439
-38051
-31643
2264
31741
-9472
-46021
8424
-49077
1059
-16253
-25384
-1268
-13074
27584
21778
-16953
46004
-46346
-222
-48381
-23420
49683
-16411
-30859
-273
-45240
-46266
-11238
14076
16089
7720
50007
-32442
41254
-27685
41681
16255
-23259
-17550
6327
-40748
46297
-32127
51287
-48223
44108
48049
-22856
11822
-18083
37474
25535
-23129
50840
7869
18566
-15896
-13723
-39028
18383
-28549
-41452
20220
3604
37879
50608
-48144
5817
23475
20492
-33444
-13985
-25096
-13429
13737
-25277
-26261
4828
-39245
-51684
-2254
25541
-43101
14578
36150
-36023
21370
2624
-17395
-46600
-30073
41582
24015
-47098
21592
-50523
45589
10945
16717
31359
-44621
51224
-7100
8345
29791
-28893
-41546
-41559
-12120
-14026
-20436
37553
104
-43768
47685
30283
28229
39864
14555
43165
42752
-44252
-19917
17991
52796
50978
38787
-30441
973
5804
-45121
11737
12848
204
16204
-11573
-7288
16575
-37075
9293
51157
-4050
23621
13943
12315
16790
30107
-34197
-48628
16644
-46067
-21485
4539
-9373
-29083
-12194
9389
-12648
-15584
-24412
18697
-37516
4125
26837
-400
47957
-18132
6140
-44979
-27338
40535
18053
8087
24051
52209
40182
-16757
46932
1769
-46684
33533
-41798
-38569
-25418
34281
-48618
-4182
51071
47000
-51322
-49411
18394
21465
49414
5940
42166
47335
7904
40082
-31125
19152
44289
-49560
-51801
42720
8074
25627
5834
-12749
15167
24519
9611
-17256
24452
-50514
-10409
40100
-13523
21685
-7668
49742
24480
28980
29831
19312
43896
43709
-29734
38879
-10742
10822
11898
-42713
-2171
-6380
-16753
46233
34573
17660
-52763
-13299
23282
15711
52436
-34848
-14112
-2435
50252
50444
18438
-51526
-31503
-1765
-163
33070
39460
15370
46440
39527
5337
13649
16243
-50788
-17677
31046
-33624
22505
-23589
28409
35770
46767
-6820
-9254
-10077
-40777
-33007
52391
-40639
-12628
-39507
9983
47483
-35596
-14761
7976
-31880
-24361
-20036
-10546
39875
-46319
27836
-7090
6037
-45276
-23365
-48007
34400
-33122
13955
-50300
46003
-50122
41416
5329
15527
-4629
-1999
25307
-29833
-21560
5091
-17193
48149
-15826
49424
24551
38029
-5741
-32479
-45350
-42609
11
-13443
-10800
-41674
-46741
10814
13756
-10431
47130
31287
-4472
-50199
-12310
17024
-44664
15125
33609
6849
-8257
16768
-38433
7501
46226
43342
-48084
-16339
-46041
-11695
-23347
32069
39136
-44914
-33286
46105
50187
34104
5650
12609
-46213
20867
-50456
-3444
-10475
42777
-23739
-23380
34082
7968
-42758
-29798
-29725
-13163
-14405
33938
-30831
-42961
15671
341
-12518
7569
-38299
14605
16572
-5051
-8057
-51124
18498
7597
27618
-17294
1613
-52696
17495
29010
41604
32459
25704
-32878
-50556
-21735
45133
-13519
51466
-1150
-36098
46164
-43793
-6043
15449
38471
-51671
40911
-52738
48645
-23696
-51421
-38620
50125
-12292
-38131
32975
28361
29382
33191
20695
28554
-35744
5190
14469
12631
23198
35509
13036
-11163
-23428
-42737
-51320
31868
46652
-12318
-3236
-47508
-9928
26508
26694
-37709
38200
-38852
-14057
46331
36462
-39652
1361
16567
-18256
-52766
46487
8614
689
-6122
-20721
-1674
41651
-966
47891
-35679
6483
14576
-41607
15
6117
19516
-20761
-16682
8517
45870
8471
19158
-7791
-5175
28482
-44770
-41439
17073
36216
-19893
7750
-28594
-4823
-32538
-32840
30539
51894
3631
-33477
39987
35321
-8329
-38377
29844
26161
45030
-44239
-15307
-51904
46036
17413
20796
-49309
-3019
19379
-13355
6135
-22554
-44646
-22766
-3145
42195
17539
-30906
-8611
50307
-15008
43105
22635
30746
-51742
27897
-21489
-14542
33728
40313
6416
-20286
41620
-19744
44183
-13683
17964
-5958
30740
-1610
4840
25802
-23145
50075
36816
-40580
28247
-45191
-14908
16206
12814
-3269
-3022
-13843
-24906
50537
-31368
-29970
-33651
-18124
5143
40663
31570
-49608
36208
-6193
23311
-31822
19751
4656
-4650
21699
-14200
-25935
-507
4390
45112
-40953
10830
37921
25490
38996
-10388
-5328
28522
3262
23183
-36369
-27222
13466
-7729
39877
-37307
-539
50928
-14465
39994
-34495
-30387
21843
-23550
-17333
10419
1665
12493
15838
1490
37067
-26383
3835
-46538
37596
-26112
-29076
-1554
11835
12958
8235
-37934
-44911
-417
-46367
22477
2520
44780
-29064
30128
45578
34139
-42721
-26222
10047
-23299
11388
-13411
33662
-45750
-16850
26408
11810
21133
43678
-10415
30807
-9489
-4514
-41524
-29203
24275
-3611
-37176
-31677
-2403
46995
31603
-4670
34380
51427
2144
-14417
5187
27563
-45526
-615
-44549
46308
50474
36384
6482
-21881
40622
-20225
-1712
-21826
10078
42749
-12929
24958
-17788
-52368
52326
-40511
44753
-42948
37489
11229
-1212
-1904
41507
-5381
8510
-21797
15525
46677
11334
-4056
-37886
38868
2166
-11509
-50055
48057
-32654
5000
-4642
26320
-51432
-45879
5669
-16872
-35327
-51008
-23441
-41840
11642
35771
36863
31631
-43611
-34872
-32346
7459
28644
28509
-33805
-28395
-14342
33233
2963
-18699
-14496
-27981
-35044
-18368
-52726
-35839
-14738
-23594
-6585
27284
25722
28561
15123
-52112
-3138
-51103
46268
3214
-41002
44061
30357
19703
44143
42682
-44774
-26512
-38926
-5317
-41398
-21349
26132
27932
5207
41308
9282
48675
-50627
-47317
-12908
-27026
45709
44697
39158
32101
34098
3164
-22670
4645
-30543
-26130
4632
-12242
-403
-43222
40565
-36923
-8352
-49410
45430
-17892
26813
-51395
-49920
8332
21181
28831
-49123
-2990
-43846
29415
-31990
26797
-34764
34201
20054
12767
-51806
-45641
-3912
38913
10863
-7230
-47391
48692
-25354
11894
25793
52652
-41762
29235
-31163
-20276
-25671
-3860
14586
15953
-34385
2541
35337
14771
31941
18866
4198
-9388
24493
30009
-48103
-13844
35
-27173
-31626
40667
-5393
-15042
29380
12870
45065
25820
-34661
-47410
-47574
41910
-51665
-28515
44294
-33024
35341
39325
21918
38136
45673
-29948
19217
-51915
1452
52588
-16849
46554
-11131
-47320
35521
49255
-8888
-40329
23199
-18434
-18182
-39503
19121
14156
50223
43531
-47968
27887
-46300
3504
-41292
12204
-12650
5395
-17078
43111
18684
-15023
49457
-37894
7736
17249
-19786
18740
30043
-31515
17514
38950
3347
10010
-2729
15904
251
-29312
34825
-9870
-31535
-6226
40699
-32146
12545
4089
-40472
8899
-47742
11617
1069
47005
-29079
11762
-45116
-50802
-25322
2142
21637
51580
-49855
7946
31311
5385
-16293
14287
13603
-22182
-41862
-27165
32644
39739
-12524
-7824
12169
28072
-41652
-14720
33387
-22510
15141
-36148
23786
31051
-33983
34092
49840
-38652
-6892
-37226
30335
-2538
29934
-15303
-6806
-51733
3506
11443
5540
-47030
-46818
6177
-37300
13662
52755
-2644
-12769
44205
20181
-4737
22716
-5611
50347
-1729
-24763
-49609
37214
9550
18381
50707
11028
-36952
30845
-27314
46871
-43167
42108
-9680
12254
-11546
21161
-38976
4533
-2690
5443
4434
-12236
9620
48015
-43582
33612
30326
3211
33677
10076
47177
23460
14700
-49575
-2186
-40343
-6287
41170
-7963
-21010
-25328
-11235
27857
20631
20722
-21099
39954
39982
34223
-40558
-30129
-41124
1347
-17462
19284
21005
19032
-3313
-23920
11160
39202
33755
-45718
-15032
-18708
24298
-48435
11838
8020
45923
-36140
-2767
19628
-42874
-29769
32412
-2488
-25583
-5749
40504
-33767
-7461
12361
30875
51629
-11223
3680
-39548
-4689
21880
38641
31434
20930
-13215
-50620
38808
8898
-21558
-51683
5533
-33270
-42466
6683
43273
1664
-15598
-29657
7208
-30682
22714
-22268
-32737
1525
17075
-24376
41259
-35154
23504
42782
19140
15227
-2169
-19208
6456
29698
-14369
-38000
-16478
51865
-11269
8511
-47291
-48051
-45508
-28722
-17641
-47711
22150
13418
13582
9793
-1526
43876
39760
19877
18953
13825
-4575
24617
-52232
25564
28199
4813
19952
30471
26699
35354
18045
50598
2447
-557
-8829
-33240
31285
15261
-4257
41021
41994
5081
35843
-10557
20594
42228
38235
-33423
-40876
23953
16740
-2484
12622
-39789
39317
-17836
-2713
-37063
-36290
24857
12157
-11728
45950
-2606
7186
-38405
8864
-6355
-31211
-49830
-27873
20671
-33469
22198
-33214
33933
-10578
23580
22499
-37128
9659
20909
-43880
44726
-2631
48869
-19457
51377
-45832
38765
49912
49479
-12092
45263
35003
35223
-9455
35441
-6718
-7210
-50891
-21894
-28383
-11909
24058
-2389
-6533
-4338
28169
45062
-26549
30782
-16905
31019
47600
-19864
-14371
-19916
52553
-4473
-27298
-23059
47673
-36374
-2842
-50006
-24052
-40577
3828
-10374
-31813
-50494
34102
-18461
-15875
-31521
52765
32531
20470
4282
38673
-31911
14735
32089
18762
36161
22861
-33540
-31070
-45542
-17877
-42254
12477
-24621
37636
-45742
-32759
6722
-27067
8692
-34031
252
14850
-49708
-36342
-12634
-42191
45845
-42512
38864
50140
13101
46603
10240
-19029
-35028
13793
37243
-5327
51041
-23814
-21230
16884
4862
-33685
-4526
18982
-16871
3868
-47549
-42334
49128
22584
39540
44127
32289
25713
-49261
17736
-6469
-18399
-7081
-12889
-23333
-30506
-17667
-17329
-11424
-27621
14650
7352
-8081
25164
-31053
-24289
41677
46255
-19388
-5989
-28641
32577
-37575
20281
-41396
-46191
23835
-20306
47555
15488
-46772
38425
51709
15027
24077
18648
-40463
19841
21596
48832
43686
34168
10089
33730
51478
-17937
-11224
-4363
20002
28702
-3819
18073
20031
-34887
8811
22087
28074
-42676
45624
-23343
-34238
16516
51886
-45733
-2014
-50583
-52543
-48718
40527
51361
21394
-1501
-40792
-21756
23324
45991
-40592
-24301
-50379
-39069
-52018
37171
7939
-6941
-48700
-19245
-12262
-5316
7485
33451
8358
-19838
-1189
-17188
-23310
23448
44663
-3902
640
-35297
21130
43085
-33449
-38714
-16239
48180
9889
15233
16
116
14890
7697
13168
25448
-39378
-9158
24599
-43754
-18023
1300
-43043
-33535
-52315
-6494
46634
8840
-2790
-10087
-7336
-17012
-2517
30574
8188
-30921
-808
25488
-31073
31871
-12975
-17961
-17704
35558
-48502
-15175
5927
19306
-15421
-41209
50819
-864
-3701
-27330
50535
-42860
52143
7813
19599
-35946
14666
30029
31840
-29292
-11591
49393
-28057
26696
47718
49249
-611
443
12348
12758
-29703
-29585
-9
-42576
-13360
7878
-31656
-4064
-5621
23005
-29025
46236
34144
-16370
9742
-26993
-40111
-33838
16521
-47058
42200
-17349
2532
-38606
-12038
14395
24688
26850
-11420
572
16698
23196
-7605
-39319
-51674
-7015
-24889
16830
-30011
-2446
-32182
-5963
-12106
32728
-49207
-22308
-6087
52170
-14964
-26914
-45736
-39698
-33350
-19296
21362
-1140
-4478
18401
3884
-51436
-39329
-51647
-10609
1202
-38197
25127
18128
-15939
-26035
16210
18998
29227
50042
10717
46751
-37861
-34866
-39287
-6178
7669
-39794
-37881
-33200
3706
-43715
-1885
-22409
6350
19148
-45012
-5007
-1385
-3135
-21222
-819
28356
-4675
29768
42178
-46294
-48470
-9781
17000
38542
-30528
4850
21294
1912
12915
-28033
42513
43685
10985
20823
-40267
10951
-50457
7625
10534
-26038
-27152
10334
-32648
-10177
-49974
11425
-47835
37039
41275
-5602
16118
-17547
29704
-32426
38500
28376
12178
5574
-34863
-2899
19172
5185
-52623
692
20172
14974
-47575
-41530
-35584
-15212
51925
39665
34233
36051
-46926
33390
-1616
-39474
-7001
-41240
29424
6349
-27745
-21974
15506
24467
-19342
23834
18870
-49687
51939
-16961
36771
26519
-13085
11244
-9594
-10182
3008
-35980
-46044
-48707
-12737
-2612
33379
47864
52776
26795
10429
-15508
11529
445
-14237
12910
52184
-10101
35496
-49750
-2088
16950
8388
42216
-10522
24612
-45661
3084
30181
-39932
-2808
-23619
-26727
16714
-12973
35736
40441
-48107
-34414
41153
48735
-11507
5514
5197
36036
-34730
47229
4508
-32905
3440
-50425
40902
-30904
-2075
-36513
38759
-20429
3390
-40411
20692
-3265
-14985
17739
9546
47259
945
-14055
-41990
-47941
-24542
4794
32207
-2814
-34485
-16266
-50123
26369
17471
-52238
49492
36146
-22256
-42201
-29299
-5144
52072
39088
29820
42599
42622
923
11310
-28466
-8949
-34291
6782
38819
12210
17196
-1736
-42050
-39488
38743
-49389
27954
10588
4251
38468
24355
-28877
37224
48395
9748
-8282
-19144
-24947
-34282
-36223
46464
-11930
11405
-22016
30902
51174
-34128
40502
13678
37908
46092
22402
42540
21281
-51847
33953
3179
40252
-4253
-12159
29809
49200
28426
52769
-1249
-2574
24285
26083
-50997
-45324
-22075
-9481
-37830
-23721
-2956
-46076
44817
50158
-49853
41045
-40803
23391
-3600
-44188
-19794
46456
37381
50517
-21553
49595
-8563
49480
-4569
42514
-4106
31885
23349
-49443
-37661
-4005
41429
4335
14853
6708
13834
5516
-28765
-51662
-738
52050
-37133
41246
26523
-8872
16480
-35149
-47536
-46062
51931
-47998
-28387
-38201
32330
-50459
-33510
-23166
-24632
21809
-4561
45323
19409
-29689
46824
31745
-30468
-43052
-38157
-8218
-41321
7293
38647
-20127
29850
30035
-34358
-13744
-12756
-52118
45734
52509
-50935
31106
-271
-32712
-35591
12342
-19940
37373
16627
-44564
12938
48813
9253
27582
-44688
-18378
8018
-34052
25634
-15385
-52556
52631
34716
-1127
48903
44645
50602
-654
-17659
-12873
-18392
37898
20762
48770
40011
-17195
17841
8784
-50639
-51756
-35165
50330
31403
31292
26324
46762
14827
-33593
32548
-18429
4325
-13745
40653
-25206
7366
-10039
-39441
-35607
-44004
-26898
21732
45158
51735
-3169
-4516
14025
-22662
-13354
19074
-34237
-14866
-42878
-26820
17239
6737
22401
-14845
49601
31541
29120
50113
26467
-32354
28696
-30796
30605
-30650
33856
30558
-14780
-49861
-18113
26304
-11134
16369
-6492
-29804
-44736
-51945
6230
-48330
-7299
32968
-17003
29328
41824
-36833
17146
11918
-27520
22281
-12453
-22324
22493
-34105
-21585
22304
-38870
39435
-9700
31247
-20556
-11788
5318
52291
-29473
14980
-33060
-25060
40754
7257
31975
-26990
-44416
36836
-7201
-40539
-17084
-9270
13773
-20426
24098
21593
-40761
-7812
8515
-19513
-21027
-46144
-6724
6769
22757
-6382
-1098
29097
13159
15860
41380
17039
29644
32269
32776
-6113
2395
-3678
-22558
12658
46727
-20714
16816
-20272
-17886
20615
42263
43804
34250
-28544
15464
-50747
15440
13663
27184
-52103
26390
-41441
-27425
40093
-1921
-33915
-3795
15938
16403
-21053
13808
-34445
11248
-28922
-25230
-20331
-30141
-48512
-41996
22518
14865
-12829
-45645
-11989
7228
-7517
-49498
-9406
-15048
15113
-14322
50236
-47689
-991
6560
-17174
49729
-15702
46111
34054
29584
-17905
-38795
35809
42421
-6545
-7215
-49131
48831
-13454
10438
-36452
11460
-20609
20735
7994
39939
31263
-30769
4482
-41375
18319
2537
37056
-41880
-35316
-45364
-36793
-21773
-43323
36189
-28213
35182
9929
10942
-34864
-14423
-32704
-11111
22694
33936
-6106
21235
27555
4330
-14623
-13346
-27755
14017
-51700
20014
-10781
21633
39919
-12826
-11563
30186
-34604
25280
-49589
31816
2826
-17687
8858
29796
-24188
17680
50548
-6754
-6071
7387
-27625
40841
-18634
-42967
-23933
-46048
-24506
-39056
12285
44579
-33185
-51595
-43605
-22844
37837
-22038
-8883
-28740
36903
-15920
24884
29856
-51554
31217
3645
31681
21712
-18433
-8628
-38018
40201
16011
-35688
27183
27387
-26692
-11518
-12678
11800
-50329
30534
50616
-34584
4403
-21199
24840
199
-2199
-9574
26955
-50036
-44936
33800
20745
10141
4548
17191
-42488
-39738
44955
15731
49218
899
-52199
14063
29
23098
-42837
48764
-7361
-11710
27916
17759
35546
25988
50352
43449
18711
426
-21023
-11765
-40664
-43263
11413
38008
-47197
-21210
47411
-47022
-17706
-19566
5539
-5667
-14681
-17585
16395
24955
-35225
43368
23791
26253
-33634
6403
21750
21018
10324
21767
42392
25956
46225
-13701
48349
48754
-45783
52274
39531
22335
37826
-47383
-10678
-10944
39608
124
-1871
49002
27774
-20440
-45197
8778
25086
-25251
4468
8769
-17093
-6700
-36960
25104
-42899
13372
-22232
36730
-33961
-7013
-21688
7498
14495
-42103
27640
-29322
16865
-29065
1851
36608
-26088
26449
-15808
-47744
-5211
-26155
50341
29214
20033
-37127
-14183
-24450
-39295
-21499
51234
29405
-42880
-6631
34798
7052
-14889
6558
21888
-28233
2015
-47783
49714
-9491
1684
-21629
-36276
5564
5180
13926
-26286
19449
49685
-576
-6919
10273
-13358
16154
10050
32255
34796
29507
-5821
-27155
9629
3624
49332
-49338
15404
-38807
-13286
-5591
-2117
23785
-32206
19993
-7504
-37963
-44476
-31548
-3836
31088
-49190
-5538
47594
-8273
47629
-29569
-46167
43075
40532
-44709
15445
37910
5280
16166
15723
52279
42819
27660
-24861
-39821
29612
-24040
-34008
36503
36705
6070
-48522
-41878
-19869
26780
27837
40929
28159
-22642
-21365
25265
-14882
-52423
-16891
21149
44158
-46212
23455
-5228
41022
52669
-5074
-36413
-6377
44560
14530
-2401
49049
-11630
1042
21755
52799
11600
-16318
-45517
-43161
232
-16055
6143
-34463
-36876
-12569
14334
49904
29482
-35634
40074
46495
6985
-35121
-51276
50240
20911
-18426
-48286
-19228
19792
42384
34318
5689
8612
36095
22167
25080
32167
-45125
4654
-110
-29525
-24347
1101
-26199
8525
-24596
33946
46370
23653
20963
-29000
-18608
19487
40563
38504
12160
-736
-37288
26441
-15314
12324
33496
39138
795
-30844
-582
20302
34558
11140
41077
-7197
13069
-14437
10043
-49499
-29727
4395
5297
-30972
46629
161
29016
-14753
15721
9056
-22186
36757
-33979
-47886
-34566
-15550
23966
-52173
34648
-27238
33829
33137
25663
-1078
-16719
-35310
-37858
-34411
26484
12297
10492
-21085
46556
-47366
-14673
47040
44261
34375
33016
-20263
-51441
-44453
11506
-6962
22194
-24746
-28154
-37555
-22381
5069
-6249
28694
51040
30614
27549
-15818
-42214
-49358
-18696
4426
