757
1 2
1 3
2 4
4 5
2 6
5 7
5 8
7 9
3 10
3 11
4 12
3 13
1 14
14 15
7 16
2 17
1 18
15 19
3 20
7 21
7 22
8 23
10 24
5 25
23 26
12 27
24 28
18 29
14 30
13 31
2 32
16 33
1 34
8 35
18 36
25 37
7 38
34 39
38 40
28 41
22 42
32 43
23 44
26 45
35 46
31 47
36 48
5 49
32 50
19 51
41 52
19 53
7 54
21 55
12 56
18 57
38 58
41 59
49 60
27 61
50 62
45 63
30 64
36 65
64 66
45 67
19 68
65 69
52 70
10 71
65 72
28 73
65 74
70 75
54 76
18 77
40 78
15 79
64 80
78 81
27 82
52 83
37 84
70 85
48 86
66 87
83 88
21 89
66 90
37 91
40 92
11 93
65 94
67 95
21 96
54 97
12 98
73 99
61 100
11 101
33 102
71 103
45 104
92 105
48 106
72 107
22 108
93 109
71 110
92 111
108 112
29 113
20 114
107 115
35 116
62 117
9 118
61 119
30 120
13 121
3 122
50 123
61 124
113 125
101 126
102 127
106 128
3 129
94 130
121 131
129 132
5 133
13 134
108 135
52 136
14 137
36 138
39 139
127 140
58 141
19 142
87 143
24 144
115 145
6 146
56 147
99 148
88 149
148 150
123 151
138 152
143 153
51 154
125 155
45 156
61 157
127 158
93 159
101 160
114 161
159 162
157 163
116 164
106 165
153 166
20 167
110 168
114 169
143 170
40 171
141 172
65 173
154 174
163 175
55 176
140 177
105 178
129 179
107 180
172 181
110 182
133 183
108 184
76 185
146 186
128 187
20 188
66 189
62 190
59 191
35 192
143 193
6 194
57 195
34 196
37 197
168 198
145 199
150 200
36 201
154 202
50 203
59 204
164 205
14 206
49 207
83 208
38 209
59 210
160 211
194 212
110 213
77 214
50 215
192 216
168 217
127 218
159 219
143 220
129 221
76 222
72 223
137 224
37 225
99 226
62 227
145 228
97 229
217 230
161 231
76 232
18 233
160 234
206 235
36 236
194 237
38 238
117 239
123 240
59 241
147 242
7 243
140 244
63 245
155 246
142 247
243 248
168 249
140 250
107 251
196 252
164 253
157 254
26 255
194 256
65 257
152 258
60 259
107 260
59 261
33 262
203 263
170 264
74 265
189 266
198 267
67 268
138 269
258 270
107 271
244 272
34 273
194 274
257 275
183 276
106 277
76 278
46 279
125 280
91 281
232 282
11 283
43 284
133 285
185 286
173 287
89 288
262 289
86 290
266 291
280 292
42 293
263 294
164 295
157 296
126 297
20 298
204 299
87 300
209 301
161 302
49 303
103 304
289 305
98 306
233 307
152 308
160 309
233 310
82 311
268 312
252 313
241 314
3 315
122 316
38 317
249 318
53 319
98 320
174 321
196 322
165 323
254 324
183 325
309 326
69 327
225 328
48 329
280 330
120 331
242 332
266 333
311 334
1 335
268 336
15 337
151 338
69 339
80 340
184 341
127 342
177 343
79 344
83 345
293 346
95 347
310 348
291 349
311 350
265 351
47 352
28 353
340 354
346 355
342 356
30 357
2 358
222 359
284 360
21 361
49 362
148 363
6 364
79 365
27 366
179 367
96 368
204 369
106 370
143 371
31 372
320 373
146 374
16 375
78 376
170 377
272 378
379 376
380 371
381 369
382 372
383 381
384 379
385 381
386 380
387 378
388 376
389 388
390 388
391 378
392 382
393 391
394 392
395 387
396 394
397 390
398 397
399 393
400 399
401 395
402 391
403 402
404 397
405 399
406 402
407 396
408 398
409 403
410 399
411 406
412 409
413 407
414 409
415 409
416 406
417 407
418 417
419 410
420 409
421 420
422 415
423 415
424 421
425 418
426 425
427 425
428 427
429 427
430 424
431 418
432 424
433 429
434 421
435 422
436 426
437 435
438 428
439 435
440 433
441 433
442 435
443 435
444 443
445 433
446 433
447 438
448 441
449 437
450 448
451 447
452 439
453 446
454 444
455 452
456 443
457 449
458 453
459 447
460 452
461 452
462 453
463 450
464 451
465 458
466 453
467 460
468 459
469 461
470 459
471 470
472 471
473 470
474 466
475 473
476 463
477 471
478 470
479 473
480 475
481 473
482 474
483 478
484 482
485 482
486 480
487 474
488 477
489 481
490 479
491 486
492 488
493 486
494 489
495 492
496 484
497 494
498 488
499 491
500 490
501 495
502 494
503 492
504 497
505 504
506 496
507 500
508 503
509 506
510 499
511 501
512 501
513 509
514 501
515 502
516 510
517 511
518 506
519 517
520 519
521 513
522 517
523 521
524 511
525 517
526 521
527 515
528 518
529 516
530 523
531 524
532 526
533 520
534 531
535 522
536 524
537 524
538 533
539 535
540 537
541 539
542 530
543 531
544 538
545 533
546 537
547 535
548 546
549 541
550 539
551 550
552 551
553 550
554 551
555 554
556 546
557 551
558 545
559 554
560 554
561 556
562 552
563 551
564 562
565 552
566 556
567 566
568 558
569 568
570 568
571 560
572 569
573 572
574 565
575 568
576 566
577 572
578 575
579 569
580 569
581 580
582 573
583 571
584 582
585 576
586 575
587 575
588 586
589 578
590 588
591 584
592 591
593 581
594 590
595 592
596 585
597 584
598 597
599 593
600 588
601 598
602 598
603 601
604 602
605 592
606 597
607 597
608 603
609 597
610 605
611 610
612 601
613 600
614 601
615 603
616 607
617 606
618 609
619 608
620 613
621 611
622 619
623 618
624 615
625 619
626 620
627 622
628 624
629 622
630 619
631 628
632 624
633 632
634 631
635 628
636 624
637 627
638 636
639 638
640 634
641 635
642 640
643 639
644 638
645 644
646 645
647 634
648 638
649 640
650 641
651 650
652 648
653 642
654 648
655 642
656 654
657 645
658 656
659 655
660 657
661 650
662 657
663 652
664 654
665 657
666 663
667 659
668 665
669 665
670 661
671 662
672 662
673 662
674 664
675 674
676 666
677 666
678 677
679 675
680 675
681 673
682 677
683 674
684 680
685 674
686 680
687 683
688 680
689 681
690 682
691 680
692 688
693 682
694 686
695 682
696 692
697 686
698 692
699 693
700 698
701 699
702 689
703 693
704 693
705 695
706 695
707 702
708 703
709 699
710 701
711 703
712 710
713 712
714 711
715 709
716 704
717 710
718 709
719 712
720 707
721 719
722 720
723 719
724 712
725 715
726 724
727 724
728 722
729 721
730 723
731 726
732 724
733 727
734 732
735 730
736 735
737 727
738 728
739 735
740 735
741 737
742 731
743 736
744 739
745 733
746 734
747 745
748 744
749 743
750 743
751 747
752 744
753 744
754 746
755 750
756 752
757 748
