1000 10
922 837651
309 596820
954 876716
220 123377
621 680047
586 575046
555 837792
378 480362
34 287481
462 508183
468 477177
142 686124
673 944158
398 366612
808 570805
863 355205
292 557780
208 912602
746 329531
929 932382
397 768673
187 726683
280 805756
328 543931
185 205707
440 989691
169 283272
726 283222
154 527611
744 411211
360 86839
201 458511
369 339624
862 914677
420 894150
41 605633
587 712716
847 588086
777 231021
355 756477
165 271632
953 365630
616 842906
301 365048
387 48149
47 23782
95 731238
19 45262
203 995714
94 992799
213 419593
660 247581
614 807597
406 730270
939 940043
915 217243
525 947734
775 598583
100 552784
467 624290
663 270977
897 370975
44 884367
152 658322
876 864215
992 286973
387 73371
834 135157
937 258319
812 494252
506 191755
888 678585
450 778167
642 713076
49 727835
690 570186
521 744473
470 884779
996 639041
911 943392
467 559948
903 667476
638 475915
921 551003
312 754525
685 998340
463 47603
147 546829
792 409380
290 929452
22 154917
536 823715
198 130419
993 772858
893 892749
699 746511
607 949446
250 600315
224 280964
328 867425
177 749725
771 838435
81 529069
651 842289
893 115175
798 919637
486 225922
768 785529
933 983
207 929734
441 951610
509 936132
686 548737
921 177134
381 75235
164 622254
650 533400
586 472275
484 102323
538 874588
542 727829
787 874430
305 390178
640 616341
523 479423
158 983199
459 389983
762 815604
341 589782
258 314641
158 411796
684 352334
991 764967
516 666511
351 116229
597 773887
179 461349
649 326520
400 373891
230 130084
655 312316
341 173242
76 457607
914 527913
347 990020
568 768898
993 528894
82 374329
614 159007
11 379298
736 544580
248 177810
878 899915
245 639118
268 405034
79 794257
88 134550
279 837785
742 18924
737 395085
446 558794
913 167927
596 669815
459 961109
954 80918
105 9236
98 708262
136 793357
498 416277
401 345935
648 351636
698 838539
785 57802
70 796190
308 141697
625 820801
284 541465
543 835924
359 146008
345 144687
914 215098
177 517526
190 443031
17 261601
113 280017
158 766089
779 77873
229 898190
886 394368
684 753003
100 154611
727 788841
458 254355
796 2467
574 777134
415 590299
12 671457
37 598627
795 232319
50 329105
327 7414
150 912082
445 438866
779 168081
10 424
612 785188
99 343742
747 284431
825 531498
243 492561
244 618883
576 4213
377 364866
844 974583
160 207206
58 328154
667 114066
198 500401
137 400673
694 404384
864 421529
774 702095
149 451914
576 260581
298 493117
91 945689
272 471168
441 139012
206 823452
789 917479
777 340491
245 22070
757 805706
341 325102
642 547740
557 784638
552 476799
195 292399
163 856627
484 923082
891 716942
49 12098
565 43143
38 577724
149 775803
174 141436
502 902520
959 917019
578 792198
949 648504
203 367327
233 92646
433 938959
368 284331
943 182904
795 948029
982 596972
436 954903
29 829550
55 290982
252 665932
353 607768
70 397476
563 542064
749 527901
555 64823
269 179563
766 545568
798 43504
362 810138
690 392353
764 75614
230 841364
135 68595
842 168530
503 766664
783 933659
386 34592
919 60498
635 482628
969 419884
215 963408
534 447430
167 710308
134 350399
692 184266
221 689567
796 455265
531 569244
838 804656
307 353439
561 492520
583 506854
237 68286
728 687513
694 443878
824 599164
552 886956
474 262233
316 673688
430 557580
592 541072
282 936485
508 359089
731 68330
439 342279
225 6136
441 822621
854 988935
567 812791
707 793813
198 645226
144 575514
211 567790
709 405324
877 173302
987 652851
878 25178
864 231758
767 4239
989 499175
61 356437
702 427119
746 573343
481 76051
964 262791
683 230017
488 886329
535 741240
880 185894
504 838350
603 492728
867 812458
589 731585
923 361662
275 601759
391 599529
125 920068
295 96168
590 839543
747 393627
175 140597
70 286135
498 174277
457 89221
467 261557
378 444747
50 713024
678 952871
146 188126
328 90597
843 395864
932 736337
118 825429
244 201862
889 332368
291 89038
72 368510
884 324974
394 555298
65 701827
169 448286
772 1320
517 737968
691 201494
630 651192
622 890734
215 409118
557 30864
299 932291
85 292632
543 728529
214 342407
988 841615
931 652063
152 293017
331 136543
47 163364
473 777696
83 101300
964 145781
606 591294
324 126506
375 53408
751 194030
662 291617
319 401387
888 694495
840 758009
78 627166
47 520827
821 64545
366 455552
14 106185
96 831664
837 292560
815 403676
736 58316
368 422171
255 644868
874 496907
167 823266
427 397537
877 949289
468 827953
358 787130
511 153422
819 240457
479 349666
575 180531
393 74734
537 25846
807 412538
548 37837
497 174915
472 921227
777 498546
229 103347
425 886523
308 185678
118 495016
621 842869
663 988008
98 126491
926 698379
592 77067
281 580681
21 771096
541 337519
333 606821
980 323544
967 310635
481 332454
686 648597
580 617923
103 912808
275 819396
176 580820
323 616077
270 552550
240 677670
755 424480
850 965000
458 12352
777 153221
105 186761
807 147560
620 591309
710 18597
178 101978
907 128502
405 806077
138 842596
765 660905
788 392378
501 741968
274 850392
88 372035
337 674166
596 693649
748 379831
889 35592
570 482582
107 382702
684 910594
28 73446
764 985170
473 689947
688 912855
837 213704
298 659928
554 191541
273 759250
713 28976
417 420138
306 301381
910 773533
129 917716
139 23036
483 839535
759 154118
79 659497
870 655852
43 674865
96 692859
476 921767
454 311978
287 437107
938 611673
582 497989
35 435232
742 894581
187 803230
750 509244
557 316221
8 735325
833 847626
511 307967
790 924726
446 423467
850 321141
853 613900
534 141077
693 911241
361 791334
829 120985
235 916900
942 876579
330 628683
700 934373
202 773516
85 689559
210 880492
999 295717
976 295816
31 81365
483 768934
659 885620
122 694377
374 863809
275 868662
517 455045
290 718041
436 376952
296 283966
16 962138
845 422017
859 858933
966 602744
734 347526
813 378162
63 840703
961 199425
306 457429
48 64947
592 257966
52 136407
192 342724
972 715634
599 376876
784 458968
15 473591
439 604248
423 162205
785 82742
236 946912
396 288275
46 761640
357 533913
155 684465
895 46015
911 680990
986 843858
320 763175
373 547066
718 37079
701 493416
538 271067
542 561791
222 578657
229 395784
452 753157
37 348874
470 229621
596 627071
455 94240
265 312104
716 400644
58 75639
795 91760
375 544834
329 712283
881 900265
685 888981
428 391633
639 617644
150 112321
838 88944
476 261032
840 667582
240 118344
301 327147
481 995938
871 248286
436 758728
793 59499
734 712688
408 418493
159 657559
203 20574
287 764261
993 164341
60 250818
417 714508
862 607657
305 254391
247 843715
907 56552
898 207724
84 179121
133 43448
988 598631
510 976570
36 892389
364 661070
652 241369
149 757233
8 927298
374 673577
350 755384
983 792823
873 630209
731 472170
896 523249
772 928278
757 978285
450 841863
153 357033
511 546371
845 69222
932 237770
117 856828
261 49394
792 613999
675 578449
394 24887
714 136209
210 590263
67 537392
340 30375
904 516045
808 21746
805 291065
972 245216
933 75287
403 673707
231 428966
2 247353
633 268822
656 910424
934 550177
465 253703
101 512941
826 378716
370 895347
179 227190
452 165128
557 897384
630 208975
239 2265
533 498787
805 899163
254 178533
160 834132
763 953569
281 860203
693 778641
543 291016
18 342126
354 157079
235 512780
833 827632
20 496625
563 823358
171 479987
535 348476
784 127102
246 12788
719 353093
677 822056
726 345985
410 818976
32 690067
1 439323
900 42652
531 709523
318 567676
716 465093
44 976129
644 748394
375 345002
887 340605
257 614690
363 154886
359 541409
5 557747
433 659077
485 851653
953 659511
927 903653
656 21153
357 605796
472 31034
657 840774
297 126944
50 492529
733 107315
843 642993
510 548772
61 39948
477 750778
81 531733
46 452874
692 893692
590 784449
313 871651
547 204225
678 490936
728 368847
516 318489
724 301899
421 282712
470 608117
565 550019
717 61551
213 311726
159 351361
799 113527
299 557346
434 715044
222 136012
68 243711
796 487627
332 175463
745 889782
724 297726
492 758236
477 517933
761 599107
416 704781
695 180252
540 531572
839 252840
912 109124
753 849338
205 329852
882 767901
692 723059
836 595145
466 611146
699 515870
901 402400
597 23323
670 594120
206 547083
237 720232
144 245254
611 456610
22 729948
857 850555
613 523802
388 613139
370 277836
433 453722
585 496175
423 142967
682 69159
198 185810
366 834462
364 479579
939 118733
924 957684
407 136507
139 580770
365 539367
290 209996
830 133564
972 920800
815 123314
2 294083
888 555194
629 701634
473 286698
920 37196
626 624782
542 542756
807 57689
864 554557
891 327206
455 810409
290 354624
697 562042
196 519785
495 941973
442 593238
447 650820
399 425994
578 135689
996 470464
1 723115
325 510152
425 604550
427 797421
728 8279
46 553429
176 717761
564 969802
250 846847
981 776761
337 329988
962 492850
910 638494
722 949695
650 993936
932 791841
833 604940
682 995841
485 836327
556 515924
356 530493
215 320379
277 334531
5 796293
742 200282
214 496150
110 661478
356 866471
361 686495
740 225927
219 366504
320 237278
562 460524
459 34823
619 451920
702 108608
635 606113
690 815387
39 864092
632 935931
727 974278
285 45638
555 902544
6 541480
38 811176
635 426465
672 112848
694 512087
488 524360
598 435704
144 121332
328 35732
503 36541
127 112542
342 28144
121 688024
885 937239
832 211252
201 878380
894 524269
541 75701
101 873477
800 472183
611 959575
558 7154
841 338236
66 204675
798 17092
141 337868
182 496702
538 523527
878 779613
281 320898
788 48958
416 637471
398 908619
101 587263
845 236791
549 265646
364 358822
172 870967
514 828226
182 83452
203 144539
533 689858
863 672857
823 880015
624 461339
328 565818
254 874075
571 284525
623 744339
934 243316
934 71892
326 450394
162 18594
971 735674
844 247955
40 898492
723 24888
176 387290
423 411898
578 989334
370 396678
512 688840
158 13803
464 538668
549 416017
78 247656
667 493026
252 886065
385 875942
27 670444
757 352666
537 774467
302 773611
15 890831
274 906331
824 306526
666 542927
482 577512
178 200609
138 946799
271 697214
740 762897
547 464541
24 866134
480 865904
100 68617
394 843537
127 850203
217 825391
929 388976
729 582498
800 554663
627 750455
112 982461
814 60851
487 789570
142 417832
638 375180
150 593318
833 206011
245 869368
664 52733
795 103355
647 813835
508 690674
214 731439
937 380305
91 713078
475 306657
686 781990
129 135252
329 927366
853 860317
337 1018
256 387305
772 274716
217 777137
469 180726
902 278016
975 65863
762 261628
3 192799
150 929981
623 806974
568 939278
527 265936
606 210451
77 569799
375 636406
902 934318
445 621631
557 246933
631 462804
272 381887
572 107456
550 348266
956 564482
943 483220
710 159241
252 217980
312 942138
424 190227
329 528656
62 968148
472 760811
511 749434
10 729264
634 955255
116 913968
115 439756
145 185595
183 221033
380 927841
176 991430
232 985746
173 296786
89 51920
302 590023
143 880707
599 723566
392 542120
95 264048
297 11005
49 655938
761 711278
663 212463
262 771936
581 399629
713 83681793 756858
922 31422077 556011
649 30635332 565880
739 77989757 293286
699 5778707 126682
570 68275764 802473
271 3765290 134534
917 80812830 375260
404 74186293 418580
1000 916461952 604547
