1000 10
828 721925
75 957145
691 163240
981 92272
280 190174
315 61966
832 737073
699 744687
244 361051
531 856068
33 766903
432 17497
255 424560
921 792281
34 892916
844 695312
962 146914
579 879225
152 520349
221 435315
339 841063
283 238183
939 672161
902 853759
567 394061
715 705827
58 59469
593 982832
36 443544
132 537310
319 533843
16 721569
483 989363
54 464372
294 429056
831 527755
225 293580
395 901656
556 264443
621 641167
932 140725
451 800111
993 33641
172 34580
474 406561
420 569032
355 286623
609 487236
414 279501
407 380
940 22935
946 853880
60 84294
221 312701
720 630214
260 203475
529 12916
274 969477
384 620818
374 324887
508 735779
314 440885
588 84817
674 259664
586 919308
980 19251
216 482288
360 705807
345 626829
829 671163
273 998779
335 490153
720 664505
189 592904
388 211742
867 922248
586 359786
650 177458
237 819952
6 197899
23 676331
269 137134
958 263904
428 904321
305 298945
244 265486
993 689565
223 18057
139 941786
523 708259
322 257102
649 101322
272 599919
744 765007
588 665228
706 366999
764 345538
178 957255
368 893024
200 818362
639 874195
939 91168
162 1204
385 244142
516 508144
655 737574
166 731446
550 136586
161 366219
263 716588
348 31717
641 650275
280 404815
743 5910
989 155621
294 731323
338 555550
418 870561
879 267799
273 137531
430 976365
145 604912
366 803059
809 793314
568 471421
535 477311
844 426713
93 946637
726 472241
36 469855
895 81882
206 549569
596 201541
113 980581
549 650482
196 647372
807 793552
308 857898
286 513835
381 226407
224 952525
596 800594
876 918180
736 566456
784 282201
655 681195
302 612935
956 495535
483 120088
789 93500
217 983674
440 277038
521 113601
545 919806
935 856229
752 443416
727 29939
602 831960
170 340721
123 659899
196 935978
370 145616
936 516728
822 346852
109 846442
849 897237
410 794733
643 996022
177 113851
164 849678
830 484996
450 758082
778 629920
768 871668
946 647132
916 433418
652 96909
614 916328
852 770493
730 474345
435 966618
269 597183
353 69725
297 240386
429 98621
986 297840
909 846444
291 430744
213 237249
40 977261
978 941553
583 198426
966 692370
450 182128
143 665456
993 180045
127 946452
73 555623
135 513048
743 203863
133 158491
572 106511
243 483037
379 898473
352 526624
465 579621
282 281465
871 420475
982 407488
517 213775
488 860086
596 845953
94 807024
308 732821
755 570175
595 584670
833 74899
338 518207
332 649386
464 265161
289 658532
280 782659
401 517561
469 958589
635 866667
368 569078
731 758513
767 296355
913 187310
726 571773
178 802409
91 601247
51 277426
261 811346
338 776426
351 322771
8 806136
170 79050
53 634037
986 899378
369 294759
694 363430
589 212309
774 39876
816 789439
396 739240
470 835987
10 392455
660 764319
224 931007
372 237208
530 714137
440 936620
598 861328
960 924272
752 491652
880 880854
572 108409
926 536360
766 169582
648 966287
212 911159
264 778695
265 763027
248 75086
204 870332
730 493414
512 704876
302 523327
716 308541
698 542143
644 444383
747 980456
210 911531
653 993039
515 608201
952 924376
300 724723
34 113189
296 614693
637 419385
870 856553
128 696588
301 552773
998 754973
899 201065
148 759070
210 488188
350 538857
155 209717
934 488094
491 127803
3 499100
35 859006
170 513149
903 488677
124 757223
358 42782
218 80973
826 835784
909 52317
826 612578
461 543148
219 441219
192 392799
639 487417
498 877766
559 596034
862 761931
952 721232
905 280160
240 16379
420 485913
568 551129
489 568135
256 616018
250 853499
280 226794
568 546523
557 506451
726 993062
240 15375
931 362325
213 106458
685 278078
607 485612
99 836347
193 184621
818 856197
932 454408
432 497927
931 604442
2 750985
550 831715
839 806714
600 588321
855 233370
186 641298
262 542025
93 132779
97 47111
705 519441
88 140153
739 899552
750 535993
62 976572
117 603682
308 53763
65 691553
817 327327
463 5634
11 500999
764 3998
416 298509
440 467740
859 655564
454 639882
801 281631
402 919347
80 690613
349 490494
66 333692
208 845774
761 758282
241 303598
101 823222
340 355177
574 922827
256 401105
772 445587
993 744190
649 423338
684 911816
161 535264
830 3398
56 541840
915 676151
327 71749
258 28001
106 221126
544 458954
54 383376
490 14087
814 158884
759 767870
100 896652
484 287509
875 267109
699 170576
60 792864
193 37819
925 283538
665 630850
781 473392
550 617261
109 562164
486 798721
530 743086
446 990604
979 505553
288 474056
255 831593
448 116579
520 401200
321 559586
990 695578
116 49657
982 804750
917 403733
933 719157
384 422595
607 798140
582 795601
604 379566
60 115580
814 486294
368 37911
917 453756
186 760765
579 105145
599 689007
28 582857
191 4817
482 960638
597 642004
88 182208
310 178027
542 864263
679 231829
837 475749
761 852912
783 723529
281 769654
323 863518
629 669864
174 373697
909 606652
725 485867
58 554605
751 735024
523 627885
940 260211
505 587250
577 705248
840 353414
920 284352
892 941792
565 180192
627 400913
2 476376
572 859746
186 920549
582 549322
990 569195
346 48096
728 332664
482 397549
686 581732
839 711275
716 771664
282 235093
854 121793
979 366816
912 688783
597 982935
884 440887
158 318037
197 573898
258 797530
772 153341
241 115104
721 719393
837 453541
202 564255
550 677140
838 207221
76 140460
594 574756
195 835046
889 292001
879 646207
606 258391
363 847168
779 719294
281 854184
818 674755
201 66483
128 564792
689 708318
717 170433
298 353510
238 742499
928 600871
55 159882
592 833245
804 368238
958 67844
743 74973
810 567345
927 694540
445 35846
67 287372
247 117550
996 868198
188 362602
244 617648
404 266731
874 860068
795 873341
592 336417
501 699867
689 683418
171 576615
588 830935
501 588904
578 260940
806 164216
651 699831
916 899999
602 517914
262 917351
396 503163
365 880901
698 161216
665 428697
275 149216
928 261886
47 155851
874 37817
407 45680
953 953970
888 317671
590 269462
104 396307
721 169909
717 249109
637 857130
261 717912
663 306304
187 219816
735 601099
586 292929
5 431834
546 257137
281 434967
549 417065
620 167928
635 380373
65 202333
230 901203
797 949698
84 309523
846 283221
733 881755
70 634879
483 862088
206 221623
158 103182
498 246871
249 227282
940 739917
338 197882
127 552323
268 789146
222 998024
783 560139
212 622608
182 539464
523 704954
487 993520
302 388141
150 615375
889 681791
347 592256
573 688328
214 596654
274 404929
484 565900
389 763356
377 543169
563 188099
709 208567
26 374808
82 893714
370 677827
251 58009
892 849192
890 389804
989 482818
364 29021
823 5554
654 853631
407 877320
21 328088
328 786741
416 669045
63 995134
115 290594
153 868323
2 593414
362 376977
553 911961
616 683350
279 238533
812 266558
775 52524
694 904818
660 755704
292 99110
124 556812
161 542945
54 426104
298 687563
36 699482
532 582212
452 171730
97 276443
68 422107
804 322603
354 783740
889 311629
23 523971
343 327113
412 464650
925 136195
38 5797
168 8539
615 319683
369 782060
78 980036
802 841536
271 580871
681 477671
516 741158
149 94949
285 407572
252 709967
525 701757
775 608542
582 277543
540 736022
957 939507
433 292536
907 16633
230 413709
156 212772
766 2246
163 953606
482 209502
15 752294
334 114985
413 223026
352 771833
169 879544
954 836066
577 251418
780 246962
973 311615
627 599377
773 209659
628 584963
907 568380
341 240558
932 650933
256 675476
524 787971
351 195675
784 572275
129 216786
823 521942
539 999239
948 744389
457 656754
307 363944
915 576060
591 34611
127 839959
559 705433
270 171667
733 964155
559 519612
121 793347
439 535416
693 407239
129 604648
600 227609
25 380476
513 651441
7 937043
355 175737
374 337893
446 604466
877 291000
160 980108
574 201537
284 908051
908 532491
51 583786
161 796695
731 50444
829 594100
654 95113
975 628370
492 862069
337 753379
61 216877
647 189948
551 246400
235 57446
759 257781
138 349303
197 122549
204 756118
581 188621
35 23882
434 626351
972 272895
771 999073
793 549256
888 685321
412 407671
281 56873
960 29753
649 524313
154 889637
989 557151
672 749685
786 465170
251 351729
500 359458
142 575850
375 6465
548 728519
424 575878
69 810439
724 150241
778 238316
406 731961
240 189712
681 153124
571 597678
656 652538
376 767863
624 872963
406 1589
540 281642
279 11188
404 734543
281 436566
647 873275
163 928996
583 492694
582 646569
819 499766
751 217350
27 314963
603 499072
81 965084
74 389295
840 445103
262 729636
739 886398
986 955262
989 591396
700 498896
565 389207
811 206457
185 736345
991 488950
203 998221
699 620901
73 593397
150 136971
204 759747
433 454795
211 13846
748 154962
307 899399
360 38719
657 249206
32 586910
946 261720
376 315916
231 202401
787 394725
355 453160
356 106678
293 906046
99 376455
717 394842
611 960152
987 914932
626 919136
32 940970
475 272005
30 771650
327 948905
532 341518
954 572968
21 849635
968 584485
907 767557
676 887542
95 461768
965 510247
565 65624
1 580581
828 335453
222 361156
272 365094
596 882141
118 323295
925 694608
660 117972
344 43684
737 488486
864 408260
833 944669
590 226040
804 868026
162 759090
626 85418
354 627046
304 610313
146 569263
40 76675
19 887149
877 731394
686 585533
677 146061
601 262650
383 853457
354 446566
278 193961
343 369654
710 93291
494 877555
754 304470
94 459075
499 971958
387 433704
19 591787
166 622402
92 210252
357 881762
719 804792
646 719726
603 330451
497 568585
87 660758
548 364338
215 961101
849 160304
210 536920
827 697210
561 573743
381 655706
263 922326
517 359953
581 753286
147 145521
986 207181
177 331840
710 553122
978 641293
978 98016
760 308838
934 867719
765 861392
629 615474
214 977195
81 671631
42 248020
420 507842
590 167934
410 860413
737 216558
521 211576
283 965610
952 290448
390 821925
118 102328
790 296373
199 373074
99 697360
651 372885
751 201185
53 363672
661 976050
721 888567
626 602161
858 148739
37 898605
955 628312
629 593774
489 485638
87 763775
47 461977
876 45708
545 37439
140 933896
270 875454
533 370857
788 202573
391 813777
936 730146
185 393927
806 883831
209 401228
361 873425
905 425231
591 139513
124 398479
235 439343
2 308336
327 958142
529 370926
569 464111
943 898359
868 402442
874 299425
759 938846
513 170262
661 930041
616 624178
514 154415
736 572925
961 980488
443 4793
316 662882
987 252459
792 671403
980 110048
406 192956
996 340066
563 271737
432 623282
384 450067
352 606899
420 758577
495 95274
936 22740
625 665130
625 966012
504 724740
74 212494
304 913843
915 126162
286 867956
200 447666
13 322006
585 540601
58 516796
811 201697
550 870156
395 827962
799 956323
760 635400
394 811783
414 637237
245 917221
40 265657
232 807537
284 753792
697 653596
896 437430
251 192056
913 580023
228 962214
314 838650
878 170361
265 176817
162 570845
918 578387
619 663688
516 785372
765 352593
61 406834
80 981836
346 887175
447 223109
2 720453
804 678736
182 808515
385 706103
621 716379
827 467691
530 91736
384 903935
732 347417
460 242707
948 2844
757 325150
400 127985
446 615497
817 349113
417 502848
689 324895
424 805427
713 123952
416 40797187 452655
249 24083617 944819
105 76236877 783337
338 70192870 488809
245 99061555 718796
515 31894416 669628
639 91853008 530272
121 88800435 738273
119 67542526 295211
1000 723496378 602886
