1000 10
59 804077
359 723211
540 705854
932 880428
782 684455
110 318886
768 190935
127 371808
819 532940
813 726221
916 700382
998 618310
60 507989
24 241857
677 803249
127 177634
760 658890
232 772647
26 189980
52 408298
422 918081
874 599920
993 571923
753 64303
87 769920
992 204823
73 217088
193 868044
795 539335
220 513605
445 455991
433 672129
236 556514
693 606639
184 151932
523 597806
788 517706
450 644042
919 170192
582 91904
131 542756
820 193827
859 948043
622 42431
784 3642
744 235515
504 957794
562 476184
391 235245
695 149005
257 916551
536 297038
467 598828
122 243781
516 421834
364 132399
339 561362
96 25959
863 926051
729 118216
563 551617
831 174455
529 118137
276 927801
752 596750
384 239140
925 113874
326 286975
276 39258
318 308279
361 337767
465 289851
35 567048
57 146452
387 288137
297 6565
622 627450
621 899271
82 898108
228 932826
629 21635
898 527373
35 647390
433 890536
753 616014
364 329117
750 148497
189 31412
135 698964
702 732551
218 866973
40 913861
662 139388
729 661627
791 812602
22 559045
644 761017
747 676429
585 628265
754 952458
480 776344
762 772419
862 952690
1 260609
932 325676
861 165970
770 107699
238 164173
392 340504
696 598782
436 710499
753 739680
860 745499
608 153377
694 271228
111 201238
608 399479
89 752688
22 475848
738 964195
849 826442
695 190459
644 574837
685 613160
962 194853
291 172646
692 353315
444 495419
427 287515
724 889851
611 369047
829 715887
738 199424
831 310935
95 393947
574 843901
179 151704
370 761447
669 921521
32 262011
1 612207
962 293750
447 171893
51 317503
53 725624
953 829250
974 426844
346 819847
181 63771
432 947821
32 314710
565 552003
276 700434
475 787736
278 827950
413 165878
763 879560
382 67738
186 345667
912 757526
705 543861
109 861106
278 824242
483 416813
606 531744
363 598711
849 894051
370 25017
582 822981
409 789948
940 341015
197 129694
703 276045
804 124297
734 152822
120 206045
80 336793
899 703816
567 829485
739 59614
885 47916
247 484373
478 404119
948 110786
409 551749
481 829588
458 104722
549 881400
849 908469
407 504590
355 583010
627 570818
108 898877
950 668188
189 181564
363 281256
744 868465
582 899628
215 945827
692 826553
872 51293
99 776870
507 543960
284 577666
173 490603
572 711350
982 715454
931 129686
920 346623
899 613014
810 606386
721 345405
883 681765
35 374759
170 695646
833 77320
161 312569
602 216157
172 942208
542 83033
941 297766
611 942125
977 702706
413 809961
431 525232
491 617420
497 690717
137 343236
497 856615
807 367332
62 747020
342 976511
95 747296
15 920331
845 434322
344 132022
303 27321
208 964586
299 637255
982 912743
745 32506
497 216109
211 289526
19 215308
955 732910
709 493732
119 11628
181 112723
217 180800
206 182486
522 779635
400 960743
830 681756
954 519778
539 880114
140 887617
304 586967
589 170277
273 360186
803 714989
284 917670
571 980639
300 586726
67 703850
248 17420
960 89634
879 89179
334 520364
741 106485
833 726787
901 537909
450 407377
536 748465
351 465648
196 682608
404 669691
567 563320
599 747710
917 753168
648 801231
352 900889
666 719216
412 138153
149 610328
776 473941
159 139141
794 510154
858 899700
739 908550
624 385817
58 225707
934 287467
72 767012
795 256721
139 333919
33 172167
931 791535
187 564222
538 90201
114 45507
637 402085
869 660044
229 813404
300 939604
622 266255
611 428669
807 230306
826 888617
11 507794
829 233101
615 603484
298 733347
7 936248
460 766562
587 685908
373 522318
746 638762
78 487464
168 173816
867 424213
922 626033
451 20072
557 322844
690 340017
415 18497
780 306366
526 931285
845 647847
674 621954
742 669745
59 52973
754 933943
470 230570
335 67782
432 477705
174 966789
3 282895
670 23436
831 908320
931 514085
532 848410
504 709253
861 654126
376 247361
319 523754
873 569382
168 677527
786 703592
873 175443
772 852590
477 362774
920 727433
137 817208
436 311409
962 256862
114 985161
765 349682
406 599536
38 759692
53 450937
431 253056
859 546267
782 571077
597 791855
1 730249
385 250255
365 593752
55 575809
176 340130
844 525654
553 545436
125 645949
55 22219
711 630552
371 75180
957 408427
742 146329
584 888638
777 556110
793 674877
171 194839
549 821902
820 727354
356 691545
92 684724
184 36024
599 810457
898 203613
630 391749
667 390918
520 971511
60 361206
801 320059
606 396243
711 805596
871 326685
259 624876
746 457419
113 451852
781 38734
103 580256
313 558537
297 149410
666 667642
780 853317
409 276629
751 896142
737 399254
48 695217
622 757136
800 122362
564 395881
500 324736
497 832050
39 79965
833 489432
219 517801
129 640285
594 278502
765 368067
268 474612
101 835508
152 811559
219 931446
114 676720
548 739911
449 645236
987 372709
977 885793
605 40269
301 925127
369 843749
511 895450
370 837513
956 710733
217 209127
760 979742
511 177842
639 226731
305 722307
975 639742
749 464271
359 688887
533 625351
114 784246
739 482306
897 283974
669 885828
739 586667
121 471692
671 856247
297 553414
786 636054
513 365095
719 519556
277 586131
905 234898
270 752394
201 175883
257 852389
887 267438
381 932323
35 306673
210 677043
700 393957
52 802579
104 928953
275 379732
617 681624
1 156815
833 83082
122 414078
228 957143
882 283416
970 523694
313 376894
578 446408
772 875053
736 753015
303 671587
23 467454
17 883231
116 50208
552 283645
955 611463
953 811857
487 383192
495 818065
36 361384
28 946786
129 630610
102 304346
551 150911
437 618340
16 398476
590 525999
777 823618
581 67878
1 730849
647 642424
969 736314
892 241026
905 573365
963 227888
797 990724
363 892160
986 751515
519 743739
522 972993
199 377583
537 636151
283 825637
272 406039
861 407625
956 695667
678 571035
389 576985
305 219471
856 725537
691 958405
178 590492
485 229503
577 140633
520 392555
201 680328
317 498242
563 909312
679 630151
318 563369
63 384044
462 271311
793 351911
352 410411
196 250648
896 988599
36 730044
220 210142
16 943066
686 716151
960 593113
986 765351
549 485233
830 716469
828 606782
208 131389
519 499684
285 444393
774 314462
772 567863
279 510813
869 80486
390 590305
140 869770
922 435992
253 666565
839 676735
738 156125
781 111063
698 777824
859 367913
182 488870
987 169393
616 284572
556 6592
943 800344
943 66502
965 53909
909 810372
555 234438
994 805406
72 329185
35 93027
762 846240
806 866383
368 730825
68 981523
635 869433
141 638788
512 829759
778 491036
569 75925
529 804300
635 332915
80 105798
356 250343
845 132829
775 253438
884 802475
757 778453
471 209133
325 411113
534 395494
397 39502
958 409945
966 811341
660 983425
624 130938
912 495836
558 926519
486 199685
872 386756
856 567474
384 824286
973 855846
308 219046
640 571149
852 785114
586 284207
594 840905
99 320117
319 686148
418 476066
372 956912
307 27465
22 879927
324 869388
859 221863
719 895778
106 309956
105 636506
509 138027
597 582401
61 547243
817 429640
129 577795
879 217155
840 950825
697 878875
686 202771
553 495006
443 149354
679 251628
874 438578
211 333794
722 861927
197 353259
896 693973
588 77307
116 340499
3 577030
467 798591
646 9790
969 52672
364 295143
52 22623
602 471006
168 213414
980 926379
388 883727
545 573443
263 215527
906 417763
73 264955
244 336342
41 464862
941 614650
353 410713
314 425021
835 31045
884 517562
633 34383
862 948435
947 458044
431 456603
526 288876
186 186443
894 26261
635 615066
934 800178
378 310352
976 183920
563 10321
731 982559
634 323986
45 209051
279 377630
935 767756
570 127801
95 621450
640 245161
383 292313
821 352571
220 984665
995 460701
798 918298
70 321278
218 117861
851 414681
236 59975
983 427795
391 998493
8 236900
691 916353
392 672935
600 768919
504 134465
390 553136
827 360792
775 958831
967 213847
466 23085
318 171385
771 641118
416 881090
51 537099
762 218208
494 688715
634 923275
899 83758
216 378236
28 425760
87 337078
431 569627
185 474669
593 391448
765 683020
649 417175
355 537448
425 3834
109 242580
863 411117
810 535286
474 980048
233 362052
203 146198
970 93119
85 403279
994 374462
69 552342
942 41892
845 810725
218 233623
823 972438
680 268039
14 957097
584 822041
47 544611
530 185573
291 162508
449 583080
307 214929
310 682036
403 481091
247 607930
688 906578
165 864032
83 474834
47 446089
6 525500
202 452168
689 29343
54 405249
873 175679
637 462364
914 620966
24 67590
682 796510
987 935919
377 899961
426 756807
814 227988
380 888652
833 470332
603 525118
404 952694
146 891827
960 158860
254 724641
221 459970
83 141860
627 949754
382 98060
127 927642
667 941967
704 481303
126 802980
824 65525
805 692797
950 290325
115 583112
846 80228
75 151290
883 352822
581 711407
947 132628
181 205894
773 189110
609 440267
671 419684
394 593130
180 782539
997 92596
832 479844
292 281107
506 19027
703 302377
228 691315
301 10184
909 866530
408 298853
406 911485
982 726972
148 226133
110 104880
637 296475
824 873587
459 430547
397 523006
800 626274
607 544164
53 36230
214 109794
809 930063
51 107350
509 895783
806 232544
984 738446
166 867362
993 261594
702 646532
119 730699
953 193218
846 305346
681 461088
881 11664
893 868411
430 440430
322 549909
788 616933
477 433324
929 743247
458 907710
844 623083
739 142809
401 988951
294 62787
182 374183
985 814652
453 215466
473 757280
308 254752
376 697580
244 11826
163 239005
471 704730
947 656015
817 503761
357 921073
294 765057
597 513469
778 192899
619 279999
396 88348
328 620190
215 717393
423 82943
309 270409
464 720079
438 496157
183 36531
932 889299
764 915846
208 145577
395 710476
543 733543
40 87609
171 575268
254 473147
604 50298
817 500593
170 237060
564 33839
110 213273
766 13318
86 996869
787 662476
531 577825
489 752742
667 454027
573 542717
904 288833
470 761255
50 413805
165 854853
535 974066
621 133297
861 64024
66 928801
231 55550
302 991653
844 258478
184 889805
507 819771
523 23877
576 643971
165 316855
829 639537
585 425405
642 442820
247 687158
81 616611
673 724920
755 898582
658 682225
703 508455
42 358049
180 783294
576 121816
657 832143
209 568396
650 898131
14 686248
120 850463
43 808840
854 202503
673 501219
999 882680
859 59562
495 754060
884 369899
93 986329
862 932248
665 594593
547 558831
632 51921
484 87243
207 831586
283 647206
385 530130
833 186726
400 800042
75 210058
575 771717
407 572308
417 72574
739 523577
302 916514
458 566721
851 742038
483 806099
739 40378
369 812479
381 955014
705 303220
556 740191
160 233022
377 958132
723 247394
890 957002
934 424645
822 136963
471 754598
435 973965
511 211277
570 855662
269 397046
676 568105
718 584561
257 933495
340 338477
613 450098
667 933692
951 168530
194 212314
882 472578
532 857492
869 54893
778 189201
970 122536
926 932103
170 482316
580 565736
29 959701
689 789572
542 105445
143 344679
667 188180
368 27477
95 440169
3 935495
607 420489
791 658951
474 234028
364 332450
757 358828
7 506860
807 874042
147 32922
294 638077
614 421490
806 2117
148 67937
661 405434
409 157858
257 269102
394 412062
385 991008
836 594204
537 24775
842 935637
167 21440364 507537
311 66179769 662327
499 2158090 314317
643 38016659 536716
934 1520226 978324
577 77510182 170182
834 82687813 25339
465 65321700 776065
518 98380704 237229
1000 694030208 523555
