1000 10
596 204928
339 127091
171 500119
853 536412
592 698386
108 283356
328 14196
153 423492
915 297026
58 947139
853 449582
910 802440
722 971418
382 70145
20 669280
866 821279
948 8991
561 84615
40 626919
61 554148
308 97122
916 968499
307 283481
498 875867
903 704574
449 879397
424 599745
402 884073
697 700259
742 460597
519 229412
685 935937
486 800690
203 528240
207 244682
397 196921
290 358671
334 412673
660 812329
347 138631
576 549592
396 273501
373 242509
318 98240
444 152548
583 968467
136 91195
266 118410
540 353278
973 944186
441 576460
466 227010
402 921915
658 444901
745 667283
571 473052
331 5099
279 51026
610 548703
25 80911
626 839874
459 831907
627 631831
588 29894
460 586859
533 747227
937 57016
287 20760
448 5347
449 2011
675 211444
673 561514
43 14839
170 268990
400 785469
83 409437
216 865222
738 493539
258 525964
542 400699
521 881220
326 278690
961 263538
94 939053
375 142397
570 6348
166 690481
954 116121
274 533603
540 259830
692 326238
685 740059
138 896647
745 226803
204 881867
787 780691
189 101092
400 742955
347 81840
660 205950
179 875654
437 285496
985 298079
849 319650
479 986869
239 314517
775 294117
970 947414
386 223827
313 849500
181 294578
726 176100
579 26182
838 403657
262 644472
141 106911
133 387633
165 665346
651 861821
179 28909
977 57553
653 748922
41 217818
862 507031
509 15729
417 509423
715 571866
463 949689
284 551862
212 766006
561 659860
673 747677
356 15323
504 172728
612 949838
691 435289
965 290221
652 465266
111 307786
555 50204
705 895869
314 859360
887 667937
685 69996
25 473371
343 247028
215 163272
676 756893
708 50019
129 869334
661 745816
412 346634
225 624406
639 443110
817 773816
577 809785
764 562168
807 341939
556 413849
34 642712
206 83073
596 885152
396 255015
196 990475
233 278598
519 601703
224 401874
546 273800
797 688705
322 636003
569 679239
116 161766
346 585199
266 119947
148 182462
68 536700
444 114015
801 651918
443 487477
529 69748
29 499940
838 339285
906 947377
690 325857
458 287422
417 98705
835 241645
376 81660
596 694223
499 816103
504 686517
811 407656
747 324455
157 316214
379 815874
458 781100
120 912560
818 185273
98 361349
745 854011
113 434736
609 665898
107 510554
495 602575
829 777829
138 468631
199 859726
293 693046
448 237467
906 837930
663 322529
719 162108
165 331526
950 771927
824 734002
571 806120
7 656687
791 243389
682 2752
50 53415
557 762143
398 960605
617 660201
68 258477
611 785252
890 17669
487 344096
339 713025
686 701050
936 873818
710 681288
945 968114
538 92665
115 263080
506 303551
343 730687
143 487673
824 190077
975 911066
544 107266
366 129673
106 979423
601 852077
819 671055
85 827907
57 70906
236 941477
699 430990
867 45880
780 740370
497 584092
143 158500
280 432019
531 818147
637 207648
829 865577
363 565895
801 710634
85 36134
876 768236
476 928395
994 606998
304 205554
639 649810
714 322065
46 824566
359 176642
478 146722
596 365277
419 395852
707 479467
144 987989
467 488405
479 414799
182 202256
758 963167
300 857726
203 342201
702 98406
307 89967
288 799097
371 20681
715 728757
284 720885
523 558145
418 985105
364 239065
284 515806
22 378337
878 260007
469 469706
98 961654
505 182988
892 992264
887 556269
444 464439
978 103711
135 427065
773 620369
67 270361
952 531908
992 638195
539 66835
485 114375
114 229781
15 115659
574 235256
511 274704
67 461892
391 576678
728 112040
986 513801
691 168884
615 849565
127 799733
894 465128
543 97834
790 374912
473 713521
77 671015
200 858024
109 640122
963 999259
853 238440
516 16737
940 691067
153 833513
943 292588
882 892028
940 578901
868 399919
34 88819
843 329930
326 320618
360 865292
902 203452
312 541183
69 363817
983 777038
920 74699
54 533709
864 640525
477 191169
539 967192
752 342781
820 192899
905 813315
599 722806
236 9226
490 580202
646 589891
831 345676
492 442717
207 366846
381 398260
176 105612
939 546163
250 580617
502 23200
865 290117
206 377697
331 426885
573 173781
327 649333
76 194914
107 464725
219 334545
122 57551
911 359019
466 234011
615 803527
183 457535
742 827655
8 844224
926 558606
462 641683
422 864109
49 356240
2 198215
454 975377
506 597459
989 653452
627 674383
281 299532
619 454316
41 902282
697 451343
621 902667
508 306500
416 287885
553 181308
665 244548
217 575222
240 861059
800 346160
113 915515
202 449537
737 181813
30 52625
698 597362
87 148645
565 535702
560 38968
775 885160
500 269034
251 689555
511 613333
625 762517
868 15405
536 85804
197 829457
493 275906
978 86683
877 182975
521 381803
148 49830
166 731241
792 664458
146 914360
933 163302
116 180099
360 431521
283 141835
997 806573
716 209548
324 122674
28 127108
269 308962
742 985895
264 296301
198 546457
838 313259
819 332184
2 577595
16 43495
442 289707
931 530069
149 426214
846 906708
679 270736
596 315663
527 509382
558 537627
827 521019
599 562261
522 962052
114 574900
830 752161
349 839601
811 998654
684 880505
824 400638
515 837110
780 803165
768 291271
288 451260
550 865497
145 134305
35 914445
155 225186
521 523449
963 339802
500 282663
24 684675
374 794828
560 110008
160 414778
840 553890
342 581115
247 396189
776 414684
82 95337
262 250572
83 287611
358 431022
5 700438
533 445208
110 821836
734 285922
193 696527
955 326267
735 918174
884 292792
998 59393
946 979171
582 899845
490 401734
694 889007
418 828544
43 231045
901 167626
906 58058
758 188322
392 249492
77 33910
452 442680
753 843673
120 651862
812 79116
105 844409
908 941441
483 713793
365 36975
603 676565
162 605248
236 869532
6 474783
701 697677
481 284519
262 352042
10 249705
809 503500
296 180101
58 731050
862 911970
779 747127
474 771036
369 277084
250 619194
739 672002
398 798849
101 938165
85 674394
774 433318
966 210205
351 725335
604 141925
151 6536
157 586837
628 464444
688 570587
439 557807
901 576793
569 501880
807 598375
884 133173
290 656767
459 990096
444 268350
337 59036
305 46078
827 963925
709 391614
821 148503
70 499293
871 986567
234 687353
387 857943
304 504995
825 396209
733 731815
460 811037
838 176856
235 905315
405 428069
95 94090
362 237058
628 57470
476 379387
995 22634
977 830140
81 730142
272 317147
586 406953
683 796278
730 707997
16 713575
938 924195
534 263929
262 347886
822 127789
532 417050
272 679330
302 99062
159 805354
584 742852
344 206866
739 602324
209 853041
3 5065
269 182212
779 242696
973 673057
113 615120
667 408488
756 431109
862 723226
331 570798
944 458882
900 18142
197 921743
689 158554
869 42625
663 730467
812 815735
449 407548
608 578263
886 287031
523 966668
919 674054
757 219653
244 371738
515 43397
989 389434
942 955670
449 219848
600 554932
883 878810
291 912427
802 486146
613 762905
674 921600
502 437559
618 902837
333 881194
506 928628
240 914955
179 309895
696 47918
677 899159
227 398530
742 626570
954 330768
997 489194
107 770181
208 835019
551 450139
879 647889
354 832843
850 823877
114 532223
843 843662
131 678320
799 377172
739 792023
569 392208
419 67226
424 917273
738 938545
906 977650
90 657010
976 682615
739 86416
463 755108
644 623740
93 712035
436 127473
402 270308
383 898732
582 842980
756 548431
64 599134
777 546663
543 859041
662 606153
913 143902
329 49735
638 205111
91 443587
86 892596
35 891706
485 565356
815 534039
395 854031
203 501128
38 162702
747 562608
473 434760
587 335265
629 675452
428 5450
807 382000
403 246674
253 300077
261 759241
886 101976
316 33991
805 623638
252 366587
946 650399
12 367458
936 89529
845 766322
291 489239
421 188658
685 674996
728 648880
157 394541
490 948416
660 500691
286 707805
557 440509
472 987941
378 667744
496 388624
843 24499
842 597142
934 17052
131 194437
202 487755
976 840044
767 367491
349 506657
727 353316
845 613145
607 433520
306 327573
608 430885
809 733621
313 448998
47 755970
455 97227
819 984611
412 180325
529 207105
919 324406
269 201785
622 418238
795 513735
424 826004
72 443138
487 149855
777 462043
367 268153
148 74723
543 202681
474 119778
773 689907
226 825033
443 773118
199 818141
856 514157
527 447908
512 713653
609 23929
552 838424
216 688383
258 16328
584 366092
660 913805
485 652451
663 381915
195 906424
852 626033
460 543130
995 358166
564 146395
927 99768
606 406612
396 234560
844 114640
152 428137
812 720741
240 667393
293 666167
46 134607
413 358607
788 250609
197 824260
334 549772
724 211094
993 102257
468 925442
98 371010
185 264228
186 946912
730 940996
974 678038
86 118870
739 226286
405 299688
53 154919
71 978757
173 854660
51 726169
165 668452
16 260698
377 683358
4 450682
3 870344
358 161616
370 981986
310 310288
222 397390
697 969737
295 582489
30 342063
592 509820
923 851194
805 130945
482 353073
115 134547
736 371391
908 293668
315 139476
403 741747
936 848778
975 127176
287 482490
482 886121
684 743404
240 2485
561 332918
679 269538
312 425102
715 526591
302 469176
995 644888
420 644334
328 423230
145 847155
297 351173
827 694457
588 444841
316 97579
788 236023
232 352939
227 448486
255 834562
689 247905
263 330536
194 702566
497 97651
732 698089
386 697116
929 588256
620 15919
859 898649
661 680090
896 588014
357 412582
706 416519
25 578529
40 709854
856 556074
635 165773
812 530771
688 728614
261 329051
482 884108
236 514007
84 5701
795 502998
454 800692
454 744661
896 101429
172 841485
922 918266
820 313658
877 350840
12 166172
697 453946
715 487571
671 91453
71 436952
374 804776
252 543843
772 880615
820 128938
458 876585
748 4872
287 265155
146 264855
900 85026
785 787236
109 869116
391 479486
830 502135
714 885009
263 490589
507 191778
5 715815
356 573229
779 630405
546 454244
826 877105
49 137301
252 446866
738 665154
917 561948
724 341503
960 99365
970 634036
316 977106
829 818910
776 538663
50 976186
511 961495
593 938901
509 243229
789 565148
137 385330
389 401610
164 852181
895 18106
437 907141
185 144756
99 105013
574 988509
37 473715
784 522594
175 95424
143 657111
756 144573
591 386153
359 134047
316 730628
673 956592
859 904710
802 664795
10 274655
355 517431
319 322261
345 623899
719 892336
536 751733
355 149390
763 43670
447 500928
646 579533
129 809239
603 505302
146 928557
511 328743
846 207053
742 481383
270 437605
86 743312
429 292313
253 155891
829 634361
630 544946
742 11245
926 452548
247 369376
966 54976
24 567740
672 907527
849 391810
271 817667
284 442741
898 144956
173 883228
63 185515
171 214206
122 344962
341 66632
201 67162
39 756051
21 182906
273 752445
374 915194
147 215011
402 822474
889 906118
951 506674
710 938490
134 28316
841 629133
816 494026
683 668998
495 350476
406 700703
647 903314
318 369733
109 953989
818 965922
613 504427
731 6673
400 693255
476 701536
536 409796
133 20039
220 301953
379 725209
860 657295
697 513444
989 785277
411 541900
535 903251
989 695007
809 239787
869 904090
141 608650
889 921976
152 764925
589 568129
708 766917
450 747336
41 450984
71 776113
203 867602
25 647803
731 966038
330 984071
316 948511
301 860911
697 502493
729 784677
112 98651
707 20607583 447919
315 69194958 154710
558 63637568 748942
148 1584139 800957
8 6339671 760849
212 43053288 406852
358 47722893 612107
979 15643272 206869
438 37871946 208257
1000 544195309 892399
