100 100
6 238497
93 29642
95 832385
66 292761
99 388397
68 806782
27 518369
19 202355
90 505493
37 853329
73 395018
26 402438
61 405080
15 272242
43 565368
100 350257
97 593753
28 566387
20 660488
72 600677
47 273984
16 975265
41 504661
3 615132
16 471408
79 208825
50 540106
79 581588
8 227606
1 740749
77 791812
43 328058
97 671304
34 673778
33 247761
81 89994
19 483353
59 841068
28 67503
4 416743
91 534676
37 671073
80 982383
83 281761
69 916382
63 503776
19 811429
41 808898
52 649612
89 267951
53 813395
49 937548
39 757501
87 654097
94 721869
12 220042
39 978750
96 440508
43 590572
25 904166
81 346755
42 801274
77 151480
60 767701
33 931021
19 901703
14 393431
11 224279
62 789841
31 294408
74 414198
16 32003
1 368844
33 187678
86 713579
57 152563
22 151441
14 605181
1 100069
50 853025
6 454837
21 596257
56 39454
5 39338
23 829347
2 223336
54 123151
13 418284
6 499624
37 468961
72 694835
87 1755
78 836064
19 85149
74 85028
35 829572
20 3643
64 205840
30 8363
1 234478
83 54673839 266425
25 32217054 647032
70 35936538 605252
100 98621761 888637
12 83538532 522571
62 28635286 520315
73 99549067 630995
53 62731952 520892
7 1380119 565091
22 10558618 651525
93 37132192 969173
46 36214607 452725
15 84167337 400790
52 9477255 570338
52 41148707 596312
73 53716303 171666
78 3565813 908102
12 38382576 342356
22 60893019 625916
46 95221355 573846
85 20573614 412704
40 56530450 669112
60 10630575 86439
90 3924964 813542
79 35860129 779421
32 72845392 957499
60 81516960 635168
17 32993577 225569
50 81038929 106708
51 93405438 674952
68 1518736 326711
40 76073012 779675
85 65697925 773059
5 48831116 198836
55 6732908 396730
91 69623593 505716
57 19934822 532374
47 84791023 4787
71 14863095 944739
39 84271859 397702
25 90833852 491124
64 60037558 59413
96 7161960 156291
62 98104685 237834
3 72345059 956280
48 27873667 24903
15 4377126 106321
81 34611575 800499
65 37880671 901375
59 97147415 548708
12 34342743 853846
51 66201524 977864
45 964505 723671
84 80419961 434970
98 3464959 464874
43 1986513 43863
19 62303367 246434
54 14216621 240144
17 51135674 235189
28 5814173 999065
15 80352387 227425
4 14506221 60856
11 94181168 651454
20 87784645 538781
69 54534862 443255
3 97257083 201730
5 52853588 277253
3 738747 673872
48 26795720 142291
57 66325385 229858
20 95805558 471645
10 47171157 252368
77 45826180 197661
56 71484337 945138
53 46243829 116460
77 89993156 268272
67 21819804 149770
62 21606246 868689
42 76578770 847717
14 96589064 47210
77 2764151 413092
66 61345245 851007
92 55212216 297222
71 97670251 316651
48 84368914 910878
48 32038908 444455
46 44918504 833901
52 94888216 726087
83 10327023 105585
31 36123798 279803
12 5996871 780153
98 62389221 892419
94 31100480 175715
55 48945107 194970
50 30939072 920525
70 73980643 841202
7 73956089 747601
11 39358970 537130
77 132637 109758
100 403923317 620138
