100 100
7 926693
54 355678
92 300975
40 234327
19 418379
58 175157
27 967109
90 500664
28 626084
84 46875
23 444432
59 391452
88 707658
67 288306
27 755532
61 515271
48 467475
38 98670
85 570494
87 475958
86 420416
96 521975
79 786577
97 974181
55 942078
5 150692
36 989656
14 715206
98 809513
48 803398
91 33175
40 435442
48 692206
64 901930
58 404592
83 267051
37 116279
48 687202
11 982921
68 381191
44 947785
83 132031
22 197258
71 10911
3 835741
38 480524
59 538775
60 502402
32 357840
73 582448
78 597053
84 12808
93 995686
49 370846
68 556312
62 383653
21 834938
82 511276
69 33868
85 116116
73 610683
95 794628
100 576895
39 203143
13 263879
16 536980
84 753165
80 262818
9 48450
93 949181
77 203065
1 904519
5 958048
75 387264
15 929400
97 42079
33 967210
43 470742
65 753688
29 686749
72 783276
72 61596
44 467968
7 460838
8 940714
67 362850
8 977389
18 343789
71 246769
37 923485
73 233678
88 174334
34 139962
84 887735
41 103039
28 997911
55 501596
10 501532
22 804621
19 881930
78 83495206 174592
6 79523562 987436
15 63542108 288006
17 63656345 411379
77 64949474 867485
13 57157175 620566
31 30081183 101056
3 55468853 885629
85 60188411 448792
98 31342916 966738
31 57433552 815700
51 59050019 353858
86 64891756 959121
44 21068460 583000
100 42293106 465802
11 38878610 247875
2 75887514 49039
79 54377879 141524
9 16814583 654406
3 45179923 383939
53 16776595 640599
2 64410511 903843
40 5275725 48151
37 24330564 426339
11 19293855 523011
97 12072053 556556
27 7872876 208011
54 81493811 735655
6 28110261 378384
25 36713196 198421
77 44379812 713329
74 48605918 204507
93 34969637 518075
84 76145689 292199
23 61025589 22841
52 95939795 65328
50 95303731 395938
6 52601404 165219
72 34163704 697640
2 90132049 727183
93 63834726 928333
19 97846708 308237
79 99405978 102649
40 75846452 147667
78 74458725 225985
2 24949042 779337
39 19687712 847380
5 18980225 912971
52 44282970 462068
42 52972392 571236
57 60430099 287464
79 56132262 675456
61 2100983 13304
83 94235995 355560
4 22329503 710857
9 72933107 344127
72 22833852 600221
47 36174290 134832
44 6008862 5192
27 48303126 9394
52 55540020 906573
3 84463316 650548
26 34429369 901514
60 18849184 85681
22 19366455 955713
19 81027328 145762
42 77431397 496861
81 18084549 481639
80 7781370 300726
76 17562594 565381
45 19160570 357069
4 38025031 757606
44 18999561 280553
28 3834282 193141
86 65938005 294282
18 17967014 965228
15 76323617 761042
30 18573736 920024
65 96046384 733253
27 21568663 695500
24 23438250 483772
8 75675338 150213
11 7094645 601294
36 41621405 479563
48 58410567 722406
89 71647665 632665
51 18633875 450321
23 1655178 448705
51 37631061 379577
53 23685820 303183
1 17848967 251498
1 26841265 495656
73 73623331 412584
28 79448601 82908
79 87601653 42819
43 50353089 89113
81 1117008 340526
73 22166716 547389
47 62385721 330061
100 370629193 329525
