100 100
9 190230
46 575945
31 466571
64 615182
13 523532
2 741070
38 787524
59 386182
44 167599
24 786018
97 379777
3 684419
24 68171
75 984147
71 290503
42 657865
34 542530
23 221079
22 847977
37 419186
78 247375
46 125874
73 889944
76 838127
20 984208
70 245932
43 996464
14 615458
42 845014
24 837071
40 821594
42 198684
67 642348
35 249241
19 93279
78 949000
57 315692
24 979835
85 263658
65 757857
58 804793
88 567933
1 938434
53 697922
35 332087
55 131300
78 564322
35 520310
76 555143
76 372104
55 748367
99 453405
29 886768
77 281998
49 424271
30 468921
30 207610
79 851995
25 120013
99 946947
47 111890
3 227019
27 493067
53 225653
70 576168
82 223197
62 883296
86 194552
16 459581
36 916707
53 880927
97 592459
4 146711
57 431559
39 412174
42 399369
83 465394
56 7263
2 707348
28 293926
12 538589
64 167609
15 770380
23 697906
12 43488
50 287448
100 830231
25 504188
94 182914
78 768411
71 546443
12 379687
32 612120
86 436707
14 118912
67 143857
44 636283
15 156551
4 774444
37 13362
36 99010661 495883
10 83011243 636577
4 82882547 157142
22 86204605 13926
4 25511634 664371
91 39538116 620184
33 10787327 503956
41 45537901 762975
52 77775096 350035
98 77283805 800370
20 50419896 309071
78 97703431 403092
90 99706843 586279
95 87893117 828344
94 29531824 856647
46 88985138 275008
19 174355 418601
30 15362238 173938
47 87169863 677630
99 65173373 771914
42 13017297 544212
6 35725453 619892
87 51738360 192676
16 435748 539441
69 98107639 197878
49 30262306 950111
49 22085668 174417
73 41556615 853064
31 71626593 291616
61 41859951 267435
7 54754452 529554
37 9444161 269117
9 48790158 678528
27 93341744 285904
16 23128806 430000
39 79806562 867871
80 64137613 97574
55 43058623 850065
12 26829949 883427
40 22281192 253870
69 50940872 920514
42 61978440 826916
48 78085750 162611
70 73530994 994403
8 26399492 411042
56 33000780 839737
73 71833513 628669
7 50195573 916189
9 68111795 97933
85 21792383 78718
53 22055259 906146
84 70000157 38443
61 34997013 896129
7 22939376 956228
50 8585656 910595
30 95612695 366289
52 55686291 25573
45 37448243 501525
43 69053549 194562
74 98742201 790230
48 37609430 694946
15 3081033 835901
67 29051934 719280
29 38461704 352964
91 97247788 536486
60 99575199 904571
44 5547733 358865
57 83339215 284039
91 93382144 791324
73 28388814 838106
86 74816020 810410
31 43854618 971052
81 202770 131331
7 29619389 127894
6 53586250 736013
12 14717792 694991
95 1427417 568681
73 55264719 171560
90 86427334 19407
9 51439100 13081
46 21129034 176812
16 13051112 435020
95 81594363 126135
100 30226605 881525
28 14469163 456955
22 45930694 992171
93 10181066 138983
47 19150255 694888
100 76026409 316680
78 54430525 235192
31 48919855 283255
46 88984796 171163
20 67320237 513548
79 93650733 444308
13 39884682 689710
54 45596305 948935
25 24702808 777349
75 26161833 439967
5 1875236 333110
100 24998790 330549
