100 100
90 884568
47 928782
91 116273
95 534122
22 637039
55 687629
73 744785
69 330656
70 284278
40 450645
40 644426
83 962212
51 574276
90 606545
13 810602
91 79863
81 348068
89 80237
53 499546
90 154524
57 398337
37 467522
35 236560
34 85188
31 869826
65 628867
87 349246
56 782925
27 264940
34 713529
52 562167
87 887591
35 915386
79 464319
55 177368
47 772316
4 901634
27 822883
71 990454
90 631859
18 873898
23 871550
9 586759
46 920920
44 314301
45 50304
63 979754
95 712858
80 487955
12 170293
82 895825
6 526415
7 901949
59 788378
12 388434
84 743784
47 655021
62 835757
39 944911
94 229423
56 651288
2 302194
3 102796
63 659629
54 97232
29 336817
62 437918
14 337320
24 781566
75 594113
88 726089
21 875353
68 619728
30 987204
32 261491
51 271512
18 555433
70 390659
44 6840
29 353192
23 195625
3 944443
87 6250
68 348130
34 895921
42 747328
69 743858
73 498975
68 390765
46 877696
85 450363
97 518353
34 525667
82 230368
64 578040
44 599095
94 553783
64 142555
9 278122
74 854937
52 81338237 715965
1 41149392 574171
41 81631415 507119
72 34198112 148124
38 15770380 250791
79 91569662 159740
73 93807563 61516
67 32404544 480046
82 3144312 30217
84 45590368 538169
36 65595989 815207
93 33308860 583328
55 27842728 189037
67 97020109 17162
32 73958155 549063
89 45732442 671052
7 70343728 550198
48 57143437 494517
48 42020807 310577
20 46170228 821894
34 99462694 307059
11 16103845 810954
5 72411698 188501
29 35091034 469076
79 38275582 802009
66 95927536 370035
37 36560946 258858
69 26437446 289796
31 93714616 115781
1 13104891 25882
37 21914131 670482
43 11368496 219753
33 65841192 577446
79 43003964 829176
76 80143091 439229
20 70320777 849904
5 50206270 713576
33 20208778 316801
26 29576901 717962
7 51088086 629805
22 2082736 671109
42 78380359 305200
90 71778077 933241
27 4905021 342066
2 37601129 724179
29 29546232 437127
35 46559768 700545
10 56019409 586545
58 72752000 852853
56 17522202 919841
96 59445466 437457
40 46403549 340116
52 45215272 782928
78 28668093 277356
50 65228424 124151
53 5440361 245028
19 89534355 815222
23 22114682 710936
52 62293139 929859
17 49588911 365807
90 550344 803512
91 82448694 417964
36 45229992 398683
66 88554422 305562
100 41187025 552251
49 87601698 179034
12 11030240 772322
79 17709593 403054
15 52047073 71090
19 53215956 392315
44 82023144 65337
70 98501536 162821
15 38490835 749218
93 96885493 727888
51 95121058 660777
5 30157181 739755
81 59282848 404328
9 82425799 562743
24 19479667 135363
29 68619789 599170
83 41901117 231460
35 14555476 589271
84 76452537 317476
38 44867132 618232
3 7693531 418142
11 5828100 790883
89 73684430 809867
98 12543145 95524
93 23532536 627565
48 50035631 377858
26 46175740 543940
12 12784088 154546
13 18818926 432693
93 54746265 619229
49 99797510 216053
73 42533216 175615
91 48404975 702272
71 89504220 899860
59 17073109 903423
100 896839600 492124
