1000 1000
750 369108
292 783470
669 828042
703 37968
145 200712
296 44165
319 188002
211 471466
96 962460
461 921218
825 383759
655 154249
473 727073
685 708411
679 159250
580 962308
235 59576
246 364172
92 836414
685 690329
976 218523
215 648045
135 767141
241 90232
153 61728
930 118006
321 339370
319 484715
397 37378
889 627817
992 472657
618 544285
771 236709
32 216149
805 962727
232 555675
316 17052
798 609362
27 808858
624 763520
289 529261
913 279712
310 373088
208 129522
364 418686
568 603780
637 665616
105 608943
763 376016
455 636179
164 430195
514 839448
546 118763
659 288213
614 594026
459 908556
263 311848
269 552266
130 488465
883 447703
852 76338
503 354278
186 785179
700 181775
94 713623
959 735675
31 145233
842 6940
417 152519
675 278417
677 643376
978 668180
152 879404
453 11830
722 480950
160 532656
941 683989
137 132167
925 219744
511 701431
508 782015
926 415759
11 418574
399 622839
120 31600
780 843976
191 434868
395 128189
34 142835
368 434217
179 51977
975 975481
338 757116
45 571479
154 121946
15 753013
577 781837
440 647547
437 602044
214 8526
395 77900
547 840535
205 68339
374 912332
426 529858
516 618461
436 192010
566 144572
878 361374
775 654904
544 20166
922 10225
217 933985
981 525664
532 378909
160 306431
563 342282
976 351450
647 47819
609 737962
27 838066
467 60490
513 506337
96 411042
97 785201
52 964546
752 843857
682 121673
414 866367
484 925619
476 400827
902 192338
194 908269
326 208763
877 478504
475 770573
735 240923
674 492886
5 659088
864 681016
658 181326
17 809933
142 642739
678 71423
511 633652
268 571451
763 325990
776 847101
424 110866
770 64062
19 951136
816 922091
450 62358
43 162839
326 246068
655 775296
983 510994
935 667196
813 933792
130 918148
923 943405
926 90365
192 736755
557 427933
48 492467
108 353831
392 638005
227 570847
277 646691
477 325903
13 393542
777 825240
572 810448
123 451852
773 65347
761 385676
439 558774
184 378708
190 227058
250 533976
423 25004
780 863079
40 124041
986 85020
266 682017
756 375030
343 385916
651 70721
229 530555
427 539301
861 845869
125 948954
438 540398
741 299957
678 327702
995 809134
423 611445
668 993133
522 151364
997 102191
18 331976
611 97515
677 590832
695 658263
21 689805
533 119084
279 244321
871 55061
393 893214
178 538515
524 753403
937 908633
545 891805
786 528979
116 828716
462 861877
610 528408
347 168176
235 143188
495 170011
457 817485
887 210788
217 44149
909 379066
400 920294
429 591267
540 723076
284 406449
51 453003
249 927094
207 699357
771 502322
444 75332
858 14343
877 130310
116 801090
112 832859
168 691487
554 441103
357 465499
109 137927
263 190430
812 373912
36 407423
680 359247
106 485024
294 128442
262 256329
898 779201
423 505645
362 572353
14 301697
768 730324
292 843903
724 486396
388 81968
587 7138
653 208831
642 183319
98 101228
489 40347
950 942428
184 559208
58 23637
378 767794
92 842670
307 455190
798 127819
139 25106
787 207577
24 576612
970 219845
190 821176
780 959843
945 244642
656 463127
354 575405
360 322457
51 719048
816 642904
737 90201
167 154571
157 424005
414 672001
836 458695
734 910650
26 905368
429 603064
471 226550
557 814004
680 943752
529 450818
231 796874
368 840588
828 632068
154 284536
687 811483
433 663402
310 491560
613 402496
372 474354
710 484969
34 358888
58 907249
108 189699
448 686204
297 645713
428 568220
201 431466
909 578609
487 915234
254 855074
583 982807
780 764688
79 756244
273 808326
841 331291
643 476146
384 450010
714 358037
687 941066
116 547093
100 454364
956 687259
607 297483
882 125467
637 140066
527 430112
320 333275
341 563467
140 31025
771 655992
16 394332
364 519069
478 951445
928 60514
940 158354
772 808085
575 489291
903 580239
236 478372
326 501045
720 985899
489 182949
69 94755
218 796267
699 91070
127 683152
963 470444
649 65755
18 526958
240 68805
531 190749
11 888515
893 727618
664 91780
641 704043
830 327878
71 394882
110 247865
743 427657
921 95562
473 631855
953 117667
434 155234
111 714780
305 228362
984 44555
289 249566
644 32662
797 349535
599 764224
713 834359
836 356961
717 436984
934 305239
91 909953
300 986405
257 931996
148 840637
475 357257
780 533494
771 900030
891 588375
651 338836
694 835099
589 252080
981 954527
853 902152
109 821587
318 122884
597 275752
456 576946
468 473283
504 448134
690 502393
198 312379
567 356451
423 124642
132 677421
624 490406
649 371067
323 387565
227 292811
884 510141
696 382380
426 413590
589 489116
594 268277
816 814989
539 134749
816 133574
35 123253
248 938733
400 740556
86 806754
168 532554
966 745569
658 146274
396 771591
507 458547
198 971113
393 290877
300 215559
779 247707
316 516960
380 573078
418 128710
24 426285
975 499961
335 122189
141 729125
945 854271
452 201060
745 535746
108 700883
173 987813
479 304515
60 677556
795 24062
914 254917
461 79464
920 160219
929 490900
910 655266
708 71690
979 196993
43 214827
73 853725
148 1498
556 788578
176 627386
992 219063
779 898138
223 399809
873 863964
505 138390
432 82822
145 252715
887 774129
799 48879
321 928378
751 111430
523 459422
699 651049
507 713091
602 202439
105 795278
740 61374
922 66856
657 831381
725 292915
661 868974
437 814321
527 717539
267 948917
664 724600
368 285417
407 138245
926 252959
497 27516
550 236452
875 529877
20 155139
69 884048
460 716531
521 727400
517 247453
424 655181
724 840914
958 635801
650 635901
813 293390
978 94957
949 138421
946 799845
965 523201
158 705064
116 593426
599 727985
404 884134
272 944501
647 986551
771 918370
733 917655
442 48307
549 203331
135 274719
387 736062
507 524798
476 165571
947 440863
116 641726
283 752931
435 641870
996 773801
341 574174
417 811439
301 537288
517 601514
230 702659
593 420022
269 383314
130 188323
340 6179
186 558238
546 800680
261 527109
89 173373
617 672682
528 187744
875 300255
886 798218
830 444461
873 933874
516 541647
327 489609
37 677584
749 413088
910 306790
67 850632
366 656318
835 156857
130 856695
398 774111
523 37997
201 895752
98 495877
985 942885
227 565418
776 164373
221 541868
332 910196
674 222931
632 709536
559 429263
1 346083
900 860727
638 439086
920 334614
789 586593
92 736567
994 597245
238 15820
422 26293
842 445142
240 235978
956 785481
642 848277
940 846575
178 288955
634 607224
108 78961
240 245357
789 371528
969 132009
124 457145
537 921055
44 203982
487 67524
311 7868
666 544045
235 166062
768 328880
861 254973
491 244879
923 163761
886 836384
646 889312
667 765396
268 558757
708 620399
44 412678
908 154414
878 910846
67 479529
701 621713
874 513254
581 170529
816 3346
731 342940
558 333975
181 953145
462 578723
117 247031
180 631802
826 407226
751 579987
734 680355
756 970811
123 893299
804 153091
509 512653
715 927744
630 899328
383 216423
48 392225
401 744578
451 209314
206 715378
392 499799
261 336433
707 523640
555 840051
447 177366
336 733945
257 162222
465 851429
750 907999
890 692139
23 441214
378 723892
301 756619
1000 666942
92 885028
97 640891
900 122684
860 893642
999 272197
890 170048
863 270461
956 314105
761 516197
90 47482
336 82450
576 497279
149 401942
46 797251
506 255005
779 258988
357 4731
44 260527
632 255913
987 309042
21 354032
124 299589
385 32845
533 335523
989 882173
704 610672
940 554758
212 194291
431 557127
73 420534
179 494130
664 427648
985 382621
326 124230
17 569310
679 869925
487 162292
948 505097
685 896636
643 790053
313 500318
808 734615
241 314166
982 178930
918 272643
621 338087
27 40828
505 651471
707 295376
800 242571
51 485507
237 208285
639 243212
185 955155
846 833124
149 850468
141 250337
683 661190
339 54015
24 411922
460 220337
399 769501
901 107055
646 502091
167 411080
317 548542
526 373400
412 39451
82 768041
88 596190
692 382219
302 234012
539 21514
118 819386
520 154671
350 734940
103 164514
31 815534
772 178236
965 126033
379 370192
294 53334
327 779428
767 334974
390 112203
987 748341
402 298290
441 916402
345 399366
230 698516
853 699011
604 843429
720 810156
81 527618
915 304622
77 151917
430 154721
550 680830
200 493893
34 596569
443 777238
86 127100
215 337403
378 113694
522 111449
194 762319
363 648112
63 486974
711 500039
868 306838
220 745564
425 176793
991 289632
111 522672
105 735637
882 502114
214 528083
688 212174
316 720208
474 698489
692 238060
726 776567
868 804877
155 400684
94 668873
752 686046
831 187196
492 694320
276 241074
726 323008
674 445875
787 40025
455 897838
974 238187
613 761205
15 63443
165 677119
828 385777
868 601057
853 422662
572 286192
359 177666
634 447810
647 738326
887 544429
967 839727
81 906023
966 878263
632 341890
699 709417
148 463897
92 211332
246 454060
761 984550
315 241309
137 766125
657 949789
925 396159
124 896968
619 637375
877 923667
925 714618
437 262030
216 388860
296 288113
856 920018
914 454798
383 358431
587 89523
181 151937
412 597283
337 282435
199 630416
7 47584
766 593283
274 330620
175 80926
576 661618
808 944833
605 983074
784 404330
542 850437
669 829904
785 654682
526 238740
789 770416
826 267977
347 989596
722 658365
137 860014
788 205809
657 465669
125 113061
6 481150
131 699633
268 513031
417 83138
673 36181
292 106149
297 486655
966 754975
42 103894
99 280247
318 272655
310 569290
353 870607
968 165953
488 420686
195 794952
47 698331
810 723305
176 587281
309 520274
38 451157
496 361091
653 678458
416 347176
525 233650
660 625175
311 712553
858 101817
962 75356
566 620520
970 261472
940 827373
709 904184
830 982609
459 816109
806 114718
96 268294
559 258583
58 84006
271 519100
100 694160
94 572518
388 740908
335 473635
363 6598
146 59808
837 417323
141 79830
921 833350
119 649017
376 733177
864 31082
284 66563
215 121295
106 953810
93 598480
240 603111
242 191275
707 121116
701 208585
660 612364
525 768455
333 99720
501 562734
210 671755
721 164668
577 213765
482 347503
810 265955
897 446548
374 742539
667 132252
337 259361
974 356531
17 805041
488 247819
64 333640
273 93353
956 412317
863 504745
18 52773
547 452468
602 391526
359 857364
520 579160
129 97775
736 94578
150 230581
168 998385
637 221
579 277364
942 977204
803 639211
722 964137
919 3505
174 375179
6 467411
218 233023
139 524042
971 687396
931 298074
368 511965
469 645230
514 900069
596 277912
460 676917
990 972335
361 110824
264 97473
793 326595
832 163522
155 840428
129 137979
593 662617
942 464019
549 248059
604 136556
23 89505
226 588294
977 62887
198 941481
901 700946
859 351939
594 739100
332 338665
521 867030
915 159358
315 282086
84 587355
916 214547
285 117660
983 677874
764 247529
801 348433
409 560334
824 293444
208 746029
331 954784
882 557037
84 226796
41 517759
202 975189
379 932421
603 260770
386 286751
878 414118
308 126275
999 685953
154 820176
949 881821
801 802074
951 736964
597 479029
160 769385
13 571155
861 281979
125 480306
938 825988
56 661708
391 525332
516 720149
290 854848
748 832821
716 971288
379 441719
39 625498
677 678360
420 490007
461 119378
457 745238
780 384733
486 39892
588 366361
115 14155896 752567
79 86998215 596005
619 30864506 904580
25 15858136 565723
227 5984172 884414
214 21265957 997121
953 80667252 635669
568 45555275 720749
100 54802704 696582
73 41881538 346395
982 34502037 159504
962 4953370 610797
773 65754596 978379
613 40187580 17230
853 1786885 464321
432 56037496 671973
753 42174021 873171
107 98267636 184021
419 71125486 603770
9 52185381 365666
760 53556221 773851
338 68524221 18154
133 80969148 267119
158 33807108 205295
377 21279671 815187
797 33757560 295489
549 88710305 178982
214 80062908 532718
913 69468354 520250
501 27644598 111299
149 41559815 399248
922 50042059 955449
995 94282820 188512
642 49167082 903098
382 43429178 210047
459 84730254 866736
497 3614026 73045
256 12762357 255128
941 61343699 134881
196 53806821 807288
505 90448408 874356
525 46476837 761422
905 74297920 393146
414 42135514 128607
562 80076254 406229
474 95291118 34835
958 79879056 225443
172 97920046 323662
232 69489424 313031
334 49797516 78799
360 56837703 173855
610 30458614 612720
312 38514106 736442
178 82898352 916442
934 56617965 153698
641 4436562 37851
478 39061180 767560
983 61603081 608621
532 37709251 389136
281 48203403 468712
556 45365442 940078
743 88619221 789332
564 55445274 936862
336 47068930 182988
349 60570738 869716
307 89845463 788601
874 6200843 708723
660 64291098 368046
479 42562738 189274
96 99511686 56215
425 41850851 697169
35 43232871 714292
802 7033383 394120
988 24072816 109558
765 96491383 883833
408 52342065 742477
567 24981099 282894
94 47240413 85771
14 99910276 317251
282 19654977 692019
543 44166610 289607
484 46395792 273818
882 22585536 832954
291 6583887 987488
941 14803979 865188
143 76049918 141937
171 11690308 727387
364 96391468 901526
476 57122690 964722
972 84120147 381943
250 76934556 653295
586 49516814 343450
231 62484670 621173
570 71096150 477035
780 52077087 153704
12 29141397 209068
745 16638650 384208
195 61270335 915578
293 77393927 602851
672 69831112 758834
151 5870114 797544
780 62424737 709746
79 49766782 758312
79 88715473 233632
797 65080305 694356
458 30570825 362762
753 1340963 66207
925 21782534 691672
314 1358756 873392
193 32783734 109795
891 94755193 944131
677 18597584 139490
391 82843562 210772
851 78582649 967956
288 31646062 978581
613 72937948 725419
776 88474009 197501
720 90257793 391048
517 73631851 718037
918 13744271 882325
588 99346924 634459
501 4356122 272192
866 17380441 873295
984 41082415 442188
960 75637557 704403
364 27170848 267914
544 53596618 844535
781 21014580 559042
133 66109165 225871
794 67479316 269510
148 3800172 223918
459 6371329 990314
761 45243844 597096
512 27174567 41350
92 1065431 573001
895 39727384 940561
739 70608471 387417
499 75923613 923585
548 93424736 618122
59 21892971 3578
542 32503725 587324
908 19301698 804547
598 54261324 270736
851 98762230 696185
80 50759855 416031
77 19438894 817997
810 57740040 864847
644 90549255 803449
171 26076347 318275
800 65736572 473383
642 73140874 925154
171 99630062 389830
419 28912781 962141
622 82875311 249253
607 78520673 362928
639 26223209 418010
80 9019894 766181
46 52182738 591584
730 26738374 15529
613 77865319 772611
629 10378364 940032
888 89271329 472846
181 94950441 710671
336 71114280 222724
51 34395806 930420
964 57595235 441548
126 75968776 330772
289 41176867 634809
306 42886489 96531
435 54063803 265990
391 91523504 580584
628 29344061 433721
218 13490536 419151
438 81478931 321138
993 13873383 369108
135 48858470 555774
971 74791471 936905
836 3081580 301409
100 73757519 280959
317 47130029 930886
187 4762092 886749
915 4979722 357408
76 16404280 619015
550 69569284 755678
687 71671477 806070
171 48642249 74438
193 39168641 306342
151 49118075 14024
418 77106216 184304
330 47422117 509276
313 49067771 227318
210 91083907 42456
469 55625971 806708
626 75311235 520353
930 60232619 949483
44 76406056 131686
501 4367169 374965
210 53755592 735678
97 40750723 752021
902 90616943 560445
877 63193626 573963
563 66851102 799665
137 81083941 314080
934 42481059 506981
331 32901381 333997
477 57021828 51249
346 18791527 572560
681 41476321 648523
541 65644699 778320
995 74945676 708523
256 69728733 617551
410 34924490 295269
532 60577997 441930
701 23587450 777538
390 50932342 115022
517 61713342 528068
953 79815891 340206
345 2062641 127723
497 23355566 962241
78 75103431 448693
907 70013814 206819
222 60959648 108189
88 121395 687961
204 45470973 134912
723 29391433 497207
56 73045423 807014
513 96816548 155654
773 44465093 679394
405 17683038 189606
738 17351142 602490
51 43089181 340920
812 11130214 413530
721 41196996 92382
922 46937240 236965
239 244881 427132
795 69559405 225736
149 80901446 206890
322 44488178 803177
891 63899666 991545
605 61402194 221404
253 12451302 869665
559 30336696 870693
143 48431502 853413
88 81418229 721966
503 62613942 647403
760 16962208 818045
430 36841863 165612
906 3325686 136767
724 61221108 159518
486 91229679 975766
273 11659804 75743
561 78941530 549372
549 80371265 285755
9 13342401 594428
347 48334644 948813
685 27435511 860876
621 22223484 582470
750 36202278 611010
85 59638063 208847
408 53616411 143470
878 98028205 217900
237 31925580 384412
467 45536097 718887
331 79079566 422219
349 51497688 91306
916 36611875 373472
492 14690703 723922
119 87859791 222787
967 58317086 910004
842 68502672 408489
90 44218424 609138
123 87011806 435719
311 86195909 208728
841 35193021 446203
922 61495230 19566
779 37420880 497026
947 90622965 389464
927 51125543 976765
340 89286990 349877
811 4153067 665339
628 7891983 197849
904 74479979 834361
372 72396495 572214
23 57294198 591215
982 78862306 485164
840 70695819 10164
733 69753739 194655
780 69677306 322333
298 32387627 658604
282 5596530 209219
202 6040135 309437
465 85122770 432286
156 66694102 232418
461 52817264 801823
541 26575587 403777
507 1321111 797003
956 59227140 804390
721 67854459 301470
996 56798218 467455
5 89432105 234077
346 31195459 666234
512 24464512 33229
514 20465665 462433
889 3667971 256387
275 89061726 553487
34 79704165 812659
733 98184725 174044
409 45877549 520717
64 37281785 277261
38 42987895 340867
745 96920115 800624
209 92384227 271268
66 26314735 332001
302 5677197 827878
921 7600681 796440
241 34580184 447550
296 14738340 320653
796 54813495 372943
511 49952071 398186
181 53997443 535307
705 79496546 764909
474 80245089 504727
159 19751458 648672
820 46143272 964258
717 3130628 965676
448 58027993 664461
772 95266366 586078
916 71415488 209747
760 24004795 199414
527 50644264 665300
474 98019519 397153
303 32597532 338901
632 26860698 72806
232 38047023 540266
299 81188816 929628
455 46011612 9614
192 99832958 646548
271 74705494 465220
755 69474079 547605
350 83579479 777369
204 97004913 722048
986 33694614 194883
653 60536084 682165
86 53064206 477760
661 85309676 175480
768 6093821 261341
916 63022004 321420
556 57002203 766537
15 71782426 971932
559 90227581 176574
363 91296469 686308
961 63442472 377581
871 92717922 721778
779 6166659 903082
947 22411872 920295
312 70782821 637611
122 37209389 17517
507 73233760 220185
136 27572152 603952
156 32770805 600356
780 93248204 767730
460 49587459 123772
467 17921960 209458
441 48550747 850499
83 83121622 636971
638 67460647 899738
809 9298486 215033
77 18907874 794027
471 76437017 437752
175 52276831 812985
468 24875723 346376
89 68344297 675234
761 35437953 989324
205 4638948 127090
887 47050432 560888
284 8984745 919467
847 43592720 670059
999 39352575 708858
854 6270571 589327
550 63947431 687767
202 87964809 351246
658 73382888 411185
250 1371472 583015
782 72721060 894087
855 96501201 358701
400 8573237 707898
608 3529573 777761
697 1893276 939939
72 99403700 474048
529 55295043 581912
13 71924047 485184
506 21173932 292315
827 92959149 311263
142 85033682 783576
936 97030207 732894
624 21756817 30354
80 56735412 299785
568 11346480 649358
702 64223642 212006
969 28200437 686586
573 7589494 880384
235 77296996 564314
804 92999856 243617
389 31722011 207726
953 54152289 315475
144 24311989 548149
199 41537036 355778
52 76216362 240739
479 87995702 869680
51 40543301 792253
782 81509281 434373
131 4008115 927376
643 41852859 328115
769 48832949 889658
189 68326663 491305
548 89947576 864512
333 24199166 923118
382 72284151 928078
320 8817617 552340
44 55015389 227660
207 59302788 286173
357 51086715 332779
509 38873150 636680
196 48533157 632931
290 72899790 696442
117 83057435 536377
686 59284341 760619
673 51286728 171736
642 56113720 7647
874 90800476 990270
639 59000934 710393
784 69581641 12648
175 77616202 853352
621 96285914 156283
752 79475203 617713
750 91857906 60736
274 96874508 88100
330 54942102 623975
3 61408 855166
619 31871444 950291
927 94250208 669397
498 80220952 889643
943 32182327 485341
967 1439113 438852
495 5657823 830627
82 72765756 428870
217 77053885 318071
437 21363096 161547
933 28492861 447488
838 1946076 95072
385 87634394 819521
299 36588602 409352
41 59749100 242816
744 57948136 723282
819 43850443 655204
216 14137556 14923
649 75648908 305298
483 13855279 127305
988 16859135 184185
24 44320268 129011
422 53793009 412071
606 28386066 263429
868 11998367 196080
616 34367003 590980
740 40564769 71310
305 82154938 705420
802 77388098 350342
422 57290177 462614
217 43689500 957358
418 27847081 163114
928 6750526 302634
947 12030557 155486
149 70940624 565310
528 27043832 700228
62 61788863 105571
545 59258198 829217
934 86820017 22886
638 99061020 33025
820 28952555 344841
418 80011707 318052
416 13356910 381731
202 3317637 312273
104 35424813 44768
691 64666338 130356
205 40698058 704423
991 43290532 314989
19 92209465 735609
61 62813217 909617
752 51769468 699669
920 80965421 740594
423 65062218 604829
144 32253356 624353
299 66667087 887002
949 29253123 565727
248 63924935 107191
238 41998499 29269
411 9136932 661838
530 47289417 857193
909 47627738 34315
542 38333537 10971
125 89663784 411286
444 57319829 992376
927 71591202 310633
79 63908988 205895
915 30946849 766237
160 83442857 77269
41 91207110 592743
555 62975629 689486
353 30052799 870235
882 78405963 318135
153 45931301 432334
680 23588735 994360
124 34068081 766320
667 94484685 928764
482 24432711 794693
757 1921311 333074
917 22596331 951972
352 64358285 346461
688 69054808 461791
13 47678740 783658
976 44429541 457206
955 39884712 714831
59 42912825 384945
840 90561390 982339
92 94382076 814110
473 32894372 619027
553 95937659 277078
213 79610417 143183
599 44711702 113346
254 27688447 730816
748 84905661 50131
815 53461923 394612
562 51259791 13925
494 63618294 960688
5 82352441 89939
513 51409932 785203
55 58543725 355817
133 31617884 225789
775 48537909 745673
945 14529629 513482
940 36988179 350142
886 80638207 915796
296 1658727 990722
525 76831537 911355
580 45451836 789623
99 19025668 364641
215 52966665 446449
150 10575411 706505
103 63468470 824152
929 6702633 53193
674 61901433 166504
226 38996933 434045
861 26181458 936886
344 13727843 643788
789 43180066 360313
809 57314446 956056
702 79024388 670642
761 49247605 772382
218 97846516 554025
342 81567047 63159
5 52013076 244008
612 25798080 784820
737 80178983 510035
616 50406384 161726
581 29507922 261575
884 91656643 68550
586 61175440 426680
284 60428362 815197
877 7524791 476701
97 23407014 282345
814 46005168 175819
907 93652267 402314
104 79457090 897975
872 87044216 500426
247 4493934 642264
304 84215668 269786
383 80867300 531723
953 4345049 65557
398 50397395 626533
724 59687331 134090
162 51813187 986482
224 96909102 624662
8 99245359 757112
508 97172757 97258
151 55225600 160056
652 34427935 802068
369 30976379 157198
664 13044719 838875
350 48078659 750718
58 39971108 558955
1 89137158 646032
746 19607583 541671
879 74757735 108712
422 38615155 146832
865 52503891 706979
440 81308983 588980
114 36506069 580787
523 97560287 124185
268 94072741 817415
385 62310629 153250
553 4775624 363187
685 582652 685702
12 23157010 862182
59 38042743 31044
61 55841330 782048
454 39551391 284305
663 84561132 163852
475 34865715 313477
648 18139672 410544
934 85100480 44429
755 57448879 755721
186 70993324 956996
689 5193132 33262
11 59234463 165770
760 63623020 423926
492 93145606 269149
509 9830592 972277
388 11380418 709839
458 69970240 197002
717 8938808 781022
765 91301633 698344
659 81496108 255580
454 26171413 88171
555 28108783 226237
865 33014911 101377
546 22045672 498313
729 82867453 903029
417 62459013 947978
332 14585284 782281
909 376894 457502
987 57934874 487868
688 68157858 35430
213 29612737 367695
58 8667541 141775
416 91131868 340205
752 70638151 268147
292 55651442 244081
107 80745346 895376
128 18098630 657516
908 82543913 243678
359 12068238 481459
6 1249397 94835
376 89228267 965153
21 45899392 520968
469 97545265 539317
894 16225575 542475
9 20034358 387045
313 26632201 812304
717 89070232 200832
665 25905149 957036
879 47539437 560538
465 77264388 653173
235 27186419 125182
239 16461780 488554
8 79435606 76149
242 98323711 471838
998 90302050 658219
90 498174 551272
738 44349356 124837
683 94038204 70982
92 95346929 836281
754 38098841 746706
396 12090193 97731
518 81395730 176101
328 2078329 776201
18 81821254 75785
514 83362755 882352
713 6128238 286563
47 75885001 512412
12 32633370 758109
47 98694112 203055
292 61689461 505125
652 89448993 692057
573 65720016 6252
440 9478364 85872
477 98417528 784324
246 10218963 474930
640 89456468 878177
645 10707336 560375
454 65377410 648746
727 67969898 477724
906 84305606 795974
223 39164311 767351
820 81986218 573788
245 59539554 92517
279 3963053 769118
200 50849410 643230
947 94964419 920504
960 99349403 813012
332 15165417 274912
723 52012460 304260
430 9464951 53200
462 67025375 543808
338 32622921 527698
313 10638435 186734
651 27285881 933117
212 9142026 655576
814 84371906 100729
180 86073189 980845
308 78870719 982327
803 82817220 710937
17 46843374 12863
638 35646209 254452
8 43767794 905272
649 41876639 519996
505 83844144 18741
77 45549523 581293
581 56200387 996078
212 17082487 26279
684 24183196 895158
30 20709710 847375
987 55531609 957396
946 96943408 141551
781 1555781 241104
782 14664553 318008
196 98392943 11557
158 24909248 927298
136 1418366 259827
183 13707473 754134
113 8437150 770593
1 13968740 987168
641 72251673 183062
837 96110326 65730
489 5995882 972021
254 21012034 578430
473 57038628 862569
184 78198845 99172
605 5720637 715873
222 76762218 481304
825 82025565 507458
471 26789409 629681
932 95736744 798962
876 77772092 713095
429 33492872 457815
519 10844225 962855
76 48780081 259648
821 37639718 277072
602 12038223 641205
73 49907770 776467
890 16404574 786337
210 88529818 251826
234 29265023 267057
521 82909604 319599
513 48430624 27427
217 83547187 12158
426 30196812 338393
993 87601328 273628
702 92917211 511408
17 22584136 221095
229 73143752 200183
854 51076404 61126
9 51644955 715986
199 92794471 278910
840 89442650 650963
966 8832392 568181
728 97848735 489274
535 80368520 710837
295 74151987 227184
17 59841773 866631
186 6258261 100333
272 70781488 91843
427 86140315 124550
782 72390140 825823
877 41372493 23393
155 79052214 392005
639 36501065 201537
491 28593540 993300
653 42624932 975393
572 858224 950498
537 2007582 904969
127 93022323 118155
282 27103678 931626
568 70474787 164551
189 83720587 426491
792 77526007 883285
37 23540387 747626
246 74751653 116721
390 33151944 939463
508 75244069 756123
483 45109412 198705
888 11084100 713358
90 42655972 184335
796 26721194 906331
807 25813060 157996
114 90704806 526146
737 40193782 896520
284 68784173 825139
974 61732738 425330
334 24837040 379751
253 17257705 781904
758 31399770 886069
624 95569479 889131
507 88925524 292646
194 84900209 198298
107 21843279 268500
23 57558375 799507
338 57387625 806644
907 67769339 412009
798 67865034 982278
769 89867816 56281
899 85409264 709155
501 79542924 812031
882 27382679 850267
423 85204630 410420
519 43400738 908690
241 30149284 202996
29 71904739 897447
228 93817201 396078
168 42828192 444452
179 17659278 886908
409 91597784 574766
614 60967513 137107
384 57198602 482639
911 43663964 240828
796 19344541 544444
410 46174741 991863
497 13242567 998191
35 46242003 441059
644 35368359 510520
652 42018636 665495
987 55326535 94212
848 21183117 84500
885 92031625 884981
402 24747106 467269
74 9382079 381742
33 87245058 271154
155 84889798 427346
570 67684936 611600
90 80397901 327772
823 41789933 453341
203 74190646 753402
497 34738700 491844
893 19770406 272912
86 64831702 962895
573 60519581 96226
363 12108006 935212
309 47196109 329295
653 62698443 855364
594 32420740 449391
719 39792646 240737
877 21716143 953256
923 47477897 629378
850 52602946 260343
153 13583991 443228
644 48557676 247102
832 25744302 58259
840 59738273 373427
935 11942487 795681
384 94690491 441741
35 87848627 638518
651 79163687 899284
556 54903571 638864
943 15391692 329138
430 54163640 878158
531 29397985 659736
593 41361486 770982
92 51318866 351754
420 45103302 20124
565 83594744 814175
348 47710003 307034
409 2745157 269769
295 68623144 328979
855 69026629 905818
894 85673051 729584
204 32202615 50606
599 68570605 999399
8 87229214 147826
687 20506415 493282
581 9981023 471008
915 52013628 353444
755 27679566 216930
497 11095917 998658
984 89951286 931509
930 273220 622350
269 18202034 139496
64 64219180 720384
504 29680260 205096
167 80108521 455290
906 3199809 344940
136 76287064 60994
231 57326700 647008
902 68827971 995938
657 89929486 886581
687 83192588 244278
517 1480480 404972
144 28439896 519563
125 79302929 900754
410 56682731 815816
262 85303871 168123
761 68194883 119326
125 59330838 678593
626 70533073 478624
310 8929676 603984
468 2898470 627511
642 90789482 908262
750 39213598 293992
829 13781467 476458
479 24332055 372994
894 37316024 497018
588 3567279 351764
847 26539932 49442
801 36902146 438691
692 4346674 456063
26 21201094 488534
185 98866450 615477
949 12397660 750011
231 41318019 507957
718 87501091 739596
815 21013188 886034
472 80807231 864063
898 45577668 806503
931 26968101 733493
820 85746511 60314
247 22116316 627050
827 90992486 464792
884 74071791 179038
855 31076522 988647
483 87195057 679247
926 33921826 786108
535 52465784 810963
314 94808961 800100
130 33121379 167788
975 26269319 289710
768 41932741 589749
194 47647926 108963
727 50231784 536344
817 78742066 265396
56 5042507 2055
43 90198599 592629
462 28820388 992021
866 46800628 675223
575 7556377 705863
229 34275999 498198
116 11964621 562018
215 99988290 786246
760 39922354 372125
149 42566957 869287
499 17197920 737242
30 97326946 360934
442 55494156 882779
756 42115484 743054
929 35448892 471704
846 63874194 432917
427 5063354 447039
511 26989002 683712
79 57803710 754750
47 78968990 24919
810 10249500 449574
329 60473216 432553
379 6833891 844796
160 89160781 358363
151 82345747 902659
873 62800311 683328
186 93735830 483723
412 37455622 39636
825 62573802 318065
380 5990723 903272
843 60320335 980152
798 12574139 753204
185 85944866 943238
638 61159607 216382
322 74214497 960109
757 47356577 471182
400 98707474 107205
884 28250442 758673
82 84187469 602724
386 38418564 397843
748 46343127 854419
698 85555667 685523
57 44214391 216170
875 15370370 626174
661 12185020 309953
314 60301736 194807
917 19785875 944121
560 47921078 907985
205 35446285 375395
710 71601024 236779
719 94230735 398945
774 26182400 668120
699 24279916 451869
117 30679136 569231
957 66065134 879188
215 20464738 75243
115 76347801 683199
472 37321251 30317
908 82927329 192261
79 90655452 70823
579 38917313 931458
280 49440397 300592
44 48411446 229570
651 11348462 943651
448 17804058 625945
532 34216042 388293
595 69159 850807
310 79023387 107934
997 11478062 309949
911 64659044 99648
802 84585945 595926
167 75262376 748841
1000 963623950 747528
