1402
23432 24407
126729 127704
118466 119441
130861 131836
42025 43000
215573 216548
181481 182456
30663 31638
180451 181426
55458 56433
174249 175224
45126 46101
190775 191750
177347 178322
105036 106011
110204 111179
177350 178325
81277 82252
120536 121511
124667 125642
107103 108078
122600 123575
176315 177290
131896 132871
40994 41969
77147 78122
145323 146298
38925 39900
83349 84324
126731 127706
127765 128740
170119 171094
190778 191753
33765 34740
142228 143203
123631 124606
59587 60562
127764 128739
46157 47132
213503 214478
208342 209317
111240 112215
94708 95683
210404 211379
109169 110144
58551 59526
128795 129770
183549 184524
146357 147332
132929 133904
167019 167994
168050 169025
124668 125643
211435 212410
199041 200016
162886 163861
12067 13042
87481 88456
176316 177291
120534 121509
66817 67792
99875 100850
185614 186589
86445 87420
26532 27507
17237 18212
21364 22339
180449 181424
213501 214476
27562 28537
20333 21308
101937 102912
75083 76058
11036 12011
160823 161798
42027 43002
153589 154564
211437 212412
148425 149400
29631 30606
108136 109111
127766 128741
52354 53329
129829 130804
21369 22344
215571 216546
96775 97750
78179 79154
92646 93621
56489 57464
180447 181422
71985 72960
152554 153529
95741 96716
207306 208281
141191 142166
98839 99814
121570 122545
173218 174193
175286 176261
168049 169024
125700 126675
151524 152499
19302 20277
156692 157667
111234 112209
160818 161793
106075 107050
187682 188657
90580 91555
195946 196921
68884 69859
94706 95681
84377 85352
96772 97747
167020 167995
138098 139073
99876 100851
108140 109115
137060 138035
164954 165929
107102 108077
26530 27505
174252 175227
180448 181423
145329 146304
105040 106015
80250 81225
168054 169029
156690 157665
143260 144235
88510 89485
182512 183487
47193 48168
104006 104981
55456 56431
13101 14076
77146 78121
128800 129775
127762 128737
212469 213444
137064 138039
140163 141138
134999 135974
196978 197953
79211 80186
186646 187621
194911 195886
28600 29575
145327 146302
160824 161799
211440 212415
120532 121507
114335 115310
191809 192784
157722 158697
121565 122540
167021 167996
198012 198987
196973 197948
56487 57462
50288 51263
185615 186590
203176 204151
134998 135973
169084 170059
155656 156631
102970 103945
38927 39902
120531 121506
76116 77091
173217 174192
148424 149399
110202 111177
83348 84323
206274 207249
151522 152497
151527 152502
56486 57461
122601 123576
172184 173159
114336 115311
181479 182454
212470 213445
93675 94650
129834 130809
48226 49201
64750 65725
54425 55400
209369 210344
51322 52297
157725 158700
199043 200018
93676 94651
149457 150432
127768 128743
12069 13044
73014 73989
53391 54366
99873 100848
28599 29574
65783 66758
111239 112214
86443 87418
113303 114278
217611 217640
175282 176257
214538 215513
11039 12014
112272 113247
29627 30602
185610 186585
209371 210346
60622 61597
23434 24409
107106 108081
148428 149403
142225 143200
69920 70895
134994 135969
124669 125644
95740 96715
189747 190722
204206 205181
163923 164898
132927 133902
14135 15110
22401 23376
40993 41968
109170 110145
203171 204146
28597 29572
205240 206215
162890 163865
50293 51268
130863 131838
104007 104982
192841 193816
34797 35772
123630 124605
37897 38872
42026 43001
191811 192786
201106 202081
113302 114277
91613 92588
78184 79159
165984 166959
209370 210345
94711 95686
163922 164897
67851 68826
53386 54361
136027 137002
170120 171095
98840 99815
158757 159732
149456 150431
84378 85353
179412 180387
26534 27509
60623 61598
117434 118409
184583 185558
30662 31637
80247 81222
19301 20276
174251 175226
123634 124609
91611 92586
138097 139072
133965 134940
63719 64694
161852 162827
215569 216544
65785 66760
175280 176255
113300 114275
119502 120477
102973 103948
38929 39904
71986 72961
46155 47130
113306 114281
75079 76054
62688 63663
88508 89483
67852 68827
26533 27508
150492 151467
84380 85355
138096 139071
178380 179355
36862 37837
200073 201048
196976 197951
82313 83288
184579 185554
144292 145267
62689 63664
156689 157664
152560 153535
73016 73991
31694 32669
70952 71927
32730 33705
137062 138037
102971 103946
68882 69857
39962 40937
92641 93616
120533 121508
146356 147331
189743 190718
149455 150430
199044 200019
165987 166962
101943 102918
140164 141139
50292 51267
70949 71924
20332 21307
70947 71922
172182 173157
142230 143205
95742 96717
76117 77092
97806 98781
117436 118411
206271 207246
170117 171092
171151 172126
59584 60559
212468 213443
181480 182455
179417 180392
154624 155599
118470 119445
84379 85354
96778 97753
129832 130807
17235 18210
82312 83287
85411 86386
45122 46097
185611 186586
108139 109114
75080 76055
54423 55398
207305 208280
112270 113245
155657 156632
100906 101881
71982 72957
148426 149401
57521 58496
57524 58499
49255 50230
53388 54363
13104 14079
116400 117375
193880 194855
158755 159730
80245 81220
108138 109113
106069 107044
44094 45069
136029 137004
96777 97752
177351 178326
63716 64691
76113 77088
192845 193820
206270 207245
157723 158698
30666 31641
116403 117378
92645 93620
213504 214479
79216 80191
159787 160762
11034 12009
208336 209311
130862 131837
200072 201047
203175 204150
81279 82254
37894 38869
51323 52298
64753 65728
188710 189685
194910 195885
140158 141133
109168 110143
19299 20274
137065 138040
25501 26476
129830 130805
73017 73992
24466 25441
98841 99816
35826 36801
164955 165930
10006 10981
145328 146303
189745 190720
149458 150433
156686 157661
71983 72958
187681 188656
210406 211381
129833 130808
171149 172124
191814 192789
24468 25443
141195 142170
209375 210350
132931 133906
125696 126671
76114 77089
158756 159731
203174 204149
201110 202085
153587 154562
179415 180390
152558 153533
110201 111176
11035 12010
165983 166958
25496 26471
62685 63660
16198 17173
196977 197952
186647 187622
37893 38868
110207 111182
211439 212414
94710 95685
156691 157666
213502 214477
167016 167991
121568 122543
148427 149402
113304 114279
24463 25438
118465 119440
202141 203116
87477 88452
102975 103950
73018 73993
20330 21305
157721 158696
210408 211383
208338 209313
190779 191754
160820 161795
35830 36805
207304 208279
15166 16141
65786 66761
91609 92584
181484 182459
52358 53333
50287 51262
183550 184525
190781 191756
66819 67794
177349 178324
90578 91553
133961 134936
90574 91549
19303 20278
142229 143204
163921 164896
213505 214480
177348 178323
104004 104979
164953 165928
95739 96714
141194 142169
195944 196919
112273 113248
37896 38871
92642 93617
84382 85357
190776 191751
164952 165927
43057 44032
119504 120479
60619 61594
78183 79158
93673 94648
208340 209315
47190 48165
205242 206217
24464 25439
178383 179358
199040 200015
64752 65727
174253 175228
36860 37835
170115 171090
57523 58498
68887 69862
53392 54367
59586 60561
154623 155598
27565 28540
89543 90518
95743 96718
188709 189684
191808 192783
61654 62629
144296 145271
70950 71925
78180 79155
18270 19245
67853 68828
117435 118410
86444 87419
213507 214482
182516 183491
214540 215515
100908 101883
205243 206218
24467 25442
168052 169027
119499 120474
157719 158694
58557 59532
28595 29570
124664 125639
53389 54364
57519 58494
42024 42999
18264 19239
102976 103951
104008 104983
139129 140104
205239 206214
48224 49199
153593 154568
194908 195883
131900 132875
33764 34739
20334 21309
212471 213446
73013 73988
54422 55397
131899 132874
34798 35773
80244 81219
185613 186588
176317 177292
133963 134938
110203 111178
40990 41965
15169 16144
112269 113244
85409 86384
54420 55395
181478 182453
140162 141137
68885 69860
140161 141136
142226 143201
171152 172127
56488 57463
29628 30603
123636 124611
27563 28538
138092 139067
106070 107045
142224 143199
62683 63658
98844 99819
79217 80192
126734 127709
143261 144236
56485 57460
203177 204152
168055 169030
128798 129773
80246 81221
177352 178327
172185 173160
125699 126674
206275 207250
49260 50235
20336 21311
22396 23371
164956 165931
199042 200017
185612 186587
11037 12012
58555 59530
38928 39903
120535 121510
160822 161797
32727 33702
34793 35768
208341 209316
115366 116341
215567 216542
175283 176258
12072 13047
35827 36802
211438 212413
169088 170063
32731 33706
23433 24408
188713 189688
102972 103947
84381 85356
29633 30608
51324 52299
31699 32674
77150 78125
91607 92582
75081 76056
17236 18211
28594 29569
46156 47131
137061 138036
147389 148364
146361 147336
23430 24405
147393 148368
134995 135970
61650 62625
127763 128738
75084 76059
193878 194853
193879 194854
32728 33703
151526 152501
131898 132873
147390 148365
22402 23377
163919 164894
70953 71928
115369 116344
125702 126677
70951 71926
116404 117379
90577 91552
49257 50232
161853 162828
14136 15111
159790 160765
21363 22338
17231 18206
146359 147334
164950 165925
55454 56429
53390 54365
37891 38866
134997 135972
39961 40936
136030 137005
206272 207247
204208 205183
89544 90519
69916 70891
161856 162831
137063 138038
43061 44036
199039 200014
115367 116342
31693 32668
178385 179360
192847 193822
16204 17179
51321 52296
43056 44031
150491 151466
195943 196918
179418 180393
107105 108080
131894 132869
24462 25437
94709 95684
196975 197950
159791 160766
63721 64696
32729 33704
209373 210348
23431 24406
59588 60563
30661 31636
27564 28539
16203 17178
34792 35767
198006 198981
175281 176256
88511 89486
55455 56430
178379 179354
204209 205184
118471 119446
13100 14075
183546 184521
187676 188651
134993 135968
165985 166960
111236 112211
161857 162832
37892 38867
173219 174194
23435 24410
32726 33701
16202 17177
170118 171093
71981 72956
54419 55394
87478 88453
145325 146300
74050 75025
33759 34734
114338 115313
161851 162826
47188 48163
47191 48166
202143 203118
147395 148370
144293 145268
63718 64693
119498 120473
202138 203113
97810 98785
97805 98780
152557 153532
97807 98782
117432 118407
115370 116345
46160 47135
98842 99817
87475 88450
96773 97748
195945 196920
30664 31639
119501 120476
49259 50234
132933 133908
200077 201052
85414 86389
51325 52300
52353 53328
62684 63659
123632 124607
152559 153534
39957 40932
152556 153531
56491 57466
91608 92583
114333 115308
62687 63662
105039 106014
66821 67796
173220 174195
208337 209312
14133 15108
47194 48169
142227 143202
179416 180391
45128 46103
31695 32670
116402 117377
99874 100849
125701 126676
36861 37836
178382 179357
122598 123573
194907 195882
187678 188653
86446 87421
44089 45064
107104 108079
153588 154563
89545 90520
57518 58493
141192 142167
48225 49200
118467 119442
109172 110147
54424 55399
61655 62630
191810 192785
68883 69858
114339 115314
10003 10978
22397 23372
17232 18207
200074 201049
191812 192787
212473 213448
165989 166964
198007 198982
123633 124608
104009 104984
19298 20273
195942 196917
61653 62628
112268 113243
115368 116343
167018 167993
177346 178321
186648 187623
88514 89489
105042 106017
214537 215512
211436 212411
39959 40934
100909 101884
46158 47133
124666 125641
111235 112210
79214 80189
161855 162830
200078 201053
77148 78123
108137 109112
14137 15112
114334 115309
193876 194851
202144 203119
78181 79156
107108 108083
79213 80188
148422 149397
124665 125640
67848 68823
118468 119443
64749 65724
63722 64697
20335 21310
132928 133903
13102 14077
15165 16140
65788 66763
69914 70889
20331 21306
171153 172128
43062 44037
162888 163863
94712 95687
101940 102915
182517 183492
101938 102913
143258 144233
78182 79157
145326 146301
144295 145270
141197 142172
60620 61595
58553 59528
188715 189690
91610 92585
161854 162829
101942 102917
143262 144237
14132 15107
184580 185555
10004 10979
192846 193821
66816 67791
122599 123574
115371 116346
116405 117380
47192 48167
83347 84322
64755 65730
81283 82258
49254 50229
99871 100846
45124 46099
182513 183488
46159 47134
75082 76057
55452 56427
34796 35771
59589 60564
186643 187618
16201 17176
204204 205179
121569 122544
139131 140106
100910 101885
145324 146299
77151 78126
128797 129772
50291 51266
174247 175222
112267 113242
153592 154567
16200 17175
214536 215511
147392 148367
22398 23373
130866 131841
84376 85351
210407 211382
10002 10977
16199 17174
155658 156633
60618 61593
170121 171096
207307 208282
102974 103949
202142 203117
29632 30607
112271 113246
209372 210347
34795 35770
154626 155601
159789 160764
190780 191755
74052 75027
209374 210349
95745 96720
146358 147333
126730 127705
182515 183490
201105 202080
176313 177288
25498 26473
22399 23374
89542 90517
90576 91551
25497 26472
157724 158699
101939 102914
21367 22342
92643 93618
71984 72959
204207 205182
96776 97751
55453 56428
157720 158695
211441 212416
187679 188654
96774 97749
65782 66757
138095 139070
107107 108082
184577 185552
98838 99813
138094 139069
63717 64692
169085 170060
133966 134941
35831 36806
61651 62626
115372 116347
130864 131839
58556 59531
87479 88454
172181 173156
76118 77093
106073 107048
48222 49197
86448 87423
48223 49198
117433 118408
26529 27504
119503 120478
133964 134939
15168 16143
42028 43003
80248 81223
25499 26474
133962 134937
151523 152498
153590 154565
149459 150434
18266 19241
33760 34735
143263 144238
207303 208278
168053 169028
86447 87422
178381 179356
150489 151464
121567 122542
132930 133905
182514 183489
81280 82255
204210 205185
75085 76060
198010 198985
79212 80187
85412 86387
125698 126673
67850 68825
160821 161796
57520 58495
24465 25440
113301 114276
44092 45067
180445 181420
38930 39905
143257 144232
11038 12013
121564 122539
40996 41971
18267 19242
203173 204148
146362 147337
17233 18208
174250 175225
151521 152496
136026 137001
119500 120475
200076 201051
33762 34737
81282 82257
200075 201050
202140 203115
201111 202086
11033 12008
186644 187619
47189 48164
208339 209314
51320 52295
27567 28542
33763 34738
82316 83291
167017 167992
85415 86390
89547 90522
131895 132870
173216 174191
143259 144234
29629 30604
40991 41966
52357 53332
192842 193817
159786 160761
27566 28541
155659 156634
130865 131840
37895 38870
214534 215509
88513 89488
36858 37833
183547 184522
128799 129774
89541 90516
133960 134935
162887 163862
176319 177294
214535 215510
13099 14074
159785 160760
55457 56432
215570 216545
155655 156630
162885 163860
35825 36800
53387 54362
69918 70893
39963 40938
141196 142171
65784 66759
148423 149398
172187 173162
93674 94649
188712 189687
116401 117376
74048 75023
189746 190721
82311 83286
35829 36804
104003 104978
15170 16145
83345 84320
52356 53331
147394 148369
10001 10976
97811 98786
99877 100852
180450 181425
49256 50231
93679 94654
185616 186591
172183 173158
183545 184520
109174 110149
15167 16142
139125 140100
155654 156629
12070 13045
21365 22340
179413 180388
38926 39901
28596 29571
58552 59527
85410 86385
151525 152500
111237 112212
74049 75024
39960 40935
213506 214481
122602 123577
106072 107047
194913 195888
141193 142168
128801 129776
83343 84318
66818 67793
168051 169026
70948 71923
43059 44034
173215 174190
154621 155596
63720 64695
69917 70892
89546 90521
180446 181421
52355 53330
130867 131842
86442 87417
122597 123572
61652 62627
52359 53334
42023 42998
163917 164892
74046 75021
188714 189689
210402 211377
158752 159727
114337 115312
82314 83289
74047 75022
189742 190717
212472 213447
160819 161794
158753 159728
10005 10980
159788 160763
146360 147335
139127 140102
207308 208283
88509 89484
36863 37838
179414 180389
77145 78120
31696 32671
92644 93619
123635 124610
48227 49202
188711 189686
44091 45066
14138 15113
203172 204147
210405 211380
181483 182458
205241 206216
65787 66762
9999 108819
202139 203114
183544 184519
87480 88455
129831 130806
117437 118412
140160 141135
109171 110146
50289 51264
17234 18209
54421 55396
106071 107046
79215 80190
36859 37834
193877 194852
43058 44033
150494 151469
59590 60565
196974 197949
136028 137003
176318 177293
74051 75026
110206 111181
183548 184523
105041 106016
43060 44035
127767 128742
164951 165926
28598 29573
100907 101882
149461 150436
94707 95682
69919 70894
111238 112213
76112 77087
150490 151465
129828 130803
100905 101880
45125 46100
44090 45065
67849 68824
201108 202083
27561 28536
10000 10975
21368 22343
136031 137006
184581 185556
156688 157663
194912 195887
165988 166963
108141 109116
60617 61592
173214 174189
206273 207248
184582 185557
42029 43004
126732 127707
61656 62631
162889 163864
154620 155595
18265 19240
144290 145265
182511 183486
85413 86388
93678 94653
58554 59529
31698 32673
68886 69861
68881 69856
167022 167997
105038 106013
51326 52301
101941 102916
152555 153530
38924 39899
81278 82253
95744 96719
82315 83290
83346 84321
82310 83285
169086 170061
113305 114280
156687 157662
30660 31635
76115 77090
62686 63661
18268 19243
174248 175223
128796 129771
33761 34736
109173 110148
132932 133907
147391 148366
100904 101879
205237 206212
153591 154566
45127 46102
196979 197954
169082 170057
178384 179359
32732 33707
198008 198983
192844 193819
19300 20275
193874 194849
14134 15109
144291 145266
169087 170062
99872 100847
194909 195884
105037 106012
155653 156628
204205 205180
191813 192788
207309 208284
126733 127708
212474 213449
66820 67795
44095 45070
64754 65729
189744 190719
39958 40933
67854 68829
137059 138034
210403 211378
44093 45068
56490 57465
66815 67790
171150 172125
121566 122541
201107 202082
98843 99818
162884 163859
170116 171091
77149 78124
40995 41970
144294 145269
23429 24404
120537 121512
171148 172123
73015 73990
90575 91550
124663 125638
73019 73994
46161 47136
186645 187620
187677 188652
87476 88451
50290 51265
198009 198984
150488 151463
81281 82256
116399 117374
26528 27503
64751 65726
126735 127710
192843 193818
29630 30605
163918 164893
158754 159729
12066 13041
90579 91554
83344 84319
30665 31640
97809 98784
78178 79153
36864 37839
15171 16146
57522 58497
60621 61596
154622 155597
18269 19244
71980 72955
48221 49196
205238 206213
26531 27506
139128 140103
106074 107049
122603 123578
158758 159733
186649 187624
140159 141134
165986 166961
199045 200020
13103 14078
92640 93615
172186 173161
108135 109110
193875 194850
13105 14080
195941 196916
21366 22341
40992 41967
214539 215514
110205 111180
93677 94652
88512 89487
117438 118413
181482 182457
187680 188655
154625 155600
80249 81224
125697 126672
163920 164895
175285 176260
139126 140101
169083 170058
176314 177289
34794 35769
150493 151468
118469 119444
91612 92587
97808 98783
215572 216547
184578 185553
12068 13043
201109 202084
49258 50233
190777 191752
195940 196915
12071 13046
215568 216543
138093 139068
189748 190723
175284 176259
59585 60560
22400 23375
171154 172129
104005 104980
136032 137007
31697 32672
35828 36803
198011 198986
25500 26475
206276 207251
69915 70890
131897 132872
45123 46098
139130 140105
19297 20272
25495 26470
134996 135971
149460 150435
