1463 2650
190 1139
1788 2334
1980 1671
789 2255
1863 203
2218 738
72 71
323 1350
1732 2822
878 1285
970 274
2135 200
1181 2486
248 227
1936 2864
1242 315
266 661
563 1309
1447 207
2033 2195
450 2158
2246 803
899 454
392 2725
653 1993
1598 1120
963 16
607 619
1384 1405
676 1515
298 809
391 2703
889 568
972 434
1341 1821
1740 899
929 2633
1251 2455
1841 1342
61 1411
422 865
1792 1515
35 1037
2123 2835
2120 1535
674 346
1141 1322
51 1205
1155 1454
672 840
1258 1507
1341 1874
647 2373
1017 882
1980 2018
1654 979
31 2294
1149 549
1968 1653
1898 648
2145 2652
792 1210
1026 1621
358 125
236 1974
412 1512
2097 639
1443 1213
319 571
122 1093
2067 1683
571 363
384 1456
423 2334
191 584
143 2436
1382 1206
1382 1934
531 1258
1782 2596
1775 2203
2149 2268
13 2321
987 918
1312 941
784 2372
2286 1374
139 1130
51 819
1468 710
286 1909
1323 2019
215 1741
461 456
1900 1735
1330 1763
2087 2572
565 523
635 2511
722 941
1073 1554
26 1108
1257 1699
850 1324
1852 76
1294 257
112 2322
957 1882
2113 791
1664 2115
1301 2499
290 2567
2092 2644
1432 1599
1701 1456
1812 855
2117 2085
177 1255
544 1725
117 1785
1420 1320
2191 2662
725 106
1125 353
1511 1985
287 1045
2246 796
1291 1830
1281 931
1228 1342
70 441
628 2800
59 577
1707 1562
827 1332
2084 2259
292 719
133 1550
85 1243
410 650
1293 1318
1336 686
1621 971
1053 797
426 1519
1169 1934
471 2145
1315 2192
485 526
2034 2874
1021 2668
1771 168
470 1027
2114 2171
12 1172
1552 1977
2142 808
1836 2575
1449 2360
62 1357
2188 1263
46 2490
1614 556
290 1612
1634 1633
670 1850
838 463
2003 607
133 804
775 1261
1066 1674
1309 1363
2255 2191
548 2812
1672 1938
763 1596
626 1172
332 1775
229 1138
38 2070
113 761
1692 961
2165 1898
477 1672
297 1848
1392 2542
1731 2485
220 2379
271 993
2159 1600
822 1195
318 1791
638 1155
585 2223
1450 2034
1964 2046
877 2674
2289 2102
1071 1515
355 898
403 189
1154 1428
1159 2074
976 2869
454 51
205 1536
1347 2714
318 306
1167 1157
1868 1737
211 2021
2057 1067
58 1159
717 1466
558 124
2183 1045
1968 536
1571 1929
1713 1912
2062 778
862 15
1204 2303
541 94
1006 2815
1136 11
1589 2516
1323 1523
1535 571
1479 707
251 2733
122 323
42 1060
499 1525
1927 1002
123 824
1593 1099
113 1340
1291 917
2104 369
1973 2058
594 2532
1944 2645
768 1912
512 1807
15 2072
1308 10
593 874
1975 1832
767 2274
956 535
580 353
74 1742
41 1512
786 1551
1444 1386
424 2409
562 322
147 684
590 1702
1616 2382
260 1652
1146 1111
1272 1003
1358 1016
1510 612
508 2701
1700 2237
1542 2556
1740 1016
1536 1166
1495 610
1436 63
1666 1351
368 1833
1400 2742
1856 2810
1493 710
2088 2221
2081 497
1906 461
1200 1640
1858 2528
2240 973
1995 1720
531 2005
1311 898
474 133
1113 1671
2275 1819
2270 1655
1424 2075
1810 1475
577 429
1345 1603
1213 581
1488 1986
923 1762
2024 1184
333 2535
779 905
569 2867
480 1697
2203 2610
1007 1579
2160 1727
414 2214
186 914
124 2688
167 2842
215 503
2294 273
1280 2785
1610 683
230 39
1284 1757
1197 2083
1465 2167
973 2257
700 214
2178 1399
1850 884
95 2489
749 1873
756 1344
763 1186
926 1026
188 986
404 1804
378 1516
1279 1460
1565 1285
83 130
729 32
2189 2774
1685 2263
1653 2429
1257 198
20 768
1484 812
292 809
1268 1417
223 2456
1126 1278
1531 2329
660 1640
1723 1020
2195 455
878 220
61 1459
1393 2194
543 2495
632 1385
1218 1855
587 682
2008 201
661 1027
265 2639
1492 2526
278 1624
1713 1878
1590 2519
386 1981
632 222
730 2749
2064 1749
2239 1094
1765 42
567 937
2248 2012
648 175
446 2114
1101 270
94 1143
2067 1496
437 125
1666 228
254 2467
675 2774
2293 461
1290 2360
1762 1752
725 2682
219 2802
1135 1519
1399 2583
762 479
558 1869
1941 2683
1714 613
544 2848
1125 1932
1110 487
1764 1010
1198 123
1366 2154
1451 1158
550 2505
130 1988
1567 286
774 1083
1869 1670
2154 2377
1590 312
1979 1521
125 1531
1943 1990
1795 232
1775 664
764 2120
37 2080
1141 1480
1232 134
2085 54
981 1093
1162 622
681 1969
1995 2598
39 1805
1278 1808
1393 932
2072 877
2302 2503
628 47
59 663
1969 1485
99 2846
759 178
2061 310
1445 803
1136 1346
1536 65
945 737
598 1705
66 1448
1798 982
1117 1781
647 383
1003 435
1142 807
937 2741
1157 1213
1253 912
719 2142
1094 2429
824 441
2105 2623
404 2349
1514 1070
806 569
2162 1423
271 2414
61 602
350 488
1234 2298
2185 1737
2301 2101
1683 1425
895 894
1444 2777
1034 690
61 1923
1166 923
281 39
1447 1507
55 2059
1692 2373
1227 1482
706 30
962 943
114 1668
1638 1695
1865 2669
640 2764
1773 2057
1940 479
775 2139
1387 360
2158 964
2024 213
523 2342
1316 1486
30 2069
2230 106
1819 508
1287 590
1251 1418
1510 458
1693 289
1268 1621
1809 314
1650 2770
1280 2241
1548 2862
2110 2208
1893 861
500 2341
921 580
1902 355
1801 915
1631 2022
527 343
2030 2568
2279 195
1166 2235
520 1989
559 1482
1920 2200
1677 1580
280 2001
1265 432
1373 850
1187 1563
1235 1824
1449 1697
1133 2108
668 2002
1574 922
1844 2723
801 2739
1591 855
1741 1324
2199 1116
1066 240
764 1584
2108 2347
1691 678
2151 1530
334 1733
1374 324
701 1206
395 300
1699 1015
461 1757
968 1893
757 2863
1790 2010
350 2596
1411 2068
31 2458
1379 1307
67 609
17 1425
1253 2330
1774 1339
550 102
1934 2827
216 54
65 808
380 1474
852 1780
1181 1221
664 2782
1553 2713
976 853
25 642
1826 1057
207 1016
733 1341
355 715
1761 496
1891 844
1849 1318
2230 438
283 1984
2119 2193
1593 799
278 440
2253 1656
261 800
243 981
1549 1301
558 1300
258 2407
2144 299
2038 968
440 24
719 2842
1426 2779
1302 1368
2007 154
1332 1155
1423 42
2135 155
431 268
37 826
765 145
2135 918
1536 2469
1066 2708
152 157
1053 2062
80 691
448 1123
489 2666
1099 1040
1794 1590
265 1992
1636 2245
1175 1534
1579 154
29 775
2171 1926
214 1021
914 1518
325 2037
1569 1317
675 678
566 2125
276 1213
1884 2133
477 1153
600 802
1844 2437
901 2336
1601 1318
1807 1072
2017 1299
1232 1718
516 682
1886 1801
1360 1260
1286 1317
358 1158
1436 699
1381 24
828 906
1710 2763
1041 1866
536 443
1575 1887
2094 1210
1896 545
778 1279
1775 2489
1840 2775
34 1379
349 2023
870 2179
1602 1885
836 600
655 103
1260 2410
244 868
1963 370
2187 1910
1719 1524
1237 1595
1401 1473
1728 625
1747 1711
965 71
312 1382
567 4
48 1610
1226 677
1787 2355
304 2599
1656 105
998 1904
1193 2642
626 1968
111 188
2140 1851
2014 188
1094 441
116 1878
1303 1966
926 94
1237 1673
985 2531
124 1818
2004 1855
178 631
465 1854
1707 431
1317 2407
1594 690
641 2359
1043 70
1524 1716
1545 960
1881 871
2034 1758
2119 704
1827 2822
782 508
631 1577
2060 1956
211 891
915 2648
1170 2249
1097 627
1316 1270
2132 1615
172 72
282 2227
604 2132
2274 880
1385 2279
1804 1203
1791 1255
1280 2495
1892 883
1316 2251
1270 2102
99 582
758 846
1191 457
404 1767
135 725
2266 2660
529 586
1252 708
1257 2183
1847 1754
2285 1240
1122 5
231 2294
228 963
461 1538
208 921
279 550
2063 2578
2262 1434
337 2066
1085 2381
1732 1161
1857 1855
306 263
1395 144
601 1745
2255 2828
1586 2716
438 2772
1704 1681
96 1297
89 2066
644 1775
1677 2489
2295 2624
1048 1927
1436 888
1908 1431
1695 2131
494 2096
1925 236
1386 130
168 608
1349 568
536 1212
982 140
477 1992
342 878
633 380
247 2023
332 2286
2240 1816
1986 2726
2304 2222
1597 948
1267 2103
259 996
1826 2812
476 220
838 1577
431 1880
919 1972
593 708
1429 1255
344 105
1988 29
2173 2878
1556 249
600 1217
741 2035
1382 1452
2034 1175
1657 2446
1415 2446
1978 525
1827 2532
1616 121
433 297
1150 293
1946 980
907 949
151 11
207 611
1618 1562
1671 1050
542 2527
549 749
1918 319
1833 33
438 1311
1066 2207
438 762
528 223
1960 823
30 360
2229 2628
378 36
1288 224
993 2442
834 488
2189 1994
1538 958
945 1378
1877 2834
747 1914
775 723
1973 1646
980 1882
828 2510
995 104
785 384
1986 2779
1171 1013
1249 2239
1420 899
1251 1851
970 311
190 2078
284 2345
177 470
636 432
1047 1422
317 1709
2214 2132
1313 762
1099 822
703 1723
1263 2408
1672 1215
218 511
1526 2181
2279 1713
445 2340
560 2679
746 259
1463 2291
1522 1799
2254 2349
2085 84
1310 2365
1862 2726
1224 680
1483 929
1260 2089
1085 45
300 969
1908 53
250 1589
948 1185
239 1605
1798 46
2055 1510
749 2393
1922 2597
662 620
2097 179
1595 2333
1980 1367
38 822
1689 148
75 2701
854 325
560 1650
355 2313
1079 2761
1712 114
1776 356
2232 1519
636 2792
122 1328
58 898
687 115
318 1097
2282 1011
181 1098
994 1093
2252 711
1936 1354
757 1718
467 824
611 2137
1480 1975
646 1187
1729 494
1471 350
406 1828
1352 153
384 2784
1884 1976
613 1798
750 877
924 1694
707 683
246 1687
1080 1135
303 2601
1083 2780
1230 2210
2027 2363
1485 2270
153 2824
141 315
2054 2278
735 2615
1441 1465
2231 2515
424 2309
2164 81
1674 2318
756 1389
1560 1756
1041 960
794 1717
670 1704
2217 427
2223 1443
675 525
353 1914
1221 148
1683 1030
20 1708
369 2764
1038 284
389 446
1373 1141
1658 902
1688 2050
2121 2382
2206 373
1432 1937
930 2297
1304 2635
2099 989
1481 777
2136 2153
1614 1149
1747 1630
1059 2009
1948 877
1844 2161
2027 2692
1571 2118
145 937
1320 1364
766 2703
485 1644
268 318
1725 1449
3 1042
1138 2614
167 1590
987 538
2195 106
1426 2677
1188 448
400 1891
822 1181
2086 1052
2041 2074
1582 1241
792 536
2060 829
2045 1125
1819 1680
1670 2359
1724 1306
624 2723
1959 970
367 1101
681 2306
1015 1064
58 2881
2151 1632
944 1869
1364 1542
1432 976
2150 1986
508 1006
1678 254
1171 401
2174 1016
165 1858
216 800
752 984
2208 388
798 2012
310 118
614 2874
773 805
746 2485
313 2000
181 1772
721 1500
712 1571
1546 2367
1211 462
1123 718
832 271
1338 1952
2007 553
1879 2147
921 2362
2243 1085
2206 2133
1613 86
239 2417
2069 2620
1605 113
678 1307
1778 1529
42 1142
1796 234
837 1878
759 2085
1286 2699
2086 438
1172 2646
522 2361
1055 184
849 1703
1818 2835
60 1903
266 29
2152 2274
1294 655
2296 1852
1447 773
211 2746
2101 1196
527 488
1680 806
912 2386
2000 731
1922 2781
1333 1701
1868 2067
1739 283
1489 2609
2274 2543
1635 2791
1981 2768
1803 2209
1913 992
1993 1455
2239 2803
1491 109
737 2226
99 1730
592 1909
1840 2407
1780 665
344 2637
620 1438
337 39
1231 2327
110 667
415 2409
637 618
2278 387
294 1619
1749 71
1850 556
31 2250
1740 1671
1337 2708
191 2525
1316 911
1356 2851
1826 852
1237 2488
850 2048
2270 21
1667 2022
440 1245
1904 184
2305 2667
1871 1661
1067 2541
862 2537
2096 2517
2111 2431
2031 128
1545 705
1085 792
1000 1404
1951 697
1137 2294
1028 533
1866 1247
1899 1906
931 1356
2192 2483
322 1668
902 839
992 159
897 1958
82 822
1749 1660
1857 1677
471 920
1372 780
697 355
2147 2392
783 841
1914 2840
2258 2521
339 150
2237 699
1300 1777
972 1083
154 2238
426 2138
1026 2798
1639 1045
83 2002
2247 63
27 208
142 2263
24 162
853 1084
581 2235
2097 189
1815 2402
1904 978
234 2195
2154 2858
745 1953
1542 1161
1015 2585
759 811
333 649
2298 1361
1361 972
703 2606
1786 1074
1774 2703
622 1657
605 177
1687 1201
757 287
1063 1803
210 1506
1043 1636
1279 1734
2100 451
482 1266
2158 1497
784 215
105 2565
2097 992
1352 2617
75 2882
157 1538
2034 1933
460 946
1823 1375
292 2211
186 2702
139 1879
1321 1040
1091 1852
1240 1513
961 1266
1069 1540
1021 1972
920 437
2292 1146
1583 1454
1447 655
2011 1529
757 1499
699 1637
1015 1784
126 906
1971 2132
2191 614
842 1411
1097 2559
527 748
1414 837
491 2789
2157 2454
688 169
92 966
1810 1505
772 698
1133 1970
1200 1099
377 1904
2134 1644
529 156
1241 2630
917 1012
2253 8
605 2642
817 2657
433 91
1637 2745
1946 705
189 82
1324 593
1907 339
1721 921
1418 1711
300 2713
302 1122
1807 63
899 2064
990 1175
2224 909
2126 2741
140 2501
1118 598
312 617
1572 355
968 2341
2294 1761
1389 1942
1316 2237
2051 857
749 1361
576 188
1761 931
1884 703
1549 1063
88 634
2020 693
1647 76
709 511
2154 1777
218 421
51 512
1836 2547
1928 462
599 2562
2048 1516
1204 1022
1542 1985
581 1768
167 2845
520 1048
611 2763
1494 1623
2279 2342
1213 1501
904 607
1211 974
236 554
1646 2718
1517 1217
1478 2086
1485 23
311 2721
2112 1198
1019 177
783 603
806 98
736 1281
2060 177
178 1680
1294 1023
597 127
234 1678
1223 2148
1288 1461
806 770
837 1382
2119 2792
1265 696
1849 2678
1601 1025
1535 84
2160 1947
1717 11
1050 2177
1078 593
1820 60
1951 535
1833 879
1764 462
766 535
1401 1730
141 2854
426 1152
327 2679
2242 500
139 1301
1589 2215
1913 915
1358 2853
500 2089
1499 701
1745 1110
705 2776
687 2041
2115 1076
1130 2419
651 329
399 1855
233 872
603 2331
78 1601
592 1869
1708 2483
342 1336
2161 960
67 1940
1693 2501
2265 755
82 615
248 2308
1017 1414
99 1348
1731 2877
616 1451
893 600
375 937
1713 1436
1849 1671
637 1437
1297 2171
171 2665
2303 63
1900 645
1848 2401
1943 1856
600 1156
1119 327
1472 2374
267 947
934 279
748 210
1641 30
898 1228
1866 1588
1461 346
94 1058
1085 2317
1197 20
143 41
136 596
1851 2502
605 1782
1925 1782
664 2294
2083 2754
1731 2841
1792 601
2104 2352
1211 1574
1774 144
52 512
1496 796
1435 100
1460 52
72 2209
914 2461
1255 2720
364 2303
487 1432
2062 1503
194 835
1634 142
538 2879
842 2650
675 2190
1939 780
2071 1044
1159 2110
80 2738
414 1309
1962 2449
1725 1409
1388 2003
1163 2607
830 2140
1153 1973
1127 2208
1158 2455
150 234
1533 1673
607 1449
362 1889
396 508
548 934
1428 1720
2296 2220
932 687
282 245
861 1153
1476 1513
401 1255
1363 822
819 36
860 1985
1638 2055
2238 135
1822 1986
437 689
2187 299
711 2302
1883 2155
410 1571
1807 1371
2045 1123
27 418
480 861
2114 246
189 243
1061 354
2205 529
1486 286
246 2667
1504 1621
1299 995
986 2870
1677 1468
1511 674
450 1530
1659 2305
1276 2532
484 2360
1415 988
1046 450
870 2062
819 2122
1529 1719
1779 1925
883 1804
435 1441
2274 459
2013 2818
725 925
231 595
1465 1944
1931 206
402 239
1565 961
842 2750
86 1118
1553 691
985 720
1829 1258
547 165
410 1775
800 13
1747 263
2027 1676
1323 2874
1413 1224
414 1305
373 2745
58 1944
531 2739
1793 442
1993 1260
457 1632
310 801
