560 1650
156 955
45 724
441 100
884 567
1308 876
470 1096
1108 504
182 62
911 384
356 549
1082 1021
1297 72
628 1006
977 484
504 110
1207 826
583 133
830 148
1402 261
793 601
644 726
137 945
1350 648
746 700
996 529
931 554
338 728
906 297
138 325
82 685
1195 683
854 198
429 215
749 603
793 915
964 343
1 192
206 54
133 583
1071 581
643 673
282 601
533 724
952 956
656 349
776 875
1333 249
569 364
147 543
153 571
1030 810
445 29
164 811
1106 886
1264 2
146 618
877 21
1053 152
350 957
1189 61
972 997
632 733
236 841
367 742
1179 833
239 804
1002 983
812 396
797 421
24 714
175 583
441 746
896 405
543 460
365 431
546 44
659 810
845 625
796 973
523 811
605 456
1146 852
837 70
1380 699
857 1023
403 979
730 348
672 309
1213 324
1048 974
1252 376
1021 454
360 363
388 293
233 956
1250 488
1280 587
460 441
34 369
674 444
1121 983
999 308
961 766
30 236
145 999
1037 513
1164 329
259 471
1161 813
1352 941
855 893
784 143
47 1063
589 525
664 1045
1355 188
627 1034
17 212
806 955
97 298
1410 924
938 180
1022 939
986 727
1338 134
576 1029
397 477
112 202
33 927
679 60
1057 42
1051 810
5 99
877 820
1182 104
1232 1032
1094 151
596 619
1001 710
997 403
92 106
56 537
492 369
915 979
542 224
917 246
1083 656
1097 488
403 316
1381 155
787 923
893 105
903 993
957 1033
219 144
959 1016
614 292
1377 871
1015 357
1385 490
1409 781
1186 600
833 829
854 436
668 69
526 378
596 972
1299 881
919 1017
242 647
53 361
625 529
627 542
94 270
323 957
471 65
536 365
888 1075
222 616
1168 1037
707 7
99 892
142 687
1341 941
46 807
923 1098
255 371
930 817
1404 928
1305 762
622 869
614 900
412 299
626 311
1362 445
54 27
681 994
1273 891
152 145
166 899
1158 362
402 667
1134 538
429 489
46 669
1165 997
472 455
656 30
86 935
925 1046
1178 887
313 173
1327 463
901 832
779 949
293 956
1245 1015
603 705
61 153
1316 462
525 1054
419 146
83 1025
48 395
62 649
1244 894
1234 103
668 124
116 526
198 993
1347 1066
797 719
1131 211
110 872
93 414
1105 291
165 648
1167 487
1328 571
616 1066
164 43
1020 960
634 476
713 929
1262 962
768 810
197 521
530 573
1208 655
727 435
115 784
720 939
50 370
1250 1049
353 618
1037 323
1414 179
1274 798
752 309
461 889
993 1040
777 388
1292 416
345 332
986 281
217 1097
576 909
1105 950
518 31
404 1046
502 905
531 904
12 1018
204 453
1053 85
985 626
928 589
195 238
165 816
696 1082
688 787
179 872
1373 849
1162 890
1240 176
245 665
933 668
1156 960
460 481
1401 286
136 590
1128 542
206 19
358 54
270 207
165 541
954 724
346 573
1136 632
1094 1090
1361 97
1101 410
1407 599
792 869
46 971
472 682
560 720
1374 982
599 870
384 638
1137 14
1308 454
67 78
1394 1058
1027 908
1415 380
922 111
12 620
964 387
323 795
1405 920
1325 656
1224 899
1008 10
361 257
1317 473
1169 511
901 893
243 193
284 630
806 591
844 712
580 16
1157 49
964 100
367 432
43 657
863 806
469 715
1265 119
333 951
780 434
282 897
1374 188
914 418
1071 737
1266 692
645 570
777 1014
639 892
880 655
476 745
1169 456
519 564
1097 693
24 920
517 220
682 503
1281 203
1027 217
1043 40
905 131
1280 832
1031 363
898 335
1309 158
1086 633
22 456
1235 61
268 421
1064 887
588 831
558 1071
219 942
610 547
1421 871
1176 863
1047 451
914 426
306 615
90 486
1326 684
1292 894
4 1010
1295 707
1065 577
141 237
220 439
251 247
365 801
1283 594
599 169
766 182
603 31
660 125
357 680
448 701
359 581
405 867
864 601
34 282
1332 841
731 403
714 49
600 238
1039 489
1082 674
1027 856
1372 946
590 851
122 826
1135 648
1013 213
37 732
701 763
1151 295
1348 408
497 323
671 1094
633 766
1058 395
1000 214
675 374
263 265
835 913
36 207
506 416
438 588
95 277
139 186
1121 1056
644 993
183 30
1328 586
449 49
626 477
988 121
220 884
1112 221
1202 331
699 95
1009 1064
1028 550
1410 464
1102 608
513 198
726 876
560 316
761 930
1273 812
137 324
1271 534
717 324
207 1033
1328 933
277 592
39 758
670 86
816 880
72 394
894 295
801 360
801 977
116 114
507 1084
186 510
665 689
527 557
469 69
1254 841
888 441
157 530
935 903
1416 343
520 155
1095 51
934 758
676 73
575 652
305 75
594 124
380 433
692 321
952 118
1261 1035
207 1040
1151 1058
1083 1077
893 999
273 622
102 444
195 815
458 576
415 250
1152 852
489 180
231 716
1387 1043
1002 588
1142 160
707 394
138 561
834 475
632 164
452 657
125 967
450 1067
387 200
507 723
1014 24
166 165
539 564
1079 666
441 273
1217 807
1228 980
269 1066
924 115
909 751
242 575
793 767
676 1025
343 315
1014 968
1273 100
1274 46
151 1016
539 285
127 781
660 242
943 646
1005 374
82 794
161 818
899 991
1187 883
864 495
134 140
117 738
826 483
309 779
1063 1086
430 368
1174 488
1282 377
755 353
999 267
1086 388
891 398
920 394
574 1041
1269 412
252 20
230 1060
1030 638
301 339
740 872
1281 25
509 939
1046 131
