300
17 90
43 104
193 170
193 55
296 193
296 200
43 296
287 43
123 143
123 162
142 123
169 59
103 161
246 260
246 179
103 246
300 103
81 52
231 135
231 183
81 231
300 81
169 300
54 169
102 30
102 106
26 102
286 57
286 277
26 286
107 26
239 267
239 48
295 239
295 254
207 295
207 191
107 207
54 107
142 54
287 142
90 287
5 118
5 75
115 5
171 208
171 88
115 171
80 115
108 173
108 291
80 108
175 80
4 199
4 276
74 4
105 158
105 275
219 105
83 68
85 110
85 34
83 85
219 83
74 219
257 74
35 60
35 292
212 35
22 89
22 152
212 22
257 212
175 257
61 175
99 264
99 144
16 99
285 47
285 114
77 285
77 218
16 77
122 16
92 283
92 129
216 92
138 235
138 95
284 138
156 9
40 23
40 213
174 40
93 137
93 69
174 93
156 174
284 156
216 284
122 216
61 122
90 61
132 79
132 163
18 132
134 214
134 148
18 134
141 18
268 19
268 76
7 268
7 194
141 7
223 141
196 165
196 229
192 196
131 39
131 20
192 131
6 192
32 210
32 160
6 32
237 6
240 159
240 241
201 240
12 188
12 167
266 12
232 263
232 272
266 232
201 266
237 201
223 237
17 223
112 187
112 58
33 112
72 14
72 155
33 72
97 33
38 117
38 290
126 38
209 10
209 217
126 209
97 126
181 97
211 279
211 82
182 211
190 98
190 25
203 190
256 24
256 270
203 256
182 203
238 182
253 294
253 29
62 253
116 111
177 178
177 195
116 177
62 116
154 62
67 280
67 50
120 67
120 293
154 120
238 154
181 238
65 181
205 63
205 101
247 205
269 21
269 166
53 269
252 41
252 273
53 252
172 53
168 121
186 86
2 119
2 66
186 2
168 186
172 168
247 172
133 247
204 91
204 11
133 204
13 133
250 146
250 215
1 250
234 236
234 271
1 234
13 1
233 13
185 27
113 46
124 3
124 15
113 124
185 113
233 185
197 233
243 140
243 84
222 243
202 128
202 150
157 202
157 226
222 157
298 222
164 228
164 248
87 164
258 70
258 31
87 258
298 87
221 298
8 78
8 136
51 8
261 282
261 147
51 261
221 51
197 221
259 197
94 227
94 42
244 94
198 145
198 96
153 198
130 281
37 45
109 297
109 184
37 109
130 37
71 130
44 251
44 288
71 44
153 71
244 153
249 244
225 127
206 189
206 224
289 206
255 28
151 180
151 220
242 151
242 278
125 242
125 176
255 125
289 255
225 289
249 225
299 249
265 73
230 139
274 49
274 100
230 274
265 230
64 265
64 149
262 64
56 36
56 245
262 56
299 262
259 299
65 259
17 65
1000
85 261 71
108 242 23
47 67 46
199 289 53
287 221 73
258 120 42
32 258 69
256 91 78
137 86 96
106 295 71
179 265 68
208 176 53
193 11 37
203 24 38
93 75 16
52 223 4
7 238 93
99 18 3
109 289 19
242 151 3
93 259 40
181 130 61
223 24 31
73 53 93
58 87 10
175 113 18
267 59 87
208 36 100
170 40 4
201 225 86
237 255 49
106 44 65
288 124 74
2 44 11
284 84 22
208 57 23
111 67 26
239 262 8
134 73 52
206 94 26
286 57 97
258 198 3
72 28 55
107 226 87
246 125 54
284 257 87
118 203 20
39 206 22
260 278 32
99 27 92
188 247 82
12 238 82
95 111 32
79 13 25
172 293 96
5 251 55
183 141 86
208 94 53
7 269 18
77 225 52
158 10 93
252 120 61
263 177 39
190 130 57
144 72 39
167 55 90
223 67 71
102 188 89
61 284 12
220 233 37
122 58 79
138 163 39
216 299 82
210 226 6
19 109 56
284 299 47
28 190 33
230 97 34
85 143 85
114 275 33
140 297 18
292 250 41
61 241 19
57 62 28
26 67 75
266 8 25
174 119 58
26 238 3
55 208 58
247 168 8
142 180 57
216 150 80
79 179 6
90 62 91
213 64 20
158 205 20
208 20 3
275 128 64
251 62 99
260 196 57
176 153 80
1 242 60
261 13 59
216 13 6
12 294 41
86 290 65
143 293 70
172 255 36
94 112 68
16 8 60
212 280 57
75 54 55
76 86 50
1 290 39
264 293 85
105 194 81
137 10 94
141 53 77
208 41 35
107 97 87
144 298 72
272 102 57
93 3 48
287 284 82
179 102 8
129 234 87
23 221 21
212 244 45
235 127 23
83 271 58
292 156 91
32 66 82
90 127 79
99 41 74
223 158 22
194 112 83
183 198 52
13 84 96
34 93 21
6 269 63
16 249 98
268 146 93
235 41 58
212 49 57
183 249 19
34 297 18
106 77 32
155 181 77
165 227 4
260 270 74
106 150 79
79 37 89
161 62 9
60 119 5
55 259 19
28 33 3
194 179 53
259 130 29
199 243 83
201 245 94
48 49 87
215 136 80
235 280 15
63 121 100
39 87 78
251 67 66
79 28 78
9 226 90
284 13 34
229 211 51
257 46 59
207 60 17
156 187 44
21 245 64
63 125 33
295 178 14
76 84 35
30 258 34
213 21 17
277 70 70
266 82 86
104 282 67
200 247 22
107 84 5
196 28 26
296 182 81
55 172 32
159 37 34
54 285 12
292 41 34
57 120 15
90 51 51
266 46 27
243 1 75
7 230 74
122 70 91
300 120 73
115 260 85
4 109 30
272 92 39
221 209 14
194 256 17
19 279 10
98 136 76
94 181 85
266 36 3
26 197 91
85 280 5
77 181 35
131 146 16
291 73 86
296 219 19
259 209 95
129 245 33
59 176 74
179 101 19
52 3 83
218 42 33
241 278 6
41 119 97
238 25 18
291 222 64
54 220 58
4 8 70
239 26 61
198 91 89
191 66 32
169 200 16
247 28 57
118 136 2
163 255 18
93 72 73
188 70 54
254 222 12
93 183 3
246 178 78
257 211 96
296 82 41
232 278 13
234 45 71
260 97 0
88 53 38
200 198 20
19 151 4
283 206 93
80 248 89
90 147 65
186 205 42
29 63 75
43 212 68
174 256 44
6 42 35
216 117 91
208 189 79
148 197 38
142 249 97
22 96 76
287 187 100
241 130 82
179 144 83
296 84 63
286 214 69
66 265 8
48 20 5
200 126 1
35 177 43
68 19 84
144 180 89
183 13 71
234 128 0
235 225 91
212 16 26
254 151 8
295 90 65
145 82 83
81 34 32
219 70 4
132 149 0
110 97 11
194 209 64
164 205 38
88 168 36
286 130 78
169 271 43
96 187 32
134 189 50
16 270 94
190 121 21
66 226 26
217 49 10
102 186 52
178 87 68
22 140 40
47 231 93
236 190 9
72 101 45
4 217 65
287 189 13
77 290 92
30 226 1
115 153 18
208 180 35
266 151 14
219 43 62
23 66 89
242 224 13
34 27 28
148 261 14
292 261 7
169 21 50
35 29 25
30 39 61
167 287 81
295 112 39
286 81 59
253 117 8
163 276 87
20 293 82
147 205 76
160 31 30
32 109 79
12 22 95
161 294 25
240 165 89
167 58 54
279 111 21
103 265 24
264 7 76
161 60 88
148 232 39
263 93 10
276 154 0
61 82 71
174 177 75
57 191 48
85 48 26
246 238 49
92 203 22
173 49 26
135 225 32
145 127 81
137 264 31
83 68 72
164 220 20
263 144 36
237 215 56
135 265 75
295 111 74
20 251 30
171 288 83
156 208 52
93 175 27
212 262 21
266 211 97
93 125 78
213 291 53
227 31 77
295 153 72
277 271 55
218 25 86
210 217 1
289 72 79
169 177 91
116 184 39
194 288 12
170 64 39
237 192 79
131 263 43
98 150 34
251 206 5
74 206 83
137 30 29
283 118 80
200 13 31
91 290 39
212 87 65
105 46 12
30 145 56
81 25 20
23 7 26
220 230 49
75 66 35
48 269 75
129 288 82
283 166 53
246 95 27
201 279 47
284 294 1
99 166 50
183 275 23
175 66 2
219 225 79
39 96 41
5 21 68
237 63 0
219 203 19
101 205 36
20 180 75
18 176 64
248 21 40
152 181 92
207 223 90
106 294 76
85 128 19
170 163 72
52 295 6
183 290 32
194 37 28
290 227 99
217 252 30
102 30 9
219 282 35
272 128 36
5 33 46
105 92 100
239 55 45
16 297 20
43 82 6
12 113 85
59 232 48
276 278 1
101 87 98
254 155 98
192 136 58
88 150 0
286 24 83
265 130 84
231 288 68
175 191 59
100 166 98
282 133 77
70 262 26
58 227 89
229 231 95
241 178 48
275 282 71
237 264 72
107 179 41
158 179 97
240 140 14
192 184 67
267 78 51
254 11 56
217 225 31
108 58 31
179 203 77
201 140 99
247 205 72
196 222 72
106 242 93
282 31 45
69 12 60
283 151 76
135 41 96
254 59 19
63 248 54
259 101 49
258 225 63
207 286 75
231 249 36
118 62 40
1 236 80
240 277 26
148 222 6
148 27 68
245 124 52
80 207 12
138 13 56
143 195 26
132 211 99
239 72 10
6 63 66
99 70 96
9 94 48
47 228 21
247 281 98
30 32 100
81 282 9
4 228 68
202 294 6
46 14 50
12 265 25
160 94 89
57 47 99
182 195 66
78 211 84
19 52 0
235 153 95
214 137 34
188 278 87
241 185 100
199 149 65
240 209 48
126 269 76
85 97 68
219 182 46
219 113 2
229 16 58
210 1 84
144 21 37
135 244 81
169 109 21
75 227 38
148 180 97
163 289 29
19 53 85
285 194 80
20 184 45
213 281 37
183 202 10
188 143 87
156 190 80
235 47 46
60 64 12
173 202 93
20 255 4
163 112 50
74 284 81
35 205 3
68 198 54
106 85 96
191 237 59
59 240 97
160 184 100
57 111 51
138 226 70
199 46 47
122 164 47
213 7 59
141 237 12
183 285 14
60 22 54
26 280 91
164 228 63
57 153 68
293 101 82
140 176 87
294 128 72
255 63 71
265 51 25
210 147 97
61 191 4
1 53 83
16 34 28
120 67 2
268 125 34
99 63 27
275 70 28
81 76 94
122 252 83
7 190 23
17 104 15
148 2 67
200 137 5
54 109 89
239 281 38
93 170 81
110 180 3
74 151 66
192 87 4
235 44 12
212 163 91
92 255 21
200 65 17
134 127 74
169 98 78
110 161 43
12 208 66
287 227 24
210 234 88
135 4 82
240 67 97
275 274 65
124 136 91
57 60 44
163 176 66
165 245 81
222 262 9
81 65 28
194 107 100
156 154 31
241 105 8
175 67 86
200 3 58
282 176 35
92 280 77
235 273 37
133 72 17
102 40 50
283 117 79
81 221 51
23 67 30
165 184 86
125 279 71
120 220 4
143 7 77
201 265 62
285 146 46
103 37 81
286 64 22
114 209 4
39 290 89
23 209 27
4 125 67
254 273 97
179 209 63
35 149 66
231 234 10
122 147 99
161 181 87
191 131 14
135 156 45
246 10 99
212 136 14
257 136 72
285 294 63
74 82 59
142 182 69
210 282 71
134 59 53
57 200 55
170 298 29
183 86 20
93 293 32
241 29 69
268 66 54
167 225 51
191 2 69
282 29 67
280 21 16
35 154 18
81 299 41
199 202 42
223 270 79
68 39 44
169 80 47
30 12 74
54 21 22
13 33 11
1 14 70
199 119 70
34 184 97
205 98 76
52 230 45
93 161 79
60 20 13
201 146 73
134 230 79
167 184 3
193 151 53
123 86 7
174 67 23
59 33 11
293 126 60
260 220 79
286 183 11
287 150 21
40 253 1
5 91 99
5 45 79
170 13 0
179 225 0
287 71 10
71 28 36
213 153 13
207 12 64
291 243 38
89 190 12
207 37 95
186 204 30
165 17 77
112 63 48
155 225 91
50 73 41
17 295 42
129 232 59
196 186 95
290 248 71
219 147 69
174 33 19
158 168 5
47 122 63
200 211 83
30 274 32
61 139 31
5 126 41
18 31 28
246 64 53
207 199 53
216 2 68
277 276 49
276 209 44
47 188 34
36 50 8
81 38 1
148 7 9
211 41 74
229 164 7
189 125 59
22 281 21
59 85 17
169 260 52
141 155 88
115 149 100
135 30 42
272 178 63
80 220 10
99 157 88
17 36 27
183 102 38
3 10 37
134 297 68
241 110 79
35 86 56
290 299 39
171 111 75
293 281 17
274 91 62
43 297 22
300 73 98
255 84 27
237 82 54
134 28 61
216 252 50
102 180 59
138 207 91
7 58 83
214 150 46
108 70 22
148 223 50
5 3 32
183 137 20
22 251 17
9 190 74
200 173 48
283 8 36
129 49 21
105 100 49
193 265 86
215 289 70
254 86 29
277 186 45
173 87 79
59 96 14
122 159 14
182 111 7
99 30 97
266 114 29
154 44 16
166 259 80
237 289 96
162 70 87
173 21 0
156 53 95
296 107 18
129 294 24
225 25 79
173 74 14
250 211 65
213 222 14
69 173 81
170 247 53
171 285 35
162 235 57
79 225 72
75 198 5
299 198 6
5 300 24
257 124 15
81 159 33
194 283 1
90 145 2
232 297 74
129 265 5
264 238 51
60 10 65
22 206 81
137 67 73
75 209 73
104 163 24
160 11 1
300 146 89
240 11 88
200 243 9
135 100 29
143 18 57
114 86 74
143 298 84
231 133 14
263 142 48
210 260 74
244 24 18
9 47 45
138 128 66
57 67 47
260 299 38
260 57 32
68 265 56
207 136 93
267 124 93
284 222 31
262 227 72
158 250 73
106 58 33
272 41 10
295 249 22
54 10 76
7 223 83
75 31 44
170 211 2
276 238 98
212 266 51
114 201 25
208 251 82
132 217 18
26 237 14
183 18 24
196 29 8
135 221 88
267 3 95
228 44 6
266 35 22
52 12 56
32 290 21
61 42 16
267 94 37
170 243 87
185 139 24
7 253 92
43 217 93
81 166 47
153 245 94
170 55 39
207 94 99
90 234 66
129 258 42
138 33 0
74 178 5
55 173 44
183 70 10
257 184 96
184 166 70
20 147 82
192 80 17
277 217 36
104 172 42
283 41 25
263 152 74
142 202 95
293 120 41
107 14 54
156 239 54
6 295 37
275 99 71
283 70 2
165 210 95
120 124 43
264 82 18
193 248 33
200 18 38
188 37 94
105 182 6
104 78 34
55 258 73
64 41 87
27 258 46
159 145 34
55 215 14
89 188 16
56 14 14
144 3 70
192 16 82
286 211 96
283 180 47
239 67 2
161 65 84
99 207 78
129 225 52
17 53 72
183 211 51
284 221 94
4 260 27
60 225 67
218 50 91
214 57 17
171 119 87
93 204 9
118 277 10
123 270 58
156 5 5
179 71 10
171 244 44
80 10 44
283 299 78
163 55 23
135 64 56
161 3 58
90 102 59
258 269 55
208 149 5
254 198 98
199 214 62
219 109 52
177 153 36
59 15 38
263 106 76
103 244 26
173 187 40
32 231 22
287 36 31
16 48 69
81 178 14
135 91 92
296 207 35
208 166 96
188 94 37
30 71 29
92 10 42
231 151 55
268 130 4
135 127 37
119 98 29
156 182 83
296 156 55
34 89 11
212 220 76
104 222 32
296 70 8
266 176 16
224 238 95
182 233 36
75 206 62
131 29 89
179 13 58
240 70 48
55 21 41
264 116 80
162 28 76
76 231 27
237 44 54
286 28 50
264 141 42
160 87 66
4 219 78
55 262 25
219 238 26
212 221 87
7 134 51
278 72 70
118 127 26
203 73 75
12 14 29
170 293 40
159 2 41
54 162 79
101 206 82
212 28 80
263 278 80
16 136 76
265 101 99
12 134 23
73 186 68
188 109 25
285 73 99
291 67 23
210 104 59
296 179 20
141 192 51
273 49 71
277 251 3
162 146 73
161 112 4
240 135 13
260 265 88
258 176 95
258 244 97
114 167 77
247 204 89
193 234 37
85 25 85
253 248 85
208 3 11
196 67 9
99 2 92
188 111 18
210 244 95
240 147 74
51 253 71
93 111 31
183 105 84
267 49 12
88 160 95
114 113 64
245 157 41
88 49 77
244 293 84
20 32 96
105 84 30
257 154 11
180 78 7
