99
40 2
67 68
19 43
70 95
58 74
38 23
77 32
55 83
68 1
16 11
14 94
80 43
32 13
50 96
30 3
29 59
17 95
26 33
36 95
59 93
1 64
94 45
95 64
93 62
64 44
72 43
44 96
98 96
63 48
61 90
48 89
47 65
83 43
96 43
43 24
11 24
87 24
78 81
92 7
24 62
89 13
39 81
13 37
49 62
82 10
45 31
97 60
33 88
37 7
34 60
31 12
81 23
79 62
3 18
62 7
52 90
12 7
99 27
84 53
74 7
42 71
15 90
7 46
65 8
56 88
28 46
18 71
22 73
46 71
90 76
4 76
53 85
27 88
6 73
88 76
71 10
10 5
5 20
20 8
76 8
23 8
8 40
2 25
25 51
60 51
51 73
85 73
69 73
73 91
91 9
41 9
54 9
9 57
57 86
21 86
75 86
86 35
35 66
99
98 35 80
53 55 65
69 70 38
88 98 86
65 87 6
19 91 47
38 27 9
57 95 61
70 68 57
94 95 97
78 35 56
28 49 2
47 84 13
68 21 17
74 35 7
75 76 12
83 20 37
96 64 74
19 11 4
18 30 69
91 74 54
12 53 16
89 83 48
7 83 19
92 79 55
79 10 4
61 67 74
40 44 7
63 17 58
18 47 78
6 52 46
68 95 98
11 61 17
21 30 22
97 78 83
3 18 8
71 53 3
66 68 9
72 97 64
71 9 26
96 11 30
54 50 21
55 80 85
72 21 59
9 49 54
1 42 21
98 76 94
22 34 84
87 20 81
30 36 73
31 98 71
87 17 95
21 63 41
95 83 20
46 24 38
78 13 86
60 57 17
84 68 49
55 83 1
42 39 24
98 41 53
58 74 56
82 74 83
32 83 55
81 22 77
1 13 47
89 5 30
5 29 61
98 26 64
6 77 29
80 60 40
80 88 88
71 14 66
35 89 26
12 57 6
49 39 67
51 93 79
38 45 28
90 57 46
65 64 50
90 41 9
44 18 9
35 7 92
12 79 82
77 76 89
66 28 5
66 92 95
7 57 94
95 43 31
48 29 70
20 48 11
96 30 39
26 96 91
29 7 27
27 28 55
47 31 61
55 9 22
1 38 59
3 56 16
