105
412 570 140 408 34 70 983 698 374 454 421 723 51 867 366 976 17 856 231 12 765 360 945 730 750 172 340 522 490 55 339 200 180 19 171 794 464 224 875 346 945 929 609 705 597 32 784 165 501 622 51 578 700 238 993 935 268 614 680 536 865 590 751 731 965 312 555 399 213 210 223 187 219 945 570 740 453 491 971 228 681 255 86 59 57 435 488 312 882 697 977 378 618 180 543 25 855 68 744 680 479 454 678 537 608 
305647 308155 307839 621175 309781 305377 932047 928705 925361 305611 928932 933771 624004 905379 937476 919761 919843 303787 623819 928750 625119 916973 301827 920359 615872 310221 930413 917447 921212 934994 620445 918193 921514 934286 920525 930459 308883 308279 932122 922296 917885 605016 935829 310823 936168 922526 931653 937625 922643 918701 921734 301679 625289 903126 923605 312431 921117 925682 923339 924061 923342 622819 919051 607768 925603 922779 626726 935944 925278 906103 940793 621946 624244 941289 906924 620060 924050 946191 910326 921561 937656 937438 618904 621378 918457 926139 940946 309908 939718 922981 929833 925915 622296 936245 935984 922973 624635 941273 936754 620579 607831 911105 934662 300895
2 4 3 2 1 3 2 2 2 1 2 3 1 3 3 3 3 1 3 2 1 2 1 2 1 3 2 2 1 3 1 1 2 2 2 1 2 2 2 1 2 2 3 2 1 3 3 2 1 3 2 1 2 1 3 3 3 2 3 3 1 1 3 1 2 3 1 1 1 1 2 2 3 2 3 1 2 3 1 3 2 3 2 2 2 2 2 2 1 2 2 2 1 3 1 3 2 1 2 3 3 1 1 3 5465 
2 4 6 2 1 3 2 2 2 1 2 3 1 3 3 3 3 1 3 2 1 2 1 2 1 3 2 2 1 3 1 1 2 2 2 1 2 2 2 1 2 2 3 2 1 3 3 2 1 3 2 1 2 1 3 3 3 2 3 3 1 1 3 1 2 3 1 1 1 1 2 2 3 2 3 1 2 3 1 3 2 3 2 2 2 2 2 2 1 2 2 2 1 3 1 3 2 1 2 3 3 1 1 3 5508 
2 4 3 4 1 3 2 2 2 1 2 3 1 3 3 3 3 1 3 2 1 2 1 2 1 3 2 2 1 3 1 1 2 2 2 1 2 2 2 1 2 2 3 2 1 3 3 2 1 3 2 1 2 1 3 3 3 2 3 3 1 1 3 1 2 3 1 1 1 1 2 2 3 2 3 1 2 3 1 3 2 3 2 2 2 2 2 2 1 2 2 2 1 3 1 3 2 1 2 3 3 1 1 3 5504 
4 8 12 4 3 6 4 4 4 2 4 6 2 6 6 6 6 2 6 4 2 4 2 4 2 6 4 4 2 6 2 2 4 4 4 2 4 4 4 2 4 4 6 4 2 6 6 4 2 6 4 2 4 2 6 6 6 4 6 6 2 2 6 2 4 6 2 2 2 2 4 4 6 4 6 2 4 6 2 6 4 6 4 4 4 4 4 4 2 4 4 4 2 6 2 6 4 2 4 6 6 2 2 6 11106 
2 4 6 2 1 6 2 2 2 1 2 3 1 3 3 3 3 1 3 2 1 2 1 2 1 3 2 2 1 3 1 1 2 2 2 1 2 2 2 1 2 2 3 2 1 3 3 2 1 3 2 1 2 1 3 3 3 2 3 3 1 1 3 1 2 3 1 1 1 1 2 2 3 2 3 1 2 3 1 3 2 3 2 2 2 2 2 2 1 2 2 2 1 3 1 3 2 1 2 3 3 1 1 3 5536 
2 2 3 2 1 3 4 2 2 1 2 3 1 3 3 3 3 1 3 2 1 2 1 2 1 3 2 2 1 3 1 1 2 2 2 1 2 2 2 1 2 2 3 2 1 3 3 2 1 3 2 1 2 1 3 3 3 2 3 3 1 1 3 1 2 3 1 1 1 1 2 2 3 2 3 1 2 3 1 3 2 3 2 2 2 2 2 2 1 2 2 2 1 3 1 3 2 1 2 3 3 1 1 3 5459 
6 12 18 6 3 18 6 8 6 3 6 9 3 9 9 9 9 3 9 6 3 6 3 6 3 9 6 6 3 9 3 3 6 6 6 3 6 6 6 3 6 6 9 6 3 9 9 6 3 9 6 3 6 3 9 9 9 6 9 9 3 3 9 3 6 9 3 3 3 3 6 6 9 6 9 3 6 9 3 9 6 9 6 6 6 6 6 6 3 6 6 6 3 9 3 9 6 3 6 9 9 3 3 9 16656 
6 12 9 12 3 9 6 6 8 3 6 9 3 9 9 9 9 3 9 6 3 6 3 6 3 9 6 6 3 9 3 3 6 6 6 3 6 6 6 3 6 6 9 6 3 9 9 6 3 9 6 3 6 3 9 9 9 6 9 9 3 3 9 3 6 9 3 3 3 3 6 6 9 6 9 3 6 9 3 9 6 9 6 6 6 6 6 6 3 6 6 6 3 9 3 9 6 3 6 9 9 3 3 9 16605 
6 12 9 12 3 9 6 6 6 4 6 9 3 9 9 9 9 3 9 6 3 6 3 6 3 9 6 6 3 9 3 3 6 6 6 3 6 6 6 3 6 6 9 6 3 9 9 6 3 9 6 3 6 3 9 9 9 6 9 9 3 3 9 3 6 9 3 3 3 3 6 6 9 6 9 3 6 9 3 9 6 9 6 6 6 6 6 6 3 6 6 6 3 9 3 9 6 3 6 9 9 3 3 9 16546 
2 2 3 2 1 3 4 2 2 1 4 3 1 3 3 3 3 1 3 2 1 2 1 2 1 3 2 2 1 3 1 1 2 2 2 1 2 2 2 1 2 2 3 2 1 3 3 2 1 3 2 1 2 1 3 3 3 2 3 3 1 1 3 1 2 3 1 1 1 1 2 2 3 2 3 1 2 3 1 3 2 3 2 2 2 2 2 2 1 2 2 2 1 3 1 3 2 1 2 3 3 1 1 3 5462 
6 12 9 12 3 9 6 6 6 3 6 12 3 9 9 9 9 3 9 6 3 6 3 6 3 9 6 6 3 9 3 3 6 6 6 3 6 6 6 3 6 6 9 6 3 9 9 6 3 9 6 3 6 3 9 9 9 6 9 9 3 3 9 3 6 9 3 3 3 3 6 6 9 6 9 3 6 9 3 9 6 9 6 6 6 6 6 6 3 6 6 6 3 9 3 9 6 3 6 9 9 3 3 9 16608 
6 12 9 12 3 9 6 6 6 3 6 12 4 9 9 9 9 3 9 6 3 6 3 6 3 9 6 6 3 9 3 3 6 6 6 3 6 6 6 3 6 6 9 6 3 9 9 6 3 9 6 3 6 3 9 9 9 6 9 9 3 3 9 3 6 9 3 3 3 3 6 6 9 6 9 3 6 9 3 9 6 9 6 6 6 6 6 6 3 6 6 6 3 9 3 9 6 3 6 9 9 3 3 9 16696 
4 8 12 4 3 6 4 4 4 2 4 6 2 9 6 6 6 2 6 4 2 4 2 4 2 6 4 4 2 6 2 2 4 4 4 2 4 4 4 2 4 4 6 4 2 6 6 4 2 6 4 2 4 2 6 6 6 4 6 6 2 2 6 2 4 6 2 2 2 2 4 4 6 4 6 2 4 6 2 6 4 6 4 4 4 4 4 4 2 4 4 4 2 6 2 6 4 2 4 6 6 2 2 6 11154 
6 6 9 6 3 9 6 6 6 3 6 9 3 9 12 9 9 3 9 6 3 6 3 6 3 9 6 6 3 9 3 3 6 6 6 3 6 6 6 3 6 6 9 6 3 9 9 6 3 9 6 3 6 3 9 9 9 6 9 9 3 3 9 3 6 9 3 3 3 3 6 6 9 6 9 3 6 9 3 9 6 9 6 6 6 6 6 6 3 6 6 6 3 9 3 9 6 3 6 9 9 3 3 9 16184 
6 12 9 12 3 9 6 6 6 3 6 12 4 9 9 12 9 3 9 6 3 6 3 6 3 9 6 6 3 9 3 3 6 6 6 3 6 6 6 3 6 6 9 6 3 9 9 6 3 9 6 3 6 3 9 9 9 6 9 9 3 3 9 3 6 9 3 3 3 3 6 6 9 6 9 3 6 9 3 9 6 9 6 6 6 6 6 6 3 6 6 6 3 9 3 9 6 3 6 9 9 3 3 9 16764 
6 6 9 6 3 9 12 6 6 3 6 9 3 9 9 9 12 3 9 6 3 6 3 6 3 9 6 6 3 9 3 3 6 6 6 3 6 6 6 3 6 6 9 6 3 9 9 6 3 9 6 3 6 3 9 9 9 6 9 9 3 3 9 3 6 9 3 3 3 3 6 6 9 6 9 3 6 9 3 9 6 9 6 6 6 6 6 6 3 6 6 6 3 9 3 9 6 3 6 9 9 3 3 9 16441 
6 6 9 6 3 9 12 6 6 3 12 9 3 9 9 9 9 4 9 6 3 6 3 6 3 9 6 6 3 9 3 3 6 6 6 3 6 6 6 3 6 6 9 6 3 9 9 6 3 9 6 3 6 3 9 9 9 6 9 9 3 3 9 3 6 9 3 3 3 3 6 6 9 6 9 3 6 9 3 9 6 9 6 6 6 6 6 6 3 6 6 6 3 9 3 9 6 3 6 9 9 3 3 9 16440 
2 2 3 2 1 3 2 2 2 1 2 3 1 3 3 3 3 1 6 2 1 2 1 2 1 3 2 2 1 3 1 1 2 2 2 1 2 2 2 1 2 2 3 2 1 3 3 2 1 3 2 1 2 1 3 3 3 2 3 3 1 1 3 1 2 3 1 1 1 1 2 2 3 2 3 1 2 3 1 3 2 3 2 2 2 2 2 2 1 2 2 2 1 3 1 3 2 1 2 3 3 1 1 3 5432 
4 8 12 4 3 6 4 4 4 2 4 6 2 6 6 6 6 2 6 6 2 4 2 4 2 6 4 4 2 6 2 2 4 4 4 2 4 4 4 2 4 4 6 4 2 6 6 4 2 6 4 2 4 2 6 6 6 4 6 6 2 2 6 2 4 6 2 2 2 2 4 4 6 4 6 2 4 6 2 6 4 6 4 4 4 4 4 4 2 4 4 4 2 6 2 6 4 2 4 6 6 2 2 6 11154 
6 12 18 6 3 9 6 6 6 3 6 9 3 9 9 9 9 3 9 6 4 6 3 6 3 9 6 6 3 9 3 3 6 6 6 3 6 6 6 3 6 6 9 6 3 9 9 6 3 9 6 3 6 3 9 9 9 6 9 9 3 3 9 3 6 9 3 3 3 3 6 6 9 6 9 3 6 9 3 9 6 9 6 6 6 6 6 6 3 6 6 6 3 9 3 9 6 3 6 9 9 3 3 9 16602 
4 8 12 4 3 6 4 4 4 2 4 6 2 6 6 6 6 2 6 6 2 6 2 4 2 6 4 4 2 6 2 2 4 4 4 2 4 4 4 2 4 4 6 4 2 6 6 4 2 6 4 2 4 2 6 6 6 4 6 6 2 2 6 2 4 6 2 2 2 2 4 4 6 4 6 2 4 6 2 6 4 6 4 4 4 4 4 4 2 4 4 4 2 6 2 6 4 2 4 6 6 2 2 6 11176 
6 6 9 6 3 9 12 6 6 3 12 9 3 9 9 9 9 3 9 6 3 6 4 6 3 9 6 6 3 9 3 3 6 6 6 3 6 6 6 3 6 6 9 6 3 9 9 6 3 9 6 3 6 3 9 9 9 6 9 9 3 3 9 3 6 9 3 3 3 3 6 6 9 6 9 3 6 9 3 9 6 9 6 6 6 6 6 6 3 6 6 6 3 9 3 9 6 3 6 9 9 3 3 9 16388 
2 2 3 2 1 3 2 2 2 1 2 3 1 3 3 3 3 1 3 2 1 2 1 4 1 3 2 2 1 3 1 1 2 2 2 1 2 2 2 1 2 2 3 2 1 3 3 2 1 3 2 1 2 1 3 3 3 2 3 3 1 1 3 1 2 3 1 1 1 1 2 2 3 2 3 1 2 3 1 3 2 3 2 2 2 2 2 2 1 2 2 2 1 3 1 3 2 1 2 3 3 1 1 3 5394 
6 6 9 6 3 9 12 6 6 3 12 9 3 9 9 9 9 3 9 6 3 6 4 6 4 9 6 6 3 9 3 3 6 6 6 3 6 6 6 3 6 6 9 6 3 9 9 6 3 9 6 3 6 3 9 9 9 6 9 9 3 3 9 3 6 9 3 3 3 3 6 6 9 6 9 3 6 9 3 9 6 9 6 6 6 6 6 6 3 6 6 6 3 9 3 9 6 3 6 9 9 3 3 9 16450 
4 4 6 4 2 6 8 4 4 2 4 6 2 6 6 6 6 2 6 4 2 4 2 4 2 9 4 4 2 6 2 2 4 4 4 2 4 4 4 2 4 4 6 4 2 6 6 4 2 6 4 2 4 2 6 6 6 4 6 6 2 2 6 2 4 6 2 2 2 2 4 4 6 4 6 2 4 6 2 6 4 6 4 4 4 4 4 4 2 4 4 4 2 6 2 6 4 2 4 6 6 2 2 6 11009 
2 4 6 2 1 3 2 2 2 1 2 3 1 3 3 3 3 1 3 2 1 2 1 2 1 3 4 2 1 3 1 1 2 2 2 1 2 2 2 1 2 2 3 2 1 3 3 2 1 3 2 1 2 1 3 3 3 2 3 3 1 1 3 1 2 3 1 1 1 1 2 2 3 2 3 1 2 3 1 3 2 3 2 2 2 2 2 2 1 2 2 2 1 3 1 3 2 1 2 3 3 1 1 3 5544 
6 12 9 12 3 9 6 6 6 4 6 9 3 9 9 9 9 3 9 6 3 6 3 6 3 9 6 8 3 9 3 3 6 6 6 3 6 6 6 3 6 6 9 6 3 9 9 6 3 9 6 3 6 3 9 9 9 6 9 9 3 3 9 3 6 9 3 3 3 3 6 6 9 6 9 3 6 9 3 9 6 9 6 6 6 6 6 6 3 6 6 6 3 9 3 9 6 3 6 9 9 3 3 9 16637 
6 6 9 6 3 9 12 6 6 3 12 9 3 9 9 9 9 3 9 6 3 6 4 6 3 9 6 6 4 9 3 3 6 6 6 3 6 6 6 3 6 6 9 6 3 9 9 6 3 9 6 3 6 3 9 9 9 6 9 9 3 3 9 3 6 9 3 3 3 3 6 6 9 6 9 3 6 9 3 9 6 9 6 6 6 6 6 6 3 6 6 6 3 9 3 9 6 3 6 9 9 3 3 9 16395 
6 6 9 6 3 9 12 6 6 3 12 9 3 9 9 9 9 3 9 6 3 6 4 6 3 9 6 6 4 12 3 3 6 6 6 3 6 6 6 3 6 6 9 6 3 9 9 6 3 9 6 3 6 3 9 9 9 6 9 9 3 3 9 3 6 9 3 3 3 3 6 6 9 6 9 3 6 9 3 9 6 9 6 6 6 6 6 6 3 6 6 6 3 9 3 9 6 3 6 9 9 3 3 9 16461 
6 12 9 12 3 9 6 6 6 3 6 12 4 9 9 9 9 3 9 6 3 6 3 6 3 9 6 6 3 9 4 3 6 6 6 3 6 6 6 3 6 6 9 6 3 9 9 6 3 9 6 3 6 3 9 9 9 6 9 9 3 3 9 3 6 9 3 3 3 3 6 6 9 6 9 3 6 9 3 9 6 9 6 6 6 6 6 6 3 6 6 6 3 9 3 9 6 3 6 9 9 3 3 9 16718 
4 8 12 4 2 6 4 4 4 2 4 6 2 6 6 6 6 2 6 4 2 4 2 4 2 6 4 4 2 6 2 3 4 4 4 2 4 4 4 2 4 4 6 4 2 6 6 4 2 6 4 2 4 2 6 6 6 4 6 6 2 2 6 2 4 6 2 2 2 2 4 4 6 4 6 2 4 6 2 6 4 6 4 4 4 4 4 4 2 4 4 4 2 6 2 6 4 2 4 6 6 2 2 6 11092 
6 6 9 6 3 9 12 6 6 3 6 9 3 9 9 9 9 3 9 6 3 6 3 6 3 9 6 6 3 9 3 3 8 6 6 3 6 6 6 3 6 6 9 6 3 9 9 6 3 9 6 3 6 3 9 9 9 6 9 9 3 3 9 3 6 9 3 3 3 3 6 6 9 6 9 3 6 9 3 9 6 9 6 6 6 6 6 6 3 6 6 6 3 9 3 9 6 3 6 9 9 3 3 9 16414 
6 6 9 6 3 9 12 6 6 3 12 9 3 9 9 9 9 3 9 6 3 6 4 6 3 9 6 6 4 12 3 3 6 8 6 3 6 6 6 3 6 6 9 6 3 9 9 6 3 9 6 3 6 3 9 9 9 6 9 9 3 3 9 3 6 9 3 3 3 3 6 6 9 6 9 3 6 9 3 9 6 9 6 6 6 6 6 6 3 6 6 6 3 9 3 9 6 3 6 9 9 3 3 9 16465 
6 12 18 6 3 9 6 6 6 3 6 9 3 9 9 9 9 3 9 6 4 6 3 6 3 9 6 6 3 9 3 3 6 6 8 3 6 6 6 3 6 6 9 6 3 9 9 6 3 9 6 3 6 3 9 9 9 6 9 9 3 3 9 3 6 9 3 3 3 3 6 6 9 6 9 3 6 9 3 9 6 9 6 6 6 6 6 6 3 6 6 6 3 9 3 9 6 3 6 9 9 3 3 9 16701 
6 12 9 6 3 9 6 6 6 3 6 9 3 9 9 9 9 3 9 6 3 6 3 6 3 9 6 6 3 9 3 3 6 6 6 4 6 6 6 3 6 6 9 6 3 9 9 6 3 9 6 3 6 3 9 9 9 6 9 9 3 3 9 3 6 9 3 3 3 3 6 6 9 6 9 3 6 9 3 9 6 9 6 6 6 6 6 6 3 6 6 6 3 9 3 9 6 3 6 9 9 3 3 9 16461 
6 12 18 6 3 18 6 6 6 3 6 9 3 9 9 9 9 3 9 6 3 6 3 6 3 9 6 6 3 9 3 3 6 6 6 3 8 6 6 3 6 6 9 6 3 9 9 6 3 9 6 3 6 3 9 9 9 6 9 9 3 3 9 3 6 9 3 3 3 3 6 6 9 6 9 3 6 9 3 9 6 9 6 6 6 6 6 6 3 6 6 6 3 9 3 9 6 3 6 9 9 3 3 9 16625 
2 4 3 2 1 3 2 2 2 1 2 3 1 3 3 3 3 1 3 2 1 2 1 2 1 3 2 2 1 3 1 1 2 2 2 1 2 4 2 1 2 2 3 2 1 3 3 2 1 3 2 1 2 1 3 3 3 2 3 3 1 1 3 1 2 3 1 1 1 1 2 2 3 2 3 1 2 3 1 3 2 3 2 2 2 2 2 2 1 2 2 2 1 3 1 3 2 1 2 3 3 1 1 3 5524 
2 4 3 2 1 3 2 2 2 1 2 3 1 3 3 3 3 1 3 2 1 2 1 2 1 3 2 2 1 3 1 1 2 2 2 1 2 2 4 1 2 2 3 2 1 3 3 2 1 3 2 1 2 1 3 3 3 2 3 3 1 1 3 1 2 3 1 1 1 1 2 2 3 2 3 1 2 3 1 3 2 3 2 2 2 2 2 2 1 2 2 2 1 3 1 3 2 1 2 3 3 1 1 3 5512 
6 12 9 12 3 9 6 6 8 3 6 9 3 9 9 9 9 3 9 6 3 6 3 6 3 9 6 6 3 9 3 3 6 6 6 3 6 6 6 4 6 6 9 6 3 9 9 6 3 9 6 3 6 3 9 9 9 6 9 9 3 3 9 3 6 9 3 3 3 3 6 6 9 6 9 3 6 9 3 9 6 9 6 6 6 6 6 6 3 6 6 6 3 9 3 9 6 3 6 9 9 3 3 9 16668 
6 6 9 6 3 9 12 6 6 3 12 9 3 9 9 9 9 3 9 6 3 6 4 6 3 9 6 6 4 12 3 3 6 8 6 3 6 6 6 3 8 6 9 6 3 9 9 6 3 9 6 3 6 3 9 9 9 6 9 9 3 3 9 3 6 9 3 3 3 3 6 6 9 6 9 3 6 9 3 9 6 9 6 6 6 6 6 6 3 6 6 6 3 9 3 9 6 3 6 9 9 3 3 9 16477 
6 6 9 6 3 9 12 6 6 3 6 9 3 9 9 9 9 3 9 6 3 6 3 6 3 9 6 6 3 9 3 3 6 6 6 3 6 6 6 3 6 8 9 6 3 9 9 6 3 9 6 3 6 3 9 9 9 6 9 9 3 3 9 3 6 9 3 3 3 3 6 6 9 6 9 3 6 9 3 9 6 9 6 6 6 6 6 6 3 6 6 6 3 9 3 9 6 3 6 9 9 3 3 9 16409 
4 4 6 4 2 6 4 4 4 2 4 6 2 6 6 6 6 2 6 4 2 4 2 8 2 6 4 4 2 6 2 2 4 4 4 2 4 4 4 2 4 4 9 4 2 6 6 4 2 6 4 2 4 2 6 6 6 4 6 6 2 2 6 2 4 6 2 2 2 2 4 4 6 4 6 2 4 6 2 6 4 6 4 4 4 4 4 4 2 4 4 4 2 6 2 6 4 2 4 6 6 2 2 6 10808 
6 12 18 6 3 18 6 8 6 3 6 9 3 9 9 9 9 3 9 6 3 6 3 6 3 9 6 6 3 9 3 3 6 6 6 3 6 6 6 3 6 6 9 8 3 9 9 6 3 9 6 3 6 3 9 9 9 6 9 9 3 3 9 3 6 9 3 3 3 3 6 6 9 6 9 3 6 9 3 9 6 9 6 6 6 6 6 6 3 6 6 6 3 9 3 9 6 3 6 9 9 3 3 9 16723 
2 4 6 2 1 3 2 2 2 1 2 3 1 3 3 3 3 1 3 2 1 2 1 2 1 3 4 2 1 3 1 1 2 2 2 1 2 2 2 1 2 2 3 2 2 3 3 2 1 3 2 1 2 1 3 3 3 2 3 3 1 1 3 1 2 3 1 1 1 1 2 2 3 2 3 1 2 3 1 3 2 3 2 2 2 2 2 2 1 2 2 2 1 3 1 3 2 1 2 3 3 1 1 3 5554 
6 12 18 6 3 9 6 6 6 3 6 9 3 9 9 9 9 3 9 6 3 6 3 6 3 9 12 6 3 9 3 3 6 6 6 3 6 6 6 3 6 6 9 6 6 12 9 6 3 9 6 3 6 3 9 9 9 6 9 9 3 3 9 3 6 9 3 3 3 3 6 6 9 6 9 3 6 9 3 9 6 9 6 6 6 6 6 6 3 6 6 6 3 9 3 9 6 3 6 9 9 3 3 9 16730 
6 6 9 6 3 9 12 6 6 3 12 9 3 9 9 9 9 3 9 6 3 6 4 6 3 9 6 6 3 9 3 3 6 6 6 3 6 6 6 3 6 6 9 6 3 9 12 6 3 9 6 3 6 3 9 9 9 6 9 9 3 3 9 3 6 9 3 3 3 3 6 6 9 6 9 3 6 9 3 9 6 9 6 6 6 6 6 6 3 6 6 6 3 9 3 9 6 3 6 9 9 3 3 9 16486 
6 12 9 12 3 9 6 6 8 3 6 9 3 9 9 9 9 3 9 6 3 6 3 6 3 9 6 6 3 9 3 3 6 6 6 3 6 6 6 3 6 6 9 6 3 9 9 8 3 9 6 3 6 3 9 9 9 6 9 9 3 3 9 3 6 9 3 3 3 3 6 6 9 6 9 3 6 9 3 9 6 9 6 6 6 6 6 6 3 6 6 6 3 9 3 9 6 3 6 9 9 3 3 9 16656 
6 12 18 6 3 9 6 6 6 3 6 9 3 9 9 9 9 3 9 6 4 6 3 6 3 9 6 6 3 9 3 3 6 6 8 3 6 6 6 3 6 6 9 6 3 9 9 6 4 9 6 3 6 3 9 9 9 6 9 9 3 3 9 3 6 9 3 3 3 3 6 6 9 6 9 3 6 9 3 9 6 9 6 6 6 6 6 6 3 6 6 6 3 9 3 9 6 3 6 9 9 3 3 9 16762 
6 6 9 6 3 9 12 6 6 3 12 9 3 9 9 9 9 3 9 6 3 6 4 6 3 9 6 6 3 9 3 3 6 6 6 3 6 6 6 3 6 6 9 6 3 9 12 6 3 12 6 3 6 3 9 9 9 6 9 9 3 3 9 3 6 9 3 3 3 3 6 6 9 6 9 3 6 9 3 9 6 9 6 6 6 6 6 6 3 6 6 6 3 9 3 9 6 3 6 9 9 3 3 9 16488 
6 12 9 6 3 9 6 6 6 3 6 9 3 9 9 9 9 3 9 6 3 6 3 6 3 9 6 6 3 9 3 3 6 6 6 3 6 6 6 3 6 6 9 6 3 9 9 6 3 9 8 3 6 3 9 9 9 6 9 9 3 3 9 3 6 9 3 3 3 3 6 6 9 6 9 3 6 9 3 9 6 9 6 6 6 6 6 6 3 6 6 6 3 9 3 9 6 3 6 9 9 3 3 9 16424 
6 6 9 6 3 9 12 6 6 3 6 9 3 9 9 9 12 3 9 6 3 6 3 6 3 9 6 6 3 9 3 3 6 6 6 3 6 6 6 3 6 6 9 6 3 9 9 6 3 9 6 4 6 3 9 9 9 6 9 9 3 3 9 3 6 9 3 3 3 3 6 6 9 6 9 3 6 9 3 9 6 9 6 6 6 6 6 6 3 6 6 6 3 9 3 9 6 3 6 9 9 3 3 9 16477 
2 2 3 2 1 3 2 2 2 1 2 3 1 3 3 3 3 1 3 2 1 2 1 2 1 3 2 2 1 3 1 1 2 2 2 1 2 2 2 1 2 2 3 2 1 3 3 2 1 3 2 1 4 1 3 3 3 2 3 3 1 1 3 1 2 3 1 1 1 1 2 2 3 2 3 1 2 3 1 3 2 3 2 2 2 2 2 2 1 2 2 2 1 3 1 3 2 1 2 3 3 1 1 3 5391 
4 8 12 4 2 6 4 4 4 2 4 6 2 6 6 6 6 2 6 4 2 4 2 4 2 6 8 4 2 6 2 2 4 4 4 2 4 4 4 2 4 4 6 4 2 6 6 4 2 6 4 2 4 3 6 6 6 4 6 6 2 2 6 2 4 6 2 2 2 2 4 4 6 4 6 2 4 6 2 6 4 6 4 4 4 4 4 4 2 4 4 4 2 6 2 6 4 2 4 6 6 2 2 6 11177 
6 6 9 6 3 9 6 6 6 3 6 9 3 9 9 9 9 3 9 6 3 6 3 6 3 9 6 6 3 9 3 3 6 6 6 3 6 6 6 3 6 6 9 6 3 9 9 6 3 9 6 3 6 3 12 9 9 6 9 9 3 3 9 3 6 9 3 3 3 3 6 6 9 6 9 3 6 9 3 9 6 9 6 6 6 6 6 6 3 6 6 6 3 9 3 9 6 3 6 9 9 3 3 9 16144 
6 6 9 6 3 9 12 6 6 3 12 9 3 9 9 9 9 3 9 6 3 6 4 6 4 9 6 6 3 9 3 3 6 6 6 3 6 6 6 3 6 6 9 6 3 9 9 6 3 9 6 3 6 3 9 12 9 6 9 9 3 3 9 3 6 9 3 3 3 3 6 6 9 6 9 3 6 9 3 9 6 9 6 6 6 6 6 6 3 6 6 6 3 9 3 9 6 3 6 9 9 3 3 9 16507 
2 4 6 2 1 3 2 2 2 1 2 3 1 3 3 3 3 1 3 2 1 2 1 2 1 3 4 2 1 3 1 1 2 2 2 1 2 2 2 1 2 2 3 2 2 3 3 2 1 3 2 1 2 1 3 3 6 2 3 3 1 1 3 1 2 3 1 1 1 1 2 2 3 2 3 1 2 3 1 3 2 3 2 2 2 2 2 2 1 2 2 2 1 3 1 3 2 1 2 3 3 1 1 3 5581 
6 6 9 6 3 9 12 6 6 3 6 9 3 9 9 9 9 3 9 6 3 6 3 6 3 9 6 6 3 9 3 3 6 6 6 3 6 6 6 3 6 6 9 6 3 9 9 6 3 9 6 3 6 3 9 9 9 8 9 9 3 3 9 3 6 9 3 3 3 3 6 6 9 6 9 3 6 9 3 9 6 9 6 6 6 6 6 6 3 6 6 6 3 9 3 9 6 3 6 9 9 3 3 9 16469 
6 6 9 6 3 9 12 6 6 3 12 9 3 9 9 9 9 3 9 6 3 6 4 6 3 9 6 6 3 9 3 3 6 6 6 3 6 6 6 3 6 6 9 6 3 9 12 6 3 9 6 3 6 3 9 9 9 6 12 9 3 3 9 3 6 9 3 3 3 3 6 6 9 6 9 3 6 9 3 9 6 9 6 6 6 6 6 6 3 6 6 6 3 9 3 9 6 3 6 9 9 3 3 9 16544 
6 6 9 6 3 9 12 6 6 3 6 9 3 9 9 9 12 3 9 6 3 6 3 6 3 9 6 6 3 9 3 3 6 6 6 3 6 6 6 3 6 6 9 6 3 9 9 6 3 9 6 4 6 3 9 9 9 6 9 12 3 3 9 3 6 9 3 3 3 3 6 6 9 6 9 3 6 9 3 9 6 9 6 6 6 6 6 6 3 6 6 6 3 9 3 9 6 3 6 9 9 3 3 9 16505 
6 6 9 6 3 9 12 6 6 3 12 9 3 9 9 9 9 3 9 6 3 6 4 6 4 9 6 6 3 9 3 3 6 6 6 3 6 6 6 3 6 6 9 6 3 9 9 6 3 9 6 3 6 3 9 9 9 6 9 9 4 3 9 3 6 9 3 3 3 3 6 6 9 6 9 3 6 9 3 9 6 9 6 6 6 6 6 6 3 6 6 6 3 9 3 9 6 3 6 9 9 3 3 9 16517 
6 6 9 6 3 9 12 6 6 3 6 9 3 9 9 9 12 3 9 6 3 6 3 6 3 9 6 6 3 9 3 3 6 6 6 3 6 6 6 3 6 6 9 6 3 9 9 6 3 9 6 3 6 3 9 9 9 6 9 9 3 4 9 3 6 9 3 3 3 3 6 6 9 6 9 3 6 9 3 9 6 9 6 6 6 6 6 6 3 6 6 6 3 9 3 9 6 3 6 9 9 3 3 9 16506 
4 8 12 4 3 6 4 4 4 2 4 6 2 6 6 6 6 2 6 4 2 4 2 4 2 6 4 4 2 6 2 2 4 4 4 2 4 4 4 2 4 4 6 4 2 6 6 4 2 6 4 2 4 2 6 6 6 4 6 6 2 2 9 2 4 6 2 2 2 2 4 4 6 4 6 2 4 6 2 6 4 6 4 4 4 4 4 4 2 4 4 4 2 6 2 6 4 2 4 6 6 2 2 6 11135 
6 6 9 6 3 9 12 6 6 3 12 9 3 9 9 9 9 3 9 6 3 6 3 6 3 9 6 6 3 9 3 3 6 6 6 3 6 6 6 3 6 6 9 6 3 9 9 6 3 9 6 3 6 3 9 9 9 6 9 9 3 3 9 4 6 9 3 3 3 3 6 6 9 6 9 3 6 9 3 9 6 9 6 6 6 6 6 6 3 6 6 6 3 9 3 9 6 3 6 9 9 3 3 9 16426 
4 4 6 4 2 6 4 4 4 2 4 6 2 6 6 6 6 2 12 4 2 4 2 4 2 6 4 4 2 6 2 2 4 4 4 2 4 4 4 2 4 4 6 4 2 6 6 4 2 6 4 2 4 2 6 6 6 4 6 6 2 2 6 2 6 6 2 2 2 2 4 4 6 4 6 2 4 6 2 6 4 6 4 4 4 4 4 4 2 4 4 4 2 6 2 6 4 2 4 6 6 2 2 6 10867 
6 6 9 6 3 9 12 6 6 3 12 9 3 9 9 9 9 3 9 6 3 6 4 6 4 9 6 6 3 9 3 3 6 6 6 3 6 6 6 3 6 6 9 6 3 9 9 6 3 9 6 3 6 3 9 12 9 6 9 9 3 3 9 3 6 12 3 3 3 3 6 6 9 6 9 3 6 9 3 9 6 9 6 6 6 6 6 6 3 6 6 6 3 9 3 9 6 3 6 9 9 3 3 9 16544 
6 6 9 6 3 9 12 6 6 3 12 9 3 9 9 9 9 3 9 6 3 6 3 6 3 9 6 6 3 9 3 3 6 6 6 3 6 6 6 3 6 6 9 6 3 9 9 6 3 9 6 3 6 3 9 9 9 6 9 9 3 3 9 4 6 9 4 3 3 3 6 6 9 6 9 3 6 9 3 9 6 9 6 6 6 6 6 6 3 6 6 6 3 9 3 9 6 3 6 9 9 3 3 9 16494 
4 8 12 4 3 6 4 4 4 2 4 6 2 6 6 6 6 2 6 4 2 4 2 4 2 6 4 4 2 6 2 2 4 4 4 2 4 4 4 2 4 4 6 4 2 6 6 4 2 6 4 2 4 2 6 6 6 4 6 6 2 2 9 2 4 6 2 3 2 2 4 4 6 4 6 2 4 6 2 6 4 6 4 4 4 4 4 4 2 4 4 4 2 6 2 6 4 2 4 6 6 2 2 6 11206 
6 12 18 6 3 9 6 6 6 3 6 9 3 9 9 9 9 3 9 6 3 6 3 6 3 9 12 6 3 9 3 3 6 6 6 3 6 6 6 3 6 6 9 6 3 9 9 6 3 9 6 3 6 3 9 9 9 6 9 9 3 3 9 3 6 9 3 3 4 3 6 6 9 6 9 3 6 9 3 9 6 9 6 6 6 6 6 6 3 6 6 6 3 9 3 9 6 3 6 9 9 3 3 9 16729 
6 6 9 6 3 9 12 6 6 3 6 9 3 9 9 9 9 3 9 6 3 6 3 6 3 9 6 6 3 9 3 3 6 6 6 3 6 6 6 3 6 6 9 6 3 9 9 6 3 9 6 3 6 3 9 9 9 8 9 9 3 3 9 3 6 9 3 3 3 4 6 6 9 6 9 3 6 9 3 9 6 9 6 6 6 6 6 6 3 6 6 6 3 9 3 9 6 3 6 9 9 3 3 9 16545 
6 6 9 6 3 9 6 6 6 3 6 9 3 9 9 9 9 3 9 6 3 6 3 6 3 9 6 6 3 9 3 3 6 6 6 3 6 6 6 3 6 6 9 6 3 9 9 6 3 9 6 3 6 3 9 9 9 6 9 9 3 3 9 3 6 9 3 3 3 3 8 6 9 6 9 3 6 9 3 9 6 9 6 6 6 6 6 6 3 6 6 6 3 9 3 9 6 3 6 9 9 3 3 9 16197 
6 12 18 6 3 9 6 6 6 3 6 9 3 9 9 9 9 3 9 6 3 6 3 6 3 9 12 6 3 9 3 3 6 6 6 3 6 6 6 3 6 6 9 6 6 9 9 6 3 9 6 3 6 3 9 9 18 6 9 9 3 3 9 3 6 9 3 3 3 3 6 8 9 6 9 3 6 9 3 9 6 9 6 6 6 6 6 6 3 6 6 6 3 9 3 9 6 3 6 9 9 3 3 9 16807 
4 8 6 4 2 6 4 4 4 2 4 6 2 6 6 6 6 2 6 4 2 4 2 4 2 6 4 4 2 6 2 2 4 4 4 2 4 4 8 2 4 4 6 4 2 6 6 4 2 6 4 2 4 2 6 6 6 4 6 6 2 2 6 2 4 6 2 2 2 2 4 4 9 4 6 2 4 6 2 6 4 6 4 4 4 4 4 4 2 4 4 4 2 6 2 6 4 2 4 6 6 2 2 6 11120 
4 8 12 4 2 6 4 4 4 2 4 6 2 6 6 6 6 2 6 4 2 4 2 4 2 6 8 4 2 6 2 2 4 4 4 2 4 4 4 2 4 4 6 4 4 6 6 4 2 6 4 2 4 2 6 6 6 4 6 6 2 2 6 2 4 6 2 2 2 2 4 4 6 6 6 2 4 6 2 6 4 6 4 4 4 4 4 4 2 4 4 4 2 6 2 6 4 2 4 6 6 2 2 6 11153 
6 12 9 12 3 9 6 6 6 3 6 12 4 9 9 12 9 3 9 6 3 6 3 6 3 9 6 6 3 9 3 3 6 6 6 3 6 6 6 3 6 6 9 6 3 9 9 6 3 9 6 3 6 3 9 9 9 6 9 9 3 3 9 3 6 9 3 3 3 3 6 6 9 6 12 3 6 9 3 9 6 9 6 6 6 6 6 6 3 6 6 6 3 9 3 9 6 3 6 9 9 3 3 9 16834 
6 6 9 6 3 9 6 6 6 3 6 9 3 9 9 9 9 3 9 6 3 6 3 6 3 9 6 6 3 9 3 3 6 6 6 3 6 6 6 3 6 6 9 6 3 9 9 6 3 9 6 3 6 3 9 9 9 6 9 9 3 3 9 3 6 9 3 3 3 3 6 6 9 6 9 4 6 9 3 9 6 9 6 6 6 6 6 6 3 6 6 6 3 9 3 9 6 3 6 9 9 3 3 9 16214 
4 8 6 4 2 6 4 4 4 2 4 6 2 6 6 6 6 2 6 4 2 4 2 4 2 6 4 4 2 6 2 2 4 4 4 2 4 8 4 2 4 4 6 4 2 6 6 4 2 6 4 2 4 2 6 6 6 4 6 6 2 2 6 2 4 6 2 2 2 2 4 4 6 4 6 2 6 6 2 6 4 6 4 4 4 4 4 4 2 4 4 4 2 6 2 6 4 2 4 6 6 2 2 6 11088 
6 6 9 6 3 9 12 6 6 3 12 9 3 9 9 9 9 3 9 6 3 6 4 6 3 9 6 6 3 9 3 3 6 6 6 3 6 6 6 3 6 6 9 6 3 9 12 6 3 9 6 3 6 3 9 9 9 6 9 9 3 3 9 3 6 9 3 3 3 3 6 6 9 6 9 3 6 12 3 9 6 9 6 6 6 6 6 6 3 6 6 6 3 9 3 9 6 3 6 9 9 3 3 9 16511 
6 12 9 12 3 9 6 6 6 3 6 12 4 9 9 12 9 3 9 6 3 6 3 6 3 9 6 6 3 9 3 3 6 6 6 3 6 6 6 3 6 6 9 6 3 9 9 6 3 9 6 3 6 3 9 9 9 6 9 9 3 3 9 3 6 9 3 3 3 3 6 6 9 6 12 3 6 9 4 9 6 9 6 6 6 6 6 6 3 6 6 6 3 9 3 9 6 3 6 9 9 3 3 9 16923 
6 6 9 6 3 9 6 6 6 3 6 9 3 9 9 9 9 3 9 6 3 6 3 6 3 9 6 6 3 9 3 3 6 6 6 3 6 6 6 3 6 6 9 6 3 9 9 6 3 9 6 3 6 3 9 9 9 6 9 9 3 3 9 3 6 9 3 3 3 3 6 6 9 6 9 4 6 9 3 12 6 9 6 6 6 6 6 6 3 6 6 6 3 9 3 9 6 3 6 9 9 3 3 9 16273 
6 12 9 6 3 9 6 6 6 3 6 9 3 9 9 9 9 3 9 6 3 6 3 6 3 9 6 6 3 9 3 3 6 6 6 3 6 6 6 3 6 6 9 6 3 9 9 6 3 9 8 3 6 3 9 9 9 6 9 9 3 3 9 3 6 9 3 3 3 3 6 6 9 6 9 3 6 9 3 9 8 9 6 6 6 6 6 6 3 6 6 6 3 9 3 9 6 3 6 9 9 3 3 9 16475 
6 12 18 6 3 9 6 6 6 3 6 9 3 9 9 9 9 3 9 6 3 6 3 6 3 9 12 6 3 9 3 3 6 6 6 3 6 6 6 3 6 6 9 6 6 12 9 6 3 9 6 3 6 3 9 9 9 6 9 9 3 3 9 3 6 9 3 3 3 3 6 6 9 6 9 3 6 9 3 9 6 12 6 6 6 6 6 6 3 6 6 6 3 9 3 9 6 3 6 9 9 3 3 9 16754 
6 12 9 12 3 9 6 6 6 3 6 12 4 9 9 9 9 3 9 6 3 6 3 6 3 9 6 6 3 9 4 3 6 6 6 3 6 6 6 3 6 6 9 6 3 9 9 6 3 9 6 3 6 3 9 9 9 6 9 9 3 3 9 3 6 9 3 3 3 3 6 6 9 6 9 3 6 9 3 9 6 9 8 6 6 6 6 6 3 6 6 6 3 9 3 9 6 3 6 9 9 3 3 9 16761 
4 8 12 4 2 6 4 4 4 2 4 6 2 6 6 6 6 2 6 4 2 4 2 4 2 6 4 4 2 6 2 2 4 4 4 2 4 4 4 2 4 4 6 4 2 6 6 4 2 6 4 2 4 2 6 6 6 4 6 6 2 2 6 2 4 6 2 2 2 2 4 4 6 4 6 2 4 6 2 6 4 6 4 6 4 4 4 4 2 4 4 4 2 6 2 6 4 2 4 6 6 2 2 6 11064 
4 8 12 4 2 12 4 4 4 2 4 6 2 6 6 6 6 2 6 4 2 4 2 4 2 6 4 4 2 6 2 2 4 4 4 2 4 4 4 2 4 4 6 4 2 6 6 4 2 6 4 2 4 2 6 6 6 4 6 6 2 2 6 2 4 6 2 2 2 2 4 4 6 4 6 2 4 6 2 6 4 6 4 4 6 4 4 4 2 4 4 4 2 6 2 6 4 2 4 6 6 2 2 6 11103 
6 6 9 6 3 9 12 6 6 3 12 9 3 9 9 9 9 3 9 6 3 6 3 6 3 9 6 6 3 9 3 3 6 6 6 3 6 6 6 3 6 6 9 6 3 9 9 6 3 9 6 3 6 3 9 9 9 6 9 9 3 3 9 3 6 9 3 3 3 3 6 6 9 6 9 3 6 9 3 9 6 9 6 6 6 8 6 6 3 6 6 6 3 9 3 9 6 3 6 9 9 3 3 9 16415 
6 6 9 6 3 9 12 6 6 3 12 9 3 9 9 9 9 3 9 6 3 6 4 6 3 9 6 6 3 9 3 3 6 6 6 3 6 6 6 3 6 6 9 6 3 9 12 6 3 12 6 3 6 3 9 9 9 6 9 9 3 3 9 3 6 9 3 3 3 3 6 6 9 6 9 3 6 9 3 9 6 9 6 6 6 6 8 6 3 6 6 6 3 9 3 9 6 3 6 9 9 3 3 9 16550 
6 12 18 6 3 9 6 6 6 3 6 9 3 9 9 9 9 3 9 6 3 6 3 6 3 9 12 6 3 9 3 3 6 6 6 3 6 6 6 3 6 6 9 6 6 12 9 6 3 9 6 3 6 3 9 9 9 6 9 9 3 3 9 3 6 9 3 3 3 3 6 6 9 6 9 3 6 9 3 9 6 9 6 6 6 6 6 8 3 6 6 6 3 9 3 9 6 3 6 9 9 3 3 9 16818 
2 4 3 2 1 3 2 2 2 1 2 3 1 3 3 3 3 1 3 2 1 2 1 2 1 3 2 2 1 3 1 1 2 2 2 1 2 2 4 1 2 2 3 2 1 3 3 2 1 3 2 1 2 1 3 3 3 2 3 3 1 1 3 1 2 3 1 1 1 1 2 2 3 2 3 1 2 3 1 3 2 3 2 2 2 2 2 2 2 2 2 2 1 3 1 3 2 1 2 3 3 1 1 3 5542 
6 12 18 6 3 9 6 6 6 3 6 9 3 9 9 9 9 3 9 6 3 6 3 6 3 9 12 6 3 9 3 3 6 6 6 3 6 6 6 3 6 6 9 6 6 12 9 6 3 9 6 3 6 3 9 9 9 6 9 9 3 3 9 3 6 9 3 3 3 3 6 6 9 6 9 3 6 9 3 9 6 12 6 6 6 6 6 6 3 8 6 6 3 9 3 9 6 3 6 9 9 3 3 9 16790 
6 6 9 6 3 9 12 6 6 3 12 9 3 9 9 9 9 4 9 6 3 6 3 6 3 9 6 6 3 9 3 3 6 6 6 3 6 6 6 3 6 6 9 6 3 9 9 6 3 9 6 3 6 3 9 9 9 6 9 9 3 3 9 3 6 9 3 3 3 3 6 6 9 6 9 3 6 9 3 9 6 9 6 6 6 6 6 6 3 6 8 6 3 9 3 9 6 3 6 9 9 3 3 9 16498 
6 12 18 6 3 9 6 6 6 3 6 9 3 9 9 9 9 3 9 6 3 6 3 6 3 9 6 6 3 9 3 3 6 6 6 3 6 6 6 3 6 6 9 6 3 9 9 6 3 9 6 3 6 3 9 9 9 6 9 9 3 3 9 3 6 9 3 3 3 3 6 6 9 6 9 3 6 9 3 9 6 9 6 6 6 6 6 6 3 6 6 8 3 9 3 9 6 3 6 9 9 3 3 9 16621 
6 12 9 12 3 9 6 6 6 3 6 9 3 9 9 9 9 3 9 6 3 6 3 6 3 9 6 6 3 9 3 3 6 6 6 3 6 6 6 3 6 6 9 6 3 9 9 6 3 9 6 3 6 3 9 9 9 6 9 9 3 3 9 3 6 9 3 3 3 3 6 6 9 6 9 3 6 9 3 9 6 9 6 6 6 6 6 6 3 6 6 6 4 9 3 9 6 3 6 9 9 3 3 9 16556 
4 8 12 4 2 12 4 4 4 2 4 6 2 6 6 6 6 2 6 4 2 4 2 4 2 6 4 4 2 6 2 2 4 4 4 2 4 4 4 2 4 4 6 4 2 6 6 4 2 6 4 2 4 2 6 6 6 4 6 6 2 2 6 2 4 6 2 2 2 2 4 4 6 4 6 2 4 6 2 6 4 6 4 4 6 4 4 4 2 4 4 4 2 9 2 6 4 2 4 6 6 2 2 6 11118 
6 12 9 12 3 9 6 6 6 3 6 12 4 9 9 9 9 3 9 6 3 6 3 6 3 9 6 6 3 9 3 3 6 6 6 3 6 6 6 3 6 6 9 6 3 9 9 6 3 9 6 3 6 3 9 9 9 6 9 9 3 3 9 3 6 9 3 3 3 3 6 6 9 6 9 3 6 9 3 9 6 9 6 6 6 6 6 6 3 6 6 6 3 9 4 9 6 3 6 9 9 3 3 9 16740 
6 12 18 6 3 9 6 6 6 3 6 9 3 9 9 9 9 3 9 6 4 6 3 6 3 9 6 6 3 9 3 3 6 6 8 3 6 6 6 3 6 6 9 6 3 9 9 6 3 9 6 3 6 3 9 9 9 6 9 9 3 3 9 3 6 9 3 3 3 3 6 6 9 6 9 3 6 9 3 9 6 9 6 6 6 6 6 6 3 6 6 6 3 9 3 12 6 3 6 9 9 3 3 9 16728 
6 6 9 6 3 9 12 6 6 3 12 9 3 9 9 9 9 3 9 6 3 6 3 6 3 9 6 6 3 9 3 3 6 6 6 3 6 6 6 3 6 6 9 6 3 9 9 6 3 9 6 3 6 3 9 9 9 6 9 9 3 3 9 4 6 9 3 3 3 3 6 6 9 6 9 3 6 9 3 9 6 9 6 6 6 6 6 6 3 6 6 6 3 9 3 9 8 3 6 9 9 3 3 9 16497 
4 8 12 4 3 6 4 4 4 2 4 6 2 9 6 6 6 2 6 4 2 4 2 4 2 6 4 4 2 6 2 2 4 4 4 2 4 4 4 2 4 4 6 4 2 6 6 4 2 6 4 2 4 2 6 6 6 4 6 6 2 2 6 2 4 6 2 2 2 2 4 4 6 4 6 2 4 6 2 6 4 6 4 4 4 4 4 4 2 4 4 4 2 6 2 6 4 3 4 6 6 2 2 6 11164 
6 12 18 6 3 9 6 6 6 3 6 9 3 9 9 9 9 3 9 6 3 6 3 6 3 9 12 6 3 9 3 3 6 6 6 3 6 6 6 3 6 6 9 6 6 9 9 6 3 9 6 3 6 3 9 9 18 6 9 9 3 3 9 3 6 9 3 3 3 3 6 6 9 6 9 3 6 9 3 9 6 9 6 6 6 6 6 6 3 6 6 6 3 9 3 9 6 3 8 9 9 3 3 9 16815 
6 12 9 12 3 9 6 6 8 3 6 9 3 9 9 9 9 3 9 6 3 6 3 6 3 9 6 6 3 9 3 3 6 6 6 3 6 6 6 4 6 6 9 6 3 9 9 6 3 9 6 3 6 3 9 9 9 6 9 9 3 3 9 3 6 9 3 3 3 3 6 6 9 6 9 3 6 9 3 9 6 9 6 6 6 6 6 6 3 6 6 6 3 9 3 9 6 3 6 12 9 3 3 9 16753 
4 4 6 4 2 6 8 4 4 2 4 6 2 6 6 6 6 2 6 4 2 4 2 4 2 9 4 4 2 6 2 2 4 4 4 2 4 4 4 2 4 4 6 4 2 6 6 4 2 6 4 2 4 2 6 6 6 4 6 6 2 2 6 2 4 6 2 2 2 2 4 4 6 4 6 2 4 6 2 6 4 6 4 4 4 4 4 4 2 4 4 4 2 6 2 6 4 2 4 6 9 2 2 6 11096 
4 4 6 4 2 6 4 4 4 2 4 6 2 6 6 6 6 2 6 4 2 4 2 8 2 6 4 4 2 6 2 2 4 4 4 2 4 4 4 2 4 4 9 4 2 6 6 4 2 6 4 2 4 2 6 6 6 4 6 6 2 2 6 2 4 6 2 2 2 2 4 4 6 4 6 2 4 6 2 6 4 6 4 4 4 4 4 4 2 4 4 4 2 6 2 6 4 2 4 6 6 3 2 6 10859 
6 6 9 6 3 9 6 6 6 3 6 9 3 9 9 9 9 3 9 6 3 6 3 6 3 9 6 6 3 9 3 3 6 6 6 3 6 6 6 3 6 6 9 6 3 9 9 6 3 9 6 3 6 3 9 9 9 6 9 9 3 3 9 3 6 9 3 3 3 3 6 6 9 6 9 4 6 9 3 12 6 9 6 6 6 6 6 6 3 6 6 6 3 9 3 9 6 3 6 9 9 3 4 9 16286 
6 12 9 6 3 9 6 6 6 3 6 9 3 9 9 9 9 3 9 6 3 6 3 6 3 9 6 6 3 9 3 3 6 6 6 3 6 6 12 3 6 6 9 6 3 9 9 6 3 9 6 3 6 3 9 9 9 6 9 9 3 3 9 3 6 9 3 3 3 3 6 6 9 6 9 3 6 9 3 9 6 9 6 6 6 6 6 6 6 6 6 6 3 9 3 9 6 3 6 9 9 3 3 12 16713 
2 2 3 2 1 3 2 2 2 1 2 3 1 3 3 3 3 1 3 2 1 2 1 2 1 3 2 2 1 3 1 1 2 2 2 1 2 2 2 1 2 2 3 2 1 3 3 2 1 3 2 1 2 1 3 3 3 2 3 3 1 1 3 1 2 3 1 1 1 1 2 2 3 2 3 1 2 3 1 3 2 3 2 2 2 2 2 2 1 2 2 2 1 3 1 3 2 1 2 3 3 1 1 3 5379 
