110
601 168 794 662 938 102 749 56 172 363 955 101 866 112 300 494 123 530 806 394 977 666 128 987 652 842 10 765 36 417 786 330 816 572 350 309 448 170 780 869 858 121 277 985 785 260 201 738 448 62 719 804 686 516 503 968 670 493 51 778 289 233 217 349 82 789 208 873 861 107 897 692 534 981 485 947 464 365 960 299 941 135 217 988 95 769 55 626 358 521 418 807 248 652 921 488 838 442 745 379 484 970 887 915 946 334 888 65 262 156 
758563 378687 381106 381601 947424 757140 379242 378589 759015 380826 379887 764509 760012 763383 189517 380937 379956 764119 759998 760749 763864 189755 760386 765002 380670 766179 768407 764860 760384 192684 758937 761817 760571 764205 949485 381494 381180 192781 759288 195135 196295 379225 380329 782422 948957 383101 581258 765213 570536 383863 194185 765394 771611 758387 196119 766640 762435 381440 948914 946381 760804 762971 758841 762688 759394 589613 948256 585535 758368 765340 584753 762140 761182 763537 382553 761491 767814 382902 952228 381543 760017 381031 763519 765314 766746 975964 769851 765246 763046 757797 197363 949491 388545 780812 774524 949199 379129 765036 572484 950242 948284 762404 758724 382580 765476 773076 766314 383220 189158
4 15 4 12 4 8 12 4 4 8 4 4 12 4 4 4 8 8 12 12 4 12 12 12 8 8 12 12 4 8 12 12 8 12 8 12 12 4 8 4 4 4 12 4 4 4 12 4 4 8 8 4 8 12 4 12 12 8 4 8 8 12 12 12 8 8 8 8 12 4 8 12 12 4 12 12 12 12 8 4 12 4 12 12 8 12 8 4 12 12 8 12 8 12 4 12 4 8 12 4 12 8 4 4 12 8 12 4 12 20353 
2 6 3 6 2 4 6 2 2 4 2 2 6 2 2 2 4 4 6 6 2 6 6 6 4 4 6 6 2 4 6 6 4 6 4 6 6 2 4 2 2 2 6 2 2 2 6 2 2 4 4 2 4 6 2 6 6 4 2 4 4 6 6 6 4 4 4 4 6 2 4 6 6 2 6 6 6 6 4 2 6 2 6 6 4 6 4 2 6 6 4 6 4 6 2 6 2 4 6 2 6 4 2 2 6 4 6 2 6 10162 
2 6 2 9 2 4 6 2 2 4 2 2 6 2 2 2 4 4 6 6 2 6 6 6 4 4 6 6 2 4 6 6 4 6 4 6 6 2 4 2 2 2 6 2 2 2 6 2 2 4 4 2 4 6 2 6 6 4 2 4 4 6 6 6 4 4 4 4 6 2 4 6 6 2 6 6 6 6 4 2 6 2 6 6 4 6 4 2 6 6 4 6 4 6 2 6 2 4 6 2 6 4 2 2 6 4 6 2 6 10224 
2 6 3 6 3 4 6 2 2 4 2 2 6 2 2 2 4 4 6 6 2 6 6 6 4 4 6 6 2 4 6 6 4 6 4 6 6 2 4 2 2 2 6 2 2 2 6 2 2 4 4 2 4 6 2 6 6 4 2 4 4 6 6 6 4 4 4 4 6 2 4 6 6 2 6 6 6 6 4 2 6 2 6 6 4 6 4 2 6 6 4 6 4 6 2 6 2 4 6 2 6 4 2 2 6 4 6 2 6 10245 
5 15 5 15 5 12 15 5 5 10 5 5 15 5 5 5 10 10 15 15 5 15 15 15 10 10 15 15 5 10 15 15 10 15 10 15 15 5 10 5 5 5 15 5 5 5 15 5 5 10 10 5 10 15 5 15 15 10 5 10 10 15 15 15 10 10 10 10 15 5 10 15 15 5 15 15 15 15 10 5 15 5 15 15 10 15 10 5 15 15 10 15 10 15 5 15 5 10 15 5 15 10 5 5 15 10 15 5 15 25422 
4 12 4 12 4 8 15 4 4 8 4 4 12 4 4 4 8 8 12 12 4 12 12 12 8 8 12 12 4 8 12 12 8 12 8 12 12 4 8 4 4 4 12 4 4 4 12 4 4 8 8 4 8 12 4 12 12 8 4 8 8 12 12 12 8 8 8 8 12 4 8 12 12 4 12 12 12 12 8 4 12 4 12 12 8 12 8 4 12 12 8 12 8 12 4 12 4 8 12 4 12 8 4 4 12 8 12 4 12 20312 
2 6 2 6 2 4 6 3 2 4 2 2 6 2 2 2 4 4 6 6 2 6 6 6 4 4 6 6 2 4 6 6 4 6 4 6 6 2 4 2 2 2 6 2 2 2 6 2 2 4 4 2 4 6 2 6 6 4 2 4 4 6 6 6 4 4 4 4 6 2 4 6 6 2 6 6 6 6 4 2 6 2 6 6 4 6 4 2 6 6 4 6 4 6 2 6 2 4 6 2 6 4 2 2 6 4 6 2 6 10176 
2 6 2 6 2 4 6 2 3 4 2 2 6 2 2 2 4 4 6 6 2 6 6 6 4 4 6 6 2 4 6 6 4 6 4 6 6 2 4 2 2 2 6 2 2 2 6 2 2 4 4 2 4 6 2 6 6 4 2 4 4 6 6 6 4 4 4 4 6 2 4 6 6 2 6 6 6 6 4 2 6 2 6 6 4 6 4 2 6 6 4 6 4 6 2 6 2 4 6 2 6 4 2 2 6 4 6 2 6 10157 
4 15 4 12 4 8 12 4 4 10 4 4 12 4 4 4 8 8 12 12 4 12 12 12 8 8 12 12 4 8 12 12 8 12 8 12 12 4 8 4 4 4 12 4 4 4 12 4 4 8 8 4 8 12 4 12 12 8 4 8 8 12 12 12 8 8 8 8 12 4 8 12 12 4 12 12 12 12 8 4 12 4 12 12 8 12 8 4 12 12 8 12 8 12 4 12 4 8 12 4 12 8 4 4 12 8 12 4 12 20361 
2 6 2 6 2 4 6 3 2 4 3 2 6 2 2 2 4 4 6 6 2 6 6 6 4 4 6 6 2 4 6 6 4 6 4 6 6 2 4 2 2 2 6 2 2 2 6 2 2 4 4 2 4 6 2 6 6 4 2 4 4 6 6 6 4 4 4 4 6 2 4 6 6 2 6 6 6 6 4 2 6 2 6 6 4 6 4 2 6 6 4 6 4 6 2 6 2 4 6 2 6 4 2 2 6 4 6 2 6 10221 
2 6 3 6 2 4 6 2 2 4 2 3 6 2 2 2 4 4 6 6 2 6 6 6 4 4 6 6 2 4 6 6 4 6 4 6 6 2 4 2 2 2 6 2 2 2 6 2 2 4 4 2 4 6 2 6 6 4 2 4 4 6 6 6 4 4 4 4 6 2 4 6 6 2 6 6 6 6 4 2 6 2 6 6 4 6 4 2 6 6 4 6 4 6 2 6 2 4 6 2 6 4 2 2 6 4 6 2 6 10195 
4 12 4 12 4 8 12 6 4 8 6 4 15 4 4 4 8 8 12 12 4 12 12 12 8 8 12 12 4 8 12 12 8 12 8 12 12 4 8 4 4 4 12 4 4 4 12 4 4 8 8 4 8 12 4 12 12 8 4 8 8 12 12 12 8 8 8 8 12 4 8 12 12 4 12 12 12 12 8 4 12 4 12 12 8 12 8 4 12 12 8 12 8 12 4 12 4 8 12 4 12 8 4 4 12 8 12 4 12 20516 
4 12 4 12 4 8 12 4 4 8 4 4 12 5 4 4 8 8 12 12 4 12 12 12 8 8 12 12 4 8 12 12 8 12 8 12 12 4 8 4 4 4 12 4 4 4 12 4 4 8 8 4 8 12 4 12 12 8 4 8 8 12 12 12 8 8 8 8 12 4 8 12 12 4 12 12 12 12 8 4 12 4 12 12 8 12 8 4 12 12 8 12 8 12 4 12 4 8 12 4 12 8 4 4 12 8 12 4 12 20398 
4 12 4 12 4 8 12 4 4 8 4 4 12 5 5 4 8 8 12 12 4 12 12 12 8 8 12 12 4 8 12 12 8 12 8 12 12 4 8 4 4 4 12 4 4 4 12 4 4 8 8 4 8 12 4 12 12 8 4 8 8 12 12 12 8 8 8 8 12 4 8 12 12 4 12 12 12 12 8 4 12 4 12 12 8 12 8 4 12 12 8 12 8 12 4 12 4 8 12 4 12 8 4 4 12 8 12 4 12 20493 
1 3 1 3 1 2 3 1 1 2 1 1 3 1 1 2 2 2 3 3 1 3 3 3 2 2 3 3 1 2 3 3 2 3 2 3 3 1 2 1 1 1 3 1 1 1 3 1 1 2 2 1 2 3 1 3 3 2 1 2 2 3 3 3 2 2 2 2 3 1 2 3 3 1 3 3 3 3 2 1 3 1 3 3 2 3 2 1 3 3 2 3 2 3 1 3 1 2 3 1 3 2 1 1 3 2 3 1 3 5086 
2 6 3 6 2 4 6 2 2 4 2 3 6 2 2 2 6 4 6 6 2 6 6 6 4 4 6 6 2 4 6 6 4 6 4 6 6 2 4 2 2 2 6 2 2 2 6 2 2 4 4 2 4 6 2 6 6 4 2 4 4 6 6 6 4 4 4 4 6 2 4 6 6 2 6 6 6 6 4 2 6 2 6 6 4 6 4 2 6 6 4 6 4 6 2 6 2 4 6 2 6 4 2 2 6 4 6 2 6 10225 
2 6 2 6 2 4 6 2 2 4 2 2 6 2 2 2 4 6 6 6 2 6 6 6 4 4 6 6 2 4 6 6 4 6 4 6 6 2 4 2 2 2 6 2 2 2 6 2 2 4 4 2 4 6 2 6 6 4 2 4 4 6 6 6 4 4 4 4 6 2 4 6 6 2 6 6 6 6 4 2 6 2 6 6 4 6 4 2 6 6 4 6 4 6 2 6 2 4 6 2 6 4 2 2 6 4 6 2 6 10198 
4 12 6 12 6 8 12 4 4 8 4 4 12 4 4 4 8 8 15 12 4 12 12 12 8 8 12 12 4 8 12 12 8 12 8 12 12 4 8 4 4 4 12 4 4 4 12 4 4 8 8 4 8 12 4 12 12 8 4 8 8 12 12 12 8 8 8 8 12 4 8 12 12 4 12 12 12 12 8 4 12 4 12 12 8 12 8 4 12 12 8 12 8 12 4 12 4 8 12 4 12 8 4 4 12 8 12 4 12 20515 
4 15 4 12 4 8 12 4 4 10 4 4 12 4 4 4 8 8 12 15 4 12 12 12 8 8 12 12 4 8 12 12 8 12 8 12 12 4 8 4 4 4 12 4 4 4 12 4 4 8 8 4 8 12 4 12 12 8 4 8 8 12 12 12 8 8 8 8 12 4 8 12 12 4 12 12 12 12 8 4 12 4 12 12 8 12 8 4 12 12 8 12 8 12 4 12 4 8 12 4 12 8 4 4 12 8 12 4 12 20383 
4 15 4 12 4 8 12 4 4 8 4 4 12 4 4 4 8 8 12 12 5 12 12 12 8 8 12 12 4 8 12 12 8 12 8 12 12 4 8 4 4 4 12 4 4 4 12 4 4 8 8 4 8 12 4 12 12 8 4 8 8 12 12 12 8 8 8 8 12 4 8 12 12 4 12 12 12 12 8 4 12 4 12 12 8 12 8 4 12 12 8 12 8 12 4 12 4 8 12 4 12 8 4 4 12 8 12 4 12 20413 
4 15 4 12 4 8 12 4 4 8 4 4 12 4 4 4 8 8 12 12 5 15 12 12 8 8 12 12 4 8 12 12 8 12 8 12 12 4 8 4 4 4 12 4 4 4 12 4 4 8 8 4 8 12 4 12 12 8 4 8 8 12 12 12 8 8 8 8 12 4 8 12 12 4 12 12 12 12 8 4 12 4 12 12 8 12 8 4 12 12 8 12 8 12 4 12 4 8 12 4 12 8 4 4 12 8 12 4 12 20502 
1 3 1 3 1 2 3 1 1 2 1 1 3 1 1 1 2 2 3 3 1 3 6 3 2 2 3 3 1 2 3 3 2 3 2 3 3 1 2 1 1 1 3 1 1 1 3 1 1 2 2 1 2 3 1 3 3 2 1 2 2 3 3 3 2 2 2 2 3 1 2 3 3 1 3 3 3 3 2 1 3 1 3 3 2 3 2 1 3 3 2 3 2 3 1 3 1 2 3 1 3 2 1 1 3 2 3 1 3 5091 
4 15 4 12 4 8 12 4 4 8 4 4 12 4 4 4 8 8 12 12 4 12 12 15 8 8 12 12 4 8 12 12 8 12 8 12 12 4 8 4 4 4 12 4 4 4 12 4 4 8 8 4 8 12 4 12 12 8 4 8 8 12 12 12 8 8 8 8 12 4 8 12 12 4 12 12 12 12 8 4 12 4 12 12 8 12 8 4 12 12 8 12 8 12 4 12 4 8 12 4 12 8 4 4 12 8 12 4 12 20399 
4 12 6 12 4 8 12 4 4 8 4 6 12 4 4 4 12 8 12 12 4 12 12 12 10 8 12 12 4 8 12 12 8 12 8 12 12 4 8 4 4 4 12 4 4 4 12 4 4 8 8 4 8 12 4 12 12 8 4 8 8 12 12 12 8 8 8 8 12 4 8 12 12 4 12 12 12 12 8 4 12 4 12 12 8 12 8 4 12 12 8 12 8 12 4 12 4 8 12 4 12 8 4 4 12 8 12 4 12 20536 
2 6 2 6 2 4 6 2 2 4 2 2 6 2 2 2 4 4 6 6 2 6 12 6 4 6 6 6 2 4 6 6 4 6 4 6 6 2 4 2 2 2 6 2 2 2 6 2 2 4 4 2 4 6 2 6 6 4 2 4 4 6 6 6 4 4 4 4 6 2 4 6 6 2 6 6 6 6 4 2 6 2 6 6 4 6 4 2 6 6 4 6 4 6 2 6 2 4 6 2 6 4 2 2 6 4 6 2 6 10212 
4 12 4 12 4 8 12 6 4 8 6 4 15 4 4 4 8 8 12 12 4 12 12 12 8 8 15 12 4 8 12 12 8 12 8 12 12 4 8 4 4 4 12 4 4 4 12 4 4 8 8 4 8 12 4 12 12 8 4 8 8 12 12 12 8 8 8 8 12 4 8 12 12 4 12 12 12 12 8 4 12 4 12 12 8 12 8 4 12 12 8 12 8 12 4 12 4 8 12 4 12 8 4 4 12 8 12 4 12 20556 
4 12 6 12 4 8 12 4 4 8 4 6 12 4 4 4 12 8 12 12 4 12 12 12 10 8 12 15 4 8 12 12 8 12 8 12 12 4 8 4 4 4 12 4 4 4 12 4 4 8 8 4 8 12 4 12 12 8 4 8 8 12 12 12 8 8 8 8 12 4 8 12 12 4 12 12 12 12 8 4 12 4 12 12 8 12 8 4 12 12 8 12 8 12 4 12 4 8 12 4 12 8 4 4 12 8 12 4 12 20626 
4 12 6 12 6 8 12 4 4 8 4 4 12 4 4 4 8 8 12 12 4 12 12 12 8 8 12 12 5 8 12 12 8 12 8 12 12 4 8 4 4 4 12 4 4 4 12 4 4 8 8 4 8 12 4 12 12 8 4 8 8 12 12 12 8 8 8 8 12 4 8 12 12 4 12 12 12 12 8 4 12 4 12 12 8 12 8 4 12 12 8 12 8 12 4 12 4 8 12 4 12 8 4 4 12 8 12 4 12 20536 
4 12 4 12 4 8 12 6 4 8 4 4 12 4 4 4 8 8 12 12 4 12 12 12 8 8 12 12 4 10 12 12 8 12 8 12 12 4 8 4 4 4 12 4 4 4 12 4 4 8 8 4 8 12 4 12 12 8 4 8 8 12 12 12 8 8 8 8 12 4 8 12 12 4 12 12 12 12 8 4 12 4 12 12 8 12 8 4 12 12 8 12 8 12 4 12 4 8 12 4 12 8 4 4 12 8 12 4 12 20406 
1 3 1 3 1 2 3 1 1 2 1 1 3 1 1 1 2 2 3 3 1 3 6 3 2 2 3 3 1 2 6 3 2 3 2 3 3 1 2 1 1 1 3 1 1 1 3 1 1 2 2 1 2 3 1 3 3 2 1 2 2 3 3 3 2 2 2 2 3 1 2 3 3 1 3 3 3 3 2 1 3 1 3 3 2 3 2 1 3 3 2 3 2 3 1 3 1 2 3 1 3 2 1 1 3 2 3 1 3 5171 
4 15 4 12 4 8 12 4 4 8 4 4 12 4 4 4 8 8 12 12 4 12 12 12 8 8 12 12 4 8 12 15 8 12 8 12 12 4 8 4 4 4 12 4 4 4 12 4 4 8 8 4 8 12 4 12 12 8 4 8 8 12 12 12 8 8 8 8 12 4 8 12 12 4 12 12 12 12 8 4 12 4 12 12 8 12 8 4 12 12 8 12 8 12 4 12 4 8 12 4 12 8 4 4 12 8 12 4 12 20360 
4 15 4 12 4 8 12 4 4 10 4 4 12 4 4 4 8 8 12 15 4 12 12 12 8 8 12 12 4 8 12 12 10 12 8 12 12 4 8 4 4 4 12 4 4 4 12 4 4 8 8 4 8 12 4 12 12 8 4 8 8 12 12 12 8 8 8 8 12 4 8 12 12 4 12 12 12 12 8 4 12 4 12 12 8 12 8 4 12 12 8 12 8 12 4 12 4 8 12 4 12 8 4 4 12 8 12 4 12 20434 
4 15 4 12 4 8 12 4 4 10 4 4 12 4 4 4 8 8 12 12 4 12 12 12 8 8 12 12 4 8 12 12 8 15 8 12 12 4 8 4 4 4 12 4 4 4 12 4 4 8 8 4 8 12 4 12 12 8 4 8 8 12 12 12 8 8 8 8 12 4 8 12 12 4 12 12 12 12 8 4 12 4 12 12 8 12 8 4 12 12 8 12 8 12 4 12 4 8 12 4 12 8 4 4 12 8 12 4 12 20398 
4 12 4 12 4 8 12 4 4 8 4 4 12 5 5 4 8 8 12 12 4 12 12 12 8 8 12 12 4 8 12 12 8 12 10 12 12 4 8 4 4 4 12 4 4 4 12 4 4 8 8 4 8 12 4 12 12 8 4 8 8 12 12 12 8 8 8 8 12 4 8 12 12 4 12 12 12 12 8 4 12 4 12 12 8 12 8 4 12 12 8 12 8 12 4 12 4 8 12 4 12 8 4 4 12 8 12 4 12 20511 
5 15 5 15 5 10 15 5 5 10 5 5 15 5 5 5 10 10 15 15 5 15 30 15 10 10 15 15 5 10 15 15 10 15 10 18 15 5 10 5 5 5 15 5 5 5 15 5 5 10 10 5 10 15 5 15 15 10 5 10 10 15 15 15 10 10 10 10 15 5 10 15 15 5 15 15 15 15 10 5 15 5 15 15 10 15 10 5 15 15 10 15 10 15 5 15 5 10 15 5 15 10 5 5 15 10 15 5 15 25471 
2 6 2 9 2 4 6 2 2 4 2 2 6 2 2 2 4 4 6 6 2 6 6 6 4 4 6 6 2 4 6 6 4 6 4 6 9 2 4 2 2 2 6 2 2 2 6 2 2 4 4 2 4 6 2 6 6 4 2 4 4 6 6 6 4 4 4 4 6 2 4 6 6 2 6 6 6 6 4 2 6 2 6 6 4 6 4 2 6 6 4 6 4 6 2 6 2 4 6 2 6 4 2 2 6 4 6 2 6 10235 
2 6 3 6 2 4 6 2 2 4 2 3 6 2 2 2 6 4 6 6 2 6 6 6 4 4 6 6 2 4 6 6 4 6 4 6 6 3 4 2 2 2 6 2 2 2 6 2 2 4 4 2 4 6 2 6 6 4 2 4 4 6 6 6 4 4 4 4 6 2 4 6 6 2 6 6 6 6 4 2 6 2 6 6 4 6 4 2 6 6 4 6 4 6 2 6 2 4 6 2 6 4 2 2 6 4 6 2 6 10230 
1 3 1 3 1 2 3 1 1 2 1 1 3 1 1 2 2 2 3 3 1 3 3 3 2 2 3 3 1 2 3 3 2 3 2 3 3 1 4 1 1 1 3 1 1 1 3 1 1 2 2 1 2 3 1 3 3 2 1 2 2 3 3 3 2 2 2 2 3 1 2 3 3 1 3 3 3 3 2 1 3 1 3 3 2 3 2 1 3 3 2 3 2 3 1 3 1 2 3 1 3 2 1 1 3 2 3 1 3 5176 
4 15 4 12 4 8 12 4 4 8 4 4 12 4 4 4 8 8 12 12 4 12 12 12 8 8 12 12 4 8 12 12 8 12 8 12 12 4 8 5 4 4 12 4 4 4 12 4 4 8 8 4 8 12 4 12 12 8 4 8 8 12 12 12 8 8 8 8 12 4 8 12 12 4 12 12 12 12 8 4 12 4 12 12 8 12 8 4 12 12 8 12 8 12 4 12 4 8 12 4 12 8 4 4 12 8 12 4 12 20372 
1 3 1 3 1 2 3 1 1 2 1 1 3 1 1 1 2 2 3 3 1 3 6 3 2 2 3 3 1 2 6 3 2 3 2 3 3 1 2 1 2 1 3 1 1 1 3 1 1 2 2 1 2 3 1 3 3 2 1 2 2 3 3 3 2 2 2 2 3 1 2 3 3 1 3 3 3 3 2 1 3 1 3 3 2 3 2 1 3 3 2 3 2 3 1 3 1 2 3 1 3 2 1 1 3 2 3 1 3 5239 
1 3 1 3 1 2 3 1 1 2 1 1 3 1 1 1 2 2 3 3 1 3 6 3 2 2 3 3 1 2 6 3 2 3 2 3 3 1 2 1 2 2 3 1 1 1 3 1 1 2 2 1 2 3 1 3 3 2 1 2 2 3 3 3 2 2 2 2 3 1 2 3 3 1 3 3 3 3 2 1 3 1 3 3 2 3 2 1 3 3 2 3 2 3 1 3 1 2 3 1 3 2 1 1 3 2 3 1 3 5270 
2 6 3 6 2 4 6 2 2 4 2 2 6 2 2 2 4 4 6 6 2 6 6 6 4 4 6 6 2 4 6 6 4 6 4 6 6 2 4 2 2 2 9 2 2 2 6 2 2 4 4 2 4 6 2 6 6 4 2 4 4 6 6 6 4 4 4 4 6 2 4 6 6 2 6 6 6 6 4 2 6 2 6 6 4 6 4 2 6 6 4 6 4 6 2 6 2 4 6 2 6 4 2 2 6 4 6 2 6 10173 
2 6 2 6 2 4 6 2 2 4 2 2 6 2 2 4 4 4 6 6 2 6 6 6 4 4 6 6 2 4 6 6 4 6 4 6 6 2 4 2 2 2 6 3 2 2 6 2 2 4 4 2 4 6 2 6 6 4 2 4 4 6 6 6 4 4 4 4 6 2 4 6 6 2 6 6 6 6 4 2 6 2 6 6 4 6 4 2 6 6 4 6 4 6 2 6 2 4 6 2 6 4 2 2 6 4 6 2 6 10209 
4 12 4 12 4 8 12 4 4 8 4 4 12 4 4 4 8 8 12 12 4 12 24 12 8 8 12 12 4 8 24 12 8 12 8 12 12 4 8 4 8 4 12 4 5 4 12 4 4 8 8 4 8 12 4 12 12 8 4 8 8 12 12 12 8 8 8 8 12 4 8 12 12 4 12 12 12 12 8 4 12 4 12 12 8 12 8 4 12 12 8 12 8 12 4 12 4 8 12 4 12 8 4 4 12 8 12 4 12 21007 
5 15 5 15 5 10 15 5 5 10 5 5 15 5 5 10 10 10 15 15 5 15 15 15 10 10 15 15 5 10 15 15 10 15 10 15 15 5 10 5 5 5 15 5 5 6 15 5 5 10 10 5 10 15 5 15 15 10 5 10 10 15 15 15 10 10 10 10 15 5 10 15 15 5 15 15 15 15 10 5 15 5 15 15 10 15 10 5 15 15 10 15 10 15 5 15 5 10 15 5 15 10 5 5 15 10 15 5 15 25469 
2 6 3 6 2 4 6 2 2 4 2 3 6 2 2 2 4 4 6 6 2 6 6 6 4 4 6 6 2 4 6 6 4 6 4 6 6 2 4 2 2 2 6 2 2 2 9 2 2 4 4 2 4 6 2 6 6 4 2 4 4 6 6 6 4 4 4 4 6 2 4 6 6 2 6 6 6 6 4 2 6 2 6 6 4 6 4 2 6 6 4 6 4 6 2 6 2 4 6 2 6 4 2 2 6 4 6 2 6 10284 
3 9 3 9 3 6 9 3 3 6 3 3 9 3 3 3 6 6 9 9 3 9 18 9 6 6 9 9 3 6 18 9 6 9 6 9 9 3 6 3 3 3 9 3 3 3 9 4 3 6 6 3 6 9 3 9 9 6 3 6 6 9 9 9 6 6 6 6 9 3 6 9 9 3 9 9 9 9 6 3 9 3 9 9 6 9 6 3 9 9 6 9 6 9 3 9 3 6 9 3 9 6 3 3 9 6 9 3 9 15603 
4 12 4 12 4 8 12 4 4 8 4 4 12 5 5 4 8 8 12 12 4 12 12 12 8 8 12 12 4 8 12 12 8 12 10 12 12 4 8 4 4 4 12 4 4 4 12 4 5 8 8 4 8 12 4 12 12 8 4 8 8 12 12 12 8 8 8 8 12 4 8 12 12 4 12 12 12 12 8 4 12 4 12 12 8 12 8 4 12 12 8 12 8 12 4 12 4 8 12 4 12 8 4 4 12 8 12 4 12 20539 
3 9 3 9 3 6 9 3 3 6 3 3 9 3 3 6 6 6 9 9 3 9 9 9 6 6 9 9 3 6 9 9 6 9 6 9 9 3 6 3 3 3 9 3 3 3 9 3 3 8 6 3 6 9 3 9 9 6 3 6 6 9 9 9 6 6 6 6 9 3 6 9 9 3 9 9 9 9 6 3 9 3 9 9 6 9 6 3 9 9 6 9 6 9 3 9 3 6 9 3 9 6 3 3 9 6 9 3 9 15311 
2 6 3 6 2 4 6 2 2 4 2 3 6 2 2 2 6 4 6 6 2 6 6 6 4 4 6 6 2 4 6 6 4 6 4 6 6 3 4 2 2 2 6 2 2 2 6 2 2 4 6 2 4 6 2 6 6 4 2 4 4 6 6 6 4 4 4 4 6 2 4 6 6 2 6 6 6 6 4 2 6 2 6 6 4 6 4 2 6 6 4 6 4 6 2 6 2 4 6 2 6 4 2 2 6 4 6 2 6 10303 
1 3 1 3 1 2 3 1 1 2 1 1 3 1 1 2 2 2 3 3 1 3 3 3 2 2 3 3 1 2 3 3 2 3 2 3 3 1 4 1 1 1 3 1 1 1 3 1 1 2 2 2 2 3 1 3 3 2 1 2 2 3 3 3 2 2 2 2 3 1 2 3 3 1 3 3 3 3 2 1 3 1 3 3 2 3 2 1 3 3 2 3 2 3 1 3 1 2 3 1 3 2 1 1 3 2 3 1 3 5216 
4 12 4 18 4 8 12 4 4 8 4 4 12 4 4 4 8 8 12 12 4 12 12 12 8 8 12 12 4 8 12 12 8 12 8 12 12 4 8 4 4 4 12 4 4 4 12 4 4 8 8 4 10 12 4 12 12 8 4 8 8 12 12 12 8 8 8 8 12 4 8 12 12 4 12 12 12 12 8 4 12 4 12 12 8 12 8 4 12 12 8 12 8 12 4 12 4 8 12 4 12 8 4 4 12 8 12 4 12 20534 
4 12 6 12 4 8 12 4 4 8 4 6 12 4 4 4 12 8 12 12 4 12 12 12 10 8 12 15 4 8 12 12 8 12 8 12 12 4 8 4 4 4 12 4 4 4 12 4 4 8 8 4 8 15 4 12 12 8 4 8 8 12 12 12 8 8 8 8 12 4 8 12 12 4 12 12 12 12 8 4 12 4 12 12 8 12 8 4 12 12 8 12 8 12 4 12 4 8 12 4 12 8 4 4 12 8 12 4 12 20710 
4 12 4 12 4 8 12 4 4 8 4 4 12 4 4 8 8 8 12 12 4 12 12 12 8 8 12 12 4 8 12 12 8 12 8 12 12 4 8 4 4 4 12 4 4 4 12 4 4 8 8 4 8 12 5 12 12 8 4 8 8 12 12 12 8 8 8 8 12 4 8 12 12 4 12 12 12 12 8 4 12 4 12 12 8 12 8 4 12 12 8 12 8 12 4 12 4 8 12 4 12 8 4 4 12 8 12 4 12 20353 
1 3 1 3 1 2 3 1 1 2 1 1 3 1 1 1 2 2 3 3 1 3 6 3 2 2 3 3 1 2 6 3 2 3 2 3 3 1 2 1 2 1 3 1 1 1 3 1 1 2 2 1 2 3 1 6 3 2 1 2 2 3 3 3 2 2 2 2 3 1 2 3 3 1 3 3 3 3 2 1 3 1 3 3 2 3 2 1 3 3 2 3 2 3 1 3 1 2 3 1 3 2 1 1 3 2 3 1 3 5263 
4 12 4 12 4 8 12 4 4 8 4 4 12 5 5 4 8 8 12 12 4 12 12 12 8 8 12 12 4 8 12 12 8 12 10 12 12 4 8 4 4 4 12 4 4 4 12 4 4 8 8 4 8 12 4 12 15 8 4 8 8 12 12 12 8 8 8 8 12 4 8 12 12 4 12 12 12 12 8 4 12 4 12 12 8 12 8 4 12 12 8 12 8 12 4 12 4 8 12 4 12 8 4 4 12 8 12 4 12 20575 
4 12 6 12 4 8 12 4 4 8 4 6 12 4 4 4 12 8 12 12 4 12 12 12 8 8 12 12 4 8 12 12 8 12 8 12 12 4 8 4 4 4 12 4 4 4 12 4 4 8 8 4 8 12 4 12 12 10 4 8 8 12 12 12 8 8 8 8 12 4 8 12 12 4 12 12 12 12 8 4 12 4 12 12 8 12 8 4 12 12 8 12 8 12 4 12 4 8 12 4 12 8 4 4 12 8 12 4 12 20463 
2 6 2 6 2 4 6 2 2 4 2 2 6 2 2 4 4 4 6 6 2 6 6 6 4 4 6 6 2 4 6 6 4 6 4 6 6 2 4 2 2 2 6 2 2 2 6 2 2 4 4 2 4 6 2 6 6 4 3 4 4 6 6 6 4 4 4 4 6 2 4 6 6 2 6 6 6 6 4 2 6 2 6 6 4 6 4 2 6 6 4 6 4 6 2 6 2 4 6 2 6 4 2 2 6 4 6 2 6 10240 
5 15 5 15 5 10 15 5 5 10 5 5 15 5 5 5 10 10 15 15 5 15 15 15 10 10 15 15 5 10 15 15 10 15 10 15 15 5 10 5 5 5 15 5 5 5 15 5 5 10 10 5 10 15 5 15 15 10 5 12 10 15 15 15 10 10 10 10 15 5 10 15 15 5 15 15 15 15 10 5 15 5 15 15 10 15 10 5 15 15 10 15 10 15 5 15 5 10 15 5 15 10 5 5 15 10 15 5 15 25466 
5 15 5 15 5 10 15 5 5 10 5 5 15 5 5 5 10 10 15 15 5 15 15 15 10 10 15 15 5 10 15 15 10 15 10 15 15 5 10 5 5 5 15 5 5 5 15 5 5 10 10 5 10 15 5 15 15 10 5 10 12 15 15 15 10 10 10 10 15 5 10 15 15 5 15 15 15 15 10 5 15 5 15 15 10 15 10 5 15 15 10 15 10 15 5 15 5 10 15 5 15 10 5 5 15 10 15 5 15 25395 
4 12 6 12 4 8 12 4 4 8 4 6 12 4 4 4 8 8 12 12 4 12 12 12 8 8 12 12 4 8 12 12 8 12 8 12 12 4 8 4 4 4 12 4 4 4 12 4 4 8 8 4 8 12 4 12 12 8 4 8 8 15 12 12 8 8 8 8 12 4 8 12 12 4 12 12 12 12 8 4 12 4 12 12 8 12 8 4 12 12 8 12 8 12 4 12 4 8 12 4 12 8 4 4 12 8 12 4 12 20413 
4 15 4 12 4 8 12 4 4 8 4 4 12 4 4 4 8 8 12 12 4 12 12 12 8 8 12 12 4 8 12 12 8 12 8 12 12 4 8 5 4 4 12 4 4 4 12 4 4 8 8 4 8 12 4 12 12 8 4 8 8 12 15 12 8 8 8 8 12 4 8 12 12 4 12 12 12 12 8 4 12 4 12 12 8 12 8 4 12 12 8 12 8 12 4 12 4 8 12 4 12 8 4 4 12 8 12 4 12 20469 
4 12 4 12 4 8 12 4 4 8 4 4 12 4 4 8 8 8 12 12 4 12 12 12 8 8 12 12 4 8 12 12 8 12 8 12 12 4 8 4 4 4 12 4 4 4 12 4 4 8 8 4 8 12 5 12 12 8 4 8 8 12 12 15 8 8 8 8 12 4 8 12 12 4 12 12 12 12 8 4 12 4 12 12 8 12 8 4 12 12 8 12 8 12 4 12 4 8 12 4 12 8 4 4 12 8 12 4 12 20361 
4 15 4 12 4 8 12 4 4 8 4 4 12 4 4 4 8 8 12 12 4 12 12 12 8 8 12 12 4 8 12 12 8 12 8 12 12 4 8 5 4 4 12 4 4 4 12 4 4 8 8 4 8 12 4 12 12 8 4 8 8 12 12 12 10 8 8 8 12 4 8 12 12 4 12 12 12 12 8 4 12 4 12 12 8 12 8 4 12 12 8 12 8 12 4 12 4 8 12 4 12 8 4 4 12 8 12 4 12 20464 
4 12 4 12 4 8 12 4 4 8 4 4 12 4 4 8 8 8 12 12 4 12 12 12 8 8 12 12 4 8 12 12 8 12 8 12 12 4 8 4 4 4 12 4 4 4 12 4 4 8 8 4 8 12 5 12 12 8 4 8 8 12 12 12 8 10 8 8 12 4 8 12 12 4 12 12 12 12 8 4 12 4 12 12 8 12 8 4 12 12 8 12 8 12 4 12 4 8 12 4 12 8 4 4 12 8 12 4 12 20380 
3 9 3 9 3 6 9 3 3 6 3 3 9 3 3 3 6 6 9 9 3 9 18 9 6 6 9 9 3 6 18 9 6 9 6 9 9 3 6 3 6 6 9 3 3 3 9 3 3 6 6 3 6 9 3 9 9 6 3 6 6 9 9 9 6 6 8 6 9 3 6 9 9 3 9 9 9 9 6 3 9 3 9 9 6 9 6 3 9 9 6 9 6 9 3 9 3 6 9 3 9 6 3 3 9 6 9 3 9 15828 
5 15 5 15 5 10 15 5 5 10 5 5 15 5 5 10 10 10 15 15 5 15 15 15 10 10 15 15 5 10 15 15 10 15 10 15 15 5 10 5 5 5 15 5 5 5 15 5 5 10 10 5 10 15 5 15 15 10 5 10 10 15 15 15 10 10 10 12 15 5 10 15 15 5 15 15 15 15 10 5 15 5 15 15 10 15 10 5 15 15 10 15 10 15 5 15 5 10 15 5 15 10 5 5 15 10 15 5 15 25445 
3 9 3 9 3 6 9 3 3 6 3 3 9 3 3 6 6 6 9 9 3 9 9 9 6 6 9 9 3 6 9 9 6 9 6 9 9 3 12 3 3 3 9 3 3 3 9 3 3 6 6 6 6 9 3 9 9 6 3 6 6 9 9 9 6 6 6 6 12 3 6 9 9 3 9 9 9 9 6 3 9 3 9 9 6 9 6 3 9 9 6 9 6 9 3 9 3 6 9 3 9 6 3 3 9 6 9 3 9 15731 
4 12 4 12 4 8 12 4 4 8 4 4 12 4 4 8 8 8 12 12 4 12 12 12 8 8 12 12 4 8 12 12 8 12 8 12 12 4 8 4 4 4 12 4 4 4 12 4 4 8 8 4 8 12 4 12 12 8 4 8 8 12 12 12 8 8 8 8 12 5 8 12 12 4 12 12 12 12 8 4 12 4 12 12 8 12 8 4 12 12 8 12 8 12 4 12 4 8 12 4 12 8 4 4 12 8 12 4 12 20350 
4 12 6 12 6 8 12 4 4 8 4 4 12 4 4 4 8 8 12 12 4 12 12 12 8 8 12 12 4 8 12 12 8 12 8 12 12 4 8 4 4 4 12 4 4 4 12 4 4 8 8 4 8 12 4 12 12 8 4 8 8 12 12 12 8 8 8 8 12 4 10 12 12 4 12 12 12 12 8 4 12 4 12 12 8 12 8 4 12 12 8 12 8 12 4 12 4 8 12 4 12 8 4 4 12 8 12 4 12 20548 
3 9 3 9 3 6 9 3 3 6 3 3 9 3 3 3 6 6 9 9 3 9 18 9 6 6 9 9 3 6 18 9 6 9 6 9 9 3 6 3 3 3 9 3 3 3 9 4 3 6 6 3 6 9 3 9 9 6 3 6 6 9 9 9 6 6 6 6 9 3 6 12 9 3 9 9 9 9 6 3 9 3 9 9 6 9 6 3 9 9 6 9 6 9 3 9 3 6 9 3 9 6 3 3 9 6 9 3 9 15696 
4 12 4 12 4 8 12 4 4 8 4 4 12 4 4 8 8 8 12 12 4 12 12 12 8 8 12 12 4 8 12 12 8 12 8 12 12 4 8 4 4 4 12 4 4 4 12 4 4 8 8 4 8 12 5 12 12 8 4 8 8 12 12 15 8 8 8 8 12 4 8 12 15 4 12 12 12 12 8 4 12 4 12 12 8 12 8 4 12 12 8 12 8 12 4 12 4 8 12 4 12 8 4 4 12 8 12 4 12 20455 
4 15 4 12 4 8 12 4 4 8 4 4 12 4 4 4 8 8 12 12 4 12 12 12 8 8 12 12 4 8 12 12 8 12 8 12 12 4 8 5 4 4 12 4 4 4 12 4 4 8 8 4 8 12 4 12 12 8 4 8 8 12 12 12 8 8 8 8 12 4 8 12 12 5 12 12 12 12 8 4 12 4 12 12 8 12 8 4 12 12 8 12 8 12 4 12 4 8 12 4 12 8 4 4 12 8 12 4 12 20425 
4 12 4 12 4 8 12 6 4 8 4 4 12 4 4 4 8 8 12 12 4 12 12 12 8 8 12 12 4 10 12 12 8 12 8 12 12 4 8 4 4 4 12 4 4 4 12 4 4 8 8 4 8 12 4 12 12 8 4 8 8 12 12 12 8 8 8 8 12 4 8 12 12 4 15 12 12 12 8 4 12 4 12 12 8 12 8 4 12 12 8 12 8 12 4 12 4 8 12 4 12 8 4 4 12 8 12 4 12 20496 
2 6 2 9 2 4 6 2 2 4 2 2 6 2 2 2 4 4 6 6 2 6 6 6 4 4 6 6 2 4 6 6 4 6 4 6 6 2 4 2 2 2 6 2 2 2 6 2 2 4 4 2 4 6 2 6 6 4 2 4 4 6 6 6 4 4 4 4 6 2 4 6 6 2 6 9 6 6 4 2 6 2 6 6 4 6 4 2 6 6 4 6 4 6 2 6 2 4 6 2 6 4 2 2 6 4 6 2 6 10262 
4 12 6 12 4 8 12 4 4 8 4 6 12 4 4 4 8 8 12 12 4 12 12 12 8 8 12 12 4 8 12 12 8 12 8 12 12 4 8 4 4 4 12 4 4 4 12 4 4 8 8 4 8 12 4 12 12 8 4 8 8 12 12 12 8 8 8 8 12 4 8 12 12 4 12 12 15 12 8 4 12 4 12 12 8 12 8 4 12 12 8 12 8 12 4 12 4 8 12 4 12 8 4 4 12 8 12 4 12 20437 
4 12 6 12 4 8 12 4 4 8 4 6 12 4 4 4 12 8 12 12 4 12 12 12 8 8 12 12 4 8 12 12 8 12 8 12 12 6 8 4 4 4 12 4 4 4 12 4 4 8 12 4 8 12 4 12 12 8 4 8 8 12 12 12 8 8 8 8 12 4 8 12 12 4 12 12 12 15 8 4 12 4 12 12 8 12 8 4 12 12 8 12 8 12 4 12 4 8 12 4 12 8 4 4 12 8 12 4 12 20608 
2 6 3 6 3 4 6 2 2 4 2 2 6 2 2 2 4 4 6 6 2 6 6 6 4 4 6 6 2 4 6 6 4 6 4 6 6 2 4 2 2 2 6 2 2 2 6 2 2 4 4 2 4 6 2 6 6 4 2 4 4 6 6 6 4 4 4 4 6 2 4 6 6 2 6 6 6 6 6 2 6 2 6 6 4 6 4 2 6 6 4 6 4 6 2 6 2 4 6 2 6 4 2 2 6 4 6 2 6 10282 
5 15 5 15 5 10 15 5 5 10 5 5 15 5 5 10 10 10 15 15 5 15 15 15 10 10 15 15 5 10 15 15 10 15 10 15 15 5 10 5 5 5 15 5 5 6 15 5 5 10 10 5 10 15 5 15 15 10 5 10 10 15 15 15 10 10 10 10 15 5 10 15 15 5 15 15 15 15 10 6 15 5 15 15 10 15 10 5 15 15 10 15 10 15 5 15 5 10 15 5 15 10 5 5 15 10 15 5 15 25561 
2 6 3 6 2 4 6 2 2 4 2 2 6 2 2 2 4 4 6 6 2 6 6 6 4 4 6 6 2 4 6 6 4 6 4 6 6 2 4 2 2 2 6 2 2 2 6 2 2 4 4 2 4 6 2 6 6 4 2 4 4 6 6 6 4 4 4 4 6 2 4 6 6 2 6 6 6 6 4 2 9 2 6 6 4 6 4 2 6 6 4 6 4 6 2 6 2 4 6 2 6 4 2 2 6 4 6 2 6 10240 
4 12 4 12 4 8 12 6 4 8 4 4 12 4 4 4 8 8 12 12 4 12 12 12 8 8 12 12 4 8 12 12 8 12 8 12 12 4 8 4 4 4 12 4 4 4 12 4 4 8 8 4 8 12 4 12 12 8 4 8 8 12 12 12 8 8 8 8 12 4 8 12 12 4 12 12 12 12 8 4 12 5 12 12 8 12 8 4 12 12 8 12 8 12 4 12 4 8 12 4 12 8 4 4 12 8 12 4 12 20393 
2 6 2 6 2 4 6 3 2 4 2 2 6 2 2 2 4 4 6 6 2 6 6 6 4 4 6 6 2 4 6 6 4 6 4 6 6 2 4 2 2 2 6 2 2 2 6 2 2 4 4 2 4 6 2 6 6 4 2 4 4 6 6 6 4 4 4 4 6 2 4 6 6 2 6 6 6 6 4 2 6 2 9 6 4 6 4 2 6 6 4 6 4 6 2 6 2 4 6 2 6 4 2 2 6 4 6 2 6 10223 
4 12 6 12 4 8 12 4 4 8 4 6 12 4 4 4 12 8 12 12 4 12 12 12 8 8 12 12 4 8 12 12 8 12 8 12 12 4 8 4 4 4 12 4 4 4 12 4 4 8 8 4 8 12 4 12 12 8 4 8 8 12 12 12 8 8 8 8 12 4 8 12 12 4 12 12 12 12 8 4 12 4 12 15 8 12 8 4 12 12 8 12 8 12 4 12 4 8 12 4 12 8 4 4 12 8 12 4 12 20494 
4 12 4 12 4 8 12 6 4 8 4 4 12 4 4 4 8 8 12 12 4 12 12 12 8 8 12 12 4 10 12 12 8 12 8 12 12 4 8 4 4 4 12 4 4 4 12 4 4 8 8 4 8 12 4 12 12 8 4 8 8 12 12 12 8 8 8 8 12 4 8 12 12 4 15 12 12 12 8 4 12 4 12 12 10 12 8 4 12 12 8 12 8 12 4 12 4 8 12 4 12 8 4 4 12 8 12 4 12 20545 
4 12 4 12 4 8 12 6 4 8 4 4 12 4 4 4 8 8 12 12 4 12 12 12 8 8 12 12 4 10 12 12 8 12 8 12 12 4 8 4 4 4 12 4 4 4 12 4 4 8 8 4 8 12 4 12 12 8 4 8 8 12 12 12 8 8 8 8 12 4 8 12 12 4 15 12 12 12 8 4 12 4 12 12 10 15 8 4 12 12 8 12 8 12 4 12 4 8 12 4 12 8 4 4 12 8 12 4 12 20580 
5 15 5 15 5 10 15 5 5 10 5 5 15 5 5 5 10 10 15 15 5 15 30 15 10 10 15 15 5 10 30 15 10 15 10 15 15 5 10 5 10 5 15 5 5 5 15 5 5 10 10 5 10 15 5 15 15 10 5 10 10 15 15 15 10 10 10 10 15 5 10 15 15 5 15 15 15 15 10 5 15 5 15 15 10 15 12 5 15 15 10 15 10 15 5 15 5 10 15 5 15 10 5 5 15 10 15 5 15 26198 
4 12 4 12 4 8 12 6 4 8 4 4 12 4 4 4 8 8 12 12 4 12 12 12 8 8 12 12 4 10 12 12 8 12 8 12 12 4 8 4 4 4 12 4 4 4 12 4 4 8 8 4 8 12 4 12 12 8 4 8 8 12 12 12 8 8 8 8 12 4 8 12 12 4 15 12 12 12 8 4 12 4 12 12 10 15 8 5 12 12 8 12 8 12 4 12 4 8 12 4 12 8 4 4 12 8 12 4 12 20668 
4 12 4 12 4 8 12 6 4 8 6 4 12 4 4 4 8 8 12 12 4 12 12 12 8 8 12 12 4 8 12 12 8 12 8 12 12 4 8 4 4 4 12 4 4 4 12 4 4 8 8 4 8 12 4 12 12 8 4 8 8 12 12 12 8 8 8 8 12 4 8 12 12 4 12 12 12 12 8 4 12 4 12 12 8 12 8 4 15 12 8 12 8 12 4 12 4 8 12 4 12 8 4 4 12 8 12 4 12 20538 
4 12 4 12 4 8 12 4 4 8 4 4 12 4 4 4 8 8 12 12 4 12 24 12 8 12 12 12 4 8 12 12 8 12 8 12 12 4 8 4 4 4 12 4 4 4 12 4 4 8 8 4 8 12 4 12 12 8 4 8 8 12 12 12 8 8 8 8 12 4 8 12 12 4 12 12 12 12 8 4 12 4 12 12 8 12 8 4 12 15 8 12 8 12 4 12 4 8 12 4 12 8 4 4 12 8 12 4 12 20467 
4 12 6 12 4 8 12 4 4 8 4 4 12 4 4 4 8 8 12 12 4 12 12 12 8 8 12 12 4 8 12 12 8 12 8 12 12 4 8 4 4 4 12 4 4 4 12 4 4 8 8 4 8 12 4 12 12 8 4 8 8 12 12 12 8 8 8 8 12 4 8 12 12 4 12 12 12 12 8 4 12 4 12 12 8 12 8 4 12 12 10 12 8 12 4 12 4 8 12 4 12 8 4 4 12 8 12 4 12 20331 
1 3 1 3 1 2 3 1 1 2 1 1 3 1 1 1 2 2 3 3 1 3 6 3 2 2 3 3 1 2 6 3 2 3 2 3 3 1 2 1 2 1 3 1 1 1 3 1 1 2 2 1 2 3 1 6 3 2 1 2 2 3 3 3 2 2 2 2 3 1 2 3 3 1 3 3 3 3 2 1 3 1 3 3 2 3 2 1 3 3 2 6 2 3 1 3 1 2 3 1 3 2 1 1 3 2 3 1 3 5297 
5 15 5 15 5 10 15 5 5 10 5 5 15 5 5 5 10 10 15 15 5 15 15 15 10 10 15 15 5 10 15 15 10 15 10 15 15 5 10 5 5 5 15 5 5 5 15 5 5 10 10 5 10 15 5 15 15 10 5 12 10 15 15 15 10 10 10 10 15 5 10 15 15 5 15 15 15 15 10 5 15 5 15 15 10 15 10 5 15 15 10 15 12 15 5 15 5 10 15 5 15 10 5 5 15 10 15 5 15 25481 
2 6 2 6 2 4 6 2 2 4 2 2 6 2 2 4 4 4 6 6 2 6 6 6 4 4 6 6 2 4 6 6 4 6 4 6 6 2 8 2 2 2 6 2 2 2 6 2 2 4 4 4 4 6 2 6 6 4 2 4 4 6 6 6 4 4 4 4 6 2 4 6 6 2 6 6 6 6 4 2 6 2 6 6 4 6 4 2 6 6 4 6 4 9 2 6 2 4 6 2 6 4 2 2 6 4 6 2 6 10437 
4 12 4 12 4 8 12 4 4 8 4 4 12 4 4 4 8 8 12 12 4 12 24 12 8 8 12 12 4 8 24 12 8 12 8 12 12 4 8 4 8 4 12 4 4 4 12 4 4 8 8 4 8 12 4 12 12 8 4 8 8 12 12 12 8 8 8 8 12 4 8 12 12 4 12 12 12 12 8 4 12 4 12 12 8 12 8 4 12 12 8 12 8 12 5 12 4 8 12 4 12 8 4 4 12 8 12 4 12 20963 
4 12 4 12 4 8 12 4 4 8 4 4 12 4 4 8 8 8 12 12 4 12 12 12 8 8 12 12 4 8 12 12 8 12 8 12 12 4 16 4 4 4 12 4 4 4 12 4 4 8 8 4 8 12 4 12 12 8 4 8 8 12 12 12 8 8 8 8 12 4 8 12 12 4 12 12 12 12 8 4 12 4 12 12 8 12 8 4 12 12 8 12 8 12 4 15 4 8 12 4 12 8 4 4 12 8 12 4 12 20799 
5 15 5 15 5 10 15 5 5 10 5 5 15 5 5 5 10 10 15 15 5 15 15 15 10 10 15 15 5 10 15 15 10 15 10 15 15 5 10 5 5 5 15 5 5 5 15 5 5 10 10 5 10 15 5 15 15 10 5 10 12 15 15 15 10 10 10 10 15 5 10 15 15 5 15 15 15 15 10 5 15 5 15 15 10 15 10 5 15 15 10 15 10 15 5 15 6 10 15 5 15 10 5 5 15 10 15 5 15 25473 
2 6 3 6 2 4 6 2 2 4 2 2 6 2 2 2 4 4 6 6 2 6 6 6 4 4 6 6 2 4 6 6 4 6 4 6 6 2 4 2 2 2 6 2 2 2 6 2 2 4 4 2 4 6 2 6 6 4 2 4 4 6 6 6 4 4 4 4 6 2 4 6 6 2 6 6 6 6 4 2 6 2 6 6 4 6 4 2 6 6 4 6 4 6 2 6 2 6 6 2 6 4 2 2 6 4 6 2 6 10174 
4 12 4 12 4 8 12 4 4 8 4 4 12 4 4 8 8 8 12 12 4 12 12 12 8 8 12 12 4 8 12 12 8 12 8 12 12 4 8 4 4 4 12 4 4 4 12 4 4 8 8 4 8 12 5 12 12 8 4 8 8 12 12 15 8 8 8 8 12 4 8 12 15 4 12 12 12 12 8 4 12 4 12 12 8 12 8 4 12 12 8 12 8 12 4 12 4 8 15 4 12 8 4 4 12 8 12 4 12 20535 
3 9 3 9 3 6 9 3 3 6 3 3 9 3 3 3 6 6 9 9 3 9 18 9 6 6 9 9 3 6 9 9 6 9 6 9 9 3 6 3 3 3 9 3 3 3 9 3 3 6 6 3 6 9 3 9 9 6 3 6 6 9 9 9 6 6 6 6 9 3 6 9 9 3 9 9 9 9 6 3 9 3 9 9 6 9 6 3 9 9 6 9 6 9 3 9 3 6 9 4 9 6 3 3 9 6 9 3 9 15363 
5 15 5 15 5 10 15 5 5 10 5 5 15 5 5 5 10 10 15 15 5 15 30 15 10 10 15 15 5 10 15 15 10 15 10 15 15 5 10 5 5 5 15 5 5 5 15 5 5 10 10 5 10 15 5 15 15 10 5 10 10 15 15 15 10 10 10 10 15 5 10 15 15 5 15 15 15 15 10 5 15 5 15 15 10 15 10 5 15 15 10 15 10 15 5 15 5 10 15 5 18 10 5 5 15 10 15 5 15 25494 
5 15 5 15 5 10 15 5 5 10 5 5 15 5 5 5 10 10 15 15 5 15 15 15 10 10 15 15 5 10 15 15 10 15 10 15 15 5 10 5 5 5 15 5 5 5 15 5 5 10 10 5 10 15 5 15 15 10 5 10 12 15 15 15 10 10 10 10 15 5 10 15 15 5 15 15 15 15 10 5 15 5 15 15 10 15 10 5 15 15 10 15 10 15 5 15 5 10 15 5 15 12 5 5 15 10 15 5 15 25444 
4 12 6 12 4 8 12 4 4 8 4 6 12 4 4 4 8 8 12 12 4 12 12 12 8 8 12 12 4 8 12 12 8 12 8 12 12 4 8 4 4 4 12 4 4 4 12 4 4 8 8 4 8 12 4 12 12 8 4 8 8 12 12 12 8 8 8 8 12 4 8 12 12 4 12 12 15 12 8 4 12 4 12 12 8 12 8 4 12 12 8 12 8 12 4 12 4 8 12 4 12 8 5 4 12 8 12 4 12 20463 
4 12 6 12 4 8 12 4 4 8 4 4 12 4 4 4 8 8 12 12 4 12 12 12 8 8 12 12 4 8 12 12 8 12 8 12 12 4 8 4 4 4 18 4 4 4 12 4 4 8 8 4 8 12 4 12 12 8 4 8 8 12 12 12 8 8 8 8 12 4 8 12 12 4 12 12 12 12 8 4 12 4 12 12 8 12 8 4 12 12 8 12 8 12 4 12 4 8 12 4 12 8 4 5 12 8 12 4 12 20353 
2 6 2 6 2 4 6 3 2 4 2 2 6 2 2 2 4 4 6 6 2 6 6 6 4 4 6 6 2 4 6 6 4 6 4 6 6 2 4 2 2 2 6 2 2 2 6 2 2 4 4 2 4 6 2 6 6 4 2 4 4 6 6 6 4 4 4 4 6 2 4 6 6 2 6 6 6 6 4 2 6 2 9 6 4 6 4 2 6 6 4 6 4 6 2 6 2 4 6 2 6 4 2 2 9 4 6 2 6 10261 
4 15 4 12 4 8 12 4 4 8 4 4 12 4 4 4 8 8 12 12 4 12 12 12 8 8 12 12 4 8 12 12 8 12 8 12 12 4 8 5 4 4 12 4 4 4 12 4 4 8 8 4 8 12 4 12 12 8 4 8 8 12 15 12 8 8 8 8 12 4 8 12 12 4 12 12 12 12 8 4 12 4 12 12 8 12 8 4 12 12 8 12 8 12 4 12 4 8 12 4 12 8 4 4 12 10 12 4 12 20536 
4 12 4 12 4 8 12 6 4 8 4 4 12 4 4 4 8 8 12 12 4 12 12 12 8 8 12 12 4 10 12 12 8 12 8 12 12 4 8 4 4 4 12 4 4 4 12 4 4 8 8 4 8 12 4 12 12 8 4 8 8 12 12 12 8 8 8 8 12 4 8 12 12 4 15 12 12 12 8 4 12 4 12 12 10 15 8 5 12 12 8 12 8 12 4 12 4 8 12 4 12 8 4 4 12 8 15 4 12 20758 
4 12 4 12 4 8 12 6 4 8 6 4 15 4 4 4 8 8 12 12 4 12 12 12 8 8 15 12 4 8 12 12 8 12 8 12 12 4 8 4 4 4 12 4 4 4 12 4 4 8 8 4 8 12 4 12 12 8 4 8 8 12 12 12 8 8 8 8 12 4 8 12 12 4 12 12 12 12 8 4 12 4 12 12 8 12 8 4 12 12 8 12 8 12 4 12 4 8 12 4 12 8 4 4 12 8 12 5 12 20558 
2 6 2 6 2 4 6 3 2 4 3 2 6 2 2 2 4 4 6 6 2 6 6 6 4 4 6 6 2 4 6 6 4 6 4 6 6 2 4 2 2 2 6 2 2 2 6 2 2 4 4 2 4 6 2 6 6 4 2 4 4 6 6 6 4 4 4 4 6 2 4 6 6 2 6 6 6 6 4 2 6 2 6 6 4 6 4 2 6 6 4 6 4 6 2 6 2 4 6 2 6 4 2 2 6 4 6 2 9 10281 
1 3 1 3 1 2 3 1 1 2 1 1 3 1 1 1 2 2 3 3 1 3 3 3 2 2 3 3 1 2 3 3 2 3 2 3 3 1 2 1 1 1 3 1 1 1 3 1 1 2 2 1 2 3 1 3 3 2 1 2 2 3 3 3 2 2 2 2 3 1 2 3 3 1 3 3 3 3 2 1 3 1 3 3 2 3 2 1 3 3 2 3 2 3 1 3 1 2 3 1 3 2 1 1 3 2 3 1 3 5076 
