135
74 256 409 759 256 941 934 278 135 196 52 619 808 505 571 429 875 525 255 292 762 905 207 423 394 414 908 60 129 562 392 46 407 474 63 863 35 958 805 270 226 172 365 54 324 232 146 862 314 334 305 467 79 360 155 705 174 610 902 183 613 312 166 309 737 178 154 347 917 934 770 106 154 641 62 68 38 478 298 951 768 983 973 564 609 532 644 851 390 281 471 648 469 556 543 749 941 743 185 952 790 564 94 102 937 336 679 392 183 349 507 831 870 307 793 23 789 874 85 967 709 660 653 493 369 479 539 707 190 96 359 969 57 425 116 
634428 951696 212616 425644 851480 212933 852166 852738 211897 639693 212087 634652 634837 852008 423461 426324 212349 424868 212590 740059 852401 427184 847726 638702 213655 854568 852190 212953 852776 635651 423928 424749 740460 427664 846471 214019 853221 637955 426388 213085 852996 852884 853021 854841 850522 848544 740128 214035 639410 427128 213614 634799 639248 424270 850653 427545 640590 852900 853862 212984 856760 852510 213097 952147 634678 640225 740209 854726 640438 854301 855543 851487 214097 425408 643268 855962 851931 640590 635473 214019 212200 848306 642747 856938 641877 106017 855202 850344 741573 847280 214220 428925 425009 849188 638819 635830 635595 856308 853508 847985 212844 857302 426283 953132 635993 741144 742406 424710 423378 852078 641558 742994 213460 848523 643691 850370 427562 952705 213667 953912 213843 427630 742415 424221 853423 637164 215110 215174 638042 740902 636228 861848 857660 105704
6 7 18 12 6 6 18 6 6 18 12 6 12 18 6 18 12 12 6 6 6 6 12 6 12 12 12 18 6 12 6 18 18 6 12 6 18 12 12 12 18 12 6 18 18 12 12 12 6 18 18 18 18 12 6 6 6 18 6 12 6 6 12 6 18 12 6 6 18 18 18 12 18 18 12 6 12 6 18 12 12 12 6 18 6 6 18 6 6 6 12 6 18 18 12 18 6 6 12 18 6 18 18 6 12 12 18 18 18 12 12 6 18 12 6 18 6 12 18 18 6 6 12 12 18 6 12 6 12 12 18 12 12 12 39590 
9 9 30 18 9 9 27 9 9 27 18 9 18 27 9 27 18 18 9 9 9 9 18 9 18 18 18 27 9 18 9 27 27 9 18 9 27 18 18 18 27 18 9 27 27 18 18 18 9 27 27 27 27 18 9 9 9 27 9 18 9 9 18 9 27 18 9 9 27 27 27 18 27 27 18 9 18 9 27 18 18 18 9 27 9 9 27 9 9 9 18 9 27 27 18 27 9 9 18 27 9 27 27 9 18 18 27 27 27 18 18 9 27 18 9 27 9 18 27 27 9 9 18 18 27 9 18 9 18 18 27 18 18 18 59385 
2 2 6 6 2 2 6 2 2 6 4 2 4 6 2 6 4 4 2 2 2 2 4 2 4 4 4 6 2 4 2 6 6 2 4 2 6 4 4 4 6 4 2 6 6 4 4 4 2 6 6 6 6 4 2 2 2 6 2 4 2 2 4 2 6 4 2 2 6 6 6 4 6 6 4 2 4 2 6 4 4 4 2 6 2 2 6 2 2 2 4 2 6 6 4 6 2 2 4 6 2 6 6 2 4 4 6 6 6 4 4 2 6 4 2 6 2 4 6 6 2 2 4 4 6 2 4 2 4 4 6 4 4 4 13268 
4 4 12 12 5 4 12 4 4 12 8 4 8 12 4 12 8 8 4 4 4 4 8 4 8 8 8 12 4 8 4 12 12 4 8 4 12 8 8 8 12 8 4 12 12 8 8 8 4 12 12 12 12 8 4 4 4 12 4 8 4 4 8 4 12 8 4 4 12 12 12 8 12 12 8 4 8 4 12 8 8 8 4 12 4 4 12 4 4 4 8 4 12 12 8 12 4 4 8 12 4 12 12 4 8 8 12 12 12 8 8 4 12 8 4 12 4 8 12 12 4 4 8 8 12 4 8 4 8 8 12 8 8 8 26565 
8 8 24 24 10 9 24 8 8 24 16 8 16 24 8 24 16 16 8 8 8 8 16 8 16 16 16 24 8 16 8 24 24 8 16 8 24 16 16 16 24 16 8 24 24 16 16 16 8 24 24 24 24 16 8 8 8 24 8 16 8 8 16 8 24 16 8 8 24 24 24 16 24 24 16 8 16 8 24 16 16 16 8 24 8 8 24 8 8 8 16 8 24 24 16 24 8 8 16 24 8 24 24 8 16 16 24 24 24 16 16 8 24 16 8 24 8 16 24 24 8 8 16 16 24 8 16 8 16 16 24 16 16 16 53143 
2 2 6 6 2 2 9 2 2 6 4 2 4 6 2 6 4 4 2 2 2 2 4 2 4 4 4 6 2 4 2 6 6 2 4 2 6 4 4 4 6 4 2 6 6 4 4 4 2 6 6 6 6 4 2 2 2 6 2 4 2 2 4 2 6 4 2 2 6 6 6 4 6 6 4 2 4 2 6 4 4 4 2 6 2 2 6 2 2 2 4 2 6 6 4 6 2 2 4 6 2 6 6 2 4 4 6 6 6 4 4 2 6 4 2 6 2 4 6 6 2 2 4 4 6 2 4 2 4 4 6 4 4 4 13278 
8 8 24 24 10 8 24 9 8 24 16 8 16 24 8 24 16 16 8 8 8 8 16 8 16 16 16 24 8 16 8 24 24 8 16 8 24 16 16 16 24 16 8 24 24 16 16 16 8 24 24 24 24 16 8 8 8 24 8 16 8 8 16 8 24 16 8 8 24 24 24 16 24 24 16 8 16 8 24 16 16 16 8 24 8 8 24 8 8 8 16 8 24 24 16 24 8 8 16 24 8 24 24 8 16 16 24 24 24 16 16 8 24 16 8 24 8 16 24 24 8 8 16 16 24 8 16 8 16 16 24 16 16 16 53191 
8 8 24 24 8 8 36 8 9 24 16 8 16 24 8 24 16 16 8 8 8 8 16 8 16 16 16 24 8 16 8 24 24 8 16 8 24 16 16 16 24 16 8 24 24 16 16 16 8 24 24 24 24 16 8 8 8 24 8 16 8 8 16 8 24 16 8 8 24 24 24 16 24 24 16 8 16 8 24 16 16 16 8 24 8 8 24 8 8 8 16 8 24 24 16 24 8 8 16 24 8 24 24 8 16 16 24 24 24 16 16 8 24 16 8 24 8 16 24 24 8 8 16 16 24 8 16 8 16 16 24 16 16 16 53183 
2 2 6 4 2 2 6 2 2 9 4 2 4 6 2 6 4 4 2 2 2 2 4 2 4 4 4 6 2 4 2 6 6 2 4 2 6 4 4 4 6 4 2 6 6 4 4 4 2 6 6 6 6 4 2 2 2 6 2 4 2 2 4 2 6 4 2 2 6 6 6 4 6 6 4 2 4 2 6 4 4 4 2 6 2 2 6 2 2 2 4 2 6 6 4 6 2 2 4 6 2 6 6 2 4 4 6 6 6 4 4 2 6 4 2 6 2 4 6 6 2 2 4 4 6 2 4 2 4 4 6 4 4 4 13215 
6 6 18 18 6 6 27 6 6 18 14 6 12 18 6 18 12 12 6 6 6 6 12 6 12 12 12 18 6 12 6 18 18 6 12 6 18 12 12 12 18 12 6 18 18 12 12 12 6 18 18 18 18 12 6 6 6 18 6 12 6 6 12 6 18 12 6 6 18 18 18 12 18 18 12 6 12 6 18 12 12 12 6 18 6 6 18 6 6 6 12 6 18 18 12 18 6 6 12 18 6 18 18 6 12 12 18 18 18 12 12 6 18 12 6 18 6 12 18 18 6 6 12 12 18 6 12 6 12 12 18 12 12 12 39887 
2 2 6 4 2 2 6 2 2 9 4 3 4 6 2 6 4 4 2 2 2 2 4 2 4 4 4 6 2 4 2 6 6 2 4 2 6 4 4 4 6 4 2 6 6 4 4 4 2 6 6 6 6 4 2 2 2 6 2 4 2 2 4 2 6 4 2 2 6 6 6 4 6 6 4 2 4 2 6 4 4 4 2 6 2 2 6 2 2 2 4 2 6 6 4 6 2 2 4 6 2 6 6 2 4 4 6 6 6 4 4 2 6 4 2 6 2 4 6 6 2 2 4 4 6 2 4 2 4 4 6 4 4 4 13225 
6 6 18 12 6 6 18 6 6 18 12 6 14 18 6 18 12 12 6 6 6 6 12 6 12 12 12 18 6 12 6 18 18 6 12 6 18 12 12 12 18 12 6 18 18 12 12 12 6 18 18 18 18 12 6 6 6 18 6 12 6 6 12 6 18 12 6 6 18 18 18 12 18 18 12 6 12 6 18 12 12 12 6 18 6 6 18 6 6 6 12 6 18 18 12 18 6 6 12 18 6 18 18 6 12 12 18 18 18 12 12 6 18 12 6 18 6 12 18 18 6 6 12 12 18 6 12 6 12 12 18 12 12 12 39603 
6 7 18 12 6 6 18 6 6 18 12 6 12 21 6 18 12 12 6 6 6 6 12 6 12 12 12 18 6 12 6 18 18 6 12 6 18 12 12 12 18 12 6 18 18 12 12 12 6 18 18 18 18 12 6 6 6 18 6 12 6 6 12 6 18 12 6 6 18 18 18 12 18 18 12 6 12 6 18 12 12 12 6 18 6 6 18 6 6 6 12 6 18 18 12 18 6 6 12 18 6 18 18 6 12 12 18 18 18 12 12 6 18 12 6 18 6 12 18 18 6 6 12 12 18 6 12 6 12 12 18 12 12 12 39607 
8 8 24 24 10 8 24 8 8 24 16 8 16 24 9 24 16 16 8 8 8 8 16 8 16 16 16 24 8 16 8 24 24 8 16 8 24 16 16 16 24 16 8 24 24 16 16 16 8 24 24 24 24 16 8 8 8 24 8 16 8 8 16 8 24 16 8 8 24 24 24 16 24 24 16 8 16 8 24 16 16 16 8 24 8 8 24 8 8 8 16 8 24 24 16 24 8 8 16 24 8 24 24 8 16 16 24 24 24 16 16 8 24 16 8 24 8 16 24 24 8 8 16 16 24 8 16 8 16 16 24 16 16 16 53179 
4 4 12 8 4 4 12 4 4 12 8 4 8 12 4 15 8 8 4 4 4 4 8 4 8 8 8 12 4 8 4 12 12 4 8 4 12 8 8 8 12 8 4 12 12 8 8 8 4 12 12 12 12 8 4 4 4 12 4 8 4 4 8 4 12 8 4 4 12 12 12 8 12 12 8 4 8 4 12 8 8 8 4 12 4 4 12 4 4 4 8 4 12 12 8 12 4 4 8 12 4 12 12 4 8 8 12 12 12 8 8 4 12 8 4 12 4 8 12 12 4 4 8 8 12 4 8 4 8 8 12 8 8 8 26415 
4 4 12 12 5 4 12 4 4 12 8 4 8 12 4 12 10 8 4 4 4 4 8 4 8 8 8 12 4 8 4 12 12 4 8 4 12 8 8 8 12 8 4 12 12 8 8 8 4 12 12 12 12 8 4 4 4 12 4 8 4 4 8 4 12 8 4 4 12 12 12 8 12 12 8 4 8 4 12 8 8 8 4 12 4 4 12 4 4 4 8 4 12 12 8 12 4 4 8 12 4 12 12 4 8 8 12 12 12 8 8 4 12 8 4 12 4 8 12 12 4 4 8 8 12 4 8 4 8 8 12 8 8 8 26603 
2 2 6 4 2 2 6 2 2 9 4 3 4 6 2 6 4 6 2 2 2 2 4 2 4 4 4 6 2 4 2 6 6 2 4 2 6 4 4 4 6 4 2 6 6 4 4 4 2 6 6 6 6 4 2 2 2 6 2 4 2 2 4 2 6 4 2 2 6 6 6 4 6 6 4 2 4 2 6 4 4 4 2 6 2 2 6 2 2 2 4 2 6 6 4 6 2 2 4 6 2 6 6 2 4 4 6 6 6 4 4 2 6 4 2 6 2 4 6 6 2 2 4 4 6 2 4 2 4 4 6 4 4 4 13239 
4 4 12 8 4 4 12 4 4 12 8 4 8 12 4 15 8 8 5 4 4 4 8 4 8 8 8 12 4 8 4 12 12 4 8 4 12 8 8 8 12 8 4 12 12 8 8 8 4 12 12 12 12 8 4 4 4 12 4 8 4 4 8 4 12 8 4 4 12 12 12 8 12 12 8 4 8 4 12 8 8 8 4 12 4 4 12 4 4 4 8 4 12 12 8 12 4 4 8 12 4 12 12 4 8 8 12 12 12 8 8 4 12 8 4 12 4 8 12 12 4 4 8 8 12 4 8 4 8 8 12 8 8 8 26513 
2 2 6 4 2 2 6 2 2 6 4 2 4 6 2 6 4 4 2 3 2 2 4 2 4 4 4 6 2 4 2 6 6 2 4 2 6 4 4 4 6 4 2 6 6 4 4 4 2 6 6 6 6 4 2 2 2 6 2 4 2 2 4 2 6 4 2 2 6 6 6 4 6 6 4 2 4 2 6 4 4 4 2 6 2 2 6 2 2 2 4 2 6 6 4 6 2 2 4 6 2 6 6 2 4 4 6 6 6 4 4 2 6 4 2 6 2 4 6 6 2 2 4 4 6 2 4 2 4 4 6 4 4 4 13275 
7 7 21 14 7 7 21 7 7 21 14 7 14 21 7 21 14 14 7 7 8 7 14 7 14 14 14 21 7 14 7 21 21 7 14 7 21 14 14 14 21 14 7 21 21 14 14 14 7 21 21 21 21 14 7 7 7 21 7 14 7 7 14 7 21 14 7 7 21 21 21 14 21 21 14 7 14 7 21 14 14 14 7 21 7 7 21 7 7 7 14 7 21 21 14 21 7 7 14 21 7 21 21 7 14 14 21 21 21 14 14 7 21 14 7 21 7 14 21 21 7 7 14 14 21 7 14 7 14 14 21 14 14 14 46186 
8 8 24 24 10 8 24 9 8 24 16 8 16 24 8 24 16 16 8 8 8 9 16 8 16 16 16 24 8 16 8 24 24 8 16 8 24 16 16 16 24 16 8 24 24 16 16 16 8 24 24 24 24 16 8 8 8 24 8 16 8 8 16 8 24 16 8 8 24 24 24 16 24 24 16 8 16 8 24 16 16 16 8 24 8 8 24 8 8 8 16 8 24 24 16 24 8 8 16 24 8 24 24 8 16 16 24 24 24 16 16 8 24 16 8 24 8 16 24 24 8 8 16 16 24 8 16 8 16 16 24 16 16 16 53201 
4 4 12 12 4 4 18 4 4 12 8 4 8 12 4 12 8 8 4 4 4 4 10 4 8 8 8 12 4 8 4 12 12 4 8 4 12 8 8 8 12 8 4 12 12 8 8 8 4 12 12 12 12 8 4 4 4 12 4 8 4 4 8 4 12 8 4 4 12 12 12 8 12 12 8 4 8 4 12 8 8 8 4 12 4 4 12 4 4 4 8 4 12 12 8 12 4 4 8 12 4 12 12 4 8 8 12 12 12 8 8 4 12 8 4 12 4 8 12 12 4 4 8 8 12 4 8 4 8 8 12 8 8 8 26643 
8 8 24 16 8 8 24 8 8 36 16 8 16 24 8 24 16 16 8 8 8 8 16 9 16 16 16 24 8 16 8 24 24 8 16 8 24 16 16 16 24 16 8 24 24 16 16 16 8 24 24 24 24 16 8 8 8 24 8 16 8 8 16 8 24 16 8 8 24 24 24 16 24 24 16 8 16 8 24 16 16 16 8 24 8 8 24 8 8 8 16 8 24 24 16 24 8 8 16 24 8 24 24 8 16 16 24 24 24 16 16 8 24 16 8 24 8 16 24 24 8 8 16 16 24 8 16 8 16 16 24 16 16 16 52866 
6 6 18 12 6 6 18 6 6 18 12 6 12 18 6 18 12 12 6 9 6 6 12 6 14 12 12 18 6 12 6 18 18 6 12 6 18 12 12 12 18 12 6 18 18 12 12 12 6 18 18 18 18 12 6 6 6 18 6 12 6 6 12 6 18 12 6 6 18 18 18 12 18 18 12 6 12 6 18 12 12 12 6 18 6 6 18 6 6 6 12 6 18 18 12 18 6 6 12 18 6 18 18 6 12 12 18 18 18 12 12 6 18 12 6 18 6 12 18 18 6 6 12 12 18 6 12 6 12 12 18 12 12 12 39886 
2 2 6 4 2 2 6 2 2 9 4 3 4 6 2 6 4 6 2 2 2 2 4 2 4 6 4 6 2 4 2 6 6 2 4 2 6 4 4 4 6 4 2 6 6 4 4 4 2 6 6 6 6 4 2 2 2 6 2 4 2 2 4 2 6 4 2 2 6 6 6 4 6 6 4 2 4 2 6 4 4 4 2 6 2 2 6 2 2 2 4 2 6 6 4 6 2 2 4 6 2 6 6 2 4 4 6 6 6 4 4 2 6 4 2 6 2 4 6 6 2 2 4 4 6 2 4 2 4 4 6 4 4 4 13325 
8 8 24 24 8 8 36 8 8 24 16 8 16 24 8 24 16 16 8 8 8 8 20 8 16 16 18 24 8 16 8 24 24 8 16 8 24 16 16 16 24 16 8 24 24 16 16 16 8 24 24 24 24 16 8 8 8 24 8 16 8 8 16 8 24 16 8 8 24 24 24 16 24 24 16 8 16 8 24 16 16 16 8 24 8 8 24 8 8 8 16 8 24 24 16 24 8 8 16 24 8 24 24 8 16 16 24 24 24 16 16 8 24 16 8 24 8 16 24 24 8 8 16 16 24 8 16 8 16 16 24 16 16 16 53299 
8 8 24 24 10 8 24 8 8 24 16 8 16 24 9 24 16 16 8 8 8 8 16 8 16 16 16 27 8 16 8 24 24 8 16 8 24 16 16 16 24 16 8 24 24 16 16 16 8 24 24 24 24 16 8 8 8 24 8 16 8 8 16 8 24 16 8 8 24 24 24 16 24 24 16 8 16 8 24 16 16 16 8 24 8 8 24 8 8 8 16 8 24 24 16 24 8 8 16 24 8 24 24 8 16 16 24 24 24 16 16 8 24 16 8 24 8 16 24 24 8 8 16 16 24 8 16 8 16 16 24 16 16 16 53189 
2 2 6 6 2 2 6 2 2 6 4 2 4 6 2 6 4 4 2 2 2 2 4 2 4 4 4 6 3 4 2 6 6 2 4 2 6 4 4 4 6 4 2 6 6 4 4 4 2 6 6 6 6 4 2 2 2 6 2 4 2 2 4 2 6 4 2 2 6 6 6 4 6 6 4 2 4 2 6 4 4 4 2 6 2 2 6 2 2 2 4 2 6 6 4 6 2 2 4 6 2 6 6 2 4 4 6 6 6 4 4 2 6 4 2 6 2 4 6 6 2 2 4 4 6 2 4 2 4 4 6 4 4 4 13285 
8 8 24 24 10 8 24 8 8 24 16 8 16 24 8 24 20 16 8 8 8 8 16 8 16 16 16 24 8 18 8 24 24 8 16 8 24 16 16 16 24 16 8 24 24 16 16 16 8 24 24 24 24 16 8 8 8 24 8 16 8 8 16 8 24 16 8 8 24 24 24 16 24 24 16 8 16 8 24 16 16 16 8 24 8 8 24 8 8 8 16 8 24 24 16 24 8 8 16 24 8 24 24 8 16 16 24 24 24 16 16 8 24 16 8 24 8 16 24 24 8 8 16 16 24 8 16 8 16 16 24 16 16 16 53207 
6 6 18 12 6 6 18 6 6 18 12 6 12 18 6 18 12 12 6 6 6 6 12 6 12 12 12 18 6 12 7 18 18 6 12 6 18 12 12 12 18 12 6 18 18 12 12 12 6 18 18 18 18 12 6 6 6 18 6 12 6 6 12 6 18 12 6 6 18 18 18 12 18 18 12 6 12 6 18 12 12 12 6 18 6 6 18 6 6 6 12 6 18 18 12 18 6 6 12 18 6 18 18 6 12 12 18 18 18 12 12 6 18 12 6 18 6 12 18 18 6 6 12 12 18 6 12 6 12 12 18 12 12 12 39677 
4 4 12 8 4 4 12 4 4 12 8 4 8 12 4 12 8 8 4 4 4 4 8 4 8 8 8 12 4 8 4 15 12 4 8 4 12 8 8 8 12 8 4 12 12 8 8 8 4 12 12 12 12 8 4 4 4 12 4 8 4 4 8 4 12 8 4 4 12 12 12 8 12 12 8 4 8 4 12 8 8 8 4 12 4 4 12 4 4 4 8 4 12 12 8 12 4 4 8 12 4 12 12 4 8 8 12 12 12 8 8 4 12 8 4 12 4 8 12 12 4 4 8 8 12 4 8 4 8 8 12 8 8 8 26452 
4 4 12 8 4 4 12 4 4 12 8 4 8 12 4 15 8 8 4 4 4 4 8 4 8 8 8 12 4 8 4 12 15 4 8 4 12 8 8 8 12 8 4 12 12 8 8 8 4 12 12 12 12 8 4 4 4 12 4 8 4 4 8 4 12 8 4 4 12 12 12 8 12 12 8 4 8 4 12 8 8 8 4 12 4 4 12 4 4 4 8 4 12 12 8 12 4 4 8 12 4 12 12 4 8 8 12 12 12 8 8 4 12 8 4 12 4 8 12 12 4 4 8 8 12 4 8 4 8 8 12 8 8 8 26507 
7 7 21 14 7 7 21 7 7 21 14 7 14 21 7 21 14 14 7 7 7 7 14 7 14 14 14 21 7 14 7 21 21 8 14 7 21 14 14 14 21 14 7 21 21 14 14 14 7 21 21 21 21 14 7 7 7 21 7 14 7 7 14 7 21 14 7 7 21 21 21 14 21 21 14 7 14 7 21 14 14 14 7 21 7 7 21 7 7 7 14 7 21 21 14 21 7 7 14 21 7 21 21 7 14 14 21 21 21 14 14 7 21 14 7 21 7 14 21 21 7 7 14 14 21 7 14 7 14 14 21 14 14 14 46217 
4 4 12 8 4 4 12 4 4 18 8 6 8 12 4 12 8 12 4 4 4 4 8 4 8 12 8 12 4 8 4 12 12 4 10 4 12 8 8 8 12 8 4 12 12 8 8 8 4 12 12 12 12 8 4 4 4 12 4 8 4 4 8 4 12 8 4 4 12 12 12 8 12 12 8 4 8 4 12 8 8 8 4 12 4 4 12 4 4 4 8 4 12 12 8 12 4 4 8 12 4 12 12 4 8 8 12 12 12 8 8 4 12 8 4 12 4 8 12 12 4 4 8 8 12 4 8 4 8 8 12 8 8 8 26672 
8 8 24 16 8 8 24 8 8 24 16 8 16 24 8 24 16 16 8 8 8 8 16 8 16 16 16 24 8 16 8 24 24 8 16 9 24 16 16 16 24 16 8 24 24 16 16 16 8 24 24 24 24 16 8 8 8 24 8 16 8 8 16 8 24 16 8 8 24 24 24 16 24 24 16 8 16 8 24 16 16 16 8 24 8 8 24 8 8 8 16 8 24 24 16 24 8 8 16 24 8 24 24 8 16 16 24 24 24 16 16 8 24 16 8 24 8 16 24 24 8 8 16 16 24 8 16 8 16 16 24 16 16 16 52829 
2 2 6 6 2 2 6 2 2 6 4 2 4 6 2 6 4 4 2 2 2 2 4 2 4 4 4 6 2 4 2 6 6 2 4 2 9 4 4 4 6 4 2 6 6 4 4 4 2 6 6 6 6 4 2 2 2 6 2 4 2 2 4 2 6 4 2 2 6 6 6 4 6 6 4 2 4 2 6 4 4 4 2 6 2 2 6 2 2 2 4 2 6 6 4 6 2 2 4 6 2 6 6 2 4 4 6 6 6 4 4 2 6 4 2 6 2 4 6 6 2 2 4 4 6 2 4 2 4 4 6 4 4 4 13362 
8 8 24 24 10 8 24 9 8 24 16 8 16 24 8 24 16 16 8 8 8 9 16 8 16 16 16 24 8 16 8 24 24 8 16 8 24 18 16 16 24 16 8 24 24 16 16 16 8 24 24 24 24 16 8 8 8 24 8 16 8 8 16 8 24 16 8 8 24 24 24 16 24 24 16 8 16 8 24 16 16 16 8 24 8 8 24 8 8 8 16 8 24 24 16 24 8 8 16 24 8 24 24 8 16 16 24 24 24 16 16 8 24 16 8 24 8 16 24 24 8 8 16 16 24 8 16 8 16 16 24 16 16 16 53253 
6 6 18 12 6 6 18 6 6 27 12 9 12 18 6 18 12 18 6 6 6 6 12 6 12 12 12 18 6 12 6 18 18 6 12 6 18 12 14 12 18 12 6 18 18 12 12 12 6 18 18 18 18 12 6 6 6 18 6 12 6 6 12 6 18 12 6 6 18 18 18 12 18 18 12 6 12 6 18 12 12 12 6 18 6 6 18 6 6 6 12 6 18 18 12 18 6 6 12 18 6 18 18 6 12 12 18 18 18 12 12 6 18 12 6 18 6 12 18 18 6 6 12 12 18 6 12 6 12 12 18 12 12 12 39769 
4 4 12 12 4 4 12 4 4 12 8 4 8 12 4 12 8 8 4 4 4 4 8 4 8 8 8 12 6 8 4 12 12 4 8 4 12 8 8 10 12 8 4 12 12 8 8 8 4 12 12 12 12 8 4 4 4 12 4 8 4 4 8 4 12 8 4 4 12 12 12 8 12 12 8 4 8 4 12 8 8 8 4 12 4 4 12 4 4 4 8 4 12 12 8 12 4 4 8 12 4 12 12 4 8 8 12 12 12 8 8 4 12 8 4 12 4 8 12 12 4 4 8 8 12 4 8 4 8 8 12 8 8 8 26598 
2 2 6 4 2 2 6 2 2 6 4 2 4 6 2 6 4 4 2 2 2 2 4 2 4 4 4 6 2 4 2 6 6 2 4 2 6 4 4 4 9 4 2 6 6 4 4 4 2 6 6 6 6 4 2 2 2 6 2 4 2 2 4 2 6 4 2 2 6 6 6 4 6 6 4 2 4 2 6 4 4 4 2 6 2 2 6 2 2 2 4 2 6 6 4 6 2 2 4 6 2 6 6 2 4 4 6 6 6 4 4 2 6 4 2 6 2 4 6 6 2 2 4 4 6 2 4 2 4 4 6 4 4 4 13293 
8 8 24 24 8 8 24 8 8 24 16 8 16 24 8 24 16 16 8 8 8 8 16 8 16 16 16 24 12 16 8 24 24 8 16 8 24 16 16 20 24 18 8 24 24 16 16 16 8 24 24 24 24 16 8 8 8 24 8 16 8 8 16 8 24 16 8 8 24 24 24 16 24 24 16 8 16 8 24 16 16 16 8 24 8 8 24 8 8 8 16 8 24 24 16 24 8 8 16 24 8 24 24 8 16 16 24 24 24 16 16 8 24 16 8 24 8 16 24 24 8 8 16 16 24 8 16 8 16 16 24 16 16 16 53208 
8 8 24 24 8 8 36 8 8 24 16 8 16 24 8 24 16 16 8 8 8 8 16 8 16 16 16 24 8 16 8 24 24 8 16 8 24 16 16 16 24 16 9 24 24 16 16 16 8 24 24 24 24 16 8 8 8 24 8 16 8 8 16 8 24 16 8 8 24 24 24 16 24 24 16 8 16 8 24 16 16 16 8 24 8 8 24 8 8 8 16 8 24 24 16 24 8 8 16 24 8 24 24 8 16 16 24 24 24 16 16 8 24 16 8 24 8 16 24 24 8 8 16 16 24 8 16 8 16 16 24 16 16 16 53192 
8 8 24 24 8 8 36 8 9 24 16 8 16 24 8 24 16 16 8 8 8 8 16 8 16 16 16 24 8 16 8 24 24 8 16 8 24 16 16 16 24 16 8 27 24 16 16 16 8 24 24 24 24 16 8 8 8 24 8 16 8 8 16 8 24 16 8 8 24 24 24 16 24 24 16 8 16 8 24 16 16 16 8 24 8 8 24 8 8 8 16 8 24 24 16 24 8 8 16 24 8 24 24 8 16 16 24 24 24 16 16 8 24 16 8 24 8 16 24 24 8 8 16 16 24 8 16 8 16 16 24 16 16 16 53200 
8 8 24 16 8 8 24 8 8 36 16 12 16 24 8 24 16 24 8 8 8 8 16 8 16 24 16 24 8 16 8 24 24 8 16 8 24 16 16 16 24 16 8 24 27 16 16 16 8 24 24 24 24 16 8 8 8 24 8 16 8 8 16 8 24 16 8 8 24 24 24 16 24 24 16 8 16 8 24 16 16 16 8 24 8 8 24 8 8 8 16 8 24 24 16 24 8 8 16 24 8 24 24 8 16 16 24 24 24 16 16 8 24 16 8 24 8 16 24 24 8 8 16 16 24 8 16 8 16 16 24 16 16 16 53313 
8 8 24 16 8 8 24 8 8 36 16 12 16 24 8 24 16 24 8 8 8 8 16 8 16 16 16 24 8 16 8 24 24 8 16 8 24 16 16 16 24 16 8 24 24 18 16 16 8 24 24 24 24 16 8 8 8 24 8 16 8 8 16 8 24 16 8 8 24 24 24 16 24 24 16 8 16 8 24 16 16 16 8 24 8 8 24 8 8 8 16 8 24 24 16 24 8 8 16 24 8 24 24 8 16 16 24 24 24 16 16 8 24 16 8 24 8 16 24 24 8 8 16 16 24 8 16 8 16 16 24 16 16 16 53023 
8 8 24 16 8 8 24 8 8 36 16 8 16 24 8 24 16 16 8 8 8 8 16 9 16 16 16 24 8 16 8 24 24 8 16 8 24 16 16 16 24 16 8 24 24 16 18 16 8 24 24 24 24 16 8 8 8 24 8 16 8 8 16 8 24 16 8 8 24 24 24 16 24 24 16 8 16 8 24 16 16 16 8 24 8 8 24 8 8 8 16 8 24 24 16 24 8 8 16 24 8 24 24 8 16 16 24 24 24 16 16 8 24 16 8 24 8 16 24 24 8 8 16 16 24 8 16 8 16 16 24 16 16 16 52921 
7 7 21 14 7 7 21 7 7 21 14 7 14 21 7 21 14 14 7 7 7 7 14 7 14 14 14 21 7 14 7 21 21 7 14 7 21 14 14 14 21 14 7 21 21 14 14 16 7 21 21 21 21 14 7 7 7 21 7 14 7 7 14 7 21 14 7 7 21 21 21 14 21 21 14 7 14 7 21 14 14 14 7 21 7 7 21 7 7 7 14 7 21 21 14 21 7 7 14 21 7 21 21 7 14 14 21 21 21 14 14 7 21 14 7 21 7 14 21 21 7 7 14 14 21 7 14 7 14 14 21 14 14 14 46193 
2 2 6 4 2 2 6 2 2 9 4 3 4 6 2 6 4 6 2 2 2 2 4 2 4 6 4 6 2 4 2 6 6 2 4 2 6 4 4 4 6 4 2 6 6 4 4 4 3 6 6 6 6 4 2 2 2 6 2 4 2 2 4 2 6 4 2 2 6 6 6 4 6 6 4 2 4 2 6 4 4 4 2 6 2 2 6 2 2 2 4 2 6 6 4 6 2 2 4 6 2 6 6 2 4 4 6 6 6 4 4 2 6 4 2 6 2 4 6 6 2 2 4 4 6 2 4 2 4 4 6 4 4 4 13348 
6 6 18 12 6 6 18 6 6 18 12 6 12 18 6 18 12 12 6 6 6 6 12 6 12 12 12 18 6 12 6 18 18 6 12 6 18 12 12 12 27 12 6 18 18 12 12 12 6 21 18 18 18 12 6 6 6 18 6 12 6 6 12 6 18 12 6 6 18 18 18 12 18 18 12 6 12 6 18 12 12 12 6 18 6 6 18 6 6 6 12 6 18 18 12 18 6 6 12 18 6 18 18 6 12 12 18 18 18 12 12 6 18 12 6 18 6 12 18 18 6 6 12 12 18 6 12 6 12 12 18 12 12 12 39886 
4 4 12 12 5 4 12 4 4 12 8 4 8 12 4 12 8 8 4 4 4 4 8 4 8 8 8 12 4 8 4 12 12 4 8 4 12 8 8 8 12 8 4 12 12 8 8 8 4 12 15 12 12 8 4 4 4 12 4 8 4 4 8 4 12 8 4 4 12 12 12 8 12 12 8 4 8 4 12 8 8 8 4 12 4 4 12 4 4 4 8 4 12 12 8 12 4 4 8 12 4 12 12 4 8 8 12 12 12 8 8 4 12 8 4 12 4 8 12 12 4 4 8 8 12 4 8 4 8 8 12 8 8 8 26656 
2 2 6 6 2 2 9 2 2 6 4 2 4 6 2 6 4 4 2 2 2 2 4 2 4 4 4 6 2 4 2 6 6 2 4 2 6 4 4 4 6 4 2 6 6 4 4 4 2 6 6 9 6 4 2 2 2 6 2 4 2 2 4 2 6 4 2 2 6 6 6 4 6 6 4 2 4 2 6 4 4 4 2 6 2 2 6 2 2 2 4 2 6 6 4 6 2 2 4 6 2 6 6 2 4 4 6 6 6 4 4 2 6 4 2 6 2 4 6 6 2 2 4 4 6 2 4 2 4 4 6 4 4 4 13314 
6 6 18 12 6 6 18 6 6 18 12 6 12 18 6 18 12 12 6 6 6 6 12 6 12 12 12 18 6 12 6 18 18 6 12 6 18 12 12 12 18 12 6 18 18 12 12 12 6 18 18 18 21 12 6 6 6 18 6 12 6 6 12 6 18 12 6 6 18 18 18 12 18 18 12 6 12 6 18 12 12 12 6 18 6 6 18 6 6 6 12 6 18 18 12 18 6 6 12 18 6 18 18 6 12 12 18 18 18 12 12 6 18 12 6 18 6 12 18 18 6 6 12 12 18 6 12 6 12 12 18 12 12 12 39616 
6 6 18 18 6 6 18 6 6 18 12 6 12 18 6 18 12 12 6 6 6 6 12 6 12 12 12 18 6 12 6 18 18 6 12 6 18 12 12 12 18 12 6 18 18 12 12 12 6 18 18 18 18 14 6 6 6 18 6 12 6 6 12 6 18 12 6 6 18 18 18 12 18 18 12 6 12 6 18 12 12 12 6 18 6 6 18 6 6 6 12 6 18 18 12 18 6 6 12 18 6 18 18 6 12 12 18 18 18 12 12 6 18 12 6 18 6 12 18 18 6 6 12 12 18 6 12 6 12 12 18 12 12 12 39891 
4 4 12 8 4 4 12 4 4 18 8 4 8 12 4 12 8 8 4 4 4 4 8 4 8 8 8 12 4 8 4 12 12 4 8 4 12 8 8 8 12 8 4 12 12 8 8 8 4 12 12 12 12 8 5 4 4 12 4 8 4 4 8 4 12 8 4 4 12 12 12 8 12 12 8 4 8 4 12 8 8 8 4 12 4 4 12 4 4 4 8 4 12 12 8 12 4 4 8 12 4 12 12 4 8 8 12 12 12 8 8 4 12 8 4 12 4 8 12 12 4 4 8 8 12 4 8 4 8 8 12 8 8 8 26462 
8 8 24 16 8 8 24 8 8 24 16 8 16 24 8 30 16 16 10 8 8 8 16 8 16 16 16 24 8 16 8 24 24 8 16 8 24 16 16 16 24 16 8 24 24 16 16 16 8 24 24 24 24 16 8 9 8 24 8 16 8 8 16 8 24 16 8 8 24 24 24 16 24 24 16 8 16 8 24 16 16 16 8 24 8 8 24 8 8 8 16 8 24 24 16 24 8 8 16 24 8 24 24 8 16 16 24 24 24 16 16 8 24 16 8 24 8 16 24 24 8 8 16 16 24 8 16 8 16 16 24 16 16 16 53085 
4 4 12 12 5 4 12 4 4 12 8 4 8 12 4 12 8 8 4 4 4 4 8 4 8 8 8 12 4 8 4 12 12 4 8 4 12 8 8 8 12 8 4 12 12 8 8 8 4 12 15 12 12 8 4 4 5 12 4 8 4 4 8 4 12 8 4 4 12 12 12 8 12 12 8 4 8 4 12 8 8 8 4 12 4 4 12 4 4 4 8 4 12 12 8 12 4 4 8 12 4 12 12 4 8 8 12 12 12 8 8 4 12 8 4 12 4 8 12 12 4 4 8 8 12 4 8 4 8 8 12 8 8 8 26685 
6 6 18 12 6 6 18 6 6 18 12 6 12 18 6 18 12 12 6 6 6 6 12 6 12 12 12 18 6 12 6 18 18 6 12 6 18 12 12 12 27 12 6 18 18 12 12 12 6 21 18 18 18 12 6 6 6 21 6 12 6 6 12 6 18 12 6 6 18 18 18 12 18 18 12 6 12 6 18 12 12 12 6 18 6 6 18 6 6 6 12 6 18 18 12 18 6 6 12 18 6 18 18 6 12 12 18 18 18 12 12 6 18 12 6 18 6 12 18 18 6 6 12 12 18 6 12 6 12 12 18 12 12 12 39954 
8 8 24 24 8 8 36 8 8 24 16 8 16 24 8 24 16 16 8 8 8 8 16 8 16 16 16 24 8 16 8 24 24 8 16 8 24 16 16 16 24 16 8 24 24 16 16 16 8 24 24 24 24 16 8 8 8 24 9 16 8 8 16 8 24 16 8 8 24 24 24 16 24 24 16 8 16 8 24 16 16 16 8 24 8 8 24 8 8 8 16 8 24 24 16 24 8 8 16 24 8 24 24 8 16 16 24 24 24 16 16 8 24 16 8 24 8 16 24 24 8 8 16 16 24 8 16 8 16 16 24 16 16 16 53193 
8 8 24 24 8 8 36 8 8 24 16 8 16 24 8 24 16 16 8 8 8 8 16 8 16 16 16 24 8 16 8 24 24 8 16 8 24 16 16 16 24 16 8 24 24 16 16 16 8 24 24 24 24 16 8 8 8 24 9 18 8 8 16 8 24 16 8 8 24 24 24 16 24 24 16 8 16 8 24 16 16 16 8 24 8 8 24 8 8 8 16 8 24 24 16 24 8 8 16 24 8 24 24 8 16 16 24 24 24 16 16 8 24 16 8 24 8 16 24 24 8 8 16 16 24 8 16 8 16 16 24 16 16 16 53250 
2 2 6 6 2 2 6 2 2 6 4 2 4 6 2 6 4 4 2 2 2 2 4 2 4 4 4 6 2 4 2 6 6 2 4 2 6 4 4 4 6 4 2 6 6 4 4 4 2 6 6 6 6 4 2 2 2 6 2 4 3 2 4 2 6 4 2 2 6 6 6 4 6 6 4 2 4 2 6 4 4 4 2 6 2 2 6 2 2 2 4 2 6 6 4 6 2 2 4 6 2 6 6 2 4 4 6 6 6 4 4 2 6 4 2 6 2 4 6 6 2 2 4 4 6 2 4 2 4 4 6 4 4 4 13289 
8 8 24 16 8 8 24 8 8 36 16 12 16 24 8 24 16 24 8 8 8 8 16 8 16 24 16 24 8 16 8 24 24 8 20 8 24 16 16 16 24 16 8 24 24 16 16 16 8 24 24 24 24 16 8 8 8 24 8 16 8 9 16 8 24 16 8 8 24 24 24 16 24 24 16 8 16 8 24 16 16 16 8 24 8 8 24 8 8 8 16 8 24 24 16 24 8 8 16 24 8 24 24 8 16 16 24 24 24 16 16 8 24 16 8 24 8 16 24 24 8 8 16 16 24 8 16 8 16 16 24 16 16 16 53440 
8 8 24 16 8 8 24 8 8 24 16 8 16 24 8 24 16 16 8 8 8 8 16 8 16 16 16 24 8 16 8 24 24 8 16 8 24 16 16 16 36 16 8 24 24 16 16 16 8 24 24 24 24 16 8 8 8 24 8 16 8 8 18 8 24 16 8 8 24 24 24 16 24 24 16 8 16 8 24 16 16 16 8 24 8 8 24 8 8 8 16 8 24 24 16 24 8 8 16 24 8 24 24 8 16 16 24 24 24 16 16 8 24 16 8 24 8 16 24 24 8 8 16 16 24 8 16 8 16 16 24 16 16 16 53181 
2 2 6 4 2 2 6 2 2 9 4 3 4 6 2 6 4 6 2 2 2 2 4 2 4 4 4 6 2 4 2 6 6 2 4 2 6 4 4 4 6 4 2 6 6 4 4 4 2 6 6 6 6 4 2 2 2 6 2 4 2 2 4 3 6 4 2 2 6 6 6 4 6 6 4 2 4 2 6 4 4 4 2 6 2 2 6 2 2 2 4 2 6 6 4 6 2 2 4 6 2 6 6 2 4 4 6 6 6 4 4 2 6 4 2 6 2 4 6 6 2 2 4 4 6 2 4 2 4 4 6 4 4 4 13291 
9 9 27 18 9 9 27 9 9 27 18 9 18 27 9 27 18 18 9 9 9 9 18 9 18 18 18 27 9 18 9 27 27 9 18 9 27 18 18 18 27 18 9 27 27 18 18 18 9 27 27 27 27 18 9 9 9 27 9 18 9 9 18 9 30 18 9 9 27 27 27 18 27 27 18 9 18 9 27 18 18 18 9 27 9 9 27 9 9 9 18 9 27 27 18 27 9 9 18 27 9 27 27 9 18 18 27 27 27 18 18 9 27 18 9 27 9 18 27 27 9 9 18 18 27 9 18 9 18 18 27 18 18 18 59411 
6 6 18 12 6 6 18 6 6 18 12 6 12 18 6 18 12 12 6 6 6 6 12 6 12 12 12 18 6 12 6 18 18 6 12 6 18 12 12 12 18 12 6 18 18 12 12 12 6 18 18 18 18 12 6 6 6 18 6 12 6 6 12 6 18 14 6 6 18 18 18 12 18 18 12 6 12 6 18 12 12 12 6 18 6 6 18 6 6 6 12 6 18 18 12 18 6 6 12 18 6 18 18 6 12 12 18 18 18 12 12 6 18 12 6 18 6 12 18 18 6 6 12 12 18 6 12 6 12 12 18 12 12 12 39609 
6 6 18 18 6 6 18 6 6 18 12 6 12 18 6 18 12 12 6 6 6 6 12 6 12 12 12 18 6 12 6 18 18 6 12 6 18 12 12 12 18 12 6 18 18 12 12 12 6 18 18 18 18 12 6 6 6 18 6 12 9 6 12 6 18 12 7 6 18 18 18 12 18 18 12 6 12 6 18 12 12 12 6 18 6 6 18 6 6 6 12 6 18 18 12 18 6 6 12 18 6 18 18 6 12 12 18 18 18 12 12 6 18 12 6 18 6 12 18 18 6 6 12 12 18 6 12 6 12 12 18 12 12 12 39955 
7 7 21 14 7 7 21 7 7 21 14 7 14 21 7 21 14 14 7 7 7 7 14 7 14 14 14 21 7 14 7 21 21 7 14 7 21 14 14 14 21 14 7 21 21 14 14 14 7 21 21 21 21 14 7 7 7 21 7 14 7 7 14 7 21 14 7 8 21 21 21 14 21 21 14 7 14 7 21 14 14 14 7 21 7 7 21 7 7 7 14 7 21 21 14 21 7 7 14 21 7 21 21 7 14 14 21 21 21 14 14 7 21 14 7 21 7 14 21 21 7 7 14 14 21 7 14 7 14 14 21 14 14 14 46192 
8 8 24 24 10 8 24 8 8 24 16 8 16 24 8 24 16 16 8 8 8 8 16 8 16 16 16 24 8 16 8 24 24 8 16 8 24 16 16 16 24 16 8 24 24 16 16 16 8 24 30 24 24 16 8 8 8 24 8 16 8 8 16 8 24 16 8 8 27 24 24 16 24 24 16 8 16 8 24 16 16 16 8 24 8 8 24 8 8 8 16 8 24 24 16 24 8 8 16 24 8 24 24 8 16 16 24 24 24 16 16 8 24 16 8 24 8 16 24 24 8 8 16 16 24 8 16 8 16 16 24 16 16 16 53328 
6 6 18 18 6 6 18 6 6 18 12 6 12 18 6 18 12 12 6 6 6 6 12 6 12 12 12 18 6 12 6 18 18 6 12 6 18 12 12 12 18 12 6 18 18 12 12 12 6 18 18 18 18 12 6 6 6 18 6 12 9 6 12 6 18 12 6 6 18 21 18 12 18 18 12 6 12 6 18 12 12 12 6 18 6 6 18 6 6 6 12 6 18 18 12 18 6 6 12 18 6 18 18 6 12 12 18 18 18 12 12 6 18 12 6 18 6 12 18 18 6 6 12 12 18 6 12 6 12 12 18 12 12 12 39956 
8 8 24 24 8 8 36 8 9 24 16 8 16 24 8 24 16 16 8 8 8 8 16 8 16 16 16 24 8 16 8 24 24 8 16 8 24 16 16 16 24 16 8 24 24 16 16 16 8 24 24 24 24 16 8 8 8 24 8 16 8 8 16 8 24 16 8 8 24 24 27 16 24 24 16 8 16 8 24 16 16 16 8 24 8 8 24 8 8 8 16 8 24 24 16 24 8 8 16 24 8 24 24 8 16 16 24 24 24 16 16 8 24 16 8 24 8 16 24 24 8 8 16 16 24 8 16 8 16 16 24 16 16 16 53279 
8 8 24 16 8 8 24 8 8 36 16 12 16 24 8 24 16 24 8 8 8 8 16 8 16 24 16 24 8 16 8 24 24 8 16 8 24 16 16 16 24 16 8 24 27 16 16 16 8 24 24 24 24 16 8 8 8 24 8 16 8 8 16 8 24 16 8 8 24 24 24 18 24 24 16 8 16 8 24 16 16 16 8 24 8 8 24 8 8 8 16 8 24 24 16 24 8 8 16 24 8 24 24 8 16 16 24 24 24 16 16 8 24 16 8 24 8 16 24 24 8 8 16 16 24 8 16 8 16 16 24 16 16 16 53361 
8 8 24 24 10 8 24 8 8 24 16 8 16 24 8 24 16 16 8 8 8 8 16 8 16 16 16 24 8 16 8 24 24 8 16 8 24 16 16 16 24 16 8 24 24 16 16 16 8 24 24 24 24 16 8 8 8 24 8 16 8 8 16 8 24 16 8 8 24 24 24 16 27 24 16 8 16 8 24 16 16 16 8 24 8 8 24 8 8 8 16 8 24 24 16 24 8 8 16 24 8 24 24 8 16 16 24 24 24 16 16 8 24 16 8 24 8 16 24 24 8 8 16 16 24 8 16 8 16 16 24 16 16 16 53132 
2 2 6 4 2 2 6 2 2 9 4 3 4 6 2 6 4 6 2 2 2 2 4 2 4 6 4 6 2 4 2 6 6 2 4 2 6 4 4 4 6 4 2 6 6 4 4 4 2 6 6 6 6 4 2 2 2 6 2 4 2 2 4 2 6 4 2 2 6 6 6 4 6 9 4 2 4 2 6 4 4 4 2 6 2 2 6 2 2 2 4 2 6 6 4 6 2 2 4 6 2 6 6 2 4 4 6 6 6 4 4 2 6 4 2 6 2 4 6 6 2 2 4 4 6 2 4 2 4 4 6 4 4 4 13354 
4 4 12 8 4 4 12 4 4 12 8 4 8 12 4 12 8 8 4 4 4 4 8 4 8 8 8 12 4 8 4 15 12 4 8 4 12 8 8 8 12 8 4 12 12 8 8 8 4 12 12 12 12 8 4 4 4 12 4 8 4 4 8 4 12 8 4 4 12 12 12 8 12 12 10 4 8 4 12 8 8 8 4 12 4 4 12 4 4 4 8 4 12 12 8 12 4 4 8 12 4 12 12 4 8 8 12 12 12 8 8 4 12 8 4 12 4 8 12 12 4 4 8 8 12 4 8 4 8 8 12 8 8 8 26546 
6 6 18 12 6 6 18 6 6 27 12 9 12 18 6 18 12 18 6 6 6 6 12 6 12 18 12 18 6 12 6 18 18 6 12 6 18 12 12 12 18 12 6 18 18 12 12 12 6 18 18 18 18 12 6 6 6 18 6 12 6 6 12 6 18 12 6 6 18 18 18 12 18 27 12 7 12 6 18 12 12 12 6 18 6 6 18 6 6 6 12 6 18 18 12 18 6 6 12 18 6 18 18 6 12 12 18 18 18 12 12 6 18 12 6 18 6 12 18 18 6 6 12 12 18 6 12 6 12 12 18 12 12 12 40129 
8 8 24 24 10 8 24 8 8 24 16 8 16 24 8 24 16 16 8 8 8 8 16 8 16 16 16 24 8 16 8 24 24 8 16 8 24 16 16 16 24 16 8 24 24 16 16 16 8 24 30 24 24 16 8 8 10 24 8 16 8 8 16 8 24 16 8 8 24 24 24 16 24 24 16 8 18 8 24 16 16 16 8 24 8 8 24 8 8 8 16 8 24 24 16 24 8 8 16 24 8 24 24 8 16 16 24 24 24 16 16 8 24 16 8 24 8 16 24 24 8 8 16 16 24 8 16 8 16 16 24 16 16 16 53422 
8 8 24 16 8 8 24 8 8 24 16 8 16 24 8 30 16 16 10 8 8 8 16 8 16 16 16 24 8 16 8 24 24 8 16 8 24 16 16 16 24 16 8 24 24 16 16 16 8 24 24 24 24 16 8 9 8 24 8 16 8 8 16 8 24 16 8 8 24 24 24 16 24 24 16 8 16 9 24 16 16 16 8 24 8 8 24 8 8 8 16 8 24 24 16 24 8 8 16 24 8 24 24 8 16 16 24 24 24 16 16 8 24 16 8 24 8 16 24 24 8 8 16 16 24 8 16 8 16 16 24 16 16 16 53171 
6 6 18 12 6 6 18 6 6 27 12 9 12 18 6 18 12 18 6 6 6 6 12 6 12 12 12 18 6 12 6 18 18 6 12 6 18 12 12 12 18 12 6 18 18 12 12 12 6 18 18 18 18 12 6 6 6 18 6 12 6 6 12 9 18 12 6 6 18 18 18 12 18 18 12 6 12 6 21 12 12 12 6 18 6 6 18 6 6 6 12 6 18 18 12 18 6 6 12 18 6 18 18 6 12 12 18 18 18 12 12 6 18 12 6 18 6 12 18 18 6 6 12 12 18 6 12 6 12 12 18 12 12 12 39945 
6 7 18 12 6 6 18 6 6 18 12 6 12 21 6 18 12 12 6 6 6 6 12 6 12 12 12 18 6 12 6 18 18 6 12 6 18 12 12 12 18 12 6 18 18 12 12 12 6 18 18 18 18 12 6 6 6 18 6 12 6 6 12 6 18 12 6 6 18 18 18 12 18 18 12 6 12 6 18 14 12 12 6 18 6 6 18 6 6 6 12 6 18 18 12 18 6 6 12 18 6 18 18 6 12 12 18 18 18 12 12 6 18 12 6 18 6 12 18 18 6 6 12 12 18 6 12 6 12 12 18 12 12 12 39652 
2 2 6 6 2 2 9 2 2 6 4 2 4 6 2 6 4 4 2 2 2 2 4 2 4 4 4 6 2 4 2 6 6 2 4 2 6 4 4 4 6 4 2 6 6 4 4 4 2 6 6 6 6 4 2 2 2 6 2 4 2 2 4 2 6 4 2 2 6 6 6 4 6 6 4 2 4 2 6 4 6 4 2 6 2 2 6 2 2 2 4 2 6 6 4 6 2 2 4 6 2 6 6 2 4 4 6 6 6 4 4 2 6 4 2 6 2 4 6 6 2 2 4 4 6 2 4 2 4 4 6 4 4 4 13346 
2 2 6 4 2 2 6 2 2 6 4 2 4 6 2 6 4 4 2 2 2 2 4 2 4 4 4 6 2 4 2 6 6 2 4 2 6 4 4 4 6 4 2 6 6 4 4 4 2 6 6 6 6 4 2 2 2 6 2 4 2 2 4 2 6 4 2 2 6 6 6 4 6 6 4 2 4 2 6 4 4 6 2 6 2 2 6 2 2 2 4 2 6 6 4 6 2 2 4 6 2 6 6 2 4 4 6 6 6 4 4 2 6 4 2 6 2 4 6 6 2 2 4 4 6 2 4 2 4 4 6 4 4 4 13244 
8 8 24 16 8 8 24 8 8 36 16 8 16 24 8 24 16 16 8 8 8 8 16 8 16 16 16 24 8 16 8 24 24 8 16 8 24 16 16 16 24 16 8 24 24 16 16 16 8 24 24 24 24 16 8 8 8 24 8 16 8 8 16 8 24 16 8 8 24 24 24 16 24 24 16 8 16 8 24 16 16 16 9 24 8 8 24 8 8 8 16 8 24 24 16 24 8 8 16 24 8 24 24 8 16 16 24 24 24 16 16 8 24 16 8 24 8 16 24 24 8 8 16 16 24 8 16 8 16 16 24 16 16 16 52906 
6 6 18 18 6 6 27 6 6 18 12 6 12 18 6 18 12 12 6 6 6 6 12 6 12 12 12 18 6 12 6 18 18 6 12 6 18 12 12 12 18 12 6 18 18 12 12 12 6 18 18 18 18 12 6 6 6 18 6 12 6 6 12 6 18 12 6 6 18 18 18 12 18 18 12 6 12 6 18 12 18 12 6 21 6 6 18 6 6 6 12 6 18 18 12 18 6 6 12 18 6 18 18 6 12 12 18 18 18 12 12 6 18 12 6 18 6 12 18 18 6 6 12 12 18 6 12 6 12 12 18 12 12 12 40077 
8 8 24 24 8 8 24 8 8 24 16 8 16 24 8 24 16 16 8 8 8 8 16 8 16 16 16 24 8 16 8 24 24 8 16 8 36 16 16 16 24 16 8 24 24 16 16 16 8 24 24 24 24 16 8 8 8 24 8 16 8 8 16 8 24 16 8 8 24 24 24 16 24 24 16 8 16 8 24 16 16 16 8 24 9 8 24 8 8 8 16 8 24 24 16 24 8 8 16 24 8 24 24 8 16 16 24 24 24 16 16 8 24 16 8 24 8 16 24 24 8 8 16 16 24 8 16 8 16 16 24 16 16 16 53507 
6 6 18 12 6 6 18 6 6 27 12 9 12 18 6 18 12 18 6 6 6 6 12 6 12 12 12 18 6 12 6 18 18 6 12 6 18 12 12 12 18 12 6 18 18 12 12 12 6 18 18 18 18 12 6 6 6 18 6 12 6 6 12 9 18 12 6 6 18 18 18 12 18 18 12 6 12 6 21 12 12 12 6 18 6 7 18 6 6 6 12 6 18 18 12 18 6 6 12 18 6 18 18 6 12 12 18 18 18 12 12 6 18 12 6 18 6 12 18 18 6 6 12 12 18 6 12 6 12 12 18 12 12 12 40033 
1 1 3 2 1 1 3 1 1 3 2 1 2 3 1 3 2 2 1 1 1 1 2 1 2 2 2 3 1 2 1 3 3 1 2 1 3 2 2 2 3 2 1 3 3 2 2 2 1 3 3 3 3 2 1 1 1 3 1 2 1 1 2 1 3 2 1 1 3 3 3 2 3 3 2 1 2 1 3 2 2 2 1 3 1 1 6 1 1 1 2 1 3 3 2 3 1 1 2 3 1 3 3 1 2 2 3 3 3 2 2 1 3 2 1 3 1 2 3 3 1 1 2 2 3 1 2 1 2 2 3 2 2 2 6605 
8 8 24 24 8 8 36 8 9 24 16 8 16 24 8 24 16 16 8 8 8 8 16 8 16 16 16 24 8 16 8 24 24 8 16 8 24 16 16 16 24 16 8 24 24 16 16 16 8 24 24 24 24 16 8 8 8 24 8 16 8 8 16 8 24 16 8 8 24 24 27 16 24 24 16 8 16 8 24 16 16 16 8 24 8 8 24 9 8 8 16 8 24 24 16 24 8 8 16 24 8 24 24 8 16 16 24 24 24 16 16 8 24 16 8 24 8 16 24 24 8 8 16 16 24 8 16 8 16 16 24 16 16 16 53339 
8 8 24 16 8 8 24 8 8 24 16 8 16 24 8 30 16 16 10 8 8 8 16 8 16 16 16 24 8 16 8 24 24 8 16 8 24 16 16 16 24 16 8 24 24 16 16 16 8 24 24 24 24 16 8 8 8 24 8 16 8 8 16 8 24 16 8 8 24 24 24 16 24 24 16 8 16 8 24 16 16 16 8 24 8 8 24 8 9 8 16 8 24 24 16 24 8 8 16 24 8 24 24 8 16 16 24 24 24 16 16 8 24 16 8 24 8 16 24 24 8 8 16 16 24 8 16 8 16 16 24 16 16 16 53063 
7 7 21 14 7 7 21 7 7 21 14 7 14 21 7 21 14 14 7 7 7 7 14 7 14 14 14 21 7 14 7 21 21 7 14 7 21 14 14 14 21 14 7 21 21 14 14 16 7 21 21 21 21 14 7 7 7 21 7 14 7 7 14 7 21 14 7 7 21 21 21 14 21 21 14 7 14 7 21 14 14 14 7 21 7 7 21 7 7 8 14 7 21 21 14 21 7 7 14 21 7 21 21 7 14 14 21 21 21 14 14 7 21 14 7 21 7 14 21 21 7 7 14 14 21 7 14 7 14 14 21 14 14 14 46291 
8 8 24 16 8 8 24 8 8 24 16 8 16 24 8 30 16 16 8 8 8 8 16 8 16 16 16 24 8 16 8 24 24 8 16 8 24 16 16 16 24 16 8 24 24 16 16 16 8 24 24 24 24 16 8 8 8 24 8 16 8 8 16 8 24 16 8 8 24 24 24 16 24 24 16 8 16 8 24 16 16 16 8 24 8 8 24 8 8 8 18 8 24 24 16 24 8 8 16 24 8 24 24 8 16 16 24 24 24 16 16 8 24 16 8 24 8 16 24 24 8 8 16 16 24 8 16 8 16 16 24 16 16 16 52853 
2 2 6 6 2 2 6 2 2 6 4 2 4 6 2 6 4 4 2 2 2 2 4 2 4 4 4 6 3 4 2 6 6 2 4 2 6 4 4 4 6 4 2 6 6 4 4 4 2 6 6 6 6 4 2 2 2 6 2 4 2 2 4 2 6 4 2 2 6 6 6 4 6 6 4 2 4 2 6 4 4 4 2 6 2 2 6 2 2 2 4 3 6 6 4 6 2 2 4 6 2 6 6 2 4 4 6 6 6 4 4 2 6 4 2 6 2 4 6 6 2 2 4 4 6 2 4 2 4 4 6 4 4 4 13374 
4 4 12 12 4 4 18 4 4 12 8 4 8 12 4 12 8 8 4 4 4 4 8 4 8 8 8 12 4 8 4 12 12 4 8 4 12 8 8 8 12 8 4 12 12 8 8 8 4 12 12 18 12 8 4 4 4 12 4 8 4 4 8 4 12 8 4 4 12 12 12 8 12 12 8 4 8 4 12 8 8 8 4 12 4 4 12 4 4 4 8 4 15 12 8 12 4 4 8 12 4 12 12 4 8 8 12 12 12 8 8 4 12 8 4 12 4 8 12 12 4 4 8 8 12 4 8 4 8 8 12 8 8 8 26728 
4 4 12 8 4 4 12 4 4 18 8 6 8 12 4 12 8 8 4 4 4 4 8 4 8 8 8 12 4 8 4 12 12 4 8 4 12 8 8 8 12 8 4 12 12 8 8 8 4 12 12 12 12 8 4 4 4 12 4 8 4 4 8 4 12 8 4 4 12 12 12 8 12 12 8 4 8 4 12 8 8 8 4 12 4 4 12 4 4 4 8 4 12 15 8 12 4 4 8 12 4 12 12 4 8 8 12 12 12 8 8 4 12 8 4 12 4 8 12 12 4 4 8 8 12 4 8 4 8 8 12 8 8 8 26503 
8 8 24 16 8 8 24 8 8 36 16 8 16 24 8 24 16 16 8 8 8 8 16 8 16 16 16 24 8 16 8 24 24 8 16 8 24 16 16 16 24 16 8 24 24 16 16 16 8 24 24 24 24 16 8 8 8 24 8 16 8 8 16 8 24 16 8 8 24 24 24 16 24 24 16 8 16 8 24 16 16 16 9 24 8 8 24 8 8 8 16 8 24 24 18 24 8 8 16 24 8 24 24 8 16 16 24 24 24 16 16 8 24 16 8 24 8 16 24 24 8 8 16 16 24 8 16 8 16 16 24 16 16 16 52963 
6 6 18 12 6 6 18 6 6 18 12 6 12 18 6 18 12 12 6 9 6 6 12 6 12 12 12 18 6 12 6 18 18 6 12 6 18 12 12 12 18 12 6 18 18 12 12 12 6 18 18 18 18 12 6 6 6 18 6 12 6 6 12 6 18 12 6 6 18 18 18 12 18 18 12 6 12 6 18 12 12 12 6 18 6 6 18 6 6 6 12 6 18 18 12 21 6 6 12 18 6 18 18 6 12 12 18 18 18 12 12 6 18 12 6 18 6 12 18 18 6 6 12 12 18 6 12 6 12 12 18 12 12 12 39898 
6 7 18 12 6 6 18 6 6 18 12 6 12 21 6 18 12 12 6 6 6 6 12 6 12 12 12 18 6 12 6 18 18 6 12 6 18 12 12 12 18 12 6 18 18 12 12 12 6 18 18 18 18 12 6 6 6 18 6 12 6 6 12 6 18 12 6 6 18 18 18 12 18 18 12 6 12 6 18 12 12 12 6 18 6 6 18 6 6 6 12 6 18 18 12 18 7 6 12 18 6 18 18 6 12 12 18 18 18 12 12 6 18 12 6 18 6 12 18 18 6 6 12 12 18 6 12 6 12 12 18 12 12 12 39673 
6 7 18 12 6 6 18 6 6 18 12 6 12 18 6 18 12 12 6 6 6 6 12 6 12 12 12 18 6 12 6 18 18 6 12 6 18 12 12 12 18 12 6 18 18 12 12 12 6 18 18 18 18 12 6 6 6 18 6 12 6 6 12 6 18 12 6 6 18 18 18 12 18 18 12 6 12 6 18 12 12 12 6 18 6 6 18 6 6 6 12 6 18 18 12 18 6 7 12 18 6 18 18 6 12 12 18 18 18 12 12 6 18 12 6 18 6 12 18 18 6 6 12 12 18 6 12 6 12 12 18 12 12 12 39670 
8 8 24 24 10 8 24 8 8 24 16 8 16 24 8 24 16 16 8 8 8 8 16 8 16 16 16 24 8 16 8 24 24 8 16 8 24 16 16 16 24 16 8 24 24 16 16 16 8 24 30 24 24 16 8 8 8 24 8 16 8 8 16 8 24 16 8 8 27 24 24 16 24 24 16 8 16 8 24 16 16 16 8 24 8 8 24 8 8 8 16 8 24 24 16 24 8 8 18 24 8 24 24 8 16 16 24 24 24 16 16 8 24 16 8 24 8 16 24 24 8 8 16 16 24 8 16 8 16 16 24 16 16 16 53427 
8 8 24 24 8 8 24 8 8 24 16 8 16 24 8 24 16 16 8 8 8 8 16 8 16 16 16 24 12 16 8 24 24 8 16 8 24 16 16 20 24 18 8 24 24 16 16 16 8 24 24 24 24 16 8 8 8 24 8 16 8 8 16 8 24 16 8 8 24 24 24 16 24 24 16 8 16 8 24 16 16 16 8 24 8 8 24 8 8 8 16 8 24 24 16 24 8 8 16 27 8 24 24 8 16 16 24 24 24 16 16 8 24 16 8 24 8 16 24 24 8 8 16 16 24 8 16 8 16 16 24 16 16 16 53224 
8 8 24 16 8 8 24 8 8 36 16 8 16 24 8 24 16 16 8 8 8 8 16 8 16 16 16 24 8 16 8 24 24 8 16 8 24 16 16 16 24 16 8 24 24 16 16 16 8 24 24 24 24 16 8 8 8 24 8 16 8 8 16 8 24 16 8 8 24 24 24 16 24 24 16 8 16 8 24 16 16 16 8 24 8 8 24 8 8 8 16 8 24 24 16 24 8 8 16 24 9 24 24 8 16 16 24 24 24 16 16 8 24 16 8 24 8 16 24 24 8 8 16 16 24 8 16 8 16 16 24 16 16 16 52884 
2 2 6 4 2 2 6 2 2 6 4 2 4 6 2 6 4 4 2 2 2 2 4 2 4 4 4 6 2 4 2 6 6 2 4 2 6 4 4 4 6 4 2 6 6 4 4 4 2 6 6 6 6 4 2 2 2 6 2 4 2 2 4 2 6 4 2 2 6 6 6 4 6 6 4 2 4 2 6 4 4 6 2 6 2 2 6 2 2 2 4 2 6 6 4 6 2 2 4 6 2 9 6 2 4 4 6 6 6 4 4 2 6 4 2 6 2 4 6 6 2 2 4 4 6 2 4 2 4 4 6 4 4 4 13287 
8 8 24 16 8 8 24 8 8 36 16 12 16 24 8 24 16 24 8 8 8 8 16 8 16 24 16 24 8 16 8 24 24 8 16 8 24 16 16 16 24 16 8 24 24 16 16 16 12 24 24 24 24 16 8 8 8 24 8 16 8 8 16 8 24 16 8 8 24 24 24 16 24 24 16 8 16 8 24 16 16 16 8 24 8 8 24 8 8 8 16 8 24 24 16 24 8 8 16 24 8 24 27 8 16 16 24 24 24 16 16 8 24 16 8 24 8 16 24 24 8 8 16 16 24 8 16 8 16 16 24 16 16 16 53454 
4 4 12 8 4 4 12 4 4 12 8 4 8 12 4 12 8 8 4 4 4 4 8 4 8 8 8 12 4 8 4 12 12 4 8 4 12 8 8 8 18 8 4 12 12 8 8 8 4 12 12 12 12 8 4 4 4 12 4 8 4 4 8 4 12 8 4 4 12 12 12 8 12 12 8 4 8 4 12 8 8 8 4 12 4 4 12 4 4 4 8 4 12 12 8 12 4 4 8 12 4 12 12 5 8 8 12 12 12 8 8 4 12 8 4 12 4 8 12 12 4 4 8 8 12 4 8 4 8 8 12 8 8 8 26588 
9 9 30 18 9 9 27 9 9 27 18 9 18 27 9 27 18 18 9 9 9 9 18 9 18 18 18 27 9 18 9 27 27 9 18 9 27 18 18 18 27 18 9 27 27 18 18 18 9 27 27 27 27 18 9 9 9 27 9 18 9 9 18 9 27 18 9 9 27 27 27 18 27 27 18 9 18 9 27 18 18 18 9 27 9 9 27 9 9 9 18 9 27 27 18 27 9 9 18 27 9 27 27 9 20 18 27 27 27 18 18 9 27 18 9 27 9 18 27 27 9 9 18 18 27 9 18 9 18 18 27 18 18 18 59481 
6 7 18 12 6 6 18 6 6 18 12 6 12 21 6 18 12 12 6 6 6 6 12 6 12 12 12 18 6 12 6 18 18 6 12 6 18 12 12 12 18 12 6 18 18 12 12 12 6 18 18 18 18 12 6 6 6 18 6 12 6 6 12 6 18 12 6 6 18 18 18 12 18 18 12 6 12 6 18 14 12 12 6 18 6 6 18 6 6 6 12 6 18 18 12 18 6 6 12 18 6 18 18 6 12 14 18 18 18 12 12 6 18 12 6 18 6 12 18 18 6 6 12 12 18 6 12 6 12 12 18 12 12 12 39677 
7 7 21 14 7 7 21 7 7 21 14 7 14 21 7 21 14 14 7 7 8 7 14 7 14 14 14 21 7 14 7 21 21 7 14 7 21 14 14 14 21 14 7 21 21 14 14 14 7 21 21 21 21 14 7 7 7 21 7 14 7 7 14 7 21 14 7 7 21 21 21 14 21 21 14 7 14 7 21 14 14 14 7 21 7 7 21 7 7 7 14 7 21 21 14 21 7 7 14 21 7 21 21 7 14 14 24 21 21 14 14 7 21 14 7 21 7 14 21 21 7 7 14 14 21 7 14 7 14 14 21 14 14 14 46262 
7 7 21 14 7 7 21 7 7 21 14 7 14 21 7 21 14 14 7 7 8 7 14 7 14 14 14 21 7 14 7 21 21 7 14 7 21 14 14 14 21 14 7 21 21 14 14 14 7 21 21 21 21 14 7 7 7 21 7 14 7 7 14 7 21 14 7 7 21 21 21 14 21 21 14 7 14 7 21 14 14 14 7 21 7 7 21 7 7 7 14 7 21 21 14 21 7 7 14 21 7 21 21 7 14 14 24 24 21 14 14 7 21 14 7 21 7 14 21 21 7 7 14 14 21 7 14 7 14 14 21 14 14 14 46350 
4 4 12 8 4 4 12 4 4 12 8 4 8 12 4 12 8 8 4 4 4 4 8 4 8 8 8 12 4 8 4 12 12 4 8 4 12 8 8 8 12 8 4 12 12 8 8 8 4 12 12 12 12 8 4 4 4 12 4 8 4 4 8 4 12 8 4 4 12 12 12 8 12 12 8 4 8 4 12 8 8 8 4 12 4 4 24 4 4 4 8 4 12 12 8 12 4 4 8 12 4 12 12 4 8 8 12 12 15 8 8 4 12 8 4 12 4 8 12 12 4 4 8 8 12 4 8 4 8 8 12 8 8 8 26462 
4 4 12 8 4 4 12 4 4 12 8 4 8 12 4 12 8 8 4 4 4 4 8 4 8 8 8 12 4 8 4 12 12 4 8 4 12 8 8 8 12 8 4 12 12 8 8 8 4 12 12 12 12 8 4 4 4 12 4 8 4 4 8 4 12 8 4 4 12 12 12 8 12 12 8 4 8 4 12 8 8 8 4 12 4 4 12 4 4 4 8 4 12 12 8 12 4 4 8 12 4 12 12 4 8 8 12 12 12 10 8 4 12 8 4 12 4 8 12 12 4 4 8 8 12 4 8 4 8 8 12 8 8 8 26422 
8 8 24 24 10 8 24 8 8 24 16 8 16 24 9 24 16 16 8 8 8 8 16 8 16 16 16 24 8 16 8 24 24 8 16 8 24 16 16 16 24 16 8 24 24 16 16 16 8 24 24 24 24 16 8 8 8 24 8 16 8 8 16 8 24 16 8 8 24 24 24 16 24 24 16 8 16 8 24 16 16 16 8 24 8 8 24 8 8 8 16 8 24 24 16 24 8 8 16 24 8 24 24 8 16 16 24 24 24 16 18 8 24 16 8 24 8 16 24 24 8 8 16 16 24 8 16 8 16 16 24 16 16 16 53180 
6 6 18 12 6 6 18 6 6 27 12 9 12 18 6 18 12 18 6 6 6 6 12 6 12 18 12 18 6 12 6 18 18 6 12 6 18 12 12 12 18 12 6 18 18 12 12 12 6 18 18 18 18 12 6 6 6 18 6 12 6 6 12 6 18 12 6 6 18 18 18 12 18 18 12 6 12 6 18 12 12 12 6 18 6 6 18 6 6 6 12 6 18 18 12 18 6 6 12 18 6 18 18 6 12 12 18 18 18 12 12 7 18 12 6 18 6 12 18 18 6 6 12 12 18 6 12 6 12 12 18 12 12 12 40012 
7 7 21 14 7 7 21 7 7 21 14 7 14 21 7 21 14 14 7 7 7 7 14 7 14 14 14 21 7 14 7 21 21 7 14 7 21 14 14 14 21 14 7 21 21 14 14 14 7 21 21 21 21 14 7 7 7 21 7 14 7 7 14 7 21 14 7 7 21 21 21 14 21 21 14 7 14 7 21 14 14 14 7 21 7 7 42 7 7 7 14 7 21 21 14 21 7 7 14 21 7 21 21 7 14 14 21 21 21 14 14 7 24 14 7 21 7 14 21 21 7 7 14 14 21 7 14 7 14 14 21 14 14 14 46281 
2 2 6 6 2 2 6 2 2 6 4 2 4 6 2 6 4 4 2 2 2 2 4 2 4 4 4 6 2 4 2 6 6 2 4 2 6 4 4 4 6 4 2 6 6 4 4 4 2 6 6 6 6 4 2 2 2 6 2 4 2 2 4 2 6 4 2 2 6 6 6 4 6 6 4 2 4 2 6 4 4 4 2 6 2 2 6 2 2 2 4 2 6 6 4 6 2 2 4 6 2 6 6 2 4 4 6 6 6 4 4 2 6 6 2 6 2 4 6 6 2 2 4 4 6 2 4 2 4 4 6 4 4 4 13322 
8 8 24 16 8 8 24 8 8 36 16 8 16 24 8 24 16 16 8 8 8 8 16 8 16 16 16 24 8 16 8 24 24 8 16 8 24 16 16 16 24 16 8 24 24 16 16 16 8 24 24 24 24 16 8 8 8 24 8 16 8 8 16 8 24 16 8 8 24 24 24 16 24 24 16 8 16 8 24 16 16 16 9 24 8 8 24 8 8 8 16 8 24 24 16 24 8 8 16 24 8 24 24 8 16 16 24 24 24 16 16 8 24 16 9 24 8 16 24 24 8 8 16 16 24 8 16 8 16 16 24 16 16 16 52920 
6 6 18 12 6 6 18 6 6 27 12 9 12 18 6 18 12 18 6 6 6 6 12 6 12 18 12 18 6 12 6 18 18 6 12 6 18 12 12 12 18 12 6 18 18 12 12 12 6 18 18 18 18 12 6 6 6 18 6 12 6 6 12 6 18 12 6 6 18 18 18 12 18 27 12 7 12 6 18 12 12 12 6 18 6 6 18 6 6 6 12 6 18 18 12 18 6 6 12 18 6 18 18 6 12 12 18 18 18 12 12 6 18 12 6 21 6 12 18 18 6 6 12 12 18 6 12 6 12 12 18 12 12 12 40156 
8 8 24 16 8 8 24 8 8 36 16 8 16 24 8 24 16 16 8 8 8 8 16 8 16 16 16 24 8 16 8 24 24 8 16 8 24 16 16 16 24 16 8 24 24 16 16 16 8 24 24 24 24 16 8 8 8 24 8 16 8 8 16 8 24 16 8 8 24 24 24 16 24 24 16 8 16 8 24 16 16 16 9 24 8 8 24 8 8 8 16 8 24 24 18 24 8 8 16 24 8 24 24 8 16 16 24 24 24 16 16 8 24 16 8 24 9 16 24 24 8 8 16 16 24 8 16 8 16 16 24 16 16 16 53046 
4 4 12 12 4 4 12 4 4 12 8 4 8 12 4 12 8 8 4 4 4 4 8 4 8 8 8 12 6 8 4 12 12 4 8 4 12 8 8 10 12 8 4 12 12 8 8 8 4 12 12 12 12 8 4 4 4 12 4 8 4 4 8 4 12 8 4 4 12 12 12 8 12 12 8 4 8 4 12 8 8 8 4 12 4 4 12 4 4 4 8 4 12 12 8 12 4 4 8 12 4 12 12 4 8 8 12 12 12 8 8 4 12 8 4 12 4 10 12 12 4 4 8 8 12 4 8 4 8 8 12 8 8 8 26678 
9 9 27 18 9 9 27 9 9 27 18 9 18 27 9 27 18 18 9 9 9 9 18 9 18 18 18 27 9 18 9 27 27 9 18 9 27 18 18 18 27 18 9 27 27 18 18 18 9 27 27 27 27 18 9 9 9 27 9 18 9 9 18 9 27 18 9 9 27 27 27 18 27 27 18 9 18 9 27 18 18 18 9 27 9 9 27 9 9 9 18 9 27 27 18 27 9 9 18 27 9 27 27 9 18 18 27 27 27 18 18 9 27 18 9 27 9 18 30 27 9 9 18 18 27 9 18 9 18 18 27 18 18 18 59453 
2 2 6 4 2 2 6 2 2 6 4 2 4 6 2 6 4 4 2 2 2 2 4 2 4 4 4 6 2 4 2 6 6 2 4 2 6 4 4 4 9 4 2 6 6 4 4 4 2 6 6 6 6 4 2 2 2 6 2 4 2 2 4 2 6 4 2 2 6 6 6 4 6 6 4 2 4 2 6 4 4 4 2 6 2 2 6 2 2 2 4 2 6 6 4 6 2 2 4 6 2 6 6 2 4 4 6 6 6 4 4 2 6 4 2 6 2 4 6 9 2 2 4 4 6 2 4 2 4 4 6 4 4 4 13323 
9 9 27 18 9 9 27 9 9 27 18 9 18 27 9 27 18 18 9 9 9 9 18 9 18 18 18 27 9 18 9 27 27 9 18 9 27 18 18 18 27 18 9 27 27 18 18 18 9 27 27 27 27 18 9 9 9 27 9 18 9 9 18 9 27 18 9 9 27 27 27 18 27 27 18 9 18 9 27 18 18 18 9 27 9 9 27 9 9 9 18 9 27 27 18 27 9 9 18 27 9 27 27 9 18 18 27 27 27 18 18 9 27 18 9 27 9 18 30 27 10 9 18 18 27 9 18 9 18 18 27 18 18 18 59538 
2 2 6 6 2 2 6 2 2 6 4 2 4 6 2 6 4 4 2 2 2 2 4 2 4 4 4 6 2 4 2 6 6 2 4 2 6 4 4 4 6 4 2 6 6 4 4 4 2 6 6 6 6 4 2 2 2 6 2 4 2 2 4 2 6 4 2 2 6 6 6 4 6 6 4 2 4 2 6 4 4 4 2 6 2 2 6 2 2 2 4 2 6 6 4 6 2 2 4 6 2 6 6 2 4 4 6 6 6 4 4 2 6 6 2 6 2 4 6 6 2 3 4 4 6 2 4 2 4 4 6 4 4 4 13347 
4 4 12 8 4 4 12 4 4 18 8 6 8 12 4 12 8 12 4 4 4 4 8 4 8 8 8 12 4 8 4 12 12 4 8 4 12 8 8 8 12 8 4 12 12 8 8 8 4 12 12 12 12 8 4 4 4 12 4 8 4 4 8 6 12 8 4 4 12 12 12 8 12 12 8 4 8 4 12 8 8 8 4 12 4 4 12 4 4 4 8 4 12 12 8 12 4 4 8 12 4 12 12 4 8 8 12 12 12 8 8 4 12 8 4 12 4 8 12 12 4 4 10 8 12 4 8 4 8 8 12 8 8 8 26674 
7 7 21 14 7 7 21 7 7 21 14 7 14 21 7 21 14 14 7 7 7 7 14 7 14 14 14 21 7 14 7 21 21 7 14 7 21 14 14 14 21 14 7 21 21 14 14 16 7 21 21 21 21 14 7 7 7 21 7 14 7 7 14 7 21 14 7 7 21 21 21 14 21 21 14 7 14 7 21 14 14 14 7 21 7 7 21 7 7 8 14 7 21 21 14 21 7 7 14 21 7 21 21 7 14 14 21 21 21 14 14 7 21 14 7 21 7 14 21 21 7 7 14 16 21 7 14 7 14 14 21 14 14 14 46344 
4 4 12 8 4 4 12 4 4 12 8 4 8 12 4 12 8 8 4 4 4 4 8 4 8 8 8 12 4 8 4 12 12 4 8 4 12 8 8 8 12 8 4 12 12 8 8 8 4 12 12 12 12 8 4 4 4 12 4 8 4 4 8 4 12 8 4 4 12 12 12 8 12 12 8 4 8 4 12 8 8 8 4 12 4 4 12 4 4 4 8 4 12 12 8 12 4 4 8 12 4 12 12 4 8 8 12 12 12 8 8 4 12 8 4 12 4 8 12 12 4 4 8 8 15 4 8 4 8 8 12 8 8 8 26486 
8 8 24 16 8 8 24 8 8 24 16 8 16 24 8 24 16 16 8 8 8 8 16 8 16 16 16 24 8 16 8 24 24 8 16 8 24 16 16 16 36 16 8 24 24 16 16 16 8 24 24 24 24 16 8 8 8 24 8 16 8 8 18 8 24 16 8 8 24 24 24 16 24 24 16 8 16 8 24 16 16 16 8 24 8 8 24 8 8 8 16 8 24 24 16 24 8 8 16 24 8 24 24 8 16 16 24 24 24 16 16 8 24 16 8 24 8 16 24 24 8 8 16 16 24 9 16 8 16 16 24 16 16 16 53242 
6 7 18 12 6 6 18 6 6 18 12 6 12 21 6 18 12 12 6 6 6 6 12 6 12 12 12 18 6 12 6 18 18 6 12 6 18 12 12 12 18 12 6 18 18 12 12 12 6 18 18 18 18 12 6 6 6 18 6 12 6 6 12 6 18 12 6 6 18 18 18 12 18 18 12 6 12 6 18 12 12 12 6 18 6 6 18 6 6 6 12 6 18 18 12 18 7 6 12 18 6 18 18 6 12 12 18 18 18 12 12 6 18 12 6 18 6 12 18 18 6 6 12 12 18 6 14 6 12 12 18 12 12 12 39766 
2 2 6 4 2 2 6 2 2 6 4 2 4 6 2 6 4 4 2 2 2 2 4 2 4 4 4 6 2 4 2 6 6 2 4 2 6 4 4 4 9 4 2 6 6 4 4 4 2 6 6 6 6 4 2 2 2 6 2 4 2 2 4 2 6 4 2 2 6 6 6 4 6 6 4 2 4 2 6 4 4 4 2 6 2 2 6 2 2 2 4 2 6 6 4 6 2 2 4 6 2 6 6 2 4 4 6 6 6 4 4 2 6 4 2 6 2 4 6 9 2 2 4 4 6 2 4 3 4 4 6 4 4 4 13419 
2 2 6 4 2 2 6 2 2 6 4 2 4 6 2 6 4 4 2 2 2 2 4 2 4 4 4 6 2 4 2 6 6 2 4 2 6 4 4 4 9 4 2 6 6 4 4 4 2 6 6 6 6 4 2 2 2 6 2 4 2 2 4 2 6 4 2 2 6 6 6 4 6 6 4 2 4 2 6 4 4 4 2 6 2 2 6 2 2 2 4 2 6 6 4 6 2 2 4 6 2 6 6 2 4 4 6 6 6 4 4 2 6 4 2 6 2 4 6 9 2 2 4 4 6 2 4 3 6 4 6 4 4 4 13421 
6 6 18 18 6 6 18 6 6 18 12 6 12 18 6 18 12 12 6 6 6 6 12 6 12 12 12 18 6 12 6 18 18 6 12 6 18 12 12 12 18 12 6 18 18 12 12 12 6 18 18 18 18 12 6 6 6 18 6 12 6 6 12 6 18 12 6 6 18 18 18 12 18 18 12 6 12 6 18 12 12 12 6 18 6 6 18 6 6 6 12 6 18 18 12 18 6 6 12 18 6 18 18 6 12 12 18 18 18 12 12 6 18 12 6 18 6 12 18 18 6 6 12 12 18 6 12 6 12 14 18 12 12 12 39813 
7 7 21 14 7 7 21 7 7 21 14 7 14 21 7 21 14 14 7 7 7 7 14 7 14 14 14 21 7 14 7 21 21 7 14 7 21 14 14 14 21 14 7 21 21 14 14 16 7 21 21 21 21 14 7 7 7 21 7 14 7 7 14 7 21 14 7 7 21 21 21 14 21 21 14 7 14 7 21 14 14 14 7 21 7 7 21 7 7 7 14 7 21 21 14 21 7 7 14 21 7 21 21 7 14 14 21 21 21 14 14 7 21 14 7 21 7 14 21 21 7 7 14 14 21 7 14 7 14 14 24 14 14 14 46232 
6 7 18 12 6 6 18 6 6 18 12 6 12 21 6 18 12 12 6 6 6 6 12 6 12 12 12 18 6 12 6 18 18 6 12 6 18 12 12 12 18 12 6 18 18 12 12 12 6 18 18 18 18 12 6 6 6 18 6 12 6 6 12 6 18 12 6 6 18 18 18 12 18 18 12 6 12 6 18 12 12 12 6 18 6 6 18 6 6 6 12 6 18 18 12 18 7 6 12 18 6 18 18 6 12 12 18 18 18 12 12 6 18 12 6 18 6 12 18 18 6 6 12 12 18 6 12 6 12 12 18 14 12 12 39695 
8 8 24 16 8 8 24 8 8 24 16 8 16 24 8 24 16 16 8 8 8 8 16 8 16 16 16 24 8 16 8 24 24 8 16 8 24 16 16 16 36 16 8 24 24 16 16 16 8 24 24 24 24 16 8 8 8 24 8 16 8 8 16 8 24 16 8 8 24 24 24 16 24 24 16 8 16 8 24 16 16 16 8 24 8 8 24 8 8 8 16 8 24 24 16 24 8 8 16 24 8 24 24 8 16 16 24 24 24 16 16 8 24 16 8 24 8 16 24 36 8 8 16 16 24 8 16 12 24 16 24 16 18 16 53754 
8 8 24 16 8 8 24 8 8 36 16 12 16 24 8 24 16 24 8 8 8 8 16 8 16 24 16 24 8 16 8 24 24 8 16 8 24 16 16 16 24 16 8 24 24 16 16 16 12 24 24 24 24 16 8 8 8 24 8 16 8 8 16 8 24 16 8 8 24 24 24 16 24 24 16 8 16 8 24 16 16 16 8 24 8 8 24 8 8 8 16 8 24 24 16 24 8 8 16 24 8 24 27 8 16 16 24 24 24 16 16 8 24 16 8 24 8 16 24 24 8 8 16 16 24 8 16 8 16 16 24 16 16 18 53473 
1 1 3 2 1 1 3 1 1 3 2 1 2 3 1 3 2 2 1 1 1 1 2 1 2 2 2 3 1 2 1 3 3 1 2 1 3 2 2 2 3 2 1 3 3 2 2 2 1 3 3 3 3 2 1 1 1 3 1 2 1 1 2 1 3 2 1 1 3 3 3 2 3 3 2 1 2 1 3 2 2 2 1 3 1 1 3 1 1 1 2 1 3 3 2 3 1 1 2 3 1 3 3 1 2 2 3 3 3 2 2 1 3 2 1 3 1 2 3 3 1 1 2 2 3 1 2 1 2 2 3 2 2 2 6597 
