1493 101 1
1256 1267 2671
820 1340 676
669 863 2995
1318 1443 2754
317 1369 1835
1349 1459 4877
1066 1345 1871
774 1217 738
333 1256 666
957 1221 1757
544 1048 96
935 939 2911
540 1253 2332
796 962 3869
1134 1197 4592
1076 1118 1309
1265 1374 3062
1449 1481 1051
343 1052 2250
892 1027 2937
607 1099 2509
1444 1449 70
1390 1427 4565
364 1173 1634
864 925 2749
492 800 4869
337 1108 4362
770 908 2707
943 1413 4606
223 1423 4464
752 909 466
1460 1476 4751
530 1302 567
1230 1481 3112
117 493 697
789 1162 1985
1272 1394 4472
2 569 15
1273 1451 1952
804 1330 436
493 663 3053
1166 1300 4200
1056 1471 4625
1240 1490 629
954 1248 2410
17 443 3987
352 1462 4352
265 1196 1387
1024 1467 2641
277 1096 1643
940 989 2392
529 1454 2143
1234 1301 2838
538 1203 1702
308 943 4874
863 1143 4859
1137 1442 3293
548 801 2096
474 548 2474
1477 1482 3662
1303 1395 4293
390 828 388
547 835 1328
768 888 2444
1395 1493 154
1166 1168 2732
250 292 2914
2 1422 3046
1382 1448 3690
1357 1409 443
167 534 4043
1278 1413 2036
1079 1488 2516
579 1355 4171
791 1209 1878
399 1490 724
697 869 4320
550 1383 3362
12 465 2516
374 672 941
1183 1419 189
747 927 264
910 1414 2381
1362 1417 2699
169 1314 4619
976 1445 3727
597 1331 3922
1330 1438 1989
57 273 3057
1262 1443 4039
1227 1232 882
771 1224 3671
917 1323 3712
582 923 1312
1048 1122 1119
582 1118 2305
830 1380 413
97 753 2872
709 1415 4099
1024 1224 3309
348 1179 2567
