1000000 1000 44
417392 676561 579163
21716 328369 924561
706863 885089 282615
329375 976623 84481
16676 635683 500961
588856 986825 394591
19437 801353 538230
287949 398550 180140
383500 764112 269626
642466 765800 669686
672088 976818 649358
356670 857588 445833
287769 985108 979333
835392 906529 314670
452793 789454 514844
412691 972581 915524
133950 441054 809924
294494 502635 255742
304478 480737 19233
141779 988688 379734
984356 988336 788803
576538 740218 309757
419005 450085 467163
251111 297917 260667
317594 911416 935043
736238 843834 103050
510828 777283 370415
882755 996898 129080
561606 875824 550647
653523 938081 980667
253133 497523 207069
627106 713457 472871
706987 767793 504000
820628 908918 924670
442050 664100 969551
763054 953542 566483
109165 547772 664401
986274 992649 678051
653020 728447 253945
451418 460535 84682
456677 534202 167965
20086 282315 436001
269269 395745 501268
198267 743586 861315
704269 945775 631950
768429 832933 768547
581804 761775 826528
275431 541048 867417
41214 573206 479272
492665 842542 198873
703874 872906 816518
148431 647534 824401
43544 234096 114230
228916 540335 823443
815225 897336 255203
701225 915174 675027
509561 934353 215456
398677 599289 938124
492205 681398 68275
968133 975701 501978
926211 991852 28402
591799 965449 165973
812197 834877 847447
663591 895524 52885
494370 516980 377041
295220 506105 575870
503231 913173 211124
439545 885635 239964
447613 840726 537243
656113 786244 667483
584122 807859 431464
69426 273913 317429
435032 661180 971093
148081 314879 479645
884074 884620 268025
650045 689774 682734
766701 852680 795246
301169 314387 980531
204287 428447 714239
93455 144205 727580
712764 994296 314644
806016 919645 15334
83378 485702 413059
236587 659364 7523
34967 703869 797344
200415 500979 538625
533242 902640 220069
586438 697510 377671
853929 970313 182913
681942 936308 434276
336471 541928 783198
222884 752878 126244
516473 536807 626361
98188 617207 637606
639372 757150 924296
552940 763289 544168
634559 775147 686810
878608 914014 406167
469037 834166 15177
223492 481955 610900
89956 173544 814255
168707 878812 742837
265947 758495 764354
500551 523644 414721
814576 869222 292527
83377 703068 135336
607323 796837 805279
180379 794335 716961
203689 765236 419900
235513 745313 839161
536767 927192 996328
650866 903765 418156
344464 401600 893114
237275 452353 967730
583243 629135 310359
32962 648969 90984
952583 966083 782614
982033 993582 157228
902082 982564 870182
534788 694445 757795
220113 364323 307731
257986 606013 709387
491599 641199 947711
801673 823063 554393
264271 358108 735815
730284 945394 970134
104774 679560 320362
370668 772971 228022
713380 881594 18847
964553 967424 534429
994352 999616 109352
488008 776660 754795
217077 789895 359153
904730 978411 358396
693865 732674 310932
843552 896638 965313
476360 963093 360985
813527 862227 361576
573361 807122 483085
960523 986098 469329
267734 844361 110146
932147 963562 889177
328288 376720 135489
467264 869688 449988
6637 713846 746671
111902 485821 922881
8112 570464 68205
606739 765889 931485
640219 897261 407801
55831 220681 47232
798297 959099 352018
618267 797610 833720
168812 728870 856073
21663 451603 436930
899030 941132 587956
984845 996920 733485
319570 368247 440899
363803 691881 990445
345390 801119 131445
581268 813219 520389
894354 929353 26384
913888 928988 830882
69570 408294 833874
7109 687553 630739
5590 984440 142553
245739 556697 781881
483507 860376 616064
541203 582173 874146
827300 920017 355315
467257 520333 831804
161701 962316 528891
328348 544596 943034
11322 890129 910364
502042 571185 673169
115252 730024 420130
394753 729980 968606
547607 834016 280154
336495 532348 967390
689749 694836 566598
598339 717837 209057
439724 659713 757939
431137 949219 280601
296314 721959 659789
536748 953154 424861
87005 377220 609649
240734 418596 579704
236326 482247 973318
65945 784331 306495
39404 902977 158708
417254 700382 605718
529701 810061 873156
402813 924160 613547
753881 933719 170549
939862 977328 362751
361851 554818 647636
695773 886234 399370
926380 987364 886963
831070 888126 806213
968383 983003 883737
519307 688057 817513
804310 903065 383956
778900 823366 685713
155674 593904 858806
474686 508737 817453
863785 973165 673704
439345 604218 420876
370812 489887 71515
125119 206510 366624
235523 700236 208724
286084 787544 58370
181866 243612 630967
945811 990359 309475
14923 51828 476329
997202 997446 393880
88329 753940 645911
87070 541128 265096
936200 982217 979939
709765 772921 533724
866826 956739 504330
211917 260326 42570
27635 413443 611422
268068 291353 729054
766824 936481 363460
831695 918945 434211
604686 867770 730098
372398 972517 625069
138456 716581 747540
697708 886838 244743
968957 973542 918805
381203 406706 933930
817048 988889 700423
360859 995839 389636
241696 242742 608932
306768 915098 440715
358129 473013 897149
852375 859834 505363
8972 341887 512736
195705 506798 586145
48785 787064 776698
107152 257984 962542
638436 776106 14864
820335 973655 209326
286915 392670 520664
708917 822388 460579
851335 995996 532584
192227 233478 371434
173733 674339 332255
417277 549435 557548
113987 578296 16953
407934 962217 182269
996379 997096 338867
795974 902693 896212
725502 948181 630485
360099 459179 802760
160199 419761 780987
827542 844091 418030
807560 969433 580686
801243 987329 56637
272071 297754 301143
320720 462330 200103
291552 591064 727461
587476 921973 534264
669781 672511 809212
15369 784416 440648
101837 729371 14373
905391 986752 563568
164156 480204 884281
807943 942976 589070
63658 610511 832137
195977 869279 731540
22094 914737 147227
374139 913532 245955
242698 367447 924911
928662 987809 711198
914967 957023 780740
490840 643772 622505
931694 971857 447691
488792 523097 351354
318066 892279 22176
566021 871215 470771
928839 981214 812521
160739 904725 360082
537067 892749 256615
703101 890930 195350
52955 129619 292799
502550 754526 419288
505787 604684 399141
158271 387882 600512
571382 600640 243659
598044 838770 341142
828182 841623 792568
319777 354923 477571
797018 864294 731359
568248 716005 472869
294812 987434 434739
543330 674521 105983
69154 154294 319577
951704 980265 202155
590833 697264 172716
935933 989431 135439
556790 776940 443406
795354 947944 260614
915745 982359 603641
781496 935466 189170
309599 375370 905116
504246 548647 888549
274597 629584 957003
957567 973241 631816
87220 501269 476112
195731 684105 554015
781495 963589 713324
787117 859374 76339
188249 527692 798113
805619 846019 227732
177979 250302 261827
108222 851903 458331
600743 642564 888956
860299 961587 539835
134836 535701 495974
405308 769111 524328
741413 810035 704388
317307 386185 993428
734488 739483 981705
27712 268724 801726
134525 792195 751090
391447 748725 714204
764065 999649 658879
395867 480668 27167
7352 916325 536590
825102 859214 577422
264024 397902 11514
655916 675036 389833
709473 774685 261609
677894 910022 497833
834348 890099 185737
154574 203916 125221
470326 553446 177247
746948 881805 890922
895786 955650 674355
954934 986529 99546
524691 811242 244912
76368 660445 933288
816843 861969 311236
159251 637411 227844
400080 527207 437194
361489 873176 56130
163009 510802 424352
227021 916013 339813
873328 942318 223505
135628 683975 810596
401131 509253 939855
628969 763621 463049
75882 708378 500127
476278 930430 730925
32320 488421 976687
833585 910539 247105
626995 897061 689547
163525 448400 396583
148455 155568 347237
729504 756769 264023
779944 816023 672326
141429 672765 535472
862179 868088 318956
512131 974793 348964
15749 755857 84158
196451 457508 616161
484141 596970 788625
846594 876440 692306
559177 595599 753703
695158 879776 19346
984895 990951 578415
723300 752389 563144
29309 484576 349921
283186 541939 50414
437123 935397 143711
980839 993322 881302
87260 284223 812105
702150 813719 921196
275700 903339 458955
539431 891697 205557
82540 691817 747238
441359 892354 476674
312817 328305 950908
193989 767915 461268
510838 930955 577403
213729 637305 130238
210111 404645 919653
508714 746987 79598
624363 887595 919106
184825 239031 879870
232679 918774 126408
256129 606448 398275
934069 947154 75219
240850 586539 759815
517207 966418 943501
695796 853549 712636
124156 401265 951622
154017 687537 912293
189565 477821 324565
206782 670729 344613
185060 776311 492184
386516 977453 87999
611629 869192 640416
709907 900832 392330
343306 989882 408926
108897 132107 670529
952620 973296 275966
450072 759547 356962
715713 917558 605477
233651 932392 808691
531096 896781 542910
985764 992946 836140
992026 997620 21522
365407 994382 393644
808725 822691 538243
255198 989731 691141
913307 980430 418941
327640 476523 68885
118903 641061 785791
880327 961225 101757
782591 971655 875833
671355 822919 265832
749578 803757 912025
128081 421704 328563
747564 864168 926398
429658 964368 143771
672327 863066 913022
290079 581112 714410
520081 573331 590566
526474 711365 929555
304372 603310 310581
458608 944629 929562
541282 726426 169866
147556 302849 321029
228054 324399 325390
478878 952981 948855
220382 485911 71893
53912 167887 581850
777513 909286 126568
130071 532947 42523
735599 796004 976181
75513 140525 629201
74645 676403 871880
635510 877679 759561
312505 503975 14651
726723 971903 636781
179251 512679 112959
403382 592046 625326
822711 957787 940116
191805 624668 452201
969861 981360 795657
352918 875241 2007
768470 945458 360722
542965 659651 891154
634012 666605 487584
358413 449180 256864
139347 385465 375405
475961 795825 823037
897003 913874 172323
737709 840216 331167
508877 888719 438424
626749 746307 928449
517254 953716 381857
488228 591411 831453
953612 986872 77131
512260 522977 284528
19640 347994 123633
218879 401002 500162
655882 967548 488223
710222 892967 137510
6004 59479 884156
699236 774520 37757
235820 601542 829800
245890 247839 643275
788115 815173 454075
328774 823085 712759
147752 440922 730235
522659 929913 207930
131736 929459 776934
971270 978636 526341
680568 876923 654941
51321 967910 725384
913848 976853 940781
777217 954826 207768
890207 981902 47964
777926 945428 293108
796252 935700 634053
276312 342408 366313
943054 959982 820432
859287 884391 368404
158875 886248 308942
31265 622234 371574
999765 999803 750399
210370 997228 204863
552011 571757 230918
43053 881337 181518
666634 779193 630813
269513 809065 353669
588340 809337 945446
348434 882775 386963
792780 959746 731038
961692 990743 20059
257985 934555 224937
486740 842823 240537
711803 887240 983644
350625 417990 796724
102573 625355 642692
790391 812014 732040
991414 992726 667618
567723 921839 340050
420 914857 787393
499701 930414 752308
48487 453815 611578
197005 208212 670713
702998 873542 122556
166850 867762 742476
153794 509176 700253
833924 936325 147870
914937 988609 310262
517657 948554 690442
43999 924666 833101
274096 294905 638627
52726 818816 767227
126093 233062 943467
590529 960627 288401
22430 868477 755935
762243 867296 472589
840477 956735 634376
368361 540242 506979
139457 955662 214992
467695 610143 879162
718898 949573 944716
3434 664456 678498
748 631189 728613
294262 934637 830969
293170 753203 374272
446593 625512 726282
276209 410330 466072
518343 873704 906635
716690 719681 372401
774590 950253 614329
323753 504135 899399
600884 978424 697258
863918 961613 379124
314428 760617 597391
518708 830293 989911
934347 977943 404398
762620 866018 586517
245146 718707 591116
635459 770656 681510
749531 862620 384072
50755 359329 673813
879349 937670 227762
887186 992079 793464
486503 887844 50704
75912 245429 800128
452972 595226 92011
285967 905162 793569
120582 600380 934735
86788 836592 210905
953151 957678 793247
578763 807520 903846
969965 974446 812458
915088 925885 679007
647112 999096 852148
661465 830649 288661
901274 908301 209219
996328 999505 456753
5188 348807 271621
386649 739007 114167
332059 911365 339521
334903 374916 555772
464172 821896 270564
421493 665149 385384
229060 540661 671279
560062 753529 639026
387264 932663 113523
937530 972217 171672
375492 703698 877199
944487 988690 42066
938038 976980 634274
627638 691231 53619
472329 790566 414330
737215 773082 924066
801656 882705 775338
849032 910420 966858
324343 510401 412714
391049 886677 65481
519175 872075 831478
631740 694944 605613
102441 723694 874783
906184 952981 707507
22911 672596 660624
214809 336183 876999
865309 915270 416938
153566 410235 194846
3340 784331 712300
569101 968542 684536
545370 655156 311407
442212 914465 210392
342182 820635 607502
724248 900529 355946
70692 126926 406962
935238 981915 548153
711995 917872 205694
373576 603711 28063
304738 561605 477950
651770 690422 675563
879600 987618 619005
216955 765157 144334
872258 980230 638057
491164 579096 601826
427819 919701 720043
396395 570530 213608
519984 927220 983599
927999 984433 655367
805606 809056 61687
559001 687273 100280
486639 665683 535343
119351 237085 838179
468524 997867 242746
969414 985583 264688
964315 969449 622027
180010 287946 171787
626536 921136 54887
408747 806230 620385
392975 613650 996004
278573 391587 379857
880963 961161 910443
605983 787450 514527
296591 972822 454630
121106 415174 913887
22689 519699 238837
714285 782680 934353
132642 179130 432131
875626 920339 565667
54761 424457 646813
978906 989848 483309
159634 336653 657199
876978 900725 114982
278895 500385 544397
652868 886285 213722
338436 869927 382281
687389 861232 821683
90887 668199 758758
355095 900885 729656
464580 587188 81673
594607 795407 323267
118094 490147 990503
184490 956958 436232
7143 805306 696624
149729 970530 174615
15520 587694 144516
800153 946228 684683
916604 969061 145714
296086 337263 944640
737697 840366 907488
447505 618506 292027
104533 251691 696011
355641 650269 341388
403068 627736 998682
193837 433621 368663
522013 643699 42766
128869 861754 195272
56527 265447 325273
873598 949804 106423
135855 245628 319606
559088 688224 509512
164727 493913 599313
918467 995859 625620
469969 703566 363867
414847 640669 954009
606839 838432 574965
142519 438976 786135
327510 897534 108688
778856 840957 697260
169972 725500 931228
997566 998264 90312
404215 451055 39873
495428 580937 950967
151547 163880 430746
933962 978574 171901
547088 628453 926026
238386 396079 950821
998365 999794 537333
470614 836235 524888
690949 964930 48904
308244 474670 768736
970853 989297 365991
864666 962333 900101
39141 975067 580693
362834 553434 597517
467612 838788 96218
892505 939298 429144
848606 966768 588663
913362 980851 266391
845704 960600 713387
23087 148790 939511
472964 773133 17500
883781 925248 329824
651204 769375 799488
42509 127972 938596
833595 887793 386962
812853 990125 264046
67052 739042 703379
132342 420661 376496
686444 814336 438174
274795 291147 44381
885190 886419 646230
217523 280250 978760
373135 955996 516127
877253 951468 646984
320559 362224 508606
583912 912069 772972
866363 874548 648222
257683 610450 103290
768357 971626 284712
868350 951142 441806
2131 714909 488124
5991 126363 463422
35575 526030 544045
390277 801747 516165
730836 839825 68884
479666 795816 21966
383886 839440 12845
815092 965298 793429
895619 986206 537103
306040 769605 98768
745186 746235 363415
504097 808954 17687
573466 662387 217872
665713 831673 518443
912817 998470 999171
849155 892034 3066
991637 997889 844698
574053 986300 211769
181014 249853 551951
944724 985612 401656
791496 802471 45568
598204 875185 383438
470879 938718 705027
194393 333291 19736
271388 307600 30821
211939 654154 814229
221784 912251 43993
759692 967813 447596
751692 802939 315137
167664 597598 748690
380020 547235 876286
58636 885779 188602
404474 417326 518793
394335 510697 666017
429131 669497 290882
29544 772197 23542
547865 963935 235504
473663 626458 42930
184735 807991 329493
359481 958599 19986
276508 947489 388551
338675 952081 40884
736926 742645 670510
898750 940485 58277
372931 690578 795411
534077 942101 230586
540544 763231 82407
654433 902121 582873
194679 855708 55313
904470 914484 896134
912320 920149 464403
983664 995560 258855
866048 944651 704769
583753 878398 827669
638203 979942 172917
345566 783045 499099
814008 833484 553447
468221 550865 550489
677118 729339 631561
470295 832176 280516
901860 998794 526284
210242 912791 682495
82053 304642 772996
362657 873313 62220
42808 411504 366432
83778 787922 139528
867382 896964 480347
770447 928729 900855
864029 995285 475846
684584 852788 595796
114564 303200 935791
756288 877255 396689
370383 838622 623690
345276 835010 376867
717191 946750 180531
754137 755362 938571
489239 859592 484414
799274 800480 535429
771545 817863 514148
953673 962561 808316
213465 814163 83672
120676 359311 501789
279200 288769 867160
319326 570312 189339
880485 951090 447159
323328 461284 475334
963565 979597 457820
845037 884729 556068
999746 999862 640016
418699 468588 740316
140170 811958 866266
397004 587987 527345
269975 745688 137368
826036 898395 756518
609044 854375 834302
377161 573651 198149
797923 921124 123656
90443 516938 146761
953928 964721 319467
420268 748173 540728
562084 689023 33122
106307 768753 329785
793123 872934 524664
933214 965073 431880
363002 455535 928725
849125 931444 326579
897172 961389 200364
810441 908176 632680
605852 863449 294033
793582 875034 295592
493778 758000 620985
474350 624554 957245
494154 758364 463646
217488 830816 268891
955294 980640 400185
151510 407863 427133
534095 953881 333306
859237 940540 805811
702776 936287 95890
208465 894839 348099
599311 828565 621264
481964 580856 338321
965989 994894 213452
435975 958036 569006
362741 932268 857185
793873 979584 635345
773977 956302 327431
435467 740766 212854
326605 859514 372945
546382 956224 390843
587554 888776 176541
70995 818592 603633
369148 975845 889311
66353 647628 568488
555087 681752 543968
195797 390325 68083
57283 579863 221481
735008 867242 987116
816862 823918 802777
232972 721059 558549
562117 739682 161814
184475 357917 175532
301379 455912 203915
420302 627745 333819
958092 985300 596274
95866 516601 779332
358768 796576 317331
652039 895072 132970
819002 915308 337941
225083 979255 579581
531016 553147 744160
444612 487320 688436
163151 246909 341636
599888 935730 343875
44121 289498 23467
994707 998453 26325
996786 997591 832796
92935 658794 431689
861501 987208 18658
9910 62518 693850
496146 690835 235198
820027 832483 22151
607942 766639 428766
693661 704018 906898
524158 796327 519273
3086 919026 524318
465393 526511 105145
224564 317252 118372
953346 996034 978275
206561 736485 715713
472229 683024 725798
348081 665269 835134
650594 923514 345509
760600 876176 278838
100838 886472 983129
407380 956030 744911
946114 996554 323711
950924 961102 59367
729644 736507 656242
686039 691578 613378
666142 846395 848217
334264 429692 742136
708575 951901 880220
273235 812741 656307
48771 73316 949048
650070 878342 967214
294878 543147 190813
542438 785961 534781
12014 808775 722982
987558 988771 720633
321996 854061 846610
555678 668683 37448
713440 937660 344067
546795 978079 211642
179687 428463 829397
361592 724798 348872
277350 372507 8153
840555 884944 266858
510378 972228 348921
888616 996894 425403
98110 549373 361571
28804 216815 454053
55658 156662 666636
383016 935504 949727
621425 884833 53174
190428 421751 914440
767945 949655 374840
590488 960732 74177
807380 865089 178949
320138 651428 998656
695466 916208 677768
912121 918338 324920
173243 443299 275252
216171 378813 831779
172381 261613 708921
909335 943619 679778
967575 983571 235432
893434 899553 486959
528960 632872 957829
914420 978473 679411
441963 844260 759979
834723 933497 432795
266413 475446 677612
296066 545803 134144
648572 955946 246075
69855 845664 790599
414571 842373 894431
602525 975916 368246
721770 766204 32061
461010 879078 945122
464692 478522 768023
375600 533722 243094
204376 283047 648415
555818 592179 493981
809680 857220 470124
709654 887051 335438
893724 912386 811544
253529 617281 991722
355538 970253 100139
482033 588653 453780
632745 787826 811329
291666 535079 585701
825213 970724 74922
761485 971836 163594
914862 990364 278953
100003 825043 391340
53291 420106 776120
913849 980287 591264
551253 883643 28065
956995 964519 299026
170307 213464 362897
870129 957066 589872
641242 665117 299500
114152 966168 126386
261903 482491 643055
449120 707652 401671
852954 874299 726513
791045 961064 456769
732133 901201 808830
379679 976906 438526
456821 707866 202039
775038 904037 763723
933990 952720 986940
138073 184661 340965
539491 575974 459656
43591 108173 184633
493997 538314 711696
92158 940189 358838
474013 694251 72696
44533 507082 544530
351995 739704 125880
961783 969722 533763
632659 869971 87821
372864 566160 459698
671509 999852 451364
795912 969646 539388
834454 916385 106120
846261 868665 883795
119190 896701 789444
610727 740460 155702
437663 812897 131679
851761 931252 656963
