58667609 33
3934440237 12599628574
456383382 705852257110
499422 15066615630
9620555 1664475155
300159714855 959007604170
21975210114 17675712483
73066001190 14548468454
3918948018 941143322
129190310 65769535
641618988010 7710911
1468246395 160606677
83920606 766716405
6534357830 123239415
185573714970 1683305
9758 26970872929
5373214 37390683039738
227739486953 185821592770
2327692598 5217
1153243 206778990
795093 296221926
105158438483 635279307
1522817695 119173624570
92630890 12406777530
80912618787 51418943290
221341659 296786
782 4312050537795
64635308745 1315370
2593016503770 8607954355
3293535945 391
83810870 14351494517178
225622929 160107951003
10883903646 44753399691
5141499465 46892282815
