4865910 37
3291833094 150675655
104951 6926174690
10181716314 1592106670
16665549990 1415841889
17673796105 30886943
365079 13123110
84592455090 61822390
569533817930 544149417
469023480235310 797743310
383990 27791889
17207661009 31630222338
50983595 6976970
2528823297 14539149482
3515543647 51579110
17493105630 2109054
3249001519582 628716270
28293504855 43249083735
10548398 144723810
234003928389 59673822
342307735 19383078
3571638906990 15671172173930
15419238549 34597290
126351463 73792257
349857205698 45723405
59572590 5521362
98642 12267255
4777219590 68874834
1023 7646430
238960245 65769261530
14416051 2158515316230
421602956130 450468705193034
7953149269065 23130030
70822290 378847329
2310460493770 2162095
15206770194 111791615
18449795 68891277091
11877806395 38215551010
