2344790 38
152490 400856737190
2686295810 4225911
27536488248477 159235923
954329530 16454378710
6685349671 512942430
23315565 79494477387006
1159963431 1401634
50474084430 84082144874
352129005735 9620555
167947403 95063669690
6806289490 120913883970
14411869 3831797811
198843645 8682676474745
82775768790 2380378
17198710 1278357136358610
1349355007 33922076930
29100933862 75770214
678755 67240156610
3632395 333929830
644315997 188390256054
50859369941149 6344666770
30242949 74889165
186792515 924354388221
1333927210 56750970
6564425991123 1898638555
58334718 82943861
701136595159 1699854
47644086 203169109
2291685 6241235
76874798 2170883
312794986 18733463463
190 728279214962
4766587461926290 589875521235
188866821 92452290
385954030 1853741558955
12126611 464015409
58247805 4200927666793
30082343655 9909745243090
