2000
1618
1
376
44
1086
4
702
443
1777
168
8
635
296
1037
1490
1392
1630
1329
634
1430
1105
1821
1167
1176
197
1892
64
24
636
1616
930
1434
1388
34
746
31
126
32
48
1542
25
1606
528
842
367
228
1525
1368
251
630
41
1598
872
483
51
1730
809
1169
201
858
1179
124
1175
51
1261
1897
1448
836
23
496
1489
1198
1219
58
1240
702
916
1075
1363
63
1030
247
65
1509
1353
279
68
1450
370
70
1733
1557
1170
1582
612
75
75
400
188
1481
666
1596
1453
81
1378
82
1161
1276
779
85
1650
109
740
938
530
90
90
1673
425
1716
1351
618
1463
1502
1017
178
1194
508
93
101
1177
1641
1781
1814
1514
1404
80
235
576
21
125
692
23
1068
1782
58
609
1652
506
113
686
1025
1162
661
980
1785
1648
120
1721
1471
1433
21
516
591
395
604
126
1168
1434
1651
861
1344
130
1076
507
481
1225
134
482
1739
1305
1521
1452
17
17
139
1766
140
916
1487
351
919
698
1492
1713
147
1222
65
1327
997
150
150
1771
1287
1138
175
1142
343
1310
998
597
629
930
232
1590
942
823
1018
5
162
774
403
1362
165
1475
60
1211
1359
1301
110
1385
1079
1260
685
595
173
1472
972
243
1533
875
1726
1627
981
118
1398
1160
573
1325
1200
1355
186
811
187
74
824
590
1742
136
293
504
66
760
1526
185
352
670
1480
196
1366
131
1480
996
1519
183
1209
681
361
1429
699
864
986
1574
987
1558
833
209
209
1619
963
211
956
792
610
306
213
214
841
1356
609
1562
725
479
387
220
853
225
1599
264
872
1224
1091
1038
1151
851
1274
1554
156
1233
388
248
149
350
233
1614
234
646
1644
778
237
21
749
236
1637
239
546
106
114
127
315
1085
1136
1336
1596
100
476
245
725
246
120
194
1523
747
198
1035
901
865
27
250
505
985
301
1332
822
841
827
257
1611
258
1344
1241
1123
1610
119
496
445
1561
433
527
1384
645
1490
615
1320
897
1544
1483
435
466
419
341
358
200
1092
484
22
278
1534
216
1173
434
1486
281
1532
1275
595
870
581
950
1099
1309
682
231
995
367
290
149
1258
290
1489
1543
782
292
1426
1365
195
294
1253
1375
785
65
117
1202
759
299
293
298
986
524
1268
490
301
763
660
410
910
1245
464
663
921
1095
398
649
309
1519
1310
268
891
674
481
388
314
1013
776
880
835
416
319
25
1474
1289
1197
382
304
37
321
321
1369
858
53
1188
1434
324
1251
772
592
58
312
42
1149
326
1071
800
739
18
1162
329
1056
1196
1089
1227
233
1410
1490
1370
1023
1074
932
17
1195
204
1112
801
771
1292
291
335
733
343
1329
693
1142
86
320
1207
339
1192
574
916
1196
838
351
221
10
843
189
1037
1404
354
1348
355
143
877
1145
666
380
492
322
745
1084
628
358
877
1137
484
252
597
1152
870
1168
834
1366
267
455
983
1395
336
366
1271
851
695
1273
761
826
661
993
726
1111
1194
987
1408
373
1323
373
658
373
503
202
1338
917
914
766
1286
506
446
500
238
447
159
1168
972
350
381
1015
500
13
903
130
1261
1100
385
385
385
247
773
545
386
816
399
388
673
389
215
523
281
299
1051
391
1105
343
787
334
391
360
789
1069
393
737
591
393
598
632
1181
152
420
1287
852
21
134
309
765
675
923
1022
377
57
604
242
279
205
471
1046
1129
1006
1078
1067
1054
1060
1314
620
1139
459
1108
858
1184
614
407
860
574
1086
39
409
1265
274
1238
523
983
230
817
506
858
112
409
49
409
175
78
1107
872
199
6
494
975
818
881
71
192
321
444
520
429
103
1228
546
517
18
1143
56
417
409
523
526
505
419
306
761
419
418
761
328
390
352
996
418
528
897
61
293
355
643
942
1212
1082
658
1228
1050
626
429
1165
157
192
146
266
385
504
207
219
313
160
155
126
502
220
737
819
531
689
655
157
178
422
1187
1171
424
575
425
389
765
227
426
1007
340
77
426
426
916
900
428
613
315
416
362
100
1072
317
312
21
335
424
958
501
426
711
874
1045
1119
614
1192
347
190
231
413
467
895
119
1052
544
559
207
1094
1135
122
196
433
505
778
1002
435
598
152
466
957
1039
548
612
438
280
702
958
383
108
109
142
10
438
438
875
438
487
356
99
257
153
310
299
676
438
937
534
562
382
1004
86
565
174
364
398
13
118
148
971
663
699
1053
78
888
1096
889
969
414
526
202
643
441
945
267
717
440
486
75
327
246
439
611
704
179
847
112
565
636
502
894
140
441
48
501
474
547
376
782
185
701
443
800
160
170
557
345
660
53
447
870
594
274
323
296
444
259
146
889
240
47
198
976
10
1061
661
387
388
441
51
760
861
442
484
651
242
23
442
0
213
223
588
18
125
461
651
573
6
548
593
470
457
649
443
300
85
304
861
352
441
50
441
154
511
631
704
932
445
440
489
357
414
693
966
902
643
446
770
446
622
487
48
720
654
155
524
588
447
184
667
636
530
875
216
121
486
447
114
836
521
821
20
310
127
444
630
890
418
413
261
295
551
949
133
61
892
627
441
441
964
679
408
782
174
429
490
307
442
71
144
746
709
442
171
370
292
784
547
439
603
601
476
778
442
279
442
442
442
414
144
697
864
442
397
619
442
846
128
492
776
32
320
408
440
862
192
104
94
438
147
203
319
360
481
128
740
436
197
836
145
388
373
16
387
432
808
855
705
705
874
672
511
601
298
437
322
156
249
801
477
529
145
757
668
633
403
21
63
146
20
46
820
96
634
449
568
772
762
587
98
432
166
685
231
450
517
418
387
254
287
398
541
436
242
842
756
273
280
312
845
10
445
601
654
630
111
416
23
177
430
314
430
54
638
470
289
754
75
777
310
680
182
104
691
558
676
428
767
421
180
810
737
426
354
701
147
425
347
262
309
33
421
127
392
608
9
648
422
38
440
258
490
509
483
384
423
298
733
145
421
285
591
421
34
122
420
400
35
362
418
229
753
61
330
416
361
450
540
416
84
693
657
685
459
482
705
82
34
131
119
413
561
315
629
540
362
300
280
53
411
411
411
501
630
167
673
411
562
117
50
78
61
234
95
507
243
85
540
283
75
295
399
49
113
576
404
107
393
131
253
401
683
509
402
46
320
344
647
685
153
664
392
648
67
138
188
112
401
401
359
678
168
307
187
535
91
40
436
44
253
385
363
345
394
293
351
558
394
257
55
178
530
260
299
248
389
172
348
63
82
386
7
278
265
2
383
67
57
231
180
440
333
199
448
381
265
212
293
344
114
410
296
544
109
26
377
185
450
295
330
259
145
228
401
64
214
79
372
351
65
269
487
131
368
438
148
441
300
28
116
366
330
275
257
263
78
295
397
496
214
349
215
394
59
195
507
362
206
197
249
405
110
288
243
357
357
239
150
40
201
355
355
55
354
23
258
353
114
198
448
159
139
514
227
350
229
92
89
347
404
347
266
174
11
246
344
47
326
44
342
238
275
340
120
6
480
455
385
447
392
341
338
92
340
102
61
340
430
331
43
14
339
127
226
300
188
334
116
103
84
268
330
182
217
145
6
323
190
253
305
324
34
324
324
95
58
180
299
257
320
91
121
319
384
319
64
14
412
62
337
86
28
245
235
5
313
330
280
85
39
236
334
436
124
361
366
427
38
310
264
259
281
19
132
53
10
148
305
87
259
72
176
302
232
193
323
300
301
37
328
63
298
10
320
198
64
405
356
296
244
238
366
164
150
122
277
389
52
209
87
246
239
7
107
187
157
173
58
178
76
42
211
0
50
203
262
330
230
127
282
174
204
61
271
109
15
201
52
232
266
33
266
269
275
266
270
75
231
39
168
262
229
33
197
259
324
22
215
85
264
238
55
175
28
223
11
51
170
291
47
247
247
216
173
273
219
64
143
21
230
177
354
149
121
102
74
236
201
164
248
133
233
223
181
234
308
29
136
229
229
329
150
339
23
227
170
140
48
0
41
140
6
220
57
278
151
171
269
136
139
30
172
189
82
167
174
212
212
172
178
160
247
90
142
129
26
235
2
205
205
175
119
187
279
127
230
201
174
118
199
199
176
87
99
59
165
50
141
144
51
91
73
189
189
189
262
211
177
146
28
69
85
30
165
184
192
184
176
43
232
50
125
24
51
179
129
48
36
114
175
175
141
174
163
174
13
104
87
120
40
89
23
85
137
122
164
89
164
127
115
84
96
104
89
96
139
98
205
150
133
175
154
143
136
153
153
72
174
18
105
48
207
150
40
1
209
180
183
205
89
9
3
68
175
131
131
104
156
170
34
103
140
173
50
66
139
139
5
158
110
91
86
84
24
135
50
85
134
91
63
83
131
115
120
106
92
127
61
96
123
101
9
140
29
123
62
66
26
115
82
57
45
95
126
13
33
28
15
109
111
146
13
26
20
113
98
133
107
107
74
50
76
76
97
102
67
112
97
21
73
50
49
79
82
82
35
0
105
16
74
91
91
53
2
5
28
14
8
26
48
45
72
52
76
83
22
18
31
10
40
13
74
58
32
1
27
4
23
14
15
35
30
3
63
9
36
41
37
59
47
56
42
3
47
4
1
8
43
39
49
10
48
34
19
40
33
12
15
40
0
23
39
39
36
6
25
8
26
29
34
16
7
32
32
31
28
25
7
6
38
2
18
25
25
25
5
23
11
7
21
18
20
16
8
18
16
10
12
15
6
0
13
13
1
4
4
7
9
7
2
6
2
5
4
3
0
2
1
0
