10000
3558
-9356
-8741
-9824
5237
-58
5622
-7167
-4557
1648
-2315
191
-6545
4927
5837
5395
-7935
-2732
-6368
3606
5494
6660
7344
7300
-6549
74
-1468
-131
2600
119
7393
-7981
-9377
6013
2019
-6724
-8877
-5807
-3525
2445
9429
3680
2646
1914
1129
325
-9650
3032
5355
1567
4736
-2744
7273
-7271
1650
5359
-5939
6264
-8232
5974
5404
4252
3520
-4968
2575
-9339
-5073
3899
8434
5870
7606
-6580
-6552
-3689
1930
1556
6352
-9275
7677
9787
4026
7270
-1561
5885
9632
5965
4545
-9441
-9715
4460
3050
-9638
3508
504
5757
2434
2919
-1639
-4690
-4570
-2005
-8775
-1532
-282
6499
1359
7099
7783
-1793
9044
-9150
3929
9271
-5237
-9161
463
-6578
-1926
9876
-243
4127
-5836
-3688
-2318
7305
6707
3120
-4708
-5958
-8971
-8361
9720
9409
-2162
4107
1410
2734
-4202
1793
-7918
-7997
7391
-2777
-6634
5100
-7307
6070
9460
-3535
-1851
-6119
5492
7534
-2510
-5629
-8524
-2455
9044
7130
-3992
1681
5838
9242
-9100
196
-9314
-5164
-5846
4664
3259
-7846
6743
6077
-1319
6952
9138
7382
9113
1831
7887
1312
7153
4562
8451
2399
-9784
8715
222
-2935
-7308
-7982
9373
-9966
1398
2011
713
3264
-2331
-5158
-3790
4422
2735
-200
-4300
-4058
-8583
-4426
-6063
-5404
-7239
-8601
-7063
571
5035
5915
-4566
-8471
-5445
7690
-3604
3008
325
5584
1295
-4416
7760
4319
-1816
-2164
3445
1672
-3997
1212
4978
127
7940
-3992
-5317
-5367
-3426
9953
2232
-5505
5366
-8741
5413
-1503
-1917
-2976
-2858
-8392
-4290
-5095
630
7800
-1412
-8329
-615
1124
6549
6280
-2069
-2397
2859
-1973
1652
-3435
-7074
-1722
701
-651
5374
867
9988
4505
-3055
-3267
-8044
2269
-7550
-120
2000
7230
3617
-5207
5215
-768
8864
103
6642
-7780
-9536
7721
9620
-8654
3182
-4437
5419
2698
-7795
-6354
-1128
-4478
-7023
-3918
5682
6253
-2959
5076
96
-7221
4646
286
-4138
5610
-2570
8058
4789
-5890
9790
-1947
5803
-2965
2210
2396
-6678
-9498
7998
741
-1104
144
-4868
4862
4614
2412
5482
-9435
9014
-5064
7002
-5891
6269
-2777
7111
-6295
8078
8185
9836
-3267
5537
7678
-9112
-3530
6918
9940
-8232
706
-9286
1971
5940
8725
-8866
2391
-2172
-9947
3816
-1525
1268
1677
4105
-9835
5239
1171
371
-7038
-1389
7562
-5576
-6757
-3455
-3049
7102
6931
4295
1462
8489
-7829
-8373
866
2043
2289
5918
-688
-4611
7433
-2797
-7918
2960
-2450
-9846
-4552
-5835
-3927
-3499
2270
6073
-9297
6058
6573
737
7545
4821
-7344
6625
-2032
-5892
3882
2376
-5521
-4718
4344
8663
-1426
-5248
116
2729
1522
12
3641
9636
-414
1270
-3209
-7220
-2198
-6222
-1951
6038
-6771
8532
7415
-9764
-8599
-8132
5305
3858
-3070
-2003
-8145
5061
-7431
4362
9354
-3437
-1791
6982
-1625
-4337
6279
8700
5680
-9675
-4885
9965
-1347
4762
-7748
-5206
4837
-3296
4014
5393
-3703
-9750
4226
-2075
2674
-7889
4495
-7283
3568
-4361
8255
3221
764
-7480
6293
77
-3721
6755
4538
4487
-3574
-5568
5900
-9421
9779
-136
-8201
7007
3166
-2781
-8627
-4277
-1057
-5142
-2812
9242
575
4114
-1498
3169
3217
-7390
-948
-981
4135
7848
-222
-2169
6283
9578
8459
2694
4063
-2421
5986
-3234
8536
6941
7810
7930
5643
2003
2502
8135
-3443
6270
-1158
4034
-9384
7542
-7716
9733
-8994
-6949
4757
5255
-6411
5920
6960
-378
3549
7649
8222
9968
-416
-5505
854
-5974
3668
-2557
7239
7043
2053
-6285
3695
-2218
9010
2077
-6875
-9219
-434
-6687
-8861
-8015
-3333
8229
8514
5161
-7126
-9405
-2444
-9
-4891
-7271
9168
7048
108
2823
6254
8571
-2832
-5514
5173
-3674
5005
7097
9493
-6309
4849
2580
1151
7494
9570
-3452
-2459
8285
-8852
-6275
8210
5206
6859
-7616
7414
127
-9405
8130
-4583
-8563
5882
-6542
-6803
3993
4903
7822
1222
-7508
2262
1182
-8390
-9190
-3288
-7187
-7613
-1183
-3353
5935
4020
229
-3163
-3233
-7477
-5843
-2411
-6347
-8535
3824
9695
189
-7579
-1654
3068
7877
-6289
6600
7373
-6464
-481
7523
-2501
-5985
1077
1680
-1429
-5429
813
-2454
6875
-4788
-1736
4476
-4252
5705
-9705
7212
682
-7964
7468
3018
5663
5401
997
-5471
-2553
-1325
8066
-16
-6999
4897
7019
-5383
7735
2933
4187
5173
-5873
-1373
-6014
-9860
5111
190
-3364
9537
8569
9785
4463
-4638
-5330
4267
-9746
-308
-5327
6064
-8192
728
605
9032
-4482
-5923
270
6923
-4912
-3386
-9210
-2861
-8352
-6377
-4669
-457
463
-3371
-4591
1842
-4129
-2397
7948
8103
7796
-2681
7936
6488
1304
-8686
-4597
3995
7486
9121
1626
2716
-5681
-293
6855
7460
-7410
-632
-1529
-704
-8225
9419
5886
7884
347
-2062
-675
-3911
5194
8252
-1597
-6375
6856
-5177
6246
-2866
-2639
1678
-3414
7235
7946
-5293
3576
-2736
-5001
-7775
4212
-2730
-9108
9439
3176
3823
-8236
-5856
5183
119
7839
6862
-4508
73
-6104
3562
-3902
7262
-3887
-7884
8938
-9673
-308
-791
-8316
-7932
-9716
-6501
-4779
-7066
8257
-8287
-2956
7598
460
7260
5645
2634
-9324
-558
-1261
8627
6762
2515
-2091
-1032
-5282
-5824
3740
9213
-3404
7426
-5665
-7943
-2190
-7088
9320
-6231
5167
7938
-6001
-3901
9948
4268
-8727
1876
-3410
4603
-1515
-599
-9715
-654
-7032
-4590
5575
3226
5420
-4761
-8056
-1545
-6023
2295
4796
8508
-8969
-9089
-4998
-3045
4767
1388
-4778
1058
-9097
-1822
-8704
8273
-843
-3021
7730
3924
-8725
-3214
7840
-8971
9877
1781
-9878
-1034
8414
1504
-192
-9560
374
-2434
-5493
-991
-2651
7346
-4753
-5081
4947
-4268
368
6258
-3975
-8923
-3226
4401
-8171
1553
1732
2734
-3170
5696
3302
-7643
8853
6229
-5714
-1094
5414
1928
2596
-3953
-2718
-5988
-7033
-2247
3580
806
-186
9700
-5930
-8936
-2300
-662
5476
-3244
4951
-141
-7707
-9117
228
-6294
3026
-5677
-4266
5608
4349
-889
2000
-6871
-9260
-3526
-3651
3895
-3549
6524
8438
4667
4538
892
-9021
-2147
6291
-9787
8839
-8006
-1509
5627
9552
-9892
-9809
9991
3628
2117
-6894
6341
-9372
-3803
-9669
-8316
9055
5275
8449
-5271
7266
7019
7021
3339
-6312
-3240
1370
1834
6499
5995
-6838
5742
-5291
8964
751
-2165
-5641
5978
-518
-9560
-2924
9683
-6547
-8357
-4017
-8065
-2259
5262
-6036
-5433
5416
9214
-4892
3088
-2980
-2784
-998
-2527
-3876
9304
-4117
3239
9049
-5375
-5087
-5500
-7014
-1946
-8395
2818
-3058
-8278
-827
-5874
5611
-9609
-8131
6967
-5196
-1876
-7484
4548
165
-4744
9489
-9332
6335
9273
-1151
-6932
6323
1143
7635
1734
8904
-8554
3145
8334
-1143
-4316
8587
4225
9187
7211
9638
-7842
-7870
5038
-742
166
-5312
-8208
3116
8910
-3939
-7391
3034
-8850
-6053
-4012
1491
8799
-4174
-3895
519
3251
1670
-2988
1021
1634
-2398
-6305
1048
-8919
7462
9371
-5487
-9660
1897
-7772
5136
-1458
-122
8379
5175
656
4395
-9138
-7410
-2434
8790
-9074
8744
3582
-6777
-4661
6550
-7297
-8651
5587
-7127
-7569
-9140
-9576
6
6983
-8537
2324
5968
7085
-835
1860
-2181
-940
-5504
-3889
-2695
-3008
-724
9978
1642
-3369
-900
1632
-7202
-8283
4075
1209
4493
-794
5069
-3
-8615
-2575
-318
-5627
-2516
-9208
6797
-3486
1108
-3607
-8881
6648
-9966
-3928
-672
-9715
-3102
-9288
-5986
-2161
-1804
-114
4761
7410
2496
8610
-8565
5927
-4386
-3184
-3915
-7304
2699
-9074
2403
5690
-825
-8153
-3426
-5428
1149
-5024
-7033
3723
2545
6324
-8947
4453
4379
4445
4423
-2076
9044
4680
4759
811
-2740
1323
2679
904
-1319
8909
-3149
-2632
4920
2291
-5670
3720
-8319
-9289
4906
-4015
-5850
3863
8063
-1224
2656
-2957
-9447
-557
-9887
238
89
-1882
-6855
9900
789
8582
-4814
3244
-2652
2073
-8872
7839
2531
-6302
470
-8640
1035
5003
6019
-1676
3938
-7681
5049
-7581
-9977
-9251
-1427
-9493
-9101
6995
-2073
8064
9800
-9170
-689
-3386
-4443
1571
-788
3455
4724
8078
-4655
-1000
-3675
-1019
-3292
2071
-3876
-7396
-9411
-6242
-9760
-9592
1698
7525
391
-7545
-698
-6165
7441
-5038
1812
-1096
-4299
-6799
-8173
3502
7039
8019
3919
-1144
9468
5598
-5491
-3550
-1071
-5174
-224
6918
3148
-4282
-3481
9653
-112
-9043
-1716
-7194
1509
-2585
-1628
9415
9624
826
2079
-780
-6185
-4060
-5932
-926
-151
1003
2990
-7002
-6167
8064
7177
7285
-8157
-7006
7573
-909
-7593
-9920
-2466
-3965
-3315
4315
9897
564
-6573
9300
-9678
-3188
-5281
-2345
5375
-5541
962
-7535
-7756
-7037
1008
6854
-8993
2989
-6564
3857
-3476
-7096
-6255
-2997
-4509
-3698
-1689
-5972
8579
3526
2032
5765
-7577
-7277
-5025
-7320
8892
4156
-6124
-6006
-7878
240
-1512
2420
7709
819
-6779
-3483
-5578
-2297
-4144
666
2921
-3109
807
-3294
-5594
6427
-1924
-5749
-9484
562
8875
2141
6485
-227
-3258
-5149
-636
-1644
-958
2912
-9330
9134
-7531
-8010
-466
-2306
5627
7598
-4632
5313
5852
-7068
-8645
-1373
-8293
-660
-2308
-9213
-4429
-9103
-8943
-2348
424
-5849
-6497
-9016
-5954
3898
9945
-7355
2968
3908
4954
-5055
-3304
2838
-3788
8492
4236
-7354
-1836
3518
47
4304
9529
9137
-2802
-3540
-7499
6404
-4851
-297
-7027
6745
4414
-7860
-9624
3760
4915
-21
4219
-4048
5042
798
3528
-7624
-7968
4663
535
4543
3718
1922
6757
601
-5943
177
-2994
-6875
-7765
-2883
-2259
-3689
-6665
6239
3767
580
1925
-8605
9483
-8591
9993
5547
3156
1621
5250
5847
-4139
447
7056
-6405
-7732
1706
-2475
-6285
7486
7238
-9863
2500
-7765
7150
7462
-6930
5985
-9814
-9030
2727
8231
8877
4313
2471
2188
7616
-3647
-4452
-723
-5250
-740
4891
6789
-2628
3802
-9714
2614
-1453
-8925
98
-8678
2248
-1629
7414
5847
-5896
5384
5931
-5561
-5007
-843
-8873
4613
9907
1913
-6903
2887
3670
-2497
8605
-6448
6980
9078
943
-5286
-4855
2124
-5300
-8348
-7266
5164
-6379
-719
-9019
-897
6122
-5524
-7753
-9096
-5308
8445
3823
-6798
1533
-5919
-2681
2459
-6058
6461
6227
-1392
6895
2334
5111
-7930
-5697
-6483
6448
6077
8982
-7393
6349
-5857
4544
7867
5026
-8331
9023
3223
-742
6741
-9783
3189
-7218
5911
-5589
2341
5456
-9348
-9075
-5670
4559
-6825
-1706
-4475
-6450
-6243
-2968
-9145
-4168
-2995
534
-9226
-6248
-4495
-3311
-9348
4310
-5396
-3217
-422
7767
-397
7670
7732
-6849
143
-7589
-9551
2434
-9284
7368
1583
-9145
-4488
-5972
5967
-9837
-2960
6126
-6419
-3811
-1035
9804
-6158
-8716
6907
9044
-1182
-8626
-5730
5334
8740
8107
-4277
-68
-9974
-8105
1150
-5810
-1422
-2618
7562
-3354
9850
-5615
-6505
5804
-9300
-6285
-5122
6201
-108
4837
9789
-8783
-1826
7776
-1395
3731
403
-1405
9200
2046
1822
-5184
-3512
-6976
2647
-3220
6370
-2815
7895
-1694
-9586
-7077
8587
1918
-2079
7928
4361
9414
8264
-7765
-6872
5411
2578
7132
-8336
5418
-4191
1756
1166
3301
-2971
3173
-8745
5575
4296
-4003
6314
9238
-5971
7075
2181
5191
-8260
-1377
1125
-4414
9639
8914
7824
1557
-909
-7226
-3093
-4770
9840
6553
1216
9208
-6120
-7844
1914
3399
7040
-3708
-4403
2266
757
9658
2853
4269
3266
6720
-1004
-4704
2674
-1344
4364
-7303
-6296
8603
1049
2478
-9627
9932
-7338
-1957
6487
-6145
1958
-2383
-1654
-9276
6593
8664
5799
-6384
3349
-5096
923
8271
-1594
1396
-9602
7333
9244
6797
6218
4696
6959
-4298
-1797
-3000
4800
5628
5706
-2326
9751
-7035
-713
3149
-2513
6392
-2873
6499
-9525
-6396
6421
4856
-5023
-7075
-4660
-1617
7360
-452
-1825
-882
-2174
-6770
-7986
-46
9531
-9157
-8092
-9567
-4365
-4004
-2855
-7208
-1461
1835
1549
7964
4745
-260
-6062
2296
-679
649
-8358
-3422
-4419
6345
-4340
8838
8620
-7285
-2508
9664
4902
3517
-653
-4006
7968
573
-2515
-1091
-259
3523
3074
3623
-757
2068
1851
2618
-3947
9897
7446
128
-4252
6007
1922
4026
3608
-6148
5081
3844
5827
3133
9396
-79
8030
3963
-2144
5072
2890
-1316
-5338
-4758
7935
-6694
-1048
-3792
-3302
8159
8081
-6911
8674
9798
3385
-4421
-3642
-7782
203
-9635
5856
8768
-8466
3
-410
-3938
2971
-7943
5457
-9073
5015
7798
-6092
-1942
4083
5718
-6047
4111
6785
-6647
-6973
-7900
-5761
-2471
7584
-2681
9677
5130
-3465
4745
-7842
-7778
2793
7968
5565
3338
-2941
6395
-8177
-9256
166
-1937
6742
5679
-7501
3761
9309
-6104
-9684
-2574
-3294
-6243
-8636
8388
-1041
-3411
9838
1776
-6452
7876
5648
2296
2545
-5219
4940
-5766
7758
2899
6398
-8048
3226
7194
-7785
-9336
-8427
-8018
-7260
6764
3639
6272
9062
8503
1677
9588
-4355
-9288
-1738
-8276
-6614
-8211
-4314
7641
893
2892
-8292
9247
-5634
9563
-3900
-9555
7204
2409
-3477
753
1074
9617
8835
-925
4297
6490
6914
8218
895
4251
670
4550
-9295
-9940
1737
76
8050
9648
3528
-9148
7918
-1784
-1014
-6540
7017
-8592
-1687
3868
4126
-9945
9528
2635
-7667
-1488
34
3941
3266
6997
-7250
694
-4167
3547
-5914
-1537
-5054
7467
1473
-9462
8060
-5170
-5964
3148
-5239
-946
-4531
9689
8681
-3767
6852
-3165
6017
2547
-1928
6445
-5603
-5484
3653
4370
2827
-7080
-1140
28
-9773
-3090
-4316
5887
-8496
-2683
-7199
1858
-7832
7607
-9071
7344
-1863
4325
5916
-2732
-867
-3928
-3121
-9044
2851
-5808
1988
5209
-7141
-588
2581
-4562
9823
4597
670
5273
6751
8749
3638
-2612
6014
-1053
-8467
-6115
3863
318
314
1620
-6570
-4442
-3796
2395
-6901
7596
-2871
-2007
-5774
-9053
4133
1993
-9303
1315
-6193
4188
1152
-7597
3237
-3526
7175
5973
-852
391
-92
1530
8959
38
-1713
9625
-3236
-7374
-2758
4441
139
-8252
-2620
4331
-4469
3276
4681
-4057
-4499
-1243
6163
2121
9269
-8882
1959
190
2087
-3593
5029
-5420
388
-3682
4247
2269
4722
-8974
-1187
7870
4685
7590
8470
-1755
1578
-3260
-2025
8480
6240
-5156
-9477
-2941
3959
2192
-3188
9628
4140
-4172
-1605
1845
-3149
-622
4107
3503
-6118
-5593
-6980
-6040
2878
5483
9730
7878
9495
-1420
2015
-4321
1558
-3185
-5661
-2709
4530
-3784
5017
8175
6348
-320
6637
-5018
-2296
-4695
4330
6850
4551
-6099
5059
-6685
1734
5223
4730
3063
4980
7090
3566
9547
4646
-5365
-6740
-7048
633
1572
-5924
2014
8069
965
-2666
-6140
-4043
-7622
7341
9816
8538
5637
-6851
-3772
-2208
7049
2537
-7163
8449
-5720
-3123
-1253
9551
7247
8122
-8766
-9869
-8453
7856
-7395
5166
6944
5894
-5429
3087
8889
-6384
-4769
9422
5968
-9740
-4089
5176
-1934
-4471
-6073
-2574
-5639
1232
6270
-9294
-7855
-970
-1670
5280
5917
5071
-5781
-9640
-5366
-628
99
1034
-3101
4838
9724
-5516
2702
8250
-8882
3960
3418
9122
-5848
-927
3469
817
6716
-9792
-9855
-1122
9665
246
-6412
8581
7263
-1867
-7314
4023
-2820
-206
1388
-8451
-2136
1930
7581
1110
4720
-7789
4014
-5392
-9813
6744
-9701
473
692
356
323
3408
2051
-4710
-2617
5809
-7149
4703
5453
-8516
-763
-8734
76
4952
6719
-6096
8399
3699
-8846
6499
4657
-8226
-1750
8515
6399
1864
3719
2544
-8399
-1753
-5190
5802
-4330
1902
8403
8680
-5788
-3754
9975
-4184
-4837
-9443
7048
5223
8948
-8175
-9345
8855
-9069
4983
9745
-2410
-8705
-3920
121
7811
2307
-5654
2397
-3278
-3483
8040
3408
-3189
1076
-5791
8014
-1539
8827
414
5331
-2500
7656
9943
4388
8582
2456
-8042
-6108
-5415
5786
-1982
6329
2782
925
-7209
-5557
9579
100
2720
-6012
-9674
-4861
-3658
342
6332
-2161
-6493
-9153
756
-2652
5411
7852
3513
5142
-201
429
-1836
-7682
-8660
2231
1837
-7943
1220
3339
-5932
-8819
-2357
3791
7171
3088
4193
3438
3187
-4831
1613
-7280
1085
-5987
-4107
8402
5349
-4479
-560
1625
1282
-2023
7784
1533
2757
1902
6014
-2942
9803
-4840
-6309
2624
-6396
500
-8788
-380
9431
1218
-3241
-8722
1885
1277
-9547
6850
-7473
-166
9013
-1810
-4408
3188
4274
-8251
2755
6355
9687
-6643
994
4623
9408
-3264
-9076
-9211
2894
8318
6149
1301
5722
9926
4179
1634
-6095
6177
-2796
2864
6537
8135
-1872
1650
3542
-3393
-2238
-2205
4399
-2691
-2942
6165
-6934
-3379
-7591
-1575
-7857
-4375
-1136
6380
587
2160
-6140
8509
-7616
4143
7492
-9437
-6263
-2082
4771
-6354
186
-838
1997
-8282
1800
1485
-1070
4508
-9370
-320
9019
5149
6368
4328
-9898
5773
7652
3040
4362
8261
-3957
6691
3197
-5459
-3701
-9414
-45
-6664
7931
-5040
-6332
6748
-4817
-3708
8950
5116
-7556
1983
-259
774
429
-4281
-8518
-6653
-4662
-6318
-651
-9763
-2493
-8884
2890
-1556
6554
-7414
1850
1559
3147
-5139
-9698
-5520
-3709
-7488
6439
-5930
-69
7644
3095
-9416
-3905
8590
7269
-4312
-4642
3500
-7323
2335
6834
4713
-1425
-2202
5886
-8813
1567
-1953
3301
-4638
5322
-7275
-9001
-9188
6464
-2694
-5994
-9904
-2095
-9657
5555
2342
-1610
8736
-2315
-2190
5974
-4465
9156
-7359
7374
3851
2768
7600
1987
4583
-103
-2592
1188
-9425
-352
-48
-7741
-7782
5331
9580
-1017
2828
3015
6434
-7372
-3070
-3265
-4371
-3172
8310
7090
5346
-9932
363
-1939
-690
176
537
6277
9606
987
5825
-3518
-9953
-7407
-9992
-9503
-1641
9121
3206
2194
-4247
1213
3609
-3421
-765
3205
6538
2787
257
9063
-8381
-5336
-6559
291
-8868
4859
2269
-3192
-1193
-6049
702
4361
-5860
8172
-7695
2112
1774
3998
-9904
-1936
-4923
-5179
-5061
5607
-1564
1964
3709
-5804
4046
-6076
2529
2618
5707
-9926
-5922
3718
-1458
-1446
8429
-3756
6308
-5544
-4408
3190
-6304
-748
-4485
-3138
-3980
-3247
8868
-5089
9299
-4772
8217
-3833
5615
-9268
8425
9472
-4866
-4260
-8537
594
-7120
-1536
2269
-8055
-1773
3631
-6848
-1116
6052
-3057
-2985
-6394
7967
3955
4468
6783
1897
-5107
8860
3204
-8252
-6867
-7743
-5192
418
-6245
-8009
-8429
8196
2169
-1199
7004
-5349
-8803
7974
-7951
6626
9207
-483
-1511
5784
1032
-2234
1574
-6020
6568
-2158
2615
6150
-1147
-1852
784
-8875
662
2607
7233
9877
6222
1486
9788
3487
505
-6442
-4196
-6671
-3068
8113
8393
-2854
3376
2887
-6770
6607
8848
-1229
3016
6070
-2192
-1273
-9215
-691
-5239
-8874
445
-6693
-7045
4870
5895
-3182
-997
-6393
6773
3869
-4251
-3381
-5381
-4044
9
3713
9959
9949
-6446
-4406
-6645
-1924
-9453
3779
3689
-9691
-5271
-8778
-7010
8233
8476
3105
-7411
-9494
3840
-3593
-2977
4551
-5272
8089
7986
-8492
2429
-4908
4750
8565
-7406
533
8137
-8794
-3327
-3488
6179
-5841
1024
-6284
-276
2942
7843
-7115
2683
3868
6126
-9821
964
6901
6549
-6113
-7248
-4208
-1471
-5604
1611
9266
-2009
-886
-4161
-7547
-6391
3527
-7979
-9668
7481
-3726
-3473
484
-2123
1379
2412
787
-7613
2394
1558
5311
2614
2235
3204
-1690
648
-7141
-4201
-7849
-1432
-7739
4175
6443
2816
1214
3336
6423
6176
-3566
5867
-2986
1316
-4545
2572
269
-2191
459
-3183
9340
8130
-9928
-9380
3619
2368
-6332
-5989
-229
-6162
-1075
5643
9109
-9070
5731
9282
-6658
-3948
-4958
7950
-9720
9102
4211
9513
-5076
1863
-8080
7216
-649
3844
-1782
5295
-3513
3077
7254
4222
5331
9226
1488
7413
-1829
3665
5934
-7974
-2680
9311
-5578
4205
-843
-7454
4195
-5617
-4730
1901
5379
-1931
6932
-8305
4545
5229
-2978
1728
-6118
7379
1871
-3217
-8394
-5886
-4028
2291
-8846
-190
-2634
7083
-2213
-1754
-9545
9796
-8363
2550
-3890
-6742
-5232
8559
-499
1568
856
4353
-7013
-3692
2149
6749
-2697
-5405
9390
-3831
-2789
8213
1696
-1728
9315
-7463
-9577
-1908
844
-63
-6453
-2332
-8065
9591
-4913
9889
-8416
-1543
1423
-6521
-2062
384
-1581
6874
4800
3904
-5647
-8242
-4025
738
7270
-3268
2151
7875
614
6843
5461
-4445
4757
4098
5228
2694
8070
8169
644
-749
3491
1526
-6030
-7065
-2301
-6746
-2585
9924
8350
2073
7948
8816
9978
8694
4405
3402
-1287
4189
-6172
5797
-7541
1315
3397
4228
9351
4606
6451
7369
2229
-7856
5744
8958
3607
-2179
8949
-6871
5489
-68
2264
4262
-5520
6969
6907
8501
4177
4980
7307
-6357
9973
5307
6467
-485
-5100
8114
-7312
-6062
7757
-5780
4970
1979
135
139
9742
-3391
3409
-2407
-511
-1591
-9109
-4079
8459
-5122
-2049
-9663
5348
-2709
4069
1612
-9487
9178
1282
9673
9972
2779
8206
-3830
-335
-6152
-4827
5252
-3394
5773
9896
-5447
-3845
-9953
608
-2632
7650
1699
4735
394
9378
8616
-9852
5796
5934
-5655
4697
-4940
-6473
-7986
-1105
9588
3986
565
-7938
-9999
8040
5081
-3149
-7695
-7119
-6206
833
7838
-8675
-8790
-6282
-204
5445
558
9924
-9665
2698
9607
-9713
210
-432
-3987
9459
-2519
-1539
8913
1235
-3548
-1584
4394
-4216
239
9676
519
8198
5673
7917
1987
3076
4204
-3252
707
9912
-4129
-8679
-3254
-4736
-9549
-5440
1294
-6828
-9193
5402
8594
742
1514
8328
-3536
7321
-4781
-9003
-3950
2461
9906
6586
6293
-7445
-7069
7382
3487
4247
-3896
2486
-3357
-3254
4732
6327
6221
-5591
6664
-2778
7698
-9009
-4480
-128
4700
-8912
-781
-5616
5036
-8355
8357
6311
-2200
-5508
-8666
-7459
-2696
-7436
6186
3698
-9596
-3826
-1297
6634
6974
-7859
6417
7208
-214
1907
-3352
-1266
4820
-3264
9557
-1800
7228
-2648
-7512
-2058
-8670
879
-8436
-5144
-5060
2200
5323
2113
8936
710
-5284
-4492
5129
4460
734
-6599
6291
7377
-8983
5868
5957
2155
7933
-5136
9768
-1125
-5432
2453
-5883
2931
-6730
4836
7415
2074
-7270
8243
-1120
2244
-6228
7372
-397
3255
-2143
-4974
-1929
2953
872
2903
-8518
7606
-1634
7988
5000
-1253
1915
-6335
-9125
3167
-1360
4129
8152
8402
56
5312
4460
-5335
-3079
9944
449
-7611
-8051
4590
-9889
-7315
6703
-6340
-6680
-8166
9872
-7885
6188
2406
-8790
-8788
3410
-7433
-4736
9204
5364
8826
-5939
-3636
7591
-6352
6496
-327
-7168
-1640
4471
2313
2123
5780
-3776
4026
7922
9732
9842
-3720
-6155
-9626
-9870
2856
9316
443
-2955
-8030
4969
1678
-3486
-1535
-5458
9051
5402
-3923
9478
6480
-3707
184
189
-3782
9699
-7454
8990
-5448
49
-3263
1390
-9399
-3445
5361
-1589
4175
8360
4975
-4750
9485
5741
-8582
5421
-2083
6056
6583
8077
8590
3251
3429
6539
-9912
6930
-3806
-5122
-9825
-8873
-2424
8946
-2727
-302
3522
3192
-255
2457
-8698
4566
-357
-1768
-7054
-2425
215
-743
-4763
3017
-4262
1566
-5945
3877
3948
6439
-6154
-255
8977
-1403
-3751
-9912
-4581
-8086
-4447
-1854
-4669
3300
-2542
-9380
506
9804
3497
7560
8123
-8008
2044
3235
1894
-3375
-2649
-965
-5899
-2196
2393
-8712
2099
-8706
7281
-85
6336
-4100
-1163
-300
6762
3558
6922
8207
61
-1918
-4170
-3334
946
3255
3409
-7935
-2279
1084
-2403
389
3506
-9354
1422
-2742
5758
3404
-6095
4708
1251
3882
-6165
9833
-6305
-8301
-1962
304
1411
-3553
-4955
4218
1577
-8036
2351
7670
8239
4858
9683
469
-9473
1682
413
-7433
-5482
-5071
-121
5878
-8520
7910
1167
2846
2636
2230
-3025
-7030
-1826
-7382
-4146
568
-2210
7613
897
6954
-3047
-5805
-5584
-7211
-2528
-2330
-7282
-2240
7625
-5727
3056
-3231
-9058
-8678
-1913
5276
-6836
-2066
-2764
-2032
-2455
-9506
-4152
-655
-7093
-3171
-869
9641
3964
9147
-1415
-9357
7371
-3792
1273
-5146
3152
3738
206
6107
-3573
-3265
1007
7586
-6801
8108
-987
-8914
4348
8445
-8938
1553
-2150
-5854
3380
-16
-9456
5535
-1085
7143
1867
-9364
-3891
-2236
2352
1926
3926
8555
7821
696
-2667
-5880
5250
-8424
-5937
-3626
6553
8836
4826
-3862
-9771
2653
-2485
-3070
-6861
-4359
-7022
-9885
-6636
7764
3962
-8523
5195
8103
-3167
637
6797
-940
9712
2043
2152
1338
4444
-1454
8951
9229
-7922
-2162
-3250
-1821
7431
3409
-2677
4251
-7111
4512
-884
7475
4596
4281
-4281
1094
9040
-6987
-6026
-7055
-5826
9290
-726
7815
-5786
-8081
8896
5001
2796
8095
-4365
-356
-1432
3541
7035
-3936
-5473
5936
-1730
5705
-4336
-5026
1425
4965
4822
-271
-1706
-7146
4506
-2615
-3522
-8068
6077
-4067
-2548
1640
-9599
8039
-1482
2984
7522
-4211
5694
-3232
5296
-3087
-5685
3442
6956
6490
-2534
-7272
9481
-7662
8648
7954
-1068
-9000
-8389
4137
5131
-5038
-9190
-5350
2446
8577
-1916
-8721
8116
-9377
1003
-5377
9021
-9550
-9047
-2423
8545
4306
135
2370
-9287
-7426
-1494
-2535
7284
9092
-4525
-8451
4264
765
-1942
4178
5200
-1066
-3693
-6600
2925
-3972
652
3048
-1378
2502
1604
-8989
-5018
6804
-6494
7500
1681
5428
3216
-2909
-592
-3787
-8583
7651
5161
2133
3143
1017
8003
-1858
-8014
-7841
-6259
1159
233
-7651
-2788
-9984
-7025
7799
6440
9320
4771
2440
-4193
6326
-9289
-530
-825
-6138
2760
520
-2982
6612
5118
4475
-8836
9053
8364
7954
2063
381
-4215
6365
1321
-6984
-3833
3684
-9308
4566
-5688
892
-2795
4444
-6264
0
-606
7572
-9808
4451
-5398
3996
1530
8172
-4343
-2186
-3020
-9862
-6172
3446
8651
-4081
-838
1911
-7261
-1160
8242
4873
7972
9872
2109
4170
-3892
9557
-2655
4585
4018
8561
6999
4579
56
8145
9780
5689
7984
5409
796
9882
1345
4133
4717
2805
716
9280
151
3604
3746
9680
3047
4178
84
-621
-8688
-661
-2269
1712
-7505
-196
2567
1123
-4545
-2190
2394
-4023
5193
7907
840
514
1036
3775
798
1313
7040
-4809
54
-3191
-2255
98
6461
-5448
-8538
2998
7211
-1718
-1043
7127
-5765
2886
3662
-739
-631
-6697
7931
-7745
-5435
6420
4681
-5022
3345
8103
1849
-7264
6486
-6065
3219
9262
9119
-9895
-1671
3014
6883
9819
9379
7291
-2380
9739
4795
-7282
-9478
-4326
-117
-5173
4890
-9133
-9589
-6294
4194
-9569
-5737
-5944
-3970
9015
881
-7904
-2840
-8566
-7048
3615
-318
-5458
-1660
-5670
-526
7539
-4717
-1831
-6957
8758
2136
4234
1648
3584
4184
-4337
1880
7733
7768
1729
-4127
-9798
-6055
-3186
4049
-5758
7532
-3201
9297
6068
7804
5206
-7823
1607
441
9280
2999
9605
8471
8712
3660
-5017
-12
8351
6771
5808
-8866
6408
-688
-6824
7688
-3211
6163
-7346
-4609
6780
5915
-4308
-4481
6105
5477
8969
-3693
7421
7840
-7049
2769
-4834
-8399
4452
-8739
7378
-6990
-7640
9957
-4904
1155
-8933
3553
8987
8662
-2510
780
-1656
1467
7528
2009
-2561
-7897
-5106
-9477
-7161
-9002
-5903
6308
-1196
3174
9316
2566
195
-3077
4831
1137
3524
-3192
-1168
6265
2216
-4973
-3255
3452
-8353
4438
813
-1752
-2284
9410
-9002
-1564
-2355
3358
7683
-876
-17
1531
-7095
-479
3601
-4099
-7647
-1822
2418
5973
6412
2229
7518
-1516
9410
9565
6761
-9327
9861
-8164
7175
5556
2688
-1956
1706
-1695
-5698
-4576
8327
4623
-9626
-7465
-1241
-6884
6585
-1950
5141
2526
-6451
-7940
4619
6462
-7102
-747
-218
1095
-3817
-293
1263
3952
561
8810
5629
9829
5163
-6929
1734
-9963
-2668
-1005
5569
7176
9344
8194
-6248
-7829
6383
5424
-5210
2471
-8955
6390
6758
9230
7194
-5470
-2289
-9910
7249
-6265
2665
9708
-9665
6124
-1811
5427
7364
-529
-8373
5687
-2934
-7017
-8000
1704
-906
2734
-302
-3241
931
-1580
-4216
-9461
-7282
9044
7897
-3446
347
119
-5618
6190
-7322
436
-7460
2096
5609
9624
9175
-5910
-2920
8447
6637
110
-8830
-3822
-1714
-7748
5999
-874
-2236
4250
4990
7595
-7649
-6611
9251
1993
-4770
-2635
7918
3556
1975
6117
-1245
572
600
-2335
-8409
-1706
-4702
-3659
-1139
-5883
-3034
-287
-1359
-4391
3543
3974
-9904
4753
8123
5264
9210
-8256
-3229
9544
-414
-3168
588
-7762
2766
4340
-8342
-3878
-2430
-2493
4906
7057
242
1492
-821
-7892
7632
-3059
3193
-7991
9912
-9409
-1566
8149
8713
4492
-824
8127
6332
5145
6151
238
8987
-9680
209
6273
-4764
-6162
1035
-5578
4245
941
9634
-2117
4004
-8823
-9816
2121
2823
-1616
1050
-3830
-5275
2621
1868
8228
-3535
303
7472
8993
-5759
-2659
5315
3676
9050
4799
7831
-8891
3293
5811
3181
2055
5547
-231
5406
7702
-3465
-5520
-9068
-6557
-847
4211
-5163
-9435
5424
-7494
2906
704
5148
-4844
-7732
1400
464
-8347
-6820
3114
6850
5962
-5729
-6451
-6329
768
-9931
-4575
7550
-7057
5650
2425
8580
-7387
-3884
-4051
3080
6747
5503
-3
-9952
-7189
7688
-8951
3845
-1657
8303
-3504
-2854
8581
-5316
2289
8453
7215
9438
1720
1030
-9234
4033
-9963
2347
-3406
4710
5142
2843
-7087
8563
422
-6752
-898
2877
6349
6268
-4705
-2055
1290
6369
177
5900
-8874
-4259
-6537
8635
-2888
-9815
-3937
-4788
2532
-6404
-5591
-2960
4108
8781
-5113
-6006
-3561
-8027
1919
-549
9295
7184
-881
-6350
3467
4031
-1944
-1992
-1401
7019
-4519
-4037
-3564
6486
-7986
5497
-6869
3646
-4943
-3921
-8971
8050
1943
-6874
375
9895
552
7847
900
-8763
1435
5659
-4836
-2211
-1888
1912
9722
-2716
3601
2260
-531
-5814
-327
-9371
-3287
6048
-3080
-1452
8071
4844
635
-9812
-5671
-148
-2612
-9998
8122
-2701
-6079
5228
6456
-6716
5233
2295
-4865
4290
-864
-5649
6194
-2529
980
-1136
9164
-4856
-6780
-9944
8318
3172
-7920
-3446
2154
-3560
-6243
224
5776
-3572
-7195
9475
2741
1273
4211
-7073
-5615
6353
-6377
8258
-5
9052
-8100
-1221
-5233
1085
-5279
-1627
-2641
-16
-8254
-6385
-6054
-9308
6349
-1677
3850
-9067
8844
-8430
6747
6006
-9485
-5215
2560
-8596
2821
8207
8580
6606
9106
-8995
4940
-1563
5105
-9069
9289
6485
902
7248
-7377
5025
4448
8696
803
-8067
-4989
-9509
6151
3434
-2192
7010
9090
-1970
-6468
6249
-9794
-1707
-6776
-2145
6916
3984
-2476
-4935
-6479
3746
9841
-4896
4615
6234
-5205
3386
6333
9294
1733
5417
9674
-3671
-4353
4743
-9710
-479
-6743
-9873
6632
2431
2156
-5977
7730
-6773
5011
8070
-5016
-3539
3397
-8383
8171
-6752
4062
-9453
8853
-2803
-7107
9418
30
-8761
31
-6813
4253
-2276
7263
4202
3728
-6012
1685
-7361
5800
8652
-4320
5974
-7666
-4149
-5371
-1387
8852
8764
-9453
5093
1583
5590
-1030
8682
581
1083
1329
-2085
-7563
2337
4219
-6920
-2020
-1568
5626
3956
3977
-2051
8465
7275
-1074
-6032
-7087
-4227
2237
2876
9757
-695
-3871
7801
-3739
-674
7046
1808
5175
9183
671
9126
5319
4066
-7990
2942
3492
1642
-5548
-9403
7834
7445
-1295
-2532
-1723
-8717
4776
-5262
4102
5545
-8759
-522
-2410
7891
-5515
-3721
6272
6189
2786
2248
2922
3154
-3251
6753
-3263
-2958
-7742
-7915
-2693
-3679
1994
-3579
9864
-5029
3725
1321
-3713
-6219
8557
-5815
9341
2143
-7968
669
9737
-7625
4189
-7619
-9579
-8880
1982
-4820
1010
4740
-6594
-3846
6335
-848
1639
-4873
-6956
4621
271
-4606
1370
-8212
962
-4316
-7291
-857
-9154
-4196
-6131
9504
2023
-8695
-5116
6993
6739
7859
-3745
-1032
1158
-4471
1706
-7406
3482
-1171
-3380
5102
4404
2163
-4416
-6858
-7924
5885
-9016
9263
4418
9541
3872
9252
9511
9735
-9452
3209
-2480
1184
2940
5283
-8455
-6658
3078
2404
838
-4713
-2778
9799
6354
4618
2175
2733
-8968
2483
3165
-7208
6539
5682
6663
-7574
7085
8955
-7454
5078
7143
7231
2391
-5255
1263
7930
-920
-5967
8836
2602
-9118
7767
-4583
7565
9814
-3183
4116
-6891
-1725
6432
245
3953
-8380
-9619
-3012
-4826
8101
-1712
-8104
4834
-6960
4563
3311
9178
9908
8632
4443
6552
-1465
-4071
4729
-964
-1235
6237
7436
-3087
-965
-3270
4872
-2344
-2516
-8408
-994
-415
-2513
5972
-9149
-6147
4843
927
-6134
8455
1102
-2165
9656
-2423
8668
-5459
-6690
-5118
8390
6805
4017
-1884
-2009
-6801
-3177
9420
-5513
-6276
-241
-5775
607
5367
5830
-4247
7347
7963
5181
1899
5743
963
-9492
-7366
-1619
-4399
-6913
2569
-2518
-4599
-4665
4322
-1657
7642
-3669
-481
3826
-9212
-6646
-6856
-4384
5348
814
5325
-5116
-9825
-8809
3241
3366
-1563
5592
9756
-4980
-7418
-5507
6951
-3205
-4681
-395
2433
2877
570
-8763
5151
-2710
3419
-978
-8310
2114
3323
7704
6735
-2449
-2403
4705
3297
4635
-1200
6789
4908
-9992
166
-1819
3345
3023
1621
-5182
-5037
5229
-3147
-1863
-5459
-7615
-1287
-9704
-1882
464
233
-9027
-2070
-6348
3795
-4821
369
8786
4509
6773
-304
6143
1007
2891
2604
-3118
-8393
-7924
-7097
-7732
-1247
2246
-6196
-6103
-8079
9262
6429
-3425
4403
9929
-6592
-8772
5292
9745
-4492
9707
2265
-777
5252
-8317
2828
1873
-369
-3506
-8931
5451
6313
6751
4785
-2903
-2880
2565
878
-7313
-7752
4451
6017
-5437
8235
8195
-8164
907
-2695
6722
-4671
-8008
2511
3841
659
2584
2418
-7076
-6180
-1678
-5343
-584
2682
-5799
-305
-1843
1781
6090
6231
-5796
2074
944
5614
1573
-3611
-1757
-9106
3343
-2393
-8288
3599
-6067
1173
-6219
-3888
5302
1595
-2571
-4064
-6827
3487
-7212
4350
-4494
-2537
-3092
-1734
3117
-9212
-7502
625
-2052
-2463
-4514
2787
1590
4812
1775
-8109
4021
8361
9286
9433
7983
5300
6238
-9227
4140
-26
1296
-7625
-891
9582
-2900
263
1049
7089
-1484
155
1779
4844
-5408
-7443
3341
-9607
259
788
3555
3114
5846
-8585
4309
799
9661
-448
-3935
7473
8938
-1865
4179
-5098
8162
-2704
9376
-5826
4093
9527
573
410
-9487
878
-4700
-7543
7516
5932
-764
-7786
10
-6076
72
5723
-2426
-7836
676
-9288
3292
9079
2348
-2808
9494
1913
8237
-8182
-2735
4819
3419
-6791
-3131
-9392
-6127
-5477
8910
-8463
7550
-6419
-8652
-8809
-3121
6235
-3015
3047
5079
-8300
6471
-140
1987
5549
9615
-434
-2255
-7271
-1660
8327
-7207
9828
-9973
-5028
9138
-3803
6357
-5739
8993
413
1360
3720
7030
7585
3464
6817
-1901
9244
-9602
5978
1928
-9738
-2254
-2594
-9963
-604
-2300
7628
4405
-135
-7767
8117
-6568
-1702
-1758
9112
9697
-4529
4592
6604
9448
4108
9408
2996
-4410
5691
1716
-9514
1374
-2552
7709
7080
-2889
-8785
-4304
-2446
6347
5236
8478
3862
9730
4103
3307
365
8445
-1852
8865
-5503
21
5757
-2824
7115
-5655
106
2520
-9586
-7313
-3906
3474
9934
-9976
-5019
-9531
868
8770
7289
-5535
-9561
-7083
-6675
-7072
8701
8744
9411
-4338
-9608
9583
238
-889
-3682
-443
5018
-5762
9259
-3863
-3542
-6805
2084
-3232
-6359
-432
816
-4384
-4287
9543
9690
8818
4777
-6863
7321
-7127
-1335
3046
3600
-6048
3106
-9312
6325
2691
-3242
3280
-3699
-79
855
-9366
-7279
-9793
-8940
9089
-7974
5159
8546
-7418
-1899
-343
6004
-961
9870
2420
9175
2024
-175
4706
557
557
-150
7932
-5312
1210
4438
-4200
271
4010
4848
-3160
-1852
5
1713
5610
8356
-8466
5397
-9115
868
690
1280
6270
-9213
-8161
-9013
-3722
-7803
-1701
8258
9725
-2596
-8077
9750
-533
7643
1592
-5441
-7058
948
2834
-3340
-3809
-714
2627
-4079
-9730
-9831
6697
3452
-2986
4544
-550
5207
5898
8665
-9010
-3396
6513
-6081
-172
-7993
2702
6920
-8361
1186
-7165
-978
-554
-1503
7682
-8539
4202
-3281
4862
2
-4138
6788
587
-1077
6864
2300
9018
1653
-9770
2140
-4362
3077
-6795
-1683
3337
4356
1654
-7240
-2287
9414
8186
8161
-4878
-9709
8609
4377
9265
378
-4822
6960
3309
6297
-7342
-466
6300
5489
6925
2989
6353
5922
3376
3326
-6720
3580
-4115
6923
2870
-2272
3663
4483
9529
4301
-5965
261
-1955
2226
-1287
8475
4021
163
5637
1296
3744
1138
1331
-1630
-3541
5055
1189
-5397
-7111
-2381
9507
-904
-2379
4361
4902
-770
2560
-1162
2709
-1885
8715
8173
-2330
-4681
1247
-5620
-3431
-3102
-9551
6618
828
1775
-514
1590
5670
1169
4639
1148
8379
1702
4252
8772
3974
2511
916
-1194
6909
9869
-3174
-8842
378
5605
-6448
2252
-883
-4518
1661
-1517
9582
7940
414
-7586
-9471
-5033
-4694
6902
1336
-2533
-7663
-9025
7904
-8331
-4834
-2373
6861
2202
7497
786
9366
-2332
4817
-8058
4592
8957
-9224
6853
-9950
7726
-2565
5046
-7887
475
6674
4003
3714
8451
-9944
1370
-9581
-7309
2381
8924
5832
3533
-7677
-9322
-8184
-3350
6105
-7061
2554
9594
-7985
-2462
-1365
-5208
-2715
-7659
3472
8870
-1730
-1439
4434
1732
-4234
-314
-7934
-1949
3184
-6615
-6206
9032
99
-6102
-3639
-9903
1294
-4253
416
-7215
-4670
7435
-5861
4586
2993
3386
1385
6611
8541
4467
-3414
-3460
-6938
-6946
-3233
7183
-8485
4103
-2882
2092
-4968
1616
9829
9897
9702
1988
-3809
-9500
-3889
-8226
-8268
-5697
7748
-4154
-2084
-3047
1214
2212
5174
3801
-3883
-4705
-6855
9580
5976
-5168
-1155
224
-3372
2692
-9447
-5623
7180
-7040
8859
-5928
2257
-2160
-9413
-6284
-1374
-2673
5749
-2820
-8911
3109
-2172
7436
-1407
-3409
8875
1134
-4414
-9327
8652
-1735
695
5358
-6340
-7392
3975
299
6879
-1025
-7376
-4981
5422
-2584
-7167
4887
-1938
-2818
9997
6132
-4105
-9150
-4089
2610
7879
3219
-8432
-749
-4113
-4230
1926
2572
-7723
6974
6599
-126
-2034
-3015
93
345
-9664
545
-5354
17
710
7970
6968
-9031
-3466
-4596
-5800
2178
-4870
5760
1010
6725
-8196
6537
2802
5742
-5980
-4544
-40
-6678
-682
4172
-7098
-2064
387
-2128
-9493
7674
648
3044
6356
2887
3841
3606
-3578
-3786
8239
-8760
-5902
-904
9553
387
-3060
6820
-8951
-7985
-2333
8582
1139
-8180
-756
-8727
4688
1260
-8995
-6708
-511
2387
-1964
-5040
-4971
3897
-3548
1493
8869
-5931
-6449
-679
-3583
-8036
903
-8282
-8200
3157
9735
9851
-1605
-1514
845
5229
-7394
-5691
6304
-1341
-3553
8838
8105
-5567
-5248
2282
8205
-3905
-4780
-7406
3581
-9438
-4344
4260
-6164
9351
5326
7461
987
-4306
-864
3712
6226
9092
4221
1959
8566
4482
4266
-7040
-9305
9360
-5485
-5529
-9935
433
-2600
6486
-1495
9175
-68
-2483
5374
9870
71
5940
-6436
-2022
-7325
-2232
-1464
-7007
-6547
-2178
-5646
-8711
5141
5095
-21
-3434
-1285
-6611
-4570
-1846
137
3438
571
3502
3399
6958
-7447
8088
5689
713
4102
6906
-1536
-6736
6098
-7646
7932
212
1736
4896
8193
3966
-747
-8261
-2935
-6842
4177
3046
-2668
9356
-888
8289
7808
6816
9321
-4632
2270
-7580
-6625
-3744
9183
-2205
-9630
-573
6702
-6046
-4836
9576
3594
5898
3500
-3118
6840
-9223
4934
-4624
-1800
-7787
5635
-7875
-2822
4773
-8016
7100
-1546
4458
3190
-9625
9662
253
-9991
-3176
4919
-8980
9851
9711
-886
-3048
5083
-3207
-5339
1087
-5760
8215
-7703
458
-6775
-8134
-8409
401
-2723
-3356
-5581
2334
-5650
-3980
-6083
-3300
-9617
5465
6162
4712
-7494
7888
-9885
8770
-1316
-8210
8056
935
8417
5683
-4668
3907
-5897
-841
-4814
-3992
-6648
4540
-2328
-1748
-7487
-2748
9631
2233
-5244
-6658
9799
3075
-5940
-1509
-5141
1476
-7869
-5918
-2742
-6911
839
6133
-1077
7400
9694
-437
-8646
-4593
528
8977
-1701
-9415
-5624
-6191
-4343
-7159
-4987
-3957
7911
5463
2757
-6734
2405
2424
-8643
-6162
5179
-732
9683
4571
-3670
6830
-6051
-5994
-5184
-8488
-7568
4895
-8289
-6285
-806
-9300
3323
-3666
7655
-9652
9605
-9559
-8839
-2708
4414
-4063
-2355
-7827
3729
-394
3940
9362
5632
8027
8985
-3244
8545
-7756
492
1200
-6214
9447
952
-2235
338
-1930
4026
-5662
2095
-8155
1929
-7
4150
-3782
-9839
961
4448
1882
-9325
5966
-779
2397
3317
303
-5104
-3111
7530
-5733
2392
-473
-9245
7491
746
-2030
-8464
6334
-1223
-9890
594
-8887
5444
-5313
8764
-8395
3350
-7276
-9045
9831
-7900
-2042
-559
2300
-1147
-4138
-3427
6426
-216
2932
8934
-3585
4619
8913
-226
7604
-7746
492
-2240
-9799
7451
140
2933
-5139
8721
-5596
7648
-1636
6628
-9246
-4598
-7091
-5510
8880
4451
476
-9906
-1364
4363
951
-8581
9760
1436
4921
1695
-262
7202
3013
7483
-4313
8561
6784
7903
-1266
236
2021
1054
3142
-4322
-120
-7700
-114
-1071
213
-2481
-1648
1276
-2802
-8037
3019
4626
5664
7680
7313
-7418
6441
-8680
6816
9664
8557
-2544
-9203
-4396
6743
-8700
-3806
-2729
-6130
8541
6614
-5843
-8651
3510
-5253
-9257
6282
-4254
342
-2339
-9934
-836
9552
-7405
-4405
-5637
-6435
-4064
-9975
5500
-4986
8624
-1524
7088
-8475
-8339
-9311
-4326
-97
7065
3238
-3205
4519
2090
6852
483
6823
738
-9935
9540
-6977
-1570
6531
7201
6815
-4645
-9489
-113
-6965
-6491
9357
-9024
2660
9962
-6971
-38
-5957
942
5983
-9508
-5897
-5714
5757
-4363
-8497
-8477
-435
9780
8514
-3901
-1131
-3236
-6124
9418
-8369
7056
-6558
2605
-1580
-696
9328
-2627
4551
6990
7278
9611
-2794
-8055
-8184
7074
-4957
-4515
2664
2805
5322
-3996
-1874
3277
-5162
-6469
9813
6930
9946
5549
-4459
4591
5586
6682
3641
8773
-6450
-9718
8662
79
-1456
-1528
-3554
-8255
-6717
1089
9745
1817
8744
-9134
-809
-7923
6613
-1329
4773
9605
7553
4041
-9647
525
-468
6415
-5996
-6702
-1240
-4431
3391
-7509
7425
-4889
5499
8373
9433
-6293
-4966
4749
-8218
1351
3103
-7795
460
5621
-5323
2253
-2867
-2
-9385
2071
-871
-7722
-9014
-4077
-333
-1972
-2
-1241
4025
3690
1159
-6277
-194
9438
6058
5870
1852
3369
-4165
-8905
-7039
3758
2534
4576
2876
281
-991
-1999
5186
4383
-1825
-8770
-9813
-6053
487
-1391
-6385
-5259
145
-7865
-9953
-7228
3021
4076
514
1082
6711
-1002
8686
-2769
-5327
8420
1810
455
1291
5961
-6913
8728
-9478
8724
3808
2652
-5937
-606
-3382
-6898
6940
-1523
9901
9898
9217
-9096
9906
342
3089
6817
1969
9414
-6215
-1073
-3618
4271
6360
4620
-1097
5981
764
4608
5481
-6488
-6222
-6331
-9555
-7822
-6960
-974
4572
-1897
-6302
8453
-6511
6894
860
-702
-9963
-4638
-1817
-8260
4735
552
5148
8363
-9521
5215
-722
-8301
-7367
5040
-52
7548
9917
-419
3282
5851
5161
7303
2036
1482
894
-6995
-9451
-9011
5673
-9974
7828
233
7354
8013
9652
7855
-4189
-8153
-7244
-7060
938
-215
-804
2978
5390
-2088
-3489
4633
4406
-5302
-3528
-906
-7049
-7370
-468
-6197
5997
2557
1054
923
-1031
674
-6771
-6101
1157
5555
-3778
-7908
5225
5698
7243
-8146
-8405
1477
8961
-5612
3860
256
-7039
-2319
7953
298
-3212
-6245
-6231
2502
-2327
2023
7041
5172
7556
9752
1375
-5802
-1138
-3604
-8340
3494
1053
-1230
1467
6895
-6767
8722
8901
-4249
-126
-2867
-423
-6157
3661
154
-8778
2445
-9287
8973
-5783
-180
472
7441
-6626
3896
-4571
-5879
9658
6446
393
2491
-7045
47
967
3121
5311
-3977
3270
-8012
7437
-5916
317
121
-978
-7368
-5688
4615
7909
4272
5728
-4040
-8949
9676
9329
-3704
-4328
2675
-3841
3928
541
-7223
5250
-2990
-3792
-1840
4750
-9680
241
-9455
-3663
-1963
8119
1730
3292
9021
-4462
416
6734
-9830
-4202
6313
-8394
3108
6934
391
9956
-2765
-3745
6257
-8392
-9923
-5585
1805
-1854
-1557
-979
-5860
5503
-6214
-5943
3703
-338
-2873
7551
3138
8133
-234
-7697
-7148
-7742
2038
4865
6277
-2457
3333
9477
4609
3544
8945
-3454
4121
5933
-8490
-6367
3359
-6466
868
-7436
-9385
8293
9651
991
9651
3186
-8937
6649
9094
-8534
7487
7874
-4566
8872
1026
448
1186
-947
3323
5173
-7854
8782
279
-1025
-6331
9815
2964
7522
835
9102
-8179
-9283
-1320
9941
-6649
116
3028
1370
9897
-5426
2029
-5671
-8370
-2016
-1601
-4750
-303
3269
3219
3409
-4007
-7521
4898
-4094
6315
-9613
4492
-6848
3476
9608
-1468
-4212
-7386
-4187
6702
6259
4324
-1890
7132
5855
1171
1385
3682
789
-9160
-5834
5540
-7106
2580
-3146
-3373
6027
-6751
-298
-5299
3604
-2505
-1363
3037
3020
-1469
-3867
-5893
-5413
1737
-179
1734
1622
-7526
5001
6062
9402
7594
1776
-1703
-6308
4563
4923
3468
4201
-4997
-3609
-876
3434
979
3388
6646
-3212
3685
6956
-1216
-7285
-5697
9881
2921
5692
-3220
4867
-7743
6310
6701
-6889
999
-69
3847
384
-8665
-6613
-4837
9017
8537
-78
3195
-7248
4008
-3531
1945
-2529
-3600
-9782
9905
-2334
200
4100
-3516
-3656
-6206
4769
-1953
-2196
5421
-6368
5954
-7852
-9489
6691
5611
4559
-3917
-8136
-6848
-8770
3844
5969
-5701
8568
7178
5172
222
2013
-3506
-1942
-5048
3144
3792
8453
-6842
-7436
3582
2759
-2198
-4984
-6671
-7833
-6611
-3336
1408
6535
-3499
-8506
3425
2236
2596
2777
-1492
2028
-7270
-9221
-3599
5166
-6959
5527
-8468
490
7363
7522
1746
400
-6680
-5009
2915
-8391
-9183
1658
-6121
9804
2636
5094
6836
-9477
-9710
8750
6648
3631
-8015
-5506
-8093
-7690
9353
9459
-8592
5218
758
-973
4903
2536
7954
8710
-9225
6007
-158
-6360
8858
558
7448
-5889
-4449
-8715
-3041
-6203
2651
1253
5271
-948
-3255
3836
9219
-9956
-1417
7568
-4282
-4730
-3866
2973
-2703
7195
6742
1072
8982
3606
-9793
6816
-7327
8377
4806
-9193
2671
-8003
-1629
6523
6155
-3794
-5556
7763
2447
-3015
6895
-5366
4697
-8987
6958
-8102
-8168
1588
4888
-7271
-6338
3176
-8610
8037
-7244
-4667
-1546
-5370
8945
-7176
7617
4042
-5921
6486
-453
-3252
6464
4642
9348
8927
-7124
-9094
2669
5626
-6658
-2341
6358
-4152
-8732
-2415
-9143
4787
5689
9633
1643
208
-8148
-2722
-3249
5365
8924
-3897
-8358
-9284
-3559
-1309
-6219
-4937
2052
5092
-5028
8462
8423
6255
-4568
-4061
-8912
-1308
-9372
7347
-8196
7592
-2712
-8257
-4665
-7635
-6350
-1015
6770
-5417
-9146
9013
9631
-4537
4691
-9296
5537
-3731
2113
4834
7350
-9705
-9424
-3903
2053
437
7036
595
-3420
-98
-3878
4269
-7247
-1451
-2633
-1841
-1772
-9367
4786
8270
-4705
-5105
7215
5413
-5153
8844
-793
8833
9219
-3179
-6498
-6166
-9758
-4716
9418
-4449
-8949
4520
8846
-3091
-1484
856
-1502
5403
-6088
6063
-129
-3161
5579
6407
-6890
2131
-7494
-2177
4563
7658
-108
-6185
3208
1460
2949
8004
5366
-7543
6861
3545
3727
-7070
1054
2935
-9848
5228
-947
9254
-1967
4903
-4022
6010
-2011
-2333
-6986
2777
3022
9892
5445
-3247
-6820
5049
1313
-2636
-1929
2555
7348
7211
-9504
-9820
-5752
8409
8462
-6237
9235
-7718
-8520
8609
-2155
-9917
6668
9000
7903
-4195
-3224
-6343
6215
-5840
7368
9341
-9112
4063
9459
1742
1660
5994
8205
4868
-5638
9331
4401
3133
-2324
-8659
6601
-8499
-5796
-985
-5542
7188
2583
1904
2660
9827
3358
-2932
9421
9163
4637
-7099
6712
9913
-399
5696
-1534
4701
2907
-9478
-8637
-1464
894
8454
6994
-8349
1423
350
-1365
-8439
3994
-2288
-1887
-3320
-1868
-1252
-9077
2659
-8815
8708
4588
9752
-824
-8284
-7796
-9014
-2595
4775
2128
7544
-1541
9903
1000
-3483
-8345
-738
6757
4522
-7428
2432
9562
-5371
-4807
9293
-8788
2754
-9517
4804
4086
-9095
-4086
-7659
-6124
3500
7477
931
-4527
2109
-6846
9362
-5555
-2656
6777
-8562
2213
1506
5248
-9580
-7238
7612
9870
-8873
-3960
-2813
-7471
-2410
-5307
-7812
-4222
6662
8971
-4946
-9894
3365
-5113
5230
-1268
-3020
5537
-1063
2024
6203
4898
3680
6689
3335
6534
-4494
4684
5756
-5127
455
-6836
460
-540
-3799
5041
5337
-8212
-3926
1385
8511
9161
-1487
-3730
-9369
-4503
-703
3354
8380
5090
3881
7126
-5893
3446
-7867
3679
3644
-9875
-2091
-6013
-9788
4181
8919
-9546
-7095
-7147
4529
8311
7320
-7519
-4550
1538
9917
316
9005
-3778
-6953
-1161
9458
-4042
2421
-4085
-9313
7258
5243
1588
-486
6150
-8364
2610
-7582
5216
-8871
-3711
5510
-7663
-2520
4845
-754
4351
-8517
2026
-7526
-5120
-5142
-1007
9937
-1997
-214
-3599
-5148
1326
-5148
2410
7301
416
3950
-8695
-7102
-7967
-5702
40
28
4412
-2621
3784
5142
4999
-5250
-4188
237
8746
3682
1151
-4377
4579
-2629
853
5520
-2102
-8545
-8574
9986
3534
-1293
-4597
-1577
8704
-8349
-5156
7605
2498
-5588
-5943
2631
3426
7159
2379
-1698
849
9903
5333
4676
-2025
-7932
7765
-5710
-1676
-5801
4154
-9982
-7008
9676
-4598
-9725
-5722
3994
-2202
6256
6605
-5709
-5069
3472
896
-9762
7950
-9525
956
1789
4757
3626
-4674
7223
-8234
3511
-5352
2080
6430
258
-2530
8631
2855
5831
-2242
9841
2319
8735
8495
1933
-5318
1244
-1759
9668
-8001
3054
-6279
9775
-1318
-9014
1828
7018
6422
645
632
6475
2034
1052
6518
265
4098
-386
8006
-2590
-8508
-122
-1465
8148
-5381
-8583
-8940
-6404
-5619
55
-5944
-8834
-3671
5983
-886
-8721
-4926
-9421
-8125
9590
1872
-2752
8583
-8055
-1577
-8141
5128
-4217
7034
5952
-6903
9040
-8740
9136
5868
-3632
-942
-5041
-1597
-4578
9537
9413
7428
9256
-899
9486
-1966
-4484
8658
4025
-5888
9719
-416
1901
-4791
-9368
-5230
-8805
3557
-1195
-6855
-3894
-3188
-4949
-8629
-8411
770
-9509
-109
1901
6259
-5779
-2801
7797
-9183
-4698
3360
-8506
6809
6279
4641
1460
8839
1285
2990
-6442
6589
1291
9755
-2755
2810
-3529
1460
2068
2218
5647
5577
-3337
3039
-6645
-1450
-5700
9452
4523
4796
328
-2606
-130
-3434
-16
2678
496
-1934
-4366
-4444
8433
9613
4200
-1038
7405
-2581
8993
-6056
862
4466
7488
6357
-2317
1387
-2982
6249
-9910
-6454
232
-5538
-5163
9380
-1957
1322
5391
3676
3840
269
9308
-3945
9451
-7135
6744
-517
-99
3935
-1207
-9091
-911
-9476
4650
-6154
6697
8467
7102
-5537
-3343
-8105
-7629
-4433
-5689
5163
7137
5609
-1170
-302
-1291
-6043
-7153
-3179
8151
4714
-4133
7292
-5061
-1261
307
8497
-5098
7783
-6249
-1716
-5508
-3334
-5812
5697
8949
3064
1007
-4426
2025
-5810
1099
8241
4192
-5742
-8085
-2455
4068
1303
-9639
3129
4013
7123
3113
2859
-4166
2405
7660
-8513
7570
-6050
7444
3553
4764
8331
3877
6430
9705
-6294
8537
-2919
-3949
-7452
633
124
-4474
-8520
-6726
-2827
2778
-1186
-2769
7499
1695
663
-8622
8112
598
-8802
5118
-1917
-8972
-263
-9895
1109
7545
8353
8764
-3347
6434
4856
-858
9880
-2023
-5104
-7947
3992
2098
180
1278
-5331
-4541
5915
-1279
-6511
4673
-9775
-1855
5372
-2102
-3898
-5075
5535
-1500
2008
-82
2816
4553
6923
-749
-3979
5827
8453
-1157
-2403
1178
-6479
-2902
-5542
-8478
3631
-2565
-5746
9068
-6426
-4526
3876
-7992
7342
-5760
-8089
8045
5388
445
2421
-8234
-3380
6615
8875
-6600
1852
-4635
8393
4739
2755
-3737
9976
9405
-198
7673
5241
-8008
1226
227
-752
9435
-7717
7219
-6828
-7294
940
-2743
-6226
-502
4506
5735
9713
-1371
-5095
-4389
5615
4949
-4220
-7071
7999
4327
-2000
6678
8832
-4081
-8440
9348
7759
57
-9181
-223
6429
-1808
9500
3853
-6802
506
6066
42
-9749
-3917
3636
8418
-2201
6085
-253
2380
581
7350
-9763
-477
717
5168
-3831
-2995
-5028
2454
5704
2853
-2361
7948
4248
9562
8371
-4248
-4497
3405
-6955
-8354
6117
3589
-9102
-4490
-6448
2011
9355
7563
-8269
-7871
1805
-6517
5956
5230
2481
-2217
-5268
-4822
6384
2592
7290
-2410
-3159
1149
-2126
-2204
-1661
-1998
1475
-2736
-6324
-7577
-9080
-2865
7774
5327
-8220
2120
-3213
6451
-7753
-8713
6086
-2759
1161
1349
-4553
-8634
-8052
4396
-7083
1463
252
-7621
-2730
731
-185
6890
-2364
7584
-5819
-7287
-1349
-4436
-3676
7306
-633
-6010
-7295
2053
-951
6926
6889
-3984
-5780
2043
-5436
-17
4804
7504
7198
-1879
-9143
7231
809
-3487
-9655
-3784
-2822
-7388
-2175
-5148
4594
6773
7023
-7102
3222
1317
9012
-3608
2897
6876
-7730
-184
-1048
3600
2799
-3544
4184
6692
-7294
4642
663
-7679
-801
7046
-8805
-125
-4793
-9734
-1919
-6668
-6819
9474
-9566
-2627
649
-2848
225
-3350
-7032
-2635
4292
-8291
6150
44
1583
-6078
-8985
-3334
5425
-2701
2322
4366
-3174
9393
-3961
7050
-3534
-4521
-9699
-9506
-4627
-2207
-6750
3825
-2538
7067
-8553
1855
-1135
-6503
7337
4568
-9625
6834
2351
7694
-9571
-6797
2487
-3436
8865
-9871
-9406
-4130
-2111
-9165
9418
3537
764
-8810
5833
-9374
-6661
-6272
5073
2037
4891
-7929
-2651
1435
-4696
-1725
-2162
-887
8619
5559
-494
-502
-2967
3138
7472
-222
2675
-9946
-1330
-4792
-6133
860
-9915
6274
-5434
-7212
9389
-1835
2919
5732
9148
-7233
-6847
-5159
-9525
9742
2887
3941
-5168
-9531
1759
1995
-5936
-8292
-6470
-802
-1272
-1820
2856
6560
-5554
-8109
6964
-9895
4384
-1213
-8828
-9844
1921
5137
3184
1646
-9393
-3364
3277
638
-2195
6527
2990
-2979
4042
5174
779
-7035
-9808
-2343
-6935
-2452
-6348
4651
6624
2287
4603
5377
7193
2784
-659
1797
-4472
-2198
-1637
-8191
6776
-4473
-4627
-6749
4741
8296
505
-5
-5303
8344
8591
135
1184
-1999
5831
6251
7664
-809
8725
9361
-4282
-7742
9597
-9293
-5264
-3120
6721
644
2841
-8650
3386
4676
-3722
-1586
6878
5047
-1222
-5861
1931
-736
8321
-9824
6970
91
1191
-9476
-178
1569
-7512
-5241
-2284
-9596
8851
1342
-7200
-9037
1422
-5416
-8149
-3746
-133
-5647
859
-5249
-993
8191
-1615
-4856
-7150
-5018
5061
5195
-6200
-3030
490
7055
1726
6236
8408
3583
5099
8770
730
-2046
2337
7865
-114
-2435
7849
-7929
-6271
6417
-7438
-3098
-9762
-197
-640
5151
339
4164
956
-3595
-8452
6696
3469
4394
-8846
9694
-4417
3769
6706
-7142
-1361
-7939
-6761
2870
519
-7139
-3960
8060
-3619
-6451
6729
-9851
-3064
-8197
9764
-428
930
8673
2604
6295
3321
9798
6075
-2288
-2098
-5549
5808
-4546
9223
6490
-9041
7349
1732
-1803
-8165
855
-9540
9447
-3816
-4320
7618
4240
-6435
9281
4476
3409
4202
-2643
8324
-6277
6480
-8911
-8073
5845
8480
8745
4220
-6441
-8014
2149
-6373
-3360
7243
-5149
179
8873
6569
-2554
9380
676
-9280
-7
-3102
-901
8615
-1115
126
4732
-9700
-3060
4927
7028
3531
5505
-7260
-7260
5257
-8173
-4237
-7137
-8999
2437
-8465
-9855
2543
7899
6115
6683
-549
9841
6041
8598
-8942
-2256
-2620
-1980
3527
6225
-1112
-3598
9009
-6251
-6467
1740
4201
6440
-3959
-9992
-9175
3203
-6090
9637
-4190
-5761
-6071
204
4747
5453
3639
9922
-3187
-5361
8616
5104
-3356
4667
2591
-4039
7257
6587
491
9734
682
6352
6782
-8183
-5368
-8310
-1779
2220
4334
-3601
-5976
558
6024
4895
1736
-4497
-7995
-5699
-2139
-9978
4389
1805
-6897
-315
2610
3249
1966
-47
2519
7120
-63
3545
-4476
-5994
5558
2974
3569
-3751
-8418
-7271
9454
-4790
2904
2791
-7310
3069
7751
-1711
-9705
-1059
-5625
7188
-4259
-6639
5767
-6512
1167
5615
5521
-3886
65
-9754
-1342
3408
2730
-1317
7924
-7112
-6680
7167
3583
7601
1613
-1415
4957
358
4565
-9114
-5289
-841
-7766
9882
-5432
3804
-5306
-7962
6535
8561
-5320
-2348
991
-3309
-4720
-3908
4419
-6118
-9103
6987
9229
2059
-9072
1342
-4543
-9605
-1048
4578
-1952
-325
3441
-1495
-4491
-8786
1989
4176
4243
5399
7787
8697
1461
-4807
6109
2442
3605
6100
618
-5689
-5068
-6696
-7267
6308
414
2634
5939
9244
-1614
-9101
-3102
-2120
-6500
2635
5418
8259
-3493
6756
6753
7010
-5959
-107
7778
-6286
-4105
757
5163
-6785
-715
2009
-8538
-9757
-9062
6030
4182
-3984
440
324
-3862
7658
8182
8746
-4390
-8880
7687
8532
-9205
6585
8578
-4630
7181
-6264
301
7489
-9750
-2047
6959
-2438
-1383
7728
7093
-306
4306
-7949
9941
1347
-5674
9037
-6988
-8893
4046
28
-7698
1273
3075
-2281
1182
2978
-4756
4861
-3522
-3409
-8039
3800
-9847
3339
-2783
-1390
-7443
-8832
-2213
8049
-3536
9795
8683
4866
-5619
98
-4612
-793
6249
-6646
5749
-9513
6451
4490
-7893
-2046
-8357
6968
-824
4202
-5296
-1694
-5280
-2026
-1556
3719
-6804
3241
-8278
-6321
6048
2888
-2586
5568
2895
361
-6965
-1401
2097
4776
-3808
1132
1538
5878
9152
-961
-53
-5597
5389
2505
3792
5030
-3050
3561
2447
1557
-991
5800
-8942
-5426
2361
-5626
-5512
7291
6612
1167
-8736
-3148
8028
-5615
-4504
-7557
5746
-8683
2177
1399
-7407
-7796
-2501
5213
281
-2085
9506
-2288
-3992
5666
-4318
4256
-5752
-2980
-4471
3680
3503
-9112
-845
2413
-9649
8036
8263
9317
-4521
-1856
8614
2271
-7029
-4154
-6304
7407
7748
-6439
3914
-5229
5944
7760
4751
5866
5574
4153
8967
3926
-1795
-7676
6712
-5012
-5133
5269
4113
6924
-8956
6180
-7212
-2229
-469
67
-2928
-6274
-4968
7987
-4304
8242
1382
2953
-9906
-9520
-1570
5896
895
178
-3372
-7765
934
-7816
-6930
-8084
9125
8822
-6329
2274
1574
3998
2010
-9555
-4200
-8019
-7526
-8952
3042
-4086
-2567
7117
8677
3418
-2557
6651
-5016
-1364
5659
-140
-4582
-8294
8399
9334
6012
-4068
1823
5734
1268
-8579
1447
7574
8483
8682
-3596
9676
8852
-6228
1964
-838
5661
-741
8194
-4563
-322
-2836
-6556
-2945
7787
-9944
5705
5004
-5844
8910
-1109
-9111
3043
5087
8675
799
-3295
-2422
-2888
4225
-3061
-8824
6263
8177
4506
3755
-6737
-6301
-3860
-5435
-8995
1485
-8989
5481
6098
438
-5115
-3332
-1065
-7417
3842
6678
-5225
-7605
4547
4736
3947
3428
6494
-4557
-1313
-5726
9420
8547
9749
3728
-5476
-5388
-2347
-4499
-4360
6834
6546
3836
-6769
-7500
-5382
153
1651
-7199
3423
3593
-645
9847
3104
-3794
-8823
2776
-4746
-8296
6426
6943
-9379
8014
-3676
41
-8339
-8508
6258
3441
-6949
-817
4308
8782
-3294
-8975
3324
-3979
3064
2473
9047
6661
1557
7159
3709
6071
3312
2175
-9982
-4638
-5060
-2521
-7435
435
-9066
5579
-9444
9957
-7814
-7031
9239
905
-9263
7494
8835
3499
2262
8976
890
288
-210
-203
9789
-7215
-8800
763
8160
-7255
639
-3944
-186
3156
6895
-4995
8146
8594
2057
2795
-9722
-550
3356
3323
-41
6122
-2435
-1438
2133
190
1385
9625
-9741
3098
8856
-5322
4728
-6041
5698
4597
-5980
-9499
-154
-6225
5948
9436
8885
3476
295
-5755
-5225
5222
951
5378
-5712
2240
-8008
9755
-289
6204
-7404
-3589
382
9958
-3657
-2371
7775
1424
1255
2701
-6132
-2158
-2129
-6991
2869
8531
5352
508
-9667
4587
8208
-684
8007
-7599
-4797
-5460
4362
-2556
8650
-9289
5523
1202
5905
-2353
4658
5635
-1949
1792
9426
6307
125
-9065
-1902
9737
-4300
-6651
3194
9010
3203
-2164
-136
-975
1241
-2303
1582
2662
7957
60
-817
7129
1691
5288
1273
2696
6730
-3870
-5013
-8377
-8642
8653
2390
7260
-4036
-8706
1787
-537
7600
-9067
-9900
-9776
-6873
-3545
-9489
-2261
-3321
-9004
-7392
4384
-3361
-9452
-3891
-3004
7401
-5799
-8094
-7257
2770
2669
2309
9113
-3125
7186
-2154
3001
686
2935
185
7213
-3208
-2860
-8249
-2760
-7141
-7385
5476
6948
2067
9386
-8130
-3898
3934
-2781
-8300
-4012
8399
8327
5191
4633
-6835
9495
-5259
9559
1324
-7522
-8503
8160
-543
190
9249
-7833
-1843
-7127
4661
1457
6774
-9397
-189
4834
-1798
-3301
3610
4385
3754
1657
5335
4801
856
8272
-1164
5954
5616
2203
-7954
3197
1802
-1600
5379
-9389
-6555
-5016
6042
-3669
-1572
6000
-8432
-3124
44
1139
1821
4851
7098
-4334
2336
9580
9212
9544
-4824
4614
-7074
1189
9863
4780
960
-7085
6174
-2350
-181
358
4448
-2679
9836
-7285
8428
-2925
1421
-7790
3455
9573
-4655
-747
-4283
-4073
-4709
-8176
-9524
-3765
-9184
445
9748
7190
8128
-4761
3215
2961
-334
-2027
6140
-2058
4919
-9481
1695
-9050
7777
-9480
9751
-3599
-599
6285
-2472
-2830
-7680
-2522
2776
-932
866
-1145
9774
-6049
5403
-5173
7209
6683
-80
6508
-2385
-3987
6404
7699
5387
740
-6812
3972
9102
275
-2033
8474
-4892
8073
-5518
2215
4770
212
-6568
-8946
8912
-9563
-386
-3125
8190
3766
5183
-6041
5130
3791
8214
6672
-7416
7598
-5913
-6794
2186
-9045
8849
-8609
8914
613
6997
9357
-9390
3122
-2881
9358
6427
-3470
346
-253
6146
-27
4295
-7667
23
-4931
8799
118
-5354
5226
-7998
6601
7054
463
2174
-2622
-6301
-3886
-8502
-1389
4066
4572
-3372
2066
-346
9890
3894
9035
5720
4649
-4586
-1412
-3122
9373
-2275
-3700
-8367
7087
-2282
7338
353
8172
2038
5205
-1474
-3540
5280
-8562
-199
8571
1637
-7415
7550
-3803
-3243
-6993
-698
3033
6864
3273
7615
490
-1401
2017
-6755
6874
-5317
4158
944
-1537
5052
5130
-8428
8596
-6295
4102
-8747
1960
-2672
-7376
3284
1382
4605
-6066
7834
-6164
9245
9375
1887
1737
-7929
-1183
-7858
-7961
6833
8899
-9908
-7847
3201
-2165
-9519
-718
3012
-3329
1946
7194
-9588
5921
6670
9658
-5046
-9540
-6932
-6073
693
3969
-9324
-7401
-4950
-4346
-8392
-4556
9764
-398
-9027
2133
-5455
9633
3485
-8363
9123
-8778
-7157
843
3010
2332
-8138
-9322
-8625
8560
5307
-3010
-2593
3997
6414
4895
665
6934
6358
-549
-5875
8403
-8038
-590
-3478
-4213
625
-6554
-8677
-9363
-2688
3301
-8567
2416
-5818
-8584
-8068
-9180
4105
-2065
-9253
-8865
8597
7510
3024
944
-9462
-6434
1298
-6608
524
-6669
-7148
-8103
-5619
-2247
-810
-8484
-3400
8914
6175
-6734
-5334
6337
-510
-7670
-5673
5927
8216
-1117
9808
-7518
2102
799
7820
-8693
306
-8692
6216
-1480
-4834
-3477
3664
3226
9372
6099
-5082
5730
8915
-8375
-973
-65
-247
7339
-354
-1280
1532
-2430
4965
-7355
4280
-3169
-6434
-9022
23
-29
2705
-8064
-1345
-2830
873
-9690
-8185
1470
1328
-2989
-8124
-2490
-317
9270
-9369
3561
-5735
4552
2655
-7381
9920
4859
-7870
8305
-3231
1171
2283
5133
-7951
-3059
-216
-9521
-8136
3210
-4603
1509
-1205
9120
-3734
-2214
-8875
7293
9572
7697
4839
1816
6550
-4120
-5000
-4345
2877
-3094
2243
2935
8778
-8325
-2187
7008
176
-159
-8240
7236
8416
-5257
-5068
-4087
3559
-6472
-7378
7091
83
-2041
9675
-1675
6820
6884
5429
5579
-9459
5286
-8589
5755
9319
173
1517
-2534
-1190
-7682
-1227
1359
1819
-598
-3608
-9405
-4021
-3597
8816
1950
2485
-7401
6961
