500
50070
44980
86203
-99287
-6886
-84553
17415
675
68481
-14456
-48770
44804
-5114
41689
20639
59854
-53505
50869
33229
-1404
-4934
15873
-67467
85903
-6636
-33925
32570
-60797
21530
14876
92086
9719
-61763
10183
77091
81623
71298
60193
83919
-58410
34599
45662
-65112
74808
73126
76873
-18947
83723
65142
12814
31142
-45074
-31439
-92387
46779
-90524
-30224
-81522
82314
24400
49150
-47630
-61298
-52509
-26384
-65490
-95112
89426
-17405
71417
10495
-2911
1659
74026
-25304
66107
-60089
-23279
-70617
40792
-78207
-7835
-81385
-4153
-74044
7330
7992
-35901
35786
24410
272
-67517
-45896
34386
7794
-51122
-7611
82850
-81865
43325
83174
-65775
-50777
17946
-19847
55653
877
25264
-41513
-8299
3375
-11677
57841
27943
-94139
95569
77716
92994
-93186
-52410
85679
-25906
29840
73525
81738
-16174
40614
67988
81294
-50179
40215
15948
19774
-6653
-63906
72723
-95963
99025
-12574
9986
-53366
-53473
6667
28058
65814
25651
-3926
-99146
96212
-21624
-75416
91877
-4634
21949
64967
94706
-67090
40271
-94138
-4676
-11147
3705
19667
-66127
-4634
15868
-32686
-86111
23948
-72395
35783
-96274
60221
91666
7486
50028
-91486
-48010
50965
36702
93604
34075
-37285
58617
22385
-68893
39975
-30066
-37966
-69393
86635
-87914
-59748
-14076
8662
32981
9888
70215
34748
71561
48447
75269
94546
73265
3973
-38508
71024
14136
-87061
-37341
29604
-68146
427
-82013
-19582
-72744
86773
6186
-85652
15320
-20368
54274
-75461
-51082
91389
34277
61418
-65245
-31993
-224
-98168
-69025
74973
-4040
57781
48860
-80276
42635
-79725
98073
45869
-55212
19095
-36208
63304
-3272
24927
53775
-66990
54442
54590
-27996
86921
-21702
55155
-87587
23321
2652
61175
89829
-50768
98371
-28209
-46680
56215
6125
12534
62823
72060
-3442
96738
-22526
-96771
-18833
15257
-67525
20145
55283
4669
-89759
-57309
-81064
-44763
75812
-87437
-28952
52860
34913
70537
-47457
90938
35419
8033
-26773
-10670
98441
-95640
-51647
-85577
-8764
-37332
33585
-29078
-6129
-82662
89994
10285
-39388
48645
-1287
-88017
-12898
71653
57125
-9834
-80618
-52989
24946
746
-32867
-22065
76285
-31588
-72166
-38224
-63693
-63741
-70782
-13866
33411
-87951
29662
63509
-68373
-64890
-89441
-24951
-78709
-61557
-35514
21178
44774
22531
66085
35951
90659
75328
-94228
18927
-20428
94606
-69940
35878
-88326
-52184
82884
82951
1502
18840
-82161
-51812
13547
-89166
25395
43504
60867
-44167
21551
53913
27724
50087
-27515
-91937
32990
67098
33654
-41344
-17330
-48172
-23876
26135
96277
50299
-91126
58192
-36613
-14699
-56178
-36472
96111
87813
-48403
26765
70155
-17515
64928
11363
-69715
-3413
17232
-28147
99456
-51591
-95716
43229
-51653
-38514
6004
-51549
-85333
-85794
-95295
-14058
-91037
-92260
95775
85044
-92334
58193
66601
7071
-89674
22934
-35770
-22411
-19126
65191
-33822
20669
11760
38652
-1010
-2651
-31277
-50699
-40515
-49810
63140
65268
-6708
-78970
-96038
-71035
47410
-25238
-84270
-61333
-58523
-44349
23793
57108
50349
5550
-76067
-67482
-41237
91081
-80276
-92448
81177
-8513
14274
92327
-77254
-8139
-22811
88726
-22522
86572
-4877
-72987
20786
-175
-53187
86660
98221
-26258
86644
-45791
34201
-72389
-44756
90443
95144
-34081
55910
70931
26114
94178
79097
57812
-37696
42938
-51849
77339
31727
-12292
-6748
49804
92330
