2000
-27
31
-14
37
11
-7
-15
-93
24
-98
97
74
-38
37
-79
-17
-96
-62
100
-87
10
75
18
-17
-27
-70
86
100
14
-40
40
-19
34
-65
-60
53
-39
-95
6
-48
90
50
-99
21
88
100
85
-4
-21
-20
5
43
10
-14
-84
-38
-11
-42
-66
-65
91
28
-86
-12
-26
96
9
14
43
41
64
-94
-69
-92
58
32
-92
49
-27
58
-60
-44
44
-22
-7
-32
-60
27
-40
92
65
-68
-71
57
-57
43
-57
47
56
47
95
-87
49
-18
-56
-42
-86
-29
-86
-58
33
-70
-62
-20
67
13
-56
63
84
18
-16
11
-34
-32
-60
98
-15
-97
-66
-28
72
-99
-80
-98
0
30
16
-29
-73
47
-92
59
-68
-100
63
88
97
79
-1
72
28
-46
22
31
-28
11
5
-49
62
-5
-32
-24
-79
-55
19
-5
-76
46
-13
88
-88
41
-61
55
37
-63
-40
44
-62
0
-74
-2
-19
-99
98
80
-54
-39
-46
-60
64
28
99
-99
-68
56
-66
-48
-55
20
-21
44
-44
-13
-86
-66
-46
99
-88
-87
-99
-19
34
-41
-97
-36
88
-96
31
-34
-4
22
61
68
-15
-67
23
41
-49
-20
64
-46
93
100
37
-70
28
-70
51
81
32
-3
-45
-37
79
88
-99
-48
-81
-53
-4
-78
23
-39
60
-8
-34
-90
-61
60
79
4
-87
60
-35
-34
-99
-90
-57
-4
-45
-17
-18
-89
83
17
9
50
7
-71
12
14
75
89
91
97
-63
53
7
-3
-64
-38
-31
56
-53
-28
-24
-5
67
74
9
-57
-83
-72
87
-27
10
80
3
39
0
98
1
-22
75
-86
84
-41
-19
40
72
91
-49
-40
-7
-90
-99
87
18
42
21
-14
-73
-9
96
-56
-18
-4
-21
-36
-2
-73
-92
43
95
-49
-74
53
57
-49
-35
98
10
-24
-98
9
-71
17
-30
-90
61
-19
51
57
43
-93
71
68
-6
88
86
64
-68
98
-27
99
-76
61
32
1
-67
-17
-17
5
-35
23
-14
27
-19
-72
72
44
77
36
-76
29
-67
-70
67
78
-22
-96
-48
-40
83
16
66
43
60
-28
24
75
60
4
-79
-30
-42
75
2
13
-51
-88
-55
-67
62
44
-68
75
-37
12
-57
52
34
22
85
-90
-73
71
-39
-15
92
-86
74
52
64
-3
-40
-17
96
-66
-63
-30
36
40
-18
19
88
-11
-36
-51
19
-9
-16
-22
33
49
-89
8
-77
-65
-63
-70
68
33
-58
-41
-83
88
52
-17
25
43
11
14
11
-88
-43
-43
14
-10
95
14
77
81
-91
-37
-100
-64
-68
-100
76
-51
-20
-11
35
72
-85
29
-37
-29
-40
-47
-2
-34
69
-45
-53
-96
0
-51
-56
50
-52
-99
16
3
49
12
43
26
-35
-26
90
23
-84
-76
-83
-24
39
-79
-3
-72
-33
-47
27
-19
-34
-4
-24
49
-48
-60
48
32
71
-88
19
78
71
80
-16
50
-24
44
-71
-60
-34
-7
-29
-65
4
-60
-92
-3
-17
64
-27
60
-12
94
-91
-24
-53
-27
92
79
-99
13
-54
-9
92
72
51
36
-68
85
-98
-7
28
-33
-11
3
-43
42
27
-41
-26
-25
88
-2
-100
-44
-83
82
1
52
36
-51
91
17
-61
37
-11
54
88
-68
-71
-95
6
45
55
-1
33
70
-2
-97
1
-20
45
-65
-37
37
-1
-47
28
-83
78
-22
-22
51
-49
83
-88
-73
-73
-39
-58
76
-10
83
-32
-75
-99
-93
32
70
-90
51
17
39
-8
51
71
-22
-6
69
52
1
85
-3
-1
-41
-5
-17
18
-59
-52
59
-42
61
80
-19
-53
-85
-13
97
67
7
-98
22
74
19
-55
-18
19
29
65
-60
-29
40
-47
52
-50
-50
-35
86
-94
-22
9
2
18
2
17
91
81
94
-15
82
-100
23
22
-62
-10
96
-43
48
43
30
-22
-2
1
74
-58
-4
47
-97
34
100
69
7
-14
52
24
-40
57
-95
97
46
79
-88
15
15
-67
-73
27
28
-8
-73
-25
-63
34
-80
-81
-4
76
31
42
11
-97
77
-15
45
-39
-2
-30
-33
18
67
-4
82
98
63
74
14
-30
-86
70
-35
1
64
97
53
-17
-54
88
80
-98
-41
-81
-57
-65
-48
-33
17
37
62
50
50
-92
-66
89
-54
66
-57
20
-22
-54
-32
0
27
-5
-43
-19
-72
-86
-92
-19
-5
54
10
-43
87
73
78
56
89
0
71
45
16
4
-23
81
-92
77
54
3
-51
79
25
11
66
-1
-99
64
-45
-55
93
-77
4
45
-99
0
-85
88
77
32
35
38
65
-75
-66
-52
-78
32
-46
94
14
-77
65
-53
67
-91
-98
-96
-35
32
-1
-30
65
-11
-34
95
-74
-60
28
83
48
66
32
-64
-66
-98
41
-86
-47
-47
-52
-49
-53
42
-80
-95
100
-94
-25
-62
19
-93
27
-55
-69
85
59
-45
79
4
-74
19
19
-62
-10
-47
24
-15
96
-36
-51
-82
86
75
31
83
-91
41
-19
67
-25
48
-5
-84
-70
-46
-91
44
28
60
-38
78
-25
-14
-98
-93
5
36
-4
-95
13
-32
-22
0
35
-96
-38
-30
33
-2
-92
10
75
-48
83
52
36
-36
45
86
19
-86
-80
56
93
-32
-93
91
-74
71
-88
19
4
34
-28
-10
-23
48
-73
-15
30
-69
24
100
64
-50
73
-10
-6
25
-1
39
-77
-52
56
-68
52
91
47
27
-65
-76
-38
20
-25
-26
24
-23
-63
11
100
-63
-10
82
93
-54
32
-27
-38
-37
12
88
-23
2
-36
-93
-78
-30
-64
-56
3
69
43
-71
13
-5
-7
-43
-60
-70
-5
-91
85
-23
-42
-70
48
69
-38
-44
93
-8
92
36
-99
65
14
-18
-46
29
-57
16
5
77
43
-2
63
31
77
99
-36
4
-71
66
93
-2
48
39
-79
84
30
27
50
-36
64
92
-93
-54
37
-38
-91
28
-23
64
-48
37
-72
12
-22
-5
-67
-8
89
-46
-78
66
38
97
14
-7
91
-52
-75
34
81
63
-51
-5
-27
-80
-18
38
91
-37
0
-5
80
69
-98
-68
-7
92
15
-29
56
-49
96
-54
-1
-18
-13
-12
81
44
35
-46
93
-84
96
57
-12
96
32
-42
-58
-84
58
26
-62
21
17
-63
91
3
-49
87
73
95
27
-83
-57
50
25
71
5
-86
96
-22
96
-50
49
11
-66
6
-8
-86
53
-11
26
0
95
96
-54
54
89
52
47
15
-28
-70
-51
82
28
39
70
-53
-50
-10
95
27
69
54
56
-71
-62
-84
-6
32
81
-49
-56
-16
-93
-63
68
-38
-77
-67
-88
-42
93
49
100
-50
29
70
-82
33
99
-76
-53
55
-29
0
77
-8
-55
50
38
19
-22
-54
-35
-19
10
-36
5
-93
-65
38
-76
90
55
-65
30
10
30
73
2
-45
-85
48
2
89
76
-71
39
25
-73
72
96
-82
-10
-48
64
7
90
55
65
44
44
-85
-25
-33
84
54
43
76
82
48
34
84
-60
10
-10
-97
43
-94
-26
47
21
-86
-63
13
55
-72
-19
1
-60
87
46
-81
-65
-48
88
-39
-66
12
6
45
94
59
76
-25
27
35
-92
62
91
-75
-82
85
-98
-12
-79
-56
86
90
-18
-63
82
54
-59
71
-35
4
20
16
46
27
-3
39
31
92
60
75
45
78
68
-28
45
-41
63
-37
13
-70
-99
56
-25
87
-81
67
43
50
95
11
-92
-59
-52
-91
-86
42
2
-6
72
-94
47
-75
-31
-76
72
32
58
-1
-31
84
48
38
-69
49
73
-64
6
-1
21
-67
-43
81
46
79
-32
-2
50
31
-56
21
-62
43
-85
16
9
-49
-6
16
-85
-42
-16
30
-46
2
-67
94
-28
-45
81
34
32
-39
-72
83
-5
58
99
-93
-38
34
48
73
-28
-40
-33
-6
-22
-84
85
70
19
37
-1
64
-98
33
-93
-45
-74
8
18
-9
100
-77
-4
53
-89
-46
-100
-60
91
-69
-9
63
-29
-6
84
-41
-84
-33
9
95
-100
48
75
-65
-49
64
-8
44
-62
-62
-42
-96
-28
33
-87
-40
-60
-73
-100
-86
-4
19
-30
-75
54
55
-68
9
84
-41
-42
-68
-43
33
-37
-5
4
96
25
-57
2
-16
78
10
-72
-57
-8
80
46
14
81
94
-47
11
40
-25
29
42
37
24
29
-33
25
61
-21
73
11
88
14
-30
-94
5
-94
75
-88
-54
-71
57
-54
60
31
56
44
-58
32
-87
-11
-30
2
50
51
-45
1
11
81
89
10
-10
-91
-26
91
48
-43
4
14
-45
-3
-15
-60
13
9
-80
2
45
-87
15
-58
42
34
4
-12
24
-46
44
50
44
-84
-76
100
-73
-71
0
53
-89
-55
4
75
11
44
-86
63
-10
-8
37
-47
-20
21
80
-34
87
19
-9
-90
70
63
-50
-70
87
21
-35
-25
46
38
21
-46
12
0
13
-20
34
-47
10
-23
52
70
18
-38
-40
36
-2
10
-79
-16
-9
-99
32
54
51
97
48
73
-59
78
93
-79
-29
38
-70
-3
13
-30
-95
-49
-95
-61
40
26
-88
-53
-94
-42
97
22
-6
-37
-70
-48
-76
80
-38
-58
4
52
-47
-75
3
-89
-28
-71
44
50
6
7
-9
-88
83
19
-70
-80
6
100
95
-87
21
-55
87
-68
96
6
-27
73
-6
-78
-42
-98
67
-68
81
-92
-36
81
-25
-63
76
1
-77
34
-66
69
-52
75
73
99
-65
-57
-1
62
-68
-64
-82
-24
-42
-52
75
-94
46
-31
-22
68
41
15
8
-60
78
42
-32
64
-4
21
77
67
-20
-41
-83
77
38
-71
-19
94
-90
30
9
-69
90
-25
28
-36
-44
-49
13
-13
88
-68
33
-6
1
-16
59
80
23
-15
4
-80
-73
-36
-17
-38
-66
-70
-54
-97
-100
12
30
-83
1
-35
-39
74
70
-79
-73
-29
76
52
-40
19
75
61
-78
-39
-71
96
-65
-1
-60
40
36
-74
85
-46
39
15
-52
-62
-73
-41
74
-55
14
-80
-66
86
-80
33
48
-16
-10
85
17
-99
-31
-46
56
-80
-74
-50
-66
17
50
-96
19
-88
37
64
80
-36
48
-25
-88
87
85
14
-4
-59
-71
-72
25
-74
-87
45
62
34
-42
-91
-21
-93
-17
67
1
-89
99
-34
-61
70
37
35
-27
-6
-89
97
17
7
2
-97
-61
-80
84
-47
11
81
-66
-73
-42
94
66
12
-90
86
2
-73
-44
-97
94
-83
