125 125
1 2 3 4 5 6 7 8 9 10 11 12 13 14 15 16 17 18 19 20 21 22 23 24 25 26 27 28 29 30 31 32 33 34 35 36 37 38 39 40 41 42 43 44 45 46 47 48 49 50 51 52 53 54 55 56 57 58 59 60 61 62 63 64 65 66 67 68 69 70 71 72 73 74 75 76 77 78 79 80 81 82 83 84 85 86 87 88 89 90 91 92 93 94 95 96 97 98 99 100 101 102 103 104 105 106 107 108 109 110 111 112 113 114 115 116 117 118 119 120 121 122 123 124 125
64700 64699 64698 64697 64696 64695 64694 64693 64692 64691 64690 64689 64688 64687 64686 64685 64684 64683 64682 64681 64680 64679 64678 64677 64676 64675 64674 64673 64672 64671 64670 64669 64668 64667 64666 64665 64664 64663 64662 64661 64660 64659 64658 64657 64656 64655 64654 64653 64652 64651 64650 64649 64648 64647 64646 64645 64644 64643 64642 64641 64640 64639 64638 64637 64636 64635 64634 64633 64632 64631 64630 64629 64628 64627 64626 64625 64624 64623 64622 64621 64620 64619 64618 64617 64616 64615 64614 64613 64612 64611 64610 64609 64608 64607 64606 64605 64604 64603 64602 64601 64600 64599 64598 64597 64596 64595 64594 64593 64592 64591 64590 64589 64588 64587 64586 64585 64584 64583 64582 64581 64580 64579 64578 64577 126
495 496 497 498 499 500 501 502 503 504 505 506 507 508 509 510 511 512 513 514 515 516 517 518 519 520 521 522 523 524 525 526 527 528 529 530 531 532 533 534 535 536 537 538 539 540 541 542 543 544 545 546 547 548 549 550 551 552 553 554 555 556 557 558 559 560 561 562 563 564 565 566 567 568 569 570 571 572 573 574 575 576 577 578 579 580 581 582 583 584 585 586 587 588 589 590 591 592 593 594 595 596 597 598 599 600 601 602 603 604 605 606 607 608 609 610 611 612 613 614 615 616 617 64576 127
494 64575 64574 64573 64572 64571 64570 64569 64568 64567 64566 64565 64564 64563 64562 64561 64560 64559 64558 64557 64556 64555 64554 64553 64552 64551 64550 64549 64548 64547 64546 64545 64544 64543 64542 64541 64540 64539 64538 64537 64536 64535 64534 64533 64532 64531 64530 64529 64528 64527 64526 64525 64524 64523 64522 64521 64520 64519 64518 64517 64516 64515 64514 64513 64512 64511 64510 64509 64508 64507 64506 64505 64504 64503 64502 64501 64500 64499 64498 64497 64496 64495 64494 64493 64492 64491 64490 64489 64488 64487 64486 64485 64484 64483 64482 64481 64480 64479 64478 64477 64476 64475 64474 64473 64472 64471 64470 64469 64468 64467 64466 64465 64464 64463 64462 64461 64460 64459 64458 64457 64456 64455 618 64454 128
493 64453 975 976 977 978 979 980 981 982 983 984 985 986 987 988 989 990 991 992 993 994 995 996 997 998 999 1000 1001 1002 1003 1004 1005 1006 1007 1008 1009 1010 1011 1012 1013 1014 1015 1016 1017 1018 1019 1020 1021 1022 1023 1024 1025 1026 1027 1028 1029 1030 1031 1032 1033 1034 1035 1036 1037 1038 1039 1040 1041 1042 1043 1044 1045 1046 1047 1048 1049 1050 1051 1052 1053 1054 1055 1056 1057 1058 1059 1060 1061 1062 1063 1064 1065 1066 1067 1068 1069 1070 1071 1072 1073 1074 1075 1076 1077 1078 1079 1080 1081 1082 1083 1084 1085 1086 1087 1088 1089 1090 1091 1092 1093 64452 619 64451 129
492 64450 974 64449 64448 64447 64446 64445 64444 64443 64442 64441 64440 64439 64438 64437 64436 64435 64434 64433 64432 64431 64430 64429 64428 64427 64426 64425 64424 64423 64422 64421 64420 64419 64418 64417 64416 64415 64414 64413 64412 64411 64410 64409 64408 64407 64406 64405 64404 64403 64402 64401 64400 64399 64398 64397 64396 64395 64394 64393 64392 64391 64390 64389 64388 64387 64386 64385 64384 64383 64382 64381 64380 64379 64378 64377 64376 64375 64374 64373 64372 64371 64370 64369 64368 64367 64366 64365 64364 64363 64362 64361 64360 64359 64358 64357 64356 64355 64354 64353 64352 64351 64350 64349 64348 64347 64346 64345 64344 64343 64342 64341 64340 64339 64338 64337 64336 64335 64334 64333 1094 64332 620 64331 130
491 64330 973 64329 1439 1440 1441 1442 1443 1444 1445 1446 1447 1448 1449 1450 1451 1452 1453 1454 1455 1456 1457 1458 1459 1460 1461 1462 1463 1464 1465 1466 1467 1468 1469 1470 1471 1472 1473 1474 1475 1476 1477 1478 1479 1480 1481 1482 1483 1484 1485 1486 1487 1488 1489 1490 1491 1492 1493 1494 1495 1496 1497 1498 1499 1500 1501 1502 1503 1504 1505 1506 1507 1508 1509 1510 1511 1512 1513 1514 1515 1516 1517 1518 1519 1520 1521 1522 1523 1524 1525 1526 1527 1528 1529 1530 1531 1532 1533 1534 1535 1536 1537 1538 1539 1540 1541 1542 1543 1544 1545 1546 1547 1548 1549 1550 1551 1552 1553 64328 1095 64327 621 64326 131
490 64325 972 64324 1438 64323 64322 64321 64320 64319 64318 64317 64316 64315 64314 64313 64312 64311 64310 64309 64308 64307 64306 64305 64304 64303 64302 64301 64300 64299 64298 64297 64296 64295 64294 64293 64292 64291 64290 64289 64288 64287 64286 64285 64284 64283 64282 64281 64280 64279 64278 64277 64276 64275 64274 64273 64272 64271 64270 64269 64268 64267 64266 64265 64264 64263 64262 64261 64260 64259 64258 64257 64256 64255 64254 64253 64252 64251 64250 64249 64248 64247 64246 64245 64244 64243 64242 64241 64240 64239 64238 64237 64236 64235 64234 64233 64232 64231 64230 64229 64228 64227 64226 64225 64224 64223 64222 64221 64220 64219 64218 64217 64216 64215 64214 64213 64212 64211 1554 64210 1096 64209 622 64208 132
489 64207 971 64206 1437 64205 1887 1888 1889 1890 1891 1892 1893 1894 1895 1896 1897 1898 1899 1900 1901 1902 1903 1904 1905 1906 1907 1908 1909 1910 1911 1912 1913 1914 1915 1916 1917 1918 1919 1920 1921 1922 1923 1924 1925 1926 1927 1928 1929 1930 1931 1932 1933 1934 1935 1936 1937 1938 1939 1940 1941 1942 1943 1944 1945 1946 1947 1948 1949 1950 1951 1952 1953 1954 1955 1956 1957 1958 1959 1960 1961 1962 1963 1964 1965 1966 1967 1968 1969 1970 1971 1972 1973 1974 1975 1976 1977 1978 1979 1980 1981 1982 1983 1984 1985 1986 1987 1988 1989 1990 1991 1992 1993 1994 1995 1996 1997 64204 1555 64203 1097 64202 623 64201 133
488 64200 970 64199 1436 64198 1886 64197 64196 64195 64194 64193 64192 64191 64190 64189 64188 64187 64186 64185 64184 64183 64182 64181 64180 64179 64178 64177 64176 64175 64174 64173 64172 64171 64170 64169 64168 64167 64166 64165 64164 64163 64162 64161 64160 64159 64158 64157 64156 64155 64154 64153 64152 64151 64150 64149 64148 64147 64146 64145 64144 64143 64142 64141 64140 64139 64138 64137 64136 64135 64134 64133 64132 64131 64130 64129 64128 64127 64126 64125 64124 64123 64122 64121 64120 64119 64118 64117 64116 64115 64114 64113 64112 64111 64110 64109 64108 64107 64106 64105 64104 64103 64102 64101 64100 64099 64098 64097 64096 64095 64094 64093 64092 64091 64090 64089 1998 64088 1556 64087 1098 64086 624 64085 134
487 64084 969 64083 1435 64082 1885 64081 2319 2320 2321 2322 2323 2324 2325 2326 2327 2328 2329 2330 2331 2332 2333 2334 2335 2336 2337 2338 2339 2340 2341 2342 2343 2344 2345 2346 2347 2348 2349 2350 2351 2352 2353 2354 2355 2356 2357 2358 2359 2360 2361 2362 2363 2364 2365 2366 2367 2368 2369 2370 2371 2372 2373 2374 2375 2376 2377 2378 2379 2380 2381 2382 2383 2384 2385 2386 2387 2388 2389 2390 2391 2392 2393 2394 2395 2396 2397 2398 2399 2400 2401 2402 2403 2404 2405 2406 2407 2408 2409 2410 2411 2412 2413 2414 2415 2416 2417 2418 2419 2420 2421 2422 2423 2424 2425 64080 1999 64079 1557 64078 1099 64077 625 64076 135
486 64075 968 64074 1434 64073 1884 64072 2318 64071 64070 64069 64068 64067 64066 64065 64064 64063 64062 64061 64060 64059 64058 64057 64056 64055 64054 64053 64052 64051 64050 64049 64048 64047 64046 64045 64044 64043 64042 64041 64040 64039 64038 64037 64036 64035 64034 64033 64032 64031 64030 64029 64028 64027 64026 64025 64024 64023 64022 64021 64020 64019 64018 64017 64016 64015 64014 64013 64012 64011 64010 64009 64008 64007 64006 64005 64004 64003 64002 64001 64000 63999 63998 63997 63996 63995 63994 63993 63992 63991 63990 63989 63988 63987 63986 63985 63984 63983 63982 63981 63980 63979 63978 63977 63976 63975 63974 63973 63972 63971 63970 63969 63968 63967 2426 63966 2000 63965 1558 63964 1100 63963 626 63962 136
485 63961 967 63960 1433 63959 1883 63958 2317 63957 2735 2736 2737 2738 2739 2740 2741 2742 2743 2744 2745 2746 2747 2748 2749 2750 2751 2752 2753 2754 2755 2756 2757 2758 2759 2760 2761 2762 2763 2764 2765 2766 2767 2768 2769 2770 2771 2772 2773 2774 2775 2776 2777 2778 2779 2780 2781 2782 2783 2784 2785 2786 2787 2788 2789 2790 2791 2792 2793 2794 2795 2796 2797 2798 2799 2800 2801 2802 2803 2804 2805 2806 2807 2808 2809 2810 2811 2812 2813 2814 2815 2816 2817 2818 2819 2820 2821 2822 2823 2824 2825 2826 2827 2828 2829 2830 2831 2832 2833 2834 2835 2836 2837 63956 2427 63955 2001 63954 1559 63953 1101 63952 627 63951 137
484 63950 966 63949 1432 63948 1882 63947 2316 63946 2734 63945 63944 63943 63942 63941 63940 63939 63938 63937 63936 63935 63934 63933 63932 63931 63930 63929 63928 63927 63926 63925 63924 63923 63922 63921 63920 63919 63918 63917 63916 63915 63914 63913 63912 63911 63910 63909 63908 63907 63906 63905 63904 63903 63902 63901 63900 63899 63898 63897 63896 63895 63894 63893 63892 63891 63890 63889 63888 63887 63886 63885 63884 63883 63882 63881 63880 63879 63878 63877 63876 63875 63874 63873 63872 63871 63870 63869 63868 63867 63866 63865 63864 63863 63862 63861 63860 63859 63858 63857 63856 63855 63854 63853 63852 63851 63850 63849 63848 63847 63846 63845 2838 63844 2428 63843 2002 63842 1560 63841 1102 63840 628 63839 138
483 63838 965 63837 1431 63836 1881 63835 2315 63834 2733 63833 3135 3136 3137 3138 3139 3140 3141 3142 3143 3144 3145 3146 3147 3148 3149 3150 3151 3152 3153 3154 3155 3156 3157 3158 3159 3160 3161 3162 3163 3164 3165 3166 3167 3168 3169 3170 3171 3172 3173 3174 3175 3176 3177 3178 3179 3180 3181 3182 3183 3184 3185 3186 3187 3188 3189 3190 3191 3192 3193 3194 3195 3196 3197 3198 3199 3200 3201 3202 3203 3204 3205 3206 3207 3208 3209 3210 3211 3212 3213 3214 3215 3216 3217 3218 3219 3220 3221 3222 3223 3224 3225 3226 3227 3228 3229 3230 3231 3232 3233 63832 2839 63831 2429 63830 2003 63829 1561 63828 1103 63827 629 63826 139
482 63825 964 63824 1430 63823 1880 63822 2314 63821 2732 63820 3134 63819 63818 63817 63816 63815 63814 63813 63812 63811 63810 63809 63808 63807 63806 63805 63804 63803 63802 63801 63800 63799 63798 63797 63796 63795 63794 63793 63792 63791 63790 63789 63788 63787 63786 63785 63784 63783 63782 63781 63780 63779 63778 63777 63776 63775 63774 63773 63772 63771 63770 63769 63768 63767 63766 63765 63764 63763 63762 63761 63760 63759 63758 63757 63756 63755 63754 63753 63752 63751 63750 63749 63748 63747 63746 63745 63744 63743 63742 63741 63740 63739 63738 63737 63736 63735 63734 63733 63732 63731 63730 63729 63728 63727 63726 63725 63724 63723 3234 63722 2840 63721 2430 63720 2004 63719 1562 63718 1104 63717 630 63716 140
481 63715 963 63714 1429 63713 1879 63712 2313 63711 2731 63710 3133 63709 3519 3520 3521 3522 3523 3524 3525 3526 3527 3528 3529 3530 3531 3532 3533 3534 3535 3536 3537 3538 3539 3540 3541 3542 3543 3544 3545 3546 3547 3548 3549 3550 3551 3552 3553 3554 3555 3556 3557 3558 3559 3560 3561 3562 3563 3564 3565 3566 3567 3568 3569 3570 3571 3572 3573 3574 3575 3576 3577 3578 3579 3580 3581 3582 3583 3584 3585 3586 3587 3588 3589 3590 3591 3592 3593 3594 3595 3596 3597 3598 3599 3600 3601 3602 3603 3604 3605 3606 3607 3608 3609 3610 3611 3612 3613 63708 3235 63707 2841 63706 2431 63705 2005 63704 1563 63703 1105 63702 631 63701 141
480 63700 962 63699 1428 63698 1878 63697 2312 63696 2730 63695 3132 63694 3518 63693 63692 63691 63690 63689 63688 63687 63686 63685 63684 63683 63682 63681 63680 63679 63678 63677 63676 63675 63674 63673 63672 63671 63670 63669 63668 63667 63666 63665 63664 63663 63662 63661 63660 63659 63658 63657 63656 63655 63654 63653 63652 63651 63650 63649 63648 63647 63646 63645 63644 63643 63642 63641 63640 63639 63638 63637 63636 63635 63634 63633 63632 63631 63630 63629 63628 63627 63626 63625 63624 63623 63622 63621 63620 63619 63618 63617 63616 63615 63614 63613 63612 63611 63610 63609 63608 63607 63606 63605 63604 63603 63602 63601 3614 63600 3236 63599 2842 63598 2432 63597 2006 63596 1564 63595 1106 63594 632 63593 142
479 63592 961 63591 1427 63590 1877 63589 2311 63588 2729 63587 3131 63586 3517 63585 3887 3888 3889 3890 3891 3892 3893 3894 3895 3896 3897 3898 3899 3900 3901 3902 3903 3904 3905 3906 3907 3908 3909 3910 3911 3912 3913 3914 3915 3916 3917 3918 3919 3920 3921 3922 3923 3924 3925 3926 3927 3928 3929 3930 3931 3932 3933 3934 3935 3936 3937 3938 3939 3940 3941 3942 3943 3944 3945 3946 3947 3948 3949 3950 3951 3952 3953 3954 3955 3956 3957 3958 3959 3960 3961 3962 3963 3964 3965 3966 3967 3968 3969 3970 3971 3972 3973 3974 3975 3976 3977 63584 3615 63583 3237 63582 2843 63581 2433 63580 2007 63579 1565 63578 1107 63577 633 63576 143
478 63575 960 63574 1426 63573 1876 63572 2310 63571 2728 63570 3130 63569 3516 63568 3886 63567 63566 63565 63564 63563 63562 63561 63560 63559 63558 63557 63556 63555 63554 63553 63552 63551 63550 63549 63548 63547 63546 63545 63544 63543 63542 63541 63540 63539 63538 63537 63536 63535 63534 63533 63532 63531 63530 63529 63528 63527 63526 63525 63524 63523 63522 63521 63520 63519 63518 63517 63516 63515 63514 63513 63512 63511 63510 63509 63508 63507 63506 63505 63504 63503 63502 63501 63500 63499 63498 63497 63496 63495 63494 63493 63492 63491 63490 63489 63488 63487 63486 63485 63484 63483 63482 63481 63480 63479 3978 63478 3616 63477 3238 63476 2844 63475 2434 63474 2008 63473 1566 63472 1108 63471 634 63470 144
477 63469 959 63468 1425 63467 1875 63466 2309 63465 2727 63464 3129 63463 3515 63462 3885 63461 4239 4240 4241 4242 4243 4244 4245 4246 4247 4248 4249 4250 4251 4252 4253 4254 4255 4256 4257 4258 4259 4260 4261 4262 4263 4264 4265 4266 4267 4268 4269 4270 4271 4272 4273 4274 4275 4276 4277 4278 4279 4280 4281 4282 4283 4284 4285 4286 4287 4288 4289 4290 4291 4292 4293 4294 4295 4296 4297 4298 4299 4300 4301 4302 4303 4304 4305 4306 4307 4308 4309 4310 4311 4312 4313 4314 4315 4316 4317 4318 4319 4320 4321 4322 4323 4324 4325 63460 3979 63459 3617 63458 3239 63457 2845 63456 2435 63455 2009 63454 1567 63453 1109 63452 635 63451 145
476 63450 958 63449 1424 63448 1874 63447 2308 63446 2726 63445 3128 63444 3514 63443 3884 63442 4238 63441 63440 63439 63438 63437 63436 63435 63434 63433 63432 63431 63430 63429 63428 63427 63426 63425 63424 63423 63422 63421 63420 63419 63418 63417 63416 63415 63414 63413 63412 63411 63410 63409 63408 63407 63406 63405 63404 63403 63402 63401 63400 63399 63398 63397 63396 63395 63394 63393 63392 63391 63390 63389 63388 63387 63386 63385 63384 63383 63382 63381 63380 63379 63378 63377 63376 63375 63374 63373 63372 63371 63370 63369 63368 63367 63366 63365 63364 63363 63362 63361 63360 63359 63358 63357 4326 63356 3980 63355 3618 63354 3240 63353 2846 63352 2436 63351 2010 63350 1568 63349 1110 63348 636 63347 146
475 63346 957 63345 1423 63344 1873 63343 2307 63342 2725 63341 3127 63340 3513 63339 3883 63338 4237 63337 4575 4576 4577 4578 4579 4580 4581 4582 4583 4584 4585 4586 4587 4588 4589 4590 4591 4592 4593 4594 4595 4596 4597 4598 4599 4600 4601 4602 4603 4604 4605 4606 4607 4608 4609 4610 4611 4612 4613 4614 4615 4616 4617 4618 4619 4620 4621 4622 4623 4624 4625 4626 4627 4628 4629 4630 4631 4632 4633 4634 4635 4636 4637 4638 4639 4640 4641 4642 4643 4644 4645 4646 4647 4648 4649 4650 4651 4652 4653 4654 4655 4656 4657 63336 4327 63335 3981 63334 3619 63333 3241 63332 2847 63331 2437 63330 2011 63329 1569 63328 1111 63327 637 63326 147
474 63325 956 63324 1422 63323 1872 63322 2306 63321 2724 63320 3126 63319 3512 63318 3882 63317 4236 63316 4574 63315 63314 63313 63312 63311 63310 63309 63308 63307 63306 63305 63304 63303 63302 63301 63300 63299 63298 63297 63296 63295 63294 63293 63292 63291 63290 63289 63288 63287 63286 63285 63284 63283 63282 63281 63280 63279 63278 63277 63276 63275 63274 63273 63272 63271 63270 63269 63268 63267 63266 63265 63264 63263 63262 63261 63260 63259 63258 63257 63256 63255 63254 63253 63252 63251 63250 63249 63248 63247 63246 63245 63244 63243 63242 63241 63240 63239 63238 63237 63236 63235 4658 63234 4328 63233 3982 63232 3620 63231 3242 63230 2848 63229 2438 63228 2012 63227 1570 63226 1112 63225 638 63224 148
473 63223 955 63222 1421 63221 1871 63220 2305 63219 2723 63218 3125 63217 3511 63216 3881 63215 4235 63214 4573 63213 4895 4896 4897 4898 4899 4900 4901 4902 4903 4904 4905 4906 4907 4908 4909 4910 4911 4912 4913 4914 4915 4916 4917 4918 4919 4920 4921 4922 4923 4924 4925 4926 4927 4928 4929 4930 4931 4932 4933 4934 4935 4936 4937 4938 4939 4940 4941 4942 4943 4944 4945 4946 4947 4948 4949 4950 4951 4952 4953 4954 4955 4956 4957 4958 4959 4960 4961 4962 4963 4964 4965 4966 4967 4968 4969 4970 4971 4972 4973 63212 4659 63211 4329 63210 3983 63209 3621 63208 3243 63207 2849 63206 2439 63205 2013 63204 1571 63203 1113 63202 639 63201 149
472 63200 954 63199 1420 63198 1870 63197 2304 63196 2722 63195 3124 63194 3510 63193 3880 63192 4234 63191 4572 63190 4894 63189 63188 63187 63186 63185 63184 63183 63182 63181 63180 63179 63178 63177 63176 63175 63174 63173 63172 63171 63170 63169 63168 63167 63166 63165 63164 63163 63162 63161 63160 63159 63158 63157 63156 63155 63154 63153 63152 63151 63150 63149 63148 63147 63146 63145 63144 63143 63142 63141 63140 63139 63138 63137 63136 63135 63134 63133 63132 63131 63130 63129 63128 63127 63126 63125 63124 63123 63122 63121 63120 63119 63118 63117 63116 63115 63114 63113 4974 63112 4660 63111 4330 63110 3984 63109 3622 63108 3244 63107 2850 63106 2440 63105 2014 63104 1572 63103 1114 63102 640 63101 150
471 63100 953 63099 1419 63098 1869 63097 2303 63096 2721 63095 3123 63094 3509 63093 3879 63092 4233 63091 4571 63090 4893 63089 5199 5200 5201 5202 5203 5204 5205 5206 5207 5208 5209 5210 5211 5212 5213 5214 5215 5216 5217 5218 5219 5220 5221 5222 5223 5224 5225 5226 5227 5228 5229 5230 5231 5232 5233 5234 5235 5236 5237 5238 5239 5240 5241 5242 5243 5244 5245 5246 5247 5248 5249 5250 5251 5252 5253 5254 5255 5256 5257 5258 5259 5260 5261 5262 5263 5264 5265 5266 5267 5268 5269 5270 5271 5272 5273 63088 4975 63087 4661 63086 4331 63085 3985 63084 3623 63083 3245 63082 2851 63081 2441 63080 2015 63079 1573 63078 1115 63077 641 63076 151
470 63075 952 63074 1418 63073 1868 63072 2302 63071 2720 63070 3122 63069 3508 63068 3878 63067 4232 63066 4570 63065 4892 63064 5198 63063 63062 63061 63060 63059 63058 63057 63056 63055 63054 63053 63052 63051 63050 63049 63048 63047 63046 63045 63044 63043 63042 63041 63040 63039 63038 63037 63036 63035 63034 63033 63032 63031 63030 63029 63028 63027 63026 63025 63024 63023 63022 63021 63020 63019 63018 63017 63016 63015 63014 63013 63012 63011 63010 63009 63008 63007 63006 63005 63004 63003 63002 63001 63000 62999 62998 62997 62996 62995 62994 62993 62992 62991 5274 62990 4976 62989 4662 62988 4332 62987 3986 62986 3624 62985 3246 62984 2852 62983 2442 62982 2016 62981 1574 62980 1116 62979 642 62978 152
469 62977 951 62976 1417 62975 1867 62974 2301 62973 2719 62972 3121 62971 3507 62970 3877 62969 4231 62968 4569 62967 4891 62966 5197 62965 5487 5488 5489 5490 5491 5492 5493 5494 5495 5496 5497 5498 5499 5500 5501 5502 5503 5504 5505 5506 5507 5508 5509 5510 5511 5512 5513 5514 5515 5516 5517 5518 5519 5520 5521 5522 5523 5524 5525 5526 5527 5528 5529 5530 5531 5532 5533 5534 5535 5536 5537 5538 5539 5540 5541 5542 5543 5544 5545 5546 5547 5548 5549 5550 5551 5552 5553 5554 5555 5556 5557 62964 5275 62963 4977 62962 4663 62961 4333 62960 3987 62959 3625 62958 3247 62957 2853 62956 2443 62955 2017 62954 1575 62953 1117 62952 643 62951 153
468 62950 950 62949 1416 62948 1866 62947 2300 62946 2718 62945 3120 62944 3506 62943 3876 62942 4230 62941 4568 62940 4890 62939 5196 62938 5486 62937 62936 62935 62934 62933 62932 62931 62930 62929 62928 62927 62926 62925 62924 62923 62922 62921 62920 62919 62918 62917 62916 62915 62914 62913 62912 62911 62910 62909 62908 62907 62906 62905 62904 62903 62902 62901 62900 62899 62898 62897 62896 62895 62894 62893 62892 62891 62890 62889 62888 62887 62886 62885 62884 62883 62882 62881 62880 62879 62878 62877 62876 62875 62874 62873 62872 62871 62870 62869 5558 62868 5276 62867 4978 62866 4664 62865 4334 62864 3988 62863 3626 62862 3248 62861 2854 62860 2444 62859 2018 62858 1576 62857 1118 62856 644 62855 154
467 62854 949 62853 1415 62852 1865 62851 2299 62850 2717 62849 3119 62848 3505 62847 3875 62846 4229 62845 4567 62844 4889 62843 5195 62842 5485 62841 5759 5760 5761 5762 5763 5764 5765 5766 5767 5768 5769 5770 5771 5772 5773 5774 5775 5776 5777 5778 5779 5780 5781 5782 5783 5784 5785 5786 5787 5788 5789 5790 5791 5792 5793 5794 5795 5796 5797 5798 5799 5800 5801 5802 5803 5804 5805 5806 5807 5808 5809 5810 5811 5812 5813 5814 5815 5816 5817 5818 5819 5820 5821 5822 5823 5824 5825 62840 5559 62839 5277 62838 4979 62837 4665 62836 4335 62835 3989 62834 3627 62833 3249 62832 2855 62831 2445 62830 2019 62829 1577 62828 1119 62827 645 62826 155
466 62825 948 62824 1414 62823 1864 62822 2298 62821 2716 62820 3118 62819 3504 62818 3874 62817 4228 62816 4566 62815 4888 62814 5194 62813 5484 62812 5758 62811 62810 62809 62808 62807 62806 62805 62804 62803 62802 62801 62800 62799 62798 62797 62796 62795 62794 62793 62792 62791 62790 62789 62788 62787 62786 62785 62784 62783 62782 62781 62780 62779 62778 62777 62776 62775 62774 62773 62772 62771 62770 62769 62768 62767 62766 62765 62764 62763 62762 62761 62760 62759 62758 62757 62756 62755 62754 62753 62752 62751 62750 62749 62748 62747 5826 62746 5560 62745 5278 62744 4980 62743 4666 62742 4336 62741 3990 62740 3628 62739 3250 62738 2856 62737 2446 62736 2020 62735 1578 62734 1120 62733 646 62732 156
465 62731 947 62730 1413 62729 1863 62728 2297 62727 2715 62726 3117 62725 3503 62724 3873 62723 4227 62722 4565 62721 4887 62720 5193 62719 5483 62718 5757 62717 6015 6016 6017 6018 6019 6020 6021 6022 6023 6024 6025 6026 6027 6028 6029 6030 6031 6032 6033 6034 6035 6036 6037 6038 6039 6040 6041 6042 6043 6044 6045 6046 6047 6048 6049 6050 6051 6052 6053 6054 6055 6056 6057 6058 6059 6060 6061 6062 6063 6064 6065 6066 6067 6068 6069 6070 6071 6072 6073 6074 6075 6076 6077 62716 5827 62715 5561 62714 5279 62713 4981 62712 4667 62711 4337 62710 3991 62709 3629 62708 3251 62707 2857 62706 2447 62705 2021 62704 1579 62703 1121 62702 647 62701 157
464 62700 946 62699 1412 62698 1862 62697 2296 62696 2714 62695 3116 62694 3502 62693 3872 62692 4226 62691 4564 62690 4886 62689 5192 62688 5482 62687 5756 62686 6014 62685 62684 62683 62682 62681 62680 62679 62678 62677 62676 62675 62674 62673 62672 62671 62670 62669 62668 62667 62666 62665 62664 62663 62662 62661 62660 62659 62658 62657 62656 62655 62654 62653 62652 62651 62650 62649 62648 62647 62646 62645 62644 62643 62642 62641 62640 62639 62638 62637 62636 62635 62634 62633 62632 62631 62630 62629 62628 62627 62626 62625 6078 62624 5828 62623 5562 62622 5280 62621 4982 62620 4668 62619 4338 62618 3992 62617 3630 62616 3252 62615 2858 62614 2448 62613 2022 62612 1580 62611 1122 62610 648 62609 158
463 62608 945 62607 1411 62606 1861 62605 2295 62604 2713 62603 3115 62602 3501 62601 3871 62600 4225 62599 4563 62598 4885 62597 5191 62596 5481 62595 5755 62594 6013 62593 6255 6256 6257 6258 6259 6260 6261 6262 6263 6264 6265 6266 6267 6268 6269 6270 6271 6272 6273 6274 6275 6276 6277 6278 6279 6280 6281 6282 6283 6284 6285 6286 6287 6288 6289 6290 6291 6292 6293 6294 6295 6296 6297 6298 6299 6300 6301 6302 6303 6304 6305 6306 6307 6308 6309 6310 6311 6312 6313 62592 6079 62591 5829 62590 5563 62589 5281 62588 4983 62587 4669 62586 4339 62585 3993 62584 3631 62583 3253 62582 2859 62581 2449 62580 2023 62579 1581 62578 1123 62577 649 62576 159
462 62575 944 62574 1410 62573 1860 62572 2294 62571 2712 62570 3114 62569 3500 62568 3870 62567 4224 62566 4562 62565 4884 62564 5190 62563 5480 62562 5754 62561 6012 62560 6254 62559 62558 62557 62556 62555 62554 62553 62552 62551 62550 62549 62548 62547 62546 62545 62544 62543 62542 62541 62540 62539 62538 62537 62536 62535 62534 62533 62532 62531 62530 62529 62528 62527 62526 62525 62524 62523 62522 62521 62520 62519 62518 62517 62516 62515 62514 62513 62512 62511 62510 62509 62508 62507 62506 62505 62504 62503 6314 62502 6080 62501 5830 62500 5564 62499 5282 62498 4984 62497 4670 62496 4340 62495 3994 62494 3632 62493 3254 62492 2860 62491 2450 62490 2024 62489 1582 62488 1124 62487 650 62486 160
461 62485 943 62484 1409 62483 1859 62482 2293 62481 2711 62480 3113 62479 3499 62478 3869 62477 4223 62476 4561 62475 4883 62474 5189 62473 5479 62472 5753 62471 6011 62470 6253 62469 6479 6480 6481 6482 6483 6484 6485 6486 6487 6488 6489 6490 6491 6492 6493 6494 6495 6496 6497 6498 6499 6500 6501 6502 6503 6504 6505 6506 6507 6508 6509 6510 6511 6512 6513 6514 6515 6516 6517 6518 6519 6520 6521 6522 6523 6524 6525 6526 6527 6528 6529 6530 6531 6532 6533 62468 6315 62467 6081 62466 5831 62465 5565 62464 5283 62463 4985 62462 4671 62461 4341 62460 3995 62459 3633 62458 3255 62457 2861 62456 2451 62455 2025 62454 1583 62453 1125 62452 651 62451 161
460 62450 942 62449 1408 62448 1858 62447 2292 62446 2710 62445 3112 62444 3498 62443 3868 62442 4222 62441 4560 62440 4882 62439 5188 62438 5478 62437 5752 62436 6010 62435 6252 62434 6478 62433 62432 62431 62430 62429 62428 62427 62426 62425 62424 62423 62422 62421 62420 62419 62418 62417 62416 62415 62414 62413 62412 62411 62410 62409 62408 62407 62406 62405 62404 62403 62402 62401 62400 62399 62398 62397 62396 62395 62394 62393 62392 62391 62390 62389 62388 62387 62386 62385 62384 62383 62382 62381 6534 62380 6316 62379 6082 62378 5832 62377 5566 62376 5284 62375 4986 62374 4672 62373 4342 62372 3996 62371 3634 62370 3256 62369 2862 62368 2452 62367 2026 62366 1584 62365 1126 62364 652 62363 162
459 62362 941 62361 1407 62360 1857 62359 2291 62358 2709 62357 3111 62356 3497 62355 3867 62354 4221 62353 4559 62352 4881 62351 5187 62350 5477 62349 5751 62348 6009 62347 6251 62346 6477 62345 6687 6688 6689 6690 6691 6692 6693 6694 6695 6696 6697 6698 6699 6700 6701 6702 6703 6704 6705 6706 6707 6708 6709 6710 6711 6712 6713 6714 6715 6716 6717 6718 6719 6720 6721 6722 6723 6724 6725 6726 6727 6728 6729 6730 6731 6732 6733 6734 6735 6736 6737 62344 6535 62343 6317 62342 6083 62341 5833 62340 5567 62339 5285 62338 4987 62337 4673 62336 4343 62335 3997 62334 3635 62333 3257 62332 2863 62331 2453 62330 2027 62329 1585 62328 1127 62327 653 62326 163
458 62325 940 62324 1406 62323 1856 62322 2290 62321 2708 62320 3110 62319 3496 62318 3866 62317 4220 62316 4558 62315 4880 62314 5186 62313 5476 62312 5750 62311 6008 62310 6250 62309 6476 62308 6686 62307 62306 62305 62304 62303 62302 62301 62300 62299 62298 62297 62296 62295 62294 62293 62292 62291 62290 62289 62288 62287 62286 62285 62284 62283 62282 62281 62280 62279 62278 62277 62276 62275 62274 62273 62272 62271 62270 62269 62268 62267 62266 62265 62264 62263 62262 62261 62260 62259 6738 62258 6536 62257 6318 62256 6084 62255 5834 62254 5568 62253 5286 62252 4988 62251 4674 62250 4344 62249 3998 62248 3636 62247 3258 62246 2864 62245 2454 62244 2028 62243 1586 62242 1128 62241 654 62240 164
457 62239 939 62238 1405 62237 1855 62236 2289 62235 2707 62234 3109 62233 3495 62232 3865 62231 4219 62230 4557 62229 4879 62228 5185 62227 5475 62226 5749 62225 6007 62224 6249 62223 6475 62222 6685 62221 6879 6880 6881 6882 6883 6884 6885 6886 6887 6888 6889 6890 6891 6892 6893 6894 6895 6896 6897 6898 6899 6900 6901 6902 6903 6904 6905 6906 6907 6908 6909 6910 6911 6912 6913 6914 6915 6916 6917 6918 6919 6920 6921 6922 6923 6924 6925 62220 6739 62219 6537 62218 6319 62217 6085 62216 5835 62215 5569 62214 5287 62213 4989 62212 4675 62211 4345 62210 3999 62209 3637 62208 3259 62207 2865 62206 2455 62205 2029 62204 1587 62203 1129 62202 655 62201 165
456 62200 938 62199 1404 62198 1854 62197 2288 62196 2706 62195 3108 62194 3494 62193 3864 62192 4218 62191 4556 62190 4878 62189 5184 62188 5474 62187 5748 62186 6006 62185 6248 62184 6474 62183 6684 62182 6878 62181 62180 62179 62178 62177 62176 62175 62174 62173 62172 62171 62170 62169 62168 62167 62166 62165 62164 62163 62162 62161 62160 62159 62158 62157 62156 62155 62154 62153 62152 62151 62150 62149 62148 62147 62146 62145 62144 62143 62142 62141 62140 62139 62138 62137 6926 62136 6740 62135 6538 62134 6320 62133 6086 62132 5836 62131 5570 62130 5288 62129 4990 62128 4676 62127 4346 62126 4000 62125 3638 62124 3260 62123 2866 62122 2456 62121 2030 62120 1588 62119 1130 62118 656 62117 166
455 62116 937 62115 1403 62114 1853 62113 2287 62112 2705 62111 3107 62110 3493 62109 3863 62108 4217 62107 4555 62106 4877 62105 5183 62104 5473 62103 5747 62102 6005 62101 6247 62100 6473 62099 6683 62098 6877 62097 7055 7056 7057 7058 7059 7060 7061 7062 7063 7064 7065 7066 7067 7068 7069 7070 7071 7072 7073 7074 7075 7076 7077 7078 7079 7080 7081 7082 7083 7084 7085 7086 7087 7088 7089 7090 7091 7092 7093 7094 7095 7096 7097 62096 6927 62095 6741 62094 6539 62093 6321 62092 6087 62091 5837 62090 5571 62089 5289 62088 4991 62087 4677 62086 4347 62085 4001 62084 3639 62083 3261 62082 2867 62081 2457 62080 2031 62079 1589 62078 1131 62077 657 62076 167
454 62075 936 62074 1402 62073 1852 62072 2286 62071 2704 62070 3106 62069 3492 62068 3862 62067 4216 62066 4554 62065 4876 62064 5182 62063 5472 62062 5746 62061 6004 62060 6246 62059 6472 62058 6682 62057 6876 62056 7054 62055 62054 62053 62052 62051 62050 62049 62048 62047 62046 62045 62044 62043 62042 62041 62040 62039 62038 62037 62036 62035 62034 62033 62032 62031 62030 62029 62028 62027 62026 62025 62024 62023 62022 62021 62020 62019 62018 62017 62016 62015 7098 62014 6928 62013 6742 62012 6540 62011 6322 62010 6088 62009 5838 62008 5572 62007 5290 62006 4992 62005 4678 62004 4348 62003 4002 62002 3640 62001 3262 62000 2868 61999 2458 61998 2032 61997 1590 61996 1132 61995 658 61994 168
453 61993 935 61992 1401 61991 1851 61990 2285 61989 2703 61988 3105 61987 3491 61986 3861 61985 4215 61984 4553 61983 4875 61982 5181 61981 5471 61980 5745 61979 6003 61978 6245 61977 6471 61976 6681 61975 6875 61974 7053 61973 7215 7216 7217 7218 7219 7220 7221 7222 7223 7224 7225 7226 7227 7228 7229 7230 7231 7232 7233 7234 7235 7236 7237 7238 7239 7240 7241 7242 7243 7244 7245 7246 7247 7248 7249 7250 7251 7252 7253 61972 7099 61971 6929 61970 6743 61969 6541 61968 6323 61967 6089 61966 5839 61965 5573 61964 5291 61963 4993 61962 4679 61961 4349 61960 4003 61959 3641 61958 3263 61957 2869 61956 2459 61955 2033 61954 1591 61953 1133 61952 659 61951 169
452 61950 934 61949 1400 61948 1850 61947 2284 61946 2702 61945 3104 61944 3490 61943 3860 61942 4214 61941 4552 61940 4874 61939 5180 61938 5470 61937 5744 61936 6002 61935 6244 61934 6470 61933 6680 61932 6874 61931 7052 61930 7214 61929 61928 61927 61926 61925 61924 61923 61922 61921 61920 61919 61918 61917 61916 61915 61914 61913 61912 61911 61910 61909 61908 61907 61906 61905 61904 61903 61902 61901 61900 61899 61898 61897 61896 61895 61894 61893 7254 61892 7100 61891 6930 61890 6744 61889 6542 61888 6324 61887 6090 61886 5840 61885 5574 61884 5292 61883 4994 61882 4680 61881 4350 61880 4004 61879 3642 61878 3264 61877 2870 61876 2460 61875 2034 61874 1592 61873 1134 61872 660 61871 170
451 61870 933 61869 1399 61868 1849 61867 2283 61866 2701 61865 3103 61864 3489 61863 3859 61862 4213 61861 4551 61860 4873 61859 5179 61858 5469 61857 5743 61856 6001 61855 6243 61854 6469 61853 6679 61852 6873 61851 7051 61850 7213 61849 7359 7360 7361 7362 7363 7364 7365 7366 7367 7368 7369 7370 7371 7372 7373 7374 7375 7376 7377 7378 7379 7380 7381 7382 7383 7384 7385 7386 7387 7388 7389 7390 7391 7392 7393 61848 7255 61847 7101 61846 6931 61845 6745 61844 6543 61843 6325 61842 6091 61841 5841 61840 5575 61839 5293 61838 4995 61837 4681 61836 4351 61835 4005 61834 3643 61833 3265 61832 2871 61831 2461 61830 2035 61829 1593 61828 1135 61827 661 61826 171
450 61825 932 61824 1398 61823 1848 61822 2282 61821 2700 61820 3102 61819 3488 61818 3858 61817 4212 61816 4550 61815 4872 61814 5178 61813 5468 61812 5742 61811 6000 61810 6242 61809 6468 61808 6678 61807 6872 61806 7050 61805 7212 61804 7358 61803 61802 61801 61800 61799 61798 61797 61796 61795 61794 61793 61792 61791 61790 61789 61788 61787 61786 61785 61784 61783 61782 61781 61780 61779 61778 61777 61776 61775 61774 61773 61772 61771 7394 61770 7256 61769 7102 61768 6932 61767 6746 61766 6544 61765 6326 61764 6092 61763 5842 61762 5576 61761 5294 61760 4996 61759 4682 61758 4352 61757 4006 61756 3644 61755 3266 61754 2872 61753 2462 61752 2036 61751 1594 61750 1136 61749 662 61748 172
449 61747 931 61746 1397 61745 1847 61744 2281 61743 2699 61742 3101 61741 3487 61740 3857 61739 4211 61738 4549 61737 4871 61736 5177 61735 5467 61734 5741 61733 5999 61732 6241 61731 6467 61730 6677 61729 6871 61728 7049 61727 7211 61726 7357 61725 7487 7488 7489 7490 7491 7492 7493 7494 7495 7496 7497 7498 7499 7500 7501 7502 7503 7504 7505 7506 7507 7508 7509 7510 7511 7512 7513 7514 7515 7516 7517 61724 7395 61723 7257 61722 7103 61721 6933 61720 6747 61719 6545 61718 6327 61717 6093 61716 5843 61715 5577 61714 5295 61713 4997 61712 4683 61711 4353 61710 4007 61709 3645 61708 3267 61707 2873 61706 2463 61705 2037 61704 1595 61703 1137 61702 663 61701 173
448 61700 930 61699 1396 61698 1846 61697 2280 61696 2698 61695 3100 61694 3486 61693 3856 61692 4210 61691 4548 61690 4870 61689 5176 61688 5466 61687 5740 61686 5998 61685 6240 61684 6466 61683 6676 61682 6870 61681 7048 61680 7210 61679 7356 61678 7486 61677 61676 61675 61674 61673 61672 61671 61670 61669 61668 61667 61666 61665 61664 61663 61662 61661 61660 61659 61658 61657 61656 61655 61654 61653 61652 61651 61650 61649 7518 61648 7396 61647 7258 61646 7104 61645 6934 61644 6748 61643 6546 61642 6328 61641 6094 61640 5844 61639 5578 61638 5296 61637 4998 61636 4684 61635 4354 61634 4008 61633 3646 61632 3268 61631 2874 61630 2464 61629 2038 61628 1596 61627 1138 61626 664 61625 174
447 61624 929 61623 1395 61622 1845 61621 2279 61620 2697 61619 3099 61618 3485 61617 3855 61616 4209 61615 4547 61614 4869 61613 5175 61612 5465 61611 5739 61610 5997 61609 6239 61608 6465 61607 6675 61606 6869 61605 7047 61604 7209 61603 7355 61602 7485 61601 7599 7600 7601 7602 7603 7604 7605 7606 7607 7608 7609 7610 7611 7612 7613 7614 7615 7616 7617 7618 7619 7620 7621 7622 7623 7624 7625 61600 7519 61599 7397 61598 7259 61597 7105 61596 6935 61595 6749 61594 6547 61593 6329 61592 6095 61591 5845 61590 5579 61589 5297 61588 4999 61587 4685 61586 4355 61585 4009 61584 3647 61583 3269 61582 2875 61581 2465 61580 2039 61579 1597 61578 1139 61577 665 61576 175
446 61575 928 61574 1394 61573 1844 61572 2278 61571 2696 61570 3098 61569 3484 61568 3854 61567 4208 61566 4546 61565 4868 61564 5174 61563 5464 61562 5738 61561 5996 61560 6238 61559 6464 61558 6674 61557 6868 61556 7046 61555 7208 61554 7354 61553 7484 61552 7598 61551 61550 61549 61548 61547 61546 61545 61544 61543 61542 61541 61540 61539 61538 61537 61536 61535 61534 61533 61532 61531 61530 61529 61528 61527 7626 61526 7520 61525 7398 61524 7260 61523 7106 61522 6936 61521 6750 61520 6548 61519 6330 61518 6096 61517 5846 61516 5580 61515 5298 61514 5000 61513 4686 61512 4356 61511 4010 61510 3648 61509 3270 61508 2876 61507 2466 61506 2040 61505 1598 61504 1140 61503 666 61502 176
445 61501 927 61500 1393 61499 1843 61498 2277 61497 2695 61496 3097 61495 3483 61494 3853 61493 4207 61492 4545 61491 4867 61490 5173 61489 5463 61488 5737 61487 5995 61486 6237 61485 6463 61484 6673 61483 6867 61482 7045 61481 7207 61480 7353 61479 7483 61478 7597 61477 7695 7696 7697 7698 7699 7700 7701 7702 7703 7704 7705 7706 7707 7708 7709 7710 7711 7712 7713 7714 7715 7716 7717 61476 7627 61475 7521 61474 7399 61473 7261 61472 7107 61471 6937 61470 6751 61469 6549 61468 6331 61467 6097 61466 5847 61465 5581 61464 5299 61463 5001 61462 4687 61461 4357 61460 4011 61459 3649 61458 3271 61457 2877 61456 2467 61455 2041 61454 1599 61453 1141 61452 667 61451 177
444 61450 926 61449 1392 61448 1842 61447 2276 61446 2694 61445 3096 61444 3482 61443 3852 61442 4206 61441 4544 61440 4866 61439 5172 61438 5462 61437 5736 61436 5994 61435 6236 61434 6462 61433 6672 61432 6866 61431 7044 61430 7206 61429 7352 61428 7482 61427 7596 61426 7694 61425 61424 61423 61422 61421 61420 61419 61418 61417 61416 61415 61414 61413 61412 61411 61410 61409 61408 61407 61406 61405 7718 61404 7628 61403 7522 61402 7400 61401 7262 61400 7108 61399 6938 61398 6752 61397 6550 61396 6332 61395 6098 61394 5848 61393 5582 61392 5300 61391 5002 61390 4688 61389 4358 61388 4012 61387 3650 61386 3272 61385 2878 61384 2468 61383 2042 61382 1600 61381 1142 61380 668 61379 178
443 61378 925 61377 1391 61376 1841 61375 2275 61374 2693 61373 3095 61372 3481 61371 3851 61370 4205 61369 4543 61368 4865 61367 5171 61366 5461 61365 5735 61364 5993 61363 6235 61362 6461 61361 6671 61360 6865 61359 7043 61358 7205 61357 7351 61356 7481 61355 7595 61354 7693 61353 7775 7776 7777 7778 7779 7780 7781 7782 7783 7784 7785 7786 7787 7788 7789 7790 7791 7792 7793 61352 7719 61351 7629 61350 7523 61349 7401 61348 7263 61347 7109 61346 6939 61345 6753 61344 6551 61343 6333 61342 6099 61341 5849 61340 5583 61339 5301 61338 5003 61337 4689 61336 4359 61335 4013 61334 3651 61333 3273 61332 2879 61331 2469 61330 2043 61329 1601 61328 1143 61327 669 61326 179
442 61325 924 61324 1390 61323 1840 61322 2274 61321 2692 61320 3094 61319 3480 61318 3850 61317 4204 61316 4542 61315 4864 61314 5170 61313 5460 61312 5734 61311 5992 61310 6234 61309 6460 61308 6670 61307 6864 61306 7042 61305 7204 61304 7350 61303 7480 61302 7594 61301 7692 61300 7774 61299 61298 61297 61296 61295 61294 61293 61292 61291 61290 61289 61288 61287 61286 61285 61284 61283 7794 61282 7720 61281 7630 61280 7524 61279 7402 61278 7264 61277 7110 61276 6940 61275 6754 61274 6552 61273 6334 61272 6100 61271 5850 61270 5584 61269 5302 61268 5004 61267 4690 61266 4360 61265 4014 61264 3652 61263 3274 61262 2880 61261 2470 61260 2044 61259 1602 61258 1144 61257 670 61256 180
441 61255 923 61254 1389 61253 1839 61252 2273 61251 2691 61250 3093 61249 3479 61248 3849 61247 4203 61246 4541 61245 4863 61244 5169 61243 5459 61242 5733 61241 5991 61240 6233 61239 6459 61238 6669 61237 6863 61236 7041 61235 7203 61234 7349 61233 7479 61232 7593 61231 7691 61230 7773 61229 7839 7840 7841 7842 7843 7844 7845 7846 7847 7848 7849 7850 7851 7852 7853 61228 7795 61227 7721 61226 7631 61225 7525 61224 7403 61223 7265 61222 7111 61221 6941 61220 6755 61219 6553 61218 6335 61217 6101 61216 5851 61215 5585 61214 5303 61213 5005 61212 4691 61211 4361 61210 4015 61209 3653 61208 3275 61207 2881 61206 2471 61205 2045 61204 1603 61203 1145 61202 671 61201 181
440 61200 922 61199 1388 61198 1838 61197 2272 61196 2690 61195 3092 61194 3478 61193 3848 61192 4202 61191 4540 61190 4862 61189 5168 61188 5458 61187 5732 61186 5990 61185 6232 61184 6458 61183 6668 61182 6862 61181 7040 61180 7202 61179 7348 61178 7478 61177 7592 61176 7690 61175 7772 61174 7838 61173 61172 61171 61170 61169 61168 61167 61166 61165 61164 61163 61162 61161 7854 61160 7796 61159 7722 61158 7632 61157 7526 61156 7404 61155 7266 61154 7112 61153 6942 61152 6756 61151 6554 61150 6336 61149 6102 61148 5852 61147 5586 61146 5304 61145 5006 61144 4692 61143 4362 61142 4016 61141 3654 61140 3276 61139 2882 61138 2472 61137 2046 61136 1604 61135 1146 61134 672 61133 182
439 61132 921 61131 1387 61130 1837 61129 2271 61128 2689 61127 3091 61126 3477 61125 3847 61124 4201 61123 4539 61122 4861 61121 5167 61120 5457 61119 5731 61118 5989 61117 6231 61116 6457 61115 6667 61114 6861 61113 7039 61112 7201 61111 7347 61110 7477 61109 7591 61108 7689 61107 7771 61106 7837 61105 7887 7888 7889 7890 7891 7892 7893 7894 7895 7896 7897 61104 7855 61103 7797 61102 7723 61101 7633 61100 7527 61099 7405 61098 7267 61097 7113 61096 6943 61095 6757 61094 6555 61093 6337 61092 6103 61091 5853 61090 5587 61089 5305 61088 5007 61087 4693 61086 4363 61085 4017 61084 3655 61083 3277 61082 2883 61081 2473 61080 2047 61079 1605 61078 1147 61077 673 61076 183
438 61075 920 61074 1386 61073 1836 61072 2270 61071 2688 61070 3090 61069 3476 61068 3846 61067 4200 61066 4538 61065 4860 61064 5166 61063 5456 61062 5730 61061 5988 61060 6230 61059 6456 61058 6666 61057 6860 61056 7038 61055 7200 61054 7346 61053 7476 61052 7590 61051 7688 61050 7770 61049 7836 61048 7886 61047 61046 61045 61044 61043 61042 61041 61040 61039 7898 61038 7856 61037 7798 61036 7724 61035 7634 61034 7528 61033 7406 61032 7268 61031 7114 61030 6944 61029 6758 61028 6556 61027 6338 61026 6104 61025 5854 61024 5588 61023 5306 61022 5008 61021 4694 61020 4364 61019 4018 61018 3656 61017 3278 61016 2884 61015 2474 61014 2048 61013 1606 61012 1148 61011 674 61010 184
437 61009 919 61008 1385 61007 1835 61006 2269 61005 2687 61004 3089 61003 3475 61002 3845 61001 4199 61000 4537 60999 4859 60998 5165 60997 5455 60996 5729 60995 5987 60994 6229 60993 6455 60992 6665 60991 6859 60990 7037 60989 7199 60988 7345 60987 7475 60986 7589 60985 7687 60984 7769 60983 7835 60982 7885 60981 7919 7920 7921 7922 7923 7924 7925 60980 7899 60979 7857 60978 7799 60977 7725 60976 7635 60975 7529 60974 7407 60973 7269 60972 7115 60971 6945 60970 6759 60969 6557 60968 6339 60967 6105 60966 5855 60965 5589 60964 5307 60963 5009 60962 4695 60961 4365 60960 4019 60959 3657 60958 3279 60957 2885 60956 2475 60955 2049 60954 1607 60953 1149 60952 675 60951 185
436 60950 918 60949 1384 60948 1834 60947 2268 60946 2686 60945 3088 60944 3474 60943 3844 60942 4198 60941 4536 60940 4858 60939 5164 60938 5454 60937 5728 60936 5986 60935 6228 60934 6454 60933 6664 60932 6858 60931 7036 60930 7198 60929 7344 60928 7474 60927 7588 60926 7686 60925 7768 60924 7834 60923 7884 60922 7918 60921 60920 60919 60918 60917 7926 60916 7900 60915 7858 60914 7800 60913 7726 60912 7636 60911 7530 60910 7408 60909 7270 60908 7116 60907 6946 60906 6760 60905 6558 60904 6340 60903 6106 60902 5856 60901 5590 60900 5308 60899 5010 60898 4696 60897 4366 60896 4020 60895 3658 60894 3280 60893 2886 60892 2476 60891 2050 60890 1608 60889 1150 60888 676 60887 186
435 60886 917 60885 1383 60884 1833 60883 2267 60882 2685 60881 3087 60880 3473 60879 3843 60878 4197 60877 4535 60876 4857 60875 5163 60874 5453 60873 5727 60872 5985 60871 6227 60870 6453 60869 6663 60868 6857 60867 7035 60866 7197 60865 7343 60864 7473 60863 7587 60862 7685 60861 7767 60860 7833 60859 7883 60858 7917 60857 7935 7936 7937 60856 7927 60855 7901 60854 7859 60853 7801 60852 7727 60851 7637 60850 7531 60849 7409 60848 7271 60847 7117 60846 6947 60845 6761 60844 6559 60843 6341 60842 6107 60841 5857 60840 5591 60839 5309 60838 5011 60837 4697 60836 4367 60835 4021 60834 3659 60833 3281 60832 2887 60831 2477 60830 2051 60829 1609 60828 1151 60827 677 60826 187
434 60825 916 60824 1382 60823 1832 60822 2266 60821 2684 60820 3086 60819 3472 60818 3842 60817 4196 60816 4534 60815 4856 60814 5162 60813 5452 60812 5726 60811 5984 60810 6226 60809 6452 60808 6662 60807 6856 60806 7034 60805 7196 60804 7342 60803 7472 60802 7586 60801 7684 60800 7766 60799 7832 60798 7882 60797 7916 60796 7934 60795 60794 60793 7928 60792 7902 60791 7860 60790 7802 60789 7728 60788 7638 60787 7532 60786 7410 60785 7272 60784 7118 60783 6948 60782 6762 60781 6560 60780 6342 60779 6108 60778 5858 60777 5592 60776 5310 60775 5012 60774 4698 60773 4368 60772 4022 60771 3660 60770 3282 60769 2888 60768 2478 60767 2052 60766 1610 60765 1152 60764 678 60763 188
433 60762 915 60761 1381 60760 1831 60759 2265 60758 2683 60757 3085 60756 3471 60755 3841 60754 4195 60753 4533 60752 4855 60751 5161 60750 5451 60749 5725 60748 5983 60747 6225 60746 6451 60745 6661 60744 6855 60743 7033 60742 7195 60741 7341 60740 7471 60739 7585 60738 7683 60737 7765 60736 7831 60735 7881 60734 7915 60733 7933 7932 7931 7930 7929 60732 7903 60731 7861 60730 7803 60729 7729 60728 7639 60727 7533 60726 7411 60725 7273 60724 7119 60723 6949 60722 6763 60721 6561 60720 6343 60719 6109 60718 5859 60717 5593 60716 5311 60715 5013 60714 4699 60713 4369 60712 4023 60711 3661 60710 3283 60709 2889 60708 2479 60707 2053 60706 1611 60705 1153 60704 679 60703 189
432 60702 914 60701 1380 60700 1830 60699 2264 60698 2682 60697 3084 60696 3470 60695 3840 60694 4194 60693 4532 60692 4854 60691 5160 60690 5450 60689 5724 60688 5982 60687 6224 60686 6450 60685 6660 60684 6854 60683 7032 60682 7194 60681 7340 60680 7470 60679 7584 60678 7682 60677 7764 60676 7830 60675 7880 60674 7914 60673 60672 60671 60670 60669 60668 60667 7904 60666 7862 60665 7804 60664 7730 60663 7640 60662 7534 60661 7412 60660 7274 60659 7120 60658 6950 60657 6764 60656 6562 60655 6344 60654 6110 60653 5860 60652 5594 60651 5312 60650 5014 60649 4700 60648 4370 60647 4024 60646 3662 60645 3284 60644 2890 60643 2480 60642 2054 60641 1612 60640 1154 60639 680 60638 190
431 60637 913 60636 1379 60635 1829 60634 2263 60633 2681 60632 3083 60631 3469 60630 3839 60629 4193 60628 4531 60627 4853 60626 5159 60625 5449 60624 5723 60623 5981 60622 6223 60621 6449 60620 6659 60619 6853 60618 7031 60617 7193 60616 7339 60615 7469 60614 7583 60613 7681 60612 7763 60611 7829 60610 7879 60609 7913 7912 7911 7910 7909 7908 7907 7906 7905 60608 7863 60607 7805 60606 7731 60605 7641 60604 7535 60603 7413 60602 7275 60601 7121 60600 6951 60599 6765 60598 6563 60597 6345 60596 6111 60595 5861 60594 5595 60593 5313 60592 5015 60591 4701 60590 4371 60589 4025 60588 3663 60587 3285 60586 2891 60585 2481 60584 2055 60583 1613 60582 1155 60581 681 60580 191
430 60579 912 60578 1378 60577 1828 60576 2262 60575 2680 60574 3082 60573 3468 60572 3838 60571 4192 60570 4530 60569 4852 60568 5158 60567 5448 60566 5722 60565 5980 60564 6222 60563 6448 60562 6658 60561 6852 60560 7030 60559 7192 60558 7338 60557 7468 60556 7582 60555 7680 60554 7762 60553 7828 60552 7878 60551 60550 60549 60548 60547 60546 60545 60544 60543 60542 60541 7864 60540 7806 60539 7732 60538 7642 60537 7536 60536 7414 60535 7276 60534 7122 60533 6952 60532 6766 60531 6564 60530 6346 60529 6112 60528 5862 60527 5596 60526 5314 60525 5016 60524 4702 60523 4372 60522 4026 60521 3664 60520 3286 60519 2892 60518 2482 60517 2056 60516 1614 60515 1156 60514 682 60513 192
429 60512 911 60511 1377 60510 1827 60509 2261 60508 2679 60507 3081 60506 3467 60505 3837 60504 4191 60503 4529 60502 4851 60501 5157 60500 5447 60499 5721 60498 5979 60497 6221 60496 6447 60495 6657 60494 6851 60493 7029 60492 7191 60491 7337 60490 7467 60489 7581 60488 7679 60487 7761 60486 7827 60485 7877 7876 7875 7874 7873 7872 7871 7870 7869 7868 7867 7866 7865 60484 7807 60483 7733 60482 7643 60481 7537 60480 7415 60479 7277 60478 7123 60477 6953 60476 6767 60475 6565 60474 6347 60473 6113 60472 5863 60471 5597 60470 5315 60469 5017 60468 4703 60467 4373 60466 4027 60465 3665 60464 3287 60463 2893 60462 2483 60461 2057 60460 1615 60459 1157 60458 683 60457 193
428 60456 910 60455 1376 60454 1826 60453 2260 60452 2678 60451 3080 60450 3466 60449 3836 60448 4190 60447 4528 60446 4850 60445 5156 60444 5446 60443 5720 60442 5978 60441 6220 60440 6446 60439 6656 60438 6850 60437 7028 60436 7190 60435 7336 60434 7466 60433 7580 60432 7678 60431 7760 60430 7826 60429 60428 60427 60426 60425 60424 60423 60422 60421 60420 60419 60418 60417 60416 60415 7808 60414 7734 60413 7644 60412 7538 60411 7416 60410 7278 60409 7124 60408 6954 60407 6768 60406 6566 60405 6348 60404 6114 60403 5864 60402 5598 60401 5316 60400 5018 60399 4704 60398 4374 60397 4028 60396 3666 60395 3288 60394 2894 60393 2484 60392 2058 60391 1616 60390 1158 60389 684 60388 194
427 60387 909 60386 1375 60385 1825 60384 2259 60383 2677 60382 3079 60381 3465 60380 3835 60379 4189 60378 4527 60377 4849 60376 5155 60375 5445 60374 5719 60373 5977 60372 6219 60371 6445 60370 6655 60369 6849 60368 7027 60367 7189 60366 7335 60365 7465 60364 7579 60363 7677 60362 7759 60361 7825 7824 7823 7822 7821 7820 7819 7818 7817 7816 7815 7814 7813 7812 7811 7810 7809 60360 7735 60359 7645 60358 7539 60357 7417 60356 7279 60355 7125 60354 6955 60353 6769 60352 6567 60351 6349 60350 6115 60349 5865 60348 5599 60347 5317 60346 5019 60345 4705 60344 4375 60343 4029 60342 3667 60341 3289 60340 2895 60339 2485 60338 2059 60337 1617 60336 1159 60335 685 60334 195
426 60333 908 60332 1374 60331 1824 60330 2258 60329 2676 60328 3078 60327 3464 60326 3834 60325 4188 60324 4526 60323 4848 60322 5154 60321 5444 60320 5718 60319 5976 60318 6218 60317 6444 60316 6654 60315 6848 60314 7026 60313 7188 60312 7334 60311 7464 60310 7578 60309 7676 60308 7758 60307 60306 60305 60304 60303 60302 60301 60300 60299 60298 60297 60296 60295 60294 60293 60292 60291 60290 60289 7736 60288 7646 60287 7540 60286 7418 60285 7280 60284 7126 60283 6956 60282 6770 60281 6568 60280 6350 60279 6116 60278 5866 60277 5600 60276 5318 60275 5020 60274 4706 60273 4376 60272 4030 60271 3668 60270 3290 60269 2896 60268 2486 60267 2060 60266 1618 60265 1160 60264 686 60263 196
425 60262 907 60261 1373 60260 1823 60259 2257 60258 2675 60257 3077 60256 3463 60255 3833 60254 4187 60253 4525 60252 4847 60251 5153 60250 5443 60249 5717 60248 5975 60247 6217 60246 6443 60245 6653 60244 6847 60243 7025 60242 7187 60241 7333 60240 7463 60239 7577 60238 7675 60237 7757 7756 7755 7754 7753 7752 7751 7750 7749 7748 7747 7746 7745 7744 7743 7742 7741 7740 7739 7738 7737 60236 7647 60235 7541 60234 7419 60233 7281 60232 7127 60231 6957 60230 6771 60229 6569 60228 6351 60227 6117 60226 5867 60225 5601 60224 5319 60223 5021 60222 4707 60221 4377 60220 4031 60219 3669 60218 3291 60217 2897 60216 2487 60215 2061 60214 1619 60213 1161 60212 687 60211 197
424 60210 906 60209 1372 60208 1822 60207 2256 60206 2674 60205 3076 60204 3462 60203 3832 60202 4186 60201 4524 60200 4846 60199 5152 60198 5442 60197 5716 60196 5974 60195 6216 60194 6442 60193 6652 60192 6846 60191 7024 60190 7186 60189 7332 60188 7462 60187 7576 60186 7674 60185 60184 60183 60182 60181 60180 60179 60178 60177 60176 60175 60174 60173 60172 60171 60170 60169 60168 60167 60166 60165 60164 60163 7648 60162 7542 60161 7420 60160 7282 60159 7128 60158 6958 60157 6772 60156 6570 60155 6352 60154 6118 60153 5868 60152 5602 60151 5320 60150 5022 60149 4708 60148 4378 60147 4032 60146 3670 60145 3292 60144 2898 60143 2488 60142 2062 60141 1620 60140 1162 60139 688 60138 198
423 60137 905 60136 1371 60135 1821 60134 2255 60133 2673 60132 3075 60131 3461 60130 3831 60129 4185 60128 4523 60127 4845 60126 5151 60125 5441 60124 5715 60123 5973 60122 6215 60121 6441 60120 6651 60119 6845 60118 7023 60117 7185 60116 7331 60115 7461 60114 7575 60113 7673 7672 7671 7670 7669 7668 7667 7666 7665 7664 7663 7662 7661 7660 7659 7658 7657 7656 7655 7654 7653 7652 7651 7650 7649 60112 7543 60111 7421 60110 7283 60109 7129 60108 6959 60107 6773 60106 6571 60105 6353 60104 6119 60103 5869 60102 5603 60101 5321 60100 5023 60099 4709 60098 4379 60097 4033 60096 3671 60095 3293 60094 2899 60093 2489 60092 2063 60091 1621 60090 1163 60089 689 60088 199
422 60087 904 60086 1370 60085 1820 60084 2254 60083 2672 60082 3074 60081 3460 60080 3830 60079 4184 60078 4522 60077 4844 60076 5150 60075 5440 60074 5714 60073 5972 60072 6214 60071 6440 60070 6650 60069 6844 60068 7022 60067 7184 60066 7330 60065 7460 60064 7574 60063 60062 60061 60060 60059 60058 60057 60056 60055 60054 60053 60052 60051 60050 60049 60048 60047 60046 60045 60044 60043 60042 60041 60040 60039 60038 60037 7544 60036 7422 60035 7284 60034 7130 60033 6960 60032 6774 60031 6572 60030 6354 60029 6120 60028 5870 60027 5604 60026 5322 60025 5024 60024 4710 60023 4380 60022 4034 60021 3672 60020 3294 60019 2900 60018 2490 60017 2064 60016 1622 60015 1164 60014 690 60013 200
421 60012 903 60011 1369 60010 1819 60009 2253 60008 2671 60007 3073 60006 3459 60005 3829 60004 4183 60003 4521 60002 4843 60001 5149 60000 5439 59999 5713 59998 5971 59997 6213 59996 6439 59995 6649 59994 6843 59993 7021 59992 7183 59991 7329 59990 7459 59989 7573 7572 7571 7570 7569 7568 7567 7566 7565 7564 7563 7562 7561 7560 7559 7558 7557 7556 7555 7554 7553 7552 7551 7550 7549 7548 7547 7546 7545 59988 7423 59987 7285 59986 7131 59985 6961 59984 6775 59983 6573 59982 6355 59981 6121 59980 5871 59979 5605 59978 5323 59977 5025 59976 4711 59975 4381 59974 4035 59973 3673 59972 3295 59971 2901 59970 2491 59969 2065 59968 1623 59967 1165 59966 691 59965 201
420 59964 902 59963 1368 59962 1818 59961 2252 59960 2670 59959 3072 59958 3458 59957 3828 59956 4182 59955 4520 59954 4842 59953 5148 59952 5438 59951 5712 59950 5970 59949 6212 59948 6438 59947 6648 59946 6842 59945 7020 59944 7182 59943 7328 59942 7458 59941 59940 59939 59938 59937 59936 59935 59934 59933 59932 59931 59930 59929 59928 59927 59926 59925 59924 59923 59922 59921 59920 59919 59918 59917 59916 59915 59914 59913 59912 59911 7424 59910 7286 59909 7132 59908 6962 59907 6776 59906 6574 59905 6356 59904 6122 59903 5872 59902 5606 59901 5324 59900 5026 59899 4712 59898 4382 59897 4036 59896 3674 59895 3296 59894 2902 59893 2492 59892 2066 59891 1624 59890 1166 59889 692 59888 202
419 59887 901 59886 1367 59885 1817 59884 2251 59883 2669 59882 3071 59881 3457 59880 3827 59879 4181 59878 4519 59877 4841 59876 5147 59875 5437 59874 5711 59873 5969 59872 6211 59871 6437 59870 6647 59869 6841 59868 7019 59867 7181 59866 7327 59865 7457 7456 7455 7454 7453 7452 7451 7450 7449 7448 7447 7446 7445 7444 7443 7442 7441 7440 7439 7438 7437 7436 7435 7434 7433 7432 7431 7430 7429 7428 7427 7426 7425 59864 7287 59863 7133 59862 6963 59861 6777 59860 6575 59859 6357 59858 6123 59857 5873 59856 5607 59855 5325 59854 5027 59853 4713 59852 4383 59851 4037 59850 3675 59849 3297 59848 2903 59847 2493 59846 2067 59845 1625 59844 1167 59843 693 59842 203
418 59841 900 59840 1366 59839 1816 59838 2250 59837 2668 59836 3070 59835 3456 59834 3826 59833 4180 59832 4518 59831 4840 59830 5146 59829 5436 59828 5710 59827 5968 59826 6210 59825 6436 59824 6646 59823 6840 59822 7018 59821 7180 59820 7326 59819 59818 59817 59816 59815 59814 59813 59812 59811 59810 59809 59808 59807 59806 59805 59804 59803 59802 59801 59800 59799 59798 59797 59796 59795 59794 59793 59792 59791 59790 59789 59788 59787 59786 59785 7288 59784 7134 59783 6964 59782 6778 59781 6576 59780 6358 59779 6124 59778 5874 59777 5608 59776 5326 59775 5028 59774 4714 59773 4384 59772 4038 59771 3676 59770 3298 59769 2904 59768 2494 59767 2068 59766 1626 59765 1168 59764 694 59763 204
417 59762 899 59761 1365 59760 1815 59759 2249 59758 2667 59757 3069 59756 3455 59755 3825 59754 4179 59753 4517 59752 4839 59751 5145 59750 5435 59749 5709 59748 5967 59747 6209 59746 6435 59745 6645 59744 6839 59743 7017 59742 7179 59741 7325 7324 7323 7322 7321 7320 7319 7318 7317 7316 7315 7314 7313 7312 7311 7310 7309 7308 7307 7306 7305 7304 7303 7302 7301 7300 7299 7298 7297 7296 7295 7294 7293 7292 7291 7290 7289 59740 7135 59739 6965 59738 6779 59737 6577 59736 6359 59735 6125 59734 5875 59733 5609 59732 5327 59731 5029 59730 4715 59729 4385 59728 4039 59727 3677 59726 3299 59725 2905 59724 2495 59723 2069 59722 1627 59721 1169 59720 695 59719 205
416 59718 898 59717 1364 59716 1814 59715 2248 59714 2666 59713 3068 59712 3454 59711 3824 59710 4178 59709 4516 59708 4838 59707 5144 59706 5434 59705 5708 59704 5966 59703 6208 59702 6434 59701 6644 59700 6838 59699 7016 59698 7178 59697 59696 59695 59694 59693 59692 59691 59690 59689 59688 59687 59686 59685 59684 59683 59682 59681 59680 59679 59678 59677 59676 59675 59674 59673 59672 59671 59670 59669 59668 59667 59666 59665 59664 59663 59662 59661 59660 59659 7136 59658 6966 59657 6780 59656 6578 59655 6360 59654 6126 59653 5876 59652 5610 59651 5328 59650 5030 59649 4716 59648 4386 59647 4040 59646 3678 59645 3300 59644 2906 59643 2496 59642 2070 59641 1628 59640 1170 59639 696 59638 206
415 59637 897 59636 1363 59635 1813 59634 2247 59633 2665 59632 3067 59631 3453 59630 3823 59629 4177 59628 4515 59627 4837 59626 5143 59625 5433 59624 5707 59623 5965 59622 6207 59621 6433 59620 6643 59619 6837 59618 7015 59617 7177 7176 7175 7174 7173 7172 7171 7170 7169 7168 7167 7166 7165 7164 7163 7162 7161 7160 7159 7158 7157 7156 7155 7154 7153 7152 7151 7150 7149 7148 7147 7146 7145 7144 7143 7142 7141 7140 7139 7138 7137 59616 6967 59615 6781 59614 6579 59613 6361 59612 6127 59611 5877 59610 5611 59609 5329 59608 5031 59607 4717 59606 4387 59605 4041 59604 3679 59603 3301 59602 2907 59601 2497 59600 2071 59599 1629 59598 1171 59597 697 59596 207
414 59595 896 59594 1362 59593 1812 59592 2246 59591 2664 59590 3066 59589 3452 59588 3822 59587 4176 59586 4514 59585 4836 59584 5142 59583 5432 59582 5706 59581 5964 59580 6206 59579 6432 59578 6642 59577 6836 59576 7014 59575 59574 59573 59572 59571 59570 59569 59568 59567 59566 59565 59564 59563 59562 59561 59560 59559 59558 59557 59556 59555 59554 59553 59552 59551 59550 59549 59548 59547 59546 59545 59544 59543 59542 59541 59540 59539 59538 59537 59536 59535 59534 59533 6968 59532 6782 59531 6580 59530 6362 59529 6128 59528 5878 59527 5612 59526 5330 59525 5032 59524 4718 59523 4388 59522 4042 59521 3680 59520 3302 59519 2908 59518 2498 59517 2072 59516 1630 59515 1172 59514 698 59513 208
413 59512 895 59511 1361 59510 1811 59509 2245 59508 2663 59507 3065 59506 3451 59505 3821 59504 4175 59503 4513 59502 4835 59501 5141 59500 5431 59499 5705 59498 5963 59497 6205 59496 6431 59495 6641 59494 6835 59493 7013 7012 7011 7010 7009 7008 7007 7006 7005 7004 7003 7002 7001 7000 6999 6998 6997 6996 6995 6994 6993 6992 6991 6990 6989 6988 6987 6986 6985 6984 6983 6982 6981 6980 6979 6978 6977 6976 6975 6974 6973 6972 6971 6970 6969 59492 6783 59491 6581 59490 6363 59489 6129 59488 5879 59487 5613 59486 5331 59485 5033 59484 4719 59483 4389 59482 4043 59481 3681 59480 3303 59479 2909 59478 2499 59477 2073 59476 1631 59475 1173 59474 699 59473 209
412 59472 894 59471 1360 59470 1810 59469 2244 59468 2662 59467 3064 59466 3450 59465 3820 59464 4174 59463 4512 59462 4834 59461 5140 59460 5430 59459 5704 59458 5962 59457 6204 59456 6430 59455 6640 59454 6834 59453 59452 59451 59450 59449 59448 59447 59446 59445 59444 59443 59442 59441 59440 59439 59438 59437 59436 59435 59434 59433 59432 59431 59430 59429 59428 59427 59426 59425 59424 59423 59422 59421 59420 59419 59418 59417 59416 59415 59414 59413 59412 59411 59410 59409 59408 59407 6784 59406 6582 59405 6364 59404 6130 59403 5880 59402 5614 59401 5332 59400 5034 59399 4720 59398 4390 59397 4044 59396 3682 59395 3304 59394 2910 59393 2500 59392 2074 59391 1632 59390 1174 59389 700 59388 210
411 59387 893 59386 1359 59385 1809 59384 2243 59383 2661 59382 3063 59381 3449 59380 3819 59379 4173 59378 4511 59377 4833 59376 5139 59375 5429 59374 5703 59373 5961 59372 6203 59371 6429 59370 6639 59369 6833 6832 6831 6830 6829 6828 6827 6826 6825 6824 6823 6822 6821 6820 6819 6818 6817 6816 6815 6814 6813 6812 6811 6810 6809 6808 6807 6806 6805 6804 6803 6802 6801 6800 6799 6798 6797 6796 6795 6794 6793 6792 6791 6790 6789 6788 6787 6786 6785 59368 6583 59367 6365 59366 6131 59365 5881 59364 5615 59363 5333 59362 5035 59361 4721 59360 4391 59359 4045 59358 3683 59357 3305 59356 2911 59355 2501 59354 2075 59353 1633 59352 1175 59351 701 59350 211
410 59349 892 59348 1358 59347 1808 59346 2242 59345 2660 59344 3062 59343 3448 59342 3818 59341 4172 59340 4510 59339 4832 59338 5138 59337 5428 59336 5702 59335 5960 59334 6202 59333 6428 59332 6638 59331 59330 59329 59328 59327 59326 59325 59324 59323 59322 59321 59320 59319 59318 59317 59316 59315 59314 59313 59312 59311 59310 59309 59308 59307 59306 59305 59304 59303 59302 59301 59300 59299 59298 59297 59296 59295 59294 59293 59292 59291 59290 59289 59288 59287 59286 59285 59284 59283 59282 59281 6584 59280 6366 59279 6132 59278 5882 59277 5616 59276 5334 59275 5036 59274 4722 59273 4392 59272 4046 59271 3684 59270 3306 59269 2912 59268 2502 59267 2076 59266 1634 59265 1176 59264 702 59263 212
409 59262 891 59261 1357 59260 1807 59259 2241 59258 2659 59257 3061 59256 3447 59255 3817 59254 4171 59253 4509 59252 4831 59251 5137 59250 5427 59249 5701 59248 5959 59247 6201 59246 6427 59245 6637 6636 6635 6634 6633 6632 6631 6630 6629 6628 6627 6626 6625 6624 6623 6622 6621 6620 6619 6618 6617 6616 6615 6614 6613 6612 6611 6610 6609 6608 6607 6606 6605 6604 6603 6602 6601 6600 6599 6598 6597 6596 6595 6594 6593 6592 6591 6590 6589 6588 6587 6586 6585 59244 6367 59243 6133 59242 5883 59241 5617 59240 5335 59239 5037 59238 4723 59237 4393 59236 4047 59235 3685 59234 3307 59233 2913 59232 2503 59231 2077 59230 1635 59229 1177 59228 703 59227 213
408 59226 890 59225 1356 59224 1806 59223 2240 59222 2658 59221 3060 59220 3446 59219 3816 59218 4170 59217 4508 59216 4830 59215 5136 59214 5426 59213 5700 59212 5958 59211 6200 59210 6426 59209 59208 59207 59206 59205 59204 59203 59202 59201 59200 59199 59198 59197 59196 59195 59194 59193 59192 59191 59190 59189 59188 59187 59186 59185 59184 59183 59182 59181 59180 59179 59178 59177 59176 59175 59174 59173 59172 59171 59170 59169 59168 59167 59166 59165 59164 59163 59162 59161 59160 59159 59158 59157 59156 59155 6368 59154 6134 59153 5884 59152 5618 59151 5336 59150 5038 59149 4724 59148 4394 59147 4048 59146 3686 59145 3308 59144 2914 59143 2504 59142 2078 59141 1636 59140 1178 59139 704 59138 214
407 59137 889 59136 1355 59135 1805 59134 2239 59133 2657 59132 3059 59131 3445 59130 3815 59129 4169 59128 4507 59127 4829 59126 5135 59125 5425 59124 5699 59123 5957 59122 6199 59121 6425 6424 6423 6422 6421 6420 6419 6418 6417 6416 6415 6414 6413 6412 6411 6410 6409 6408 6407 6406 6405 6404 6403 6402 6401 6400 6399 6398 6397 6396 6395 6394 6393 6392 6391 6390 6389 6388 6387 6386 6385 6384 6383 6382 6381 6380 6379 6378 6377 6376 6375 6374 6373 6372 6371 6370 6369 59120 6135 59119 5885 59118 5619 59117 5337 59116 5039 59115 4725 59114 4395 59113 4049 59112 3687 59111 3309 59110 2915 59109 2505 59108 2079 59107 1637 59106 1179 59105 705 59104 215
406 59103 888 59102 1354 59101 1804 59100 2238 59099 2656 59098 3058 59097 3444 59096 3814 59095 4168 59094 4506 59093 4828 59092 5134 59091 5424 59090 5698 59089 5956 59088 6198 59087 59086 59085 59084 59083 59082 59081 59080 59079 59078 59077 59076 59075 59074 59073 59072 59071 59070 59069 59068 59067 59066 59065 59064 59063 59062 59061 59060 59059 59058 59057 59056 59055 59054 59053 59052 59051 59050 59049 59048 59047 59046 59045 59044 59043 59042 59041 59040 59039 59038 59037 59036 59035 59034 59033 59032 59031 59030 59029 6136 59028 5886 59027 5620 59026 5338 59025 5040 59024 4726 59023 4396 59022 4050 59021 3688 59020 3310 59019 2916 59018 2506 59017 2080 59016 1638 59015 1180 59014 706 59013 216
405 59012 887 59011 1353 59010 1803 59009 2237 59008 2655 59007 3057 59006 3443 59005 3813 59004 4167 59003 4505 59002 4827 59001 5133 59000 5423 58999 5697 58998 5955 58997 6197 6196 6195 6194 6193 6192 6191 6190 6189 6188 6187 6186 6185 6184 6183 6182 6181 6180 6179 6178 6177 6176 6175 6174 6173 6172 6171 6170 6169 6168 6167 6166 6165 6164 6163 6162 6161 6160 6159 6158 6157 6156 6155 6154 6153 6152 6151 6150 6149 6148 6147 6146 6145 6144 6143 6142 6141 6140 6139 6138 6137 58996 5887 58995 5621 58994 5339 58993 5041 58992 4727 58991 4397 58990 4051 58989 3689 58988 3311 58987 2917 58986 2507 58985 2081 58984 1639 58983 1181 58982 707 58981 217
404 58980 886 58979 1352 58978 1802 58977 2236 58976 2654 58975 3056 58974 3442 58973 3812 58972 4166 58971 4504 58970 4826 58969 5132 58968 5422 58967 5696 58966 5954 58965 58964 58963 58962 58961 58960 58959 58958 58957 58956 58955 58954 58953 58952 58951 58950 58949 58948 58947 58946 58945 58944 58943 58942 58941 58940 58939 58938 58937 58936 58935 58934 58933 58932 58931 58930 58929 58928 58927 58926 58925 58924 58923 58922 58921 58920 58919 58918 58917 58916 58915 58914 58913 58912 58911 58910 58909 58908 58907 58906 58905 58904 58903 5888 58902 5622 58901 5340 58900 5042 58899 4728 58898 4398 58897 4052 58896 3690 58895 3312 58894 2918 58893 2508 58892 2082 58891 1640 58890 1182 58889 708 58888 218
403 58887 885 58886 1351 58885 1801 58884 2235 58883 2653 58882 3055 58881 3441 58880 3811 58879 4165 58878 4503 58877 4825 58876 5131 58875 5421 58874 5695 58873 5953 5952 5951 5950 5949 5948 5947 5946 5945 5944 5943 5942 5941 5940 5939 5938 5937 5936 5935 5934 5933 5932 5931 5930 5929 5928 5927 5926 5925 5924 5923 5922 5921 5920 5919 5918 5917 5916 5915 5914 5913 5912 5911 5910 5909 5908 5907 5906 5905 5904 5903 5902 5901 5900 5899 5898 5897 5896 5895 5894 5893 5892 5891 5890 5889 58872 5623 58871 5341 58870 5043 58869 4729 58868 4399 58867 4053 58866 3691 58865 3313 58864 2919 58863 2509 58862 2083 58861 1641 58860 1183 58859 709 58858 219
402 58857 884 58856 1350 58855 1800 58854 2234 58853 2652 58852 3054 58851 3440 58850 3810 58849 4164 58848 4502 58847 4824 58846 5130 58845 5420 58844 5694 58843 58842 58841 58840 58839 58838 58837 58836 58835 58834 58833 58832 58831 58830 58829 58828 58827 58826 58825 58824 58823 58822 58821 58820 58819 58818 58817 58816 58815 58814 58813 58812 58811 58810 58809 58808 58807 58806 58805 58804 58803 58802 58801 58800 58799 58798 58797 58796 58795 58794 58793 58792 58791 58790 58789 58788 58787 58786 58785 58784 58783 58782 58781 58780 58779 58778 58777 5624 58776 5342 58775 5044 58774 4730 58773 4400 58772 4054 58771 3692 58770 3314 58769 2920 58768 2510 58767 2084 58766 1642 58765 1184 58764 710 58763 220
401 58762 883 58761 1349 58760 1799 58759 2233 58758 2651 58757 3053 58756 3439 58755 3809 58754 4163 58753 4501 58752 4823 58751 5129 58750 5419 58749 5693 5692 5691 5690 5689 5688 5687 5686 5685 5684 5683 5682 5681 5680 5679 5678 5677 5676 5675 5674 5673 5672 5671 5670 5669 5668 5667 5666 5665 5664 5663 5662 5661 5660 5659 5658 5657 5656 5655 5654 5653 5652 5651 5650 5649 5648 5647 5646 5645 5644 5643 5642 5641 5640 5639 5638 5637 5636 5635 5634 5633 5632 5631 5630 5629 5628 5627 5626 5625 58748 5343 58747 5045 58746 4731 58745 4401 58744 4055 58743 3693 58742 3315 58741 2921 58740 2511 58739 2085 58738 1643 58737 1185 58736 711 58735 221
400 58734 882 58733 1348 58732 1798 58731 2232 58730 2650 58729 3052 58728 3438 58727 3808 58726 4162 58725 4500 58724 4822 58723 5128 58722 5418 58721 58720 58719 58718 58717 58716 58715 58714 58713 58712 58711 58710 58709 58708 58707 58706 58705 58704 58703 58702 58701 58700 58699 58698 58697 58696 58695 58694 58693 58692 58691 58690 58689 58688 58687 58686 58685 58684 58683 58682 58681 58680 58679 58678 58677 58676 58675 58674 58673 58672 58671 58670 58669 58668 58667 58666 58665 58664 58663 58662 58661 58660 58659 58658 58657 58656 58655 58654 58653 58652 58651 5344 58650 5046 58649 4732 58648 4402 58647 4056 58646 3694 58645 3316 58644 2922 58643 2512 58642 2086 58641 1644 58640 1186 58639 712 58638 222
399 58637 881 58636 1347 58635 1797 58634 2231 58633 2649 58632 3051 58631 3437 58630 3807 58629 4161 58628 4499 58627 4821 58626 5127 58625 5417 5416 5415 5414 5413 5412 5411 5410 5409 5408 5407 5406 5405 5404 5403 5402 5401 5400 5399 5398 5397 5396 5395 5394 5393 5392 5391 5390 5389 5388 5387 5386 5385 5384 5383 5382 5381 5380 5379 5378 5377 5376 5375 5374 5373 5372 5371 5370 5369 5368 5367 5366 5365 5364 5363 5362 5361 5360 5359 5358 5357 5356 5355 5354 5353 5352 5351 5350 5349 5348 5347 5346 5345 58624 5047 58623 4733 58622 4403 58621 4057 58620 3695 58619 3317 58618 2923 58617 2513 58616 2087 58615 1645 58614 1187 58613 713 58612 223
398 58611 880 58610 1346 58609 1796 58608 2230 58607 2648 58606 3050 58605 3436 58604 3806 58603 4160 58602 4498 58601 4820 58600 5126 58599 58598 58597 58596 58595 58594 58593 58592 58591 58590 58589 58588 58587 58586 58585 58584 58583 58582 58581 58580 58579 58578 58577 58576 58575 58574 58573 58572 58571 58570 58569 58568 58567 58566 58565 58564 58563 58562 58561 58560 58559 58558 58557 58556 58555 58554 58553 58552 58551 58550 58549 58548 58547 58546 58545 58544 58543 58542 58541 58540 58539 58538 58537 58536 58535 58534 58533 58532 58531 58530 58529 58528 58527 58526 58525 5048 58524 4734 58523 4404 58522 4058 58521 3696 58520 3318 58519 2924 58518 2514 58517 2088 58516 1646 58515 1188 58514 714 58513 224
397 58512 879 58511 1345 58510 1795 58509 2229 58508 2647 58507 3049 58506 3435 58505 3805 58504 4159 58503 4497 58502 4819 58501 5125 5124 5123 5122 5121 5120 5119 5118 5117 5116 5115 5114 5113 5112 5111 5110 5109 5108 5107 5106 5105 5104 5103 5102 5101 5100 5099 5098 5097 5096 5095 5094 5093 5092 5091 5090 5089 5088 5087 5086 5085 5084 5083 5082 5081 5080 5079 5078 5077 5076 5075 5074 5073 5072 5071 5070 5069 5068 5067 5066 5065 5064 5063 5062 5061 5060 5059 5058 5057 5056 5055 5054 5053 5052 5051 5050 5049 58500 4735 58499 4405 58498 4059 58497 3697 58496 3319 58495 2925 58494 2515 58493 2089 58492 1647 58491 1189 58490 715 58489 225
396 58488 878 58487 1344 58486 1794 58485 2228 58484 2646 58483 3048 58482 3434 58481 3804 58480 4158 58479 4496 58478 4818 58477 58476 58475 58474 58473 58472 58471 58470 58469 58468 58467 58466 58465 58464 58463 58462 58461 58460 58459 58458 58457 58456 58455 58454 58453 58452 58451 58450 58449 58448 58447 58446 58445 58444 58443 58442 58441 58440 58439 58438 58437 58436 58435 58434 58433 58432 58431 58430 58429 58428 58427 58426 58425 58424 58423 58422 58421 58420 58419 58418 58417 58416 58415 58414 58413 58412 58411 58410 58409 58408 58407 58406 58405 58404 58403 58402 58401 58400 58399 4736 58398 4406 58397 4060 58396 3698 58395 3320 58394 2926 58393 2516 58392 2090 58391 1648 58390 1190 58389 716 58388 226
395 58387 877 58386 1343 58385 1793 58384 2227 58383 2645 58382 3047 58381 3433 58380 3803 58379 4157 58378 4495 58377 4817 4816 4815 4814 4813 4812 4811 4810 4809 4808 4807 4806 4805 4804 4803 4802 4801 4800 4799 4798 4797 4796 4795 4794 4793 4792 4791 4790 4789 4788 4787 4786 4785 4784 4783 4782 4781 4780 4779 4778 4777 4776 4775 4774 4773 4772 4771 4770 4769 4768 4767 4766 4765 4764 4763 4762 4761 4760 4759 4758 4757 4756 4755 4754 4753 4752 4751 4750 4749 4748 4747 4746 4745 4744 4743 4742 4741 4740 4739 4738 4737 58376 4407 58375 4061 58374 3699 58373 3321 58372 2927 58371 2517 58370 2091 58369 1649 58368 1191 58367 717 58366 227
394 58365 876 58364 1342 58363 1792 58362 2226 58361 2644 58360 3046 58359 3432 58358 3802 58357 4156 58356 4494 58355 58354 58353 58352 58351 58350 58349 58348 58347 58346 58345 58344 58343 58342 58341 58340 58339 58338 58337 58336 58335 58334 58333 58332 58331 58330 58329 58328 58327 58326 58325 58324 58323 58322 58321 58320 58319 58318 58317 58316 58315 58314 58313 58312 58311 58310 58309 58308 58307 58306 58305 58304 58303 58302 58301 58300 58299 58298 58297 58296 58295 58294 58293 58292 58291 58290 58289 58288 58287 58286 58285 58284 58283 58282 58281 58280 58279 58278 58277 58276 58275 58274 58273 4408 58272 4062 58271 3700 58270 3322 58269 2928 58268 2518 58267 2092 58266 1650 58265 1192 58264 718 58263 228
393 58262 875 58261 1341 58260 1791 58259 2225 58258 2643 58257 3045 58256 3431 58255 3801 58254 4155 58253 4493 4492 4491 4490 4489 4488 4487 4486 4485 4484 4483 4482 4481 4480 4479 4478 4477 4476 4475 4474 4473 4472 4471 4470 4469 4468 4467 4466 4465 4464 4463 4462 4461 4460 4459 4458 4457 4456 4455 4454 4453 4452 4451 4450 4449 4448 4447 4446 4445 4444 4443 4442 4441 4440 4439 4438 4437 4436 4435 4434 4433 4432 4431 4430 4429 4428 4427 4426 4425 4424 4423 4422 4421 4420 4419 4418 4417 4416 4415 4414 4413 4412 4411 4410 4409 58252 4063 58251 3701 58250 3323 58249 2929 58248 2519 58247 2093 58246 1651 58245 1193 58244 719 58243 229
392 58242 874 58241 1340 58240 1790 58239 2224 58238 2642 58237 3044 58236 3430 58235 3800 58234 4154 58233 58232 58231 58230 58229 58228 58227 58226 58225 58224 58223 58222 58221 58220 58219 58218 58217 58216 58215 58214 58213 58212 58211 58210 58209 58208 58207 58206 58205 58204 58203 58202 58201 58200 58199 58198 58197 58196 58195 58194 58193 58192 58191 58190 58189 58188 58187 58186 58185 58184 58183 58182 58181 58180 58179 58178 58177 58176 58175 58174 58173 58172 58171 58170 58169 58168 58167 58166 58165 58164 58163 58162 58161 58160 58159 58158 58157 58156 58155 58154 58153 58152 58151 58150 58149 58148 58147 4064 58146 3702 58145 3324 58144 2930 58143 2520 58142 2094 58141 1652 58140 1194 58139 720 58138 230
391 58137 873 58136 1339 58135 1789 58134 2223 58133 2641 58132 3043 58131 3429 58130 3799 58129 4153 4152 4151 4150 4149 4148 4147 4146 4145 4144 4143 4142 4141 4140 4139 4138 4137 4136 4135 4134 4133 4132 4131 4130 4129 4128 4127 4126 4125 4124 4123 4122 4121 4120 4119 4118 4117 4116 4115 4114 4113 4112 4111 4110 4109 4108 4107 4106 4105 4104 4103 4102 4101 4100 4099 4098 4097 4096 4095 4094 4093 4092 4091 4090 4089 4088 4087 4086 4085 4084 4083 4082 4081 4080 4079 4078 4077 4076 4075 4074 4073 4072 4071 4070 4069 4068 4067 4066 4065 58128 3703 58127 3325 58126 2931 58125 2521 58124 2095 58123 1653 58122 1195 58121 721 58120 231
390 58119 872 58118 1338 58117 1788 58116 2222 58115 2640 58114 3042 58113 3428 58112 3798 58111 58110 58109 58108 58107 58106 58105 58104 58103 58102 58101 58100 58099 58098 58097 58096 58095 58094 58093 58092 58091 58090 58089 58088 58087 58086 58085 58084 58083 58082 58081 58080 58079 58078 58077 58076 58075 58074 58073 58072 58071 58070 58069 58068 58067 58066 58065 58064 58063 58062 58061 58060 58059 58058 58057 58056 58055 58054 58053 58052 58051 58050 58049 58048 58047 58046 58045 58044 58043 58042 58041 58040 58039 58038 58037 58036 58035 58034 58033 58032 58031 58030 58029 58028 58027 58026 58025 58024 58023 58022 58021 3704 58020 3326 58019 2932 58018 2522 58017 2096 58016 1654 58015 1196 58014 722 58013 232
389 58012 871 58011 1337 58010 1787 58009 2221 58008 2639 58007 3041 58006 3427 58005 3797 3796 3795 3794 3793 3792 3791 3790 3789 3788 3787 3786 3785 3784 3783 3782 3781 3780 3779 3778 3777 3776 3775 3774 3773 3772 3771 3770 3769 3768 3767 3766 3765 3764 3763 3762 3761 3760 3759 3758 3757 3756 3755 3754 3753 3752 3751 3750 3749 3748 3747 3746 3745 3744 3743 3742 3741 3740 3739 3738 3737 3736 3735 3734 3733 3732 3731 3730 3729 3728 3727 3726 3725 3724 3723 3722 3721 3720 3719 3718 3717 3716 3715 3714 3713 3712 3711 3710 3709 3708 3707 3706 3705 58004 3327 58003 2933 58002 2523 58001 2097 58000 1655 57999 1197 57998 723 57997 233
388 57996 870 57995 1336 57994 1786 57993 2220 57992 2638 57991 3040 57990 3426 57989 57988 57987 57986 57985 57984 57983 57982 57981 57980 57979 57978 57977 57976 57975 57974 57973 57972 57971 57970 57969 57968 57967 57966 57965 57964 57963 57962 57961 57960 57959 57958 57957 57956 57955 57954 57953 57952 57951 57950 57949 57948 57947 57946 57945 57944 57943 57942 57941 57940 57939 57938 57937 57936 57935 57934 57933 57932 57931 57930 57929 57928 57927 57926 57925 57924 57923 57922 57921 57920 57919 57918 57917 57916 57915 57914 57913 57912 57911 57910 57909 57908 57907 57906 57905 57904 57903 57902 57901 57900 57899 57898 57897 57896 57895 3328 57894 2934 57893 2524 57892 2098 57891 1656 57890 1198 57889 724 57888 234
387 57887 869 57886 1335 57885 1785 57884 2219 57883 2637 57882 3039 57881 3425 3424 3423 3422 3421 3420 3419 3418 3417 3416 3415 3414 3413 3412 3411 3410 3409 3408 3407 3406 3405 3404 3403 3402 3401 3400 3399 3398 3397 3396 3395 3394 3393 3392 3391 3390 3389 3388 3387 3386 3385 3384 3383 3382 3381 3380 3379 3378 3377 3376 3375 3374 3373 3372 3371 3370 3369 3368 3367 3366 3365 3364 3363 3362 3361 3360 3359 3358 3357 3356 3355 3354 3353 3352 3351 3350 3349 3348 3347 3346 3345 3344 3343 3342 3341 3340 3339 3338 3337 3336 3335 3334 3333 3332 3331 3330 3329 57880 2935 57879 2525 57878 2099 57877 1657 57876 1199 57875 725 57874 235
386 57873 868 57872 1334 57871 1784 57870 2218 57869 2636 57868 3038 57867 57866 57865 57864 57863 57862 57861 57860 57859 57858 57857 57856 57855 57854 57853 57852 57851 57850 57849 57848 57847 57846 57845 57844 57843 57842 57841 57840 57839 57838 57837 57836 57835 57834 57833 57832 57831 57830 57829 57828 57827 57826 57825 57824 57823 57822 57821 57820 57819 57818 57817 57816 57815 57814 57813 57812 57811 57810 57809 57808 57807 57806 57805 57804 57803 57802 57801 57800 57799 57798 57797 57796 57795 57794 57793 57792 57791 57790 57789 57788 57787 57786 57785 57784 57783 57782 57781 57780 57779 57778 57777 57776 57775 57774 57773 57772 57771 57770 57769 2936 57768 2526 57767 2100 57766 1658 57765 1200 57764 726 57763 236
385 57762 867 57761 1333 57760 1783 57759 2217 57758 2635 57757 3037 3036 3035 3034 3033 3032 3031 3030 3029 3028 3027 3026 3025 3024 3023 3022 3021 3020 3019 3018 3017 3016 3015 3014 3013 3012 3011 3010 3009 3008 3007 3006 3005 3004 3003 3002 3001 3000 2999 2998 2997 2996 2995 2994 2993 2992 2991 2990 2989 2988 2987 2986 2985 2984 2983 2982 2981 2980 2979 2978 2977 2976 2975 2974 2973 2972 2971 2970 2969 2968 2967 2966 2965 2964 2963 2962 2961 2960 2959 2958 2957 2956 2955 2954 2953 2952 2951 2950 2949 2948 2947 2946 2945 2944 2943 2942 2941 2940 2939 2938 2937 57756 2527 57755 2101 57754 1659 57753 1201 57752 727 57751 237
384 57750 866 57749 1332 57748 1782 57747 2216 57746 2634 57745 57744 57743 57742 57741 57740 57739 57738 57737 57736 57735 57734 57733 57732 57731 57730 57729 57728 57727 57726 57725 57724 57723 57722 57721 57720 57719 57718 57717 57716 57715 57714 57713 57712 57711 57710 57709 57708 57707 57706 57705 57704 57703 57702 57701 57700 57699 57698 57697 57696 57695 57694 57693 57692 57691 57690 57689 57688 57687 57686 57685 57684 57683 57682 57681 57680 57679 57678 57677 57676 57675 57674 57673 57672 57671 57670 57669 57668 57667 57666 57665 57664 57663 57662 57661 57660 57659 57658 57657 57656 57655 57654 57653 57652 57651 57650 57649 57648 57647 57646 57645 57644 57643 2528 57642 2102 57641 1660 57640 1202 57639 728 57638 238
383 57637 865 57636 1331 57635 1781 57634 2215 57633 2633 2632 2631 2630 2629 2628 2627 2626 2625 2624 2623 2622 2621 2620 2619 2618 2617 2616 2615 2614 2613 2612 2611 2610 2609 2608 2607 2606 2605 2604 2603 2602 2601 2600 2599 2598 2597 2596 2595 2594 2593 2592 2591 2590 2589 2588 2587 2586 2585 2584 2583 2582 2581 2580 2579 2578 2577 2576 2575 2574 2573 2572 2571 2570 2569 2568 2567 2566 2565 2564 2563 2562 2561 2560 2559 2558 2557 2556 2555 2554 2553 2552 2551 2550 2549 2548 2547 2546 2545 2544 2543 2542 2541 2540 2539 2538 2537 2536 2535 2534 2533 2532 2531 2530 2529 57632 2103 57631 1661 57630 1203 57629 729 57628 239
382 57627 864 57626 1330 57625 1780 57624 2214 57623 57622 57621 57620 57619 57618 57617 57616 57615 57614 57613 57612 57611 57610 57609 57608 57607 57606 57605 57604 57603 57602 57601 57600 57599 57598 57597 57596 57595 57594 57593 57592 57591 57590 57589 57588 57587 57586 57585 57584 57583 57582 57581 57580 57579 57578 57577 57576 57575 57574 57573 57572 57571 57570 57569 57568 57567 57566 57565 57564 57563 57562 57561 57560 57559 57558 57557 57556 57555 57554 57553 57552 57551 57550 57549 57548 57547 57546 57545 57544 57543 57542 57541 57540 57539 57538 57537 57536 57535 57534 57533 57532 57531 57530 57529 57528 57527 57526 57525 57524 57523 57522 57521 57520 57519 57518 57517 2104 57516 1662 57515 1204 57514 730 57513 240
381 57512 863 57511 1329 57510 1779 57509 2213 2212 2211 2210 2209 2208 2207 2206 2205 2204 2203 2202 2201 2200 2199 2198 2197 2196 2195 2194 2193 2192 2191 2190 2189 2188 2187 2186 2185 2184 2183 2182 2181 2180 2179 2178 2177 2176 2175 2174 2173 2172 2171 2170 2169 2168 2167 2166 2165 2164 2163 2162 2161 2160 2159 2158 2157 2156 2155 2154 2153 2152 2151 2150 2149 2148 2147 2146 2145 2144 2143 2142 2141 2140 2139 2138 2137 2136 2135 2134 2133 2132 2131 2130 2129 2128 2127 2126 2125 2124 2123 2122 2121 2120 2119 2118 2117 2116 2115 2114 2113 2112 2111 2110 2109 2108 2107 2106 2105 57508 1663 57507 1205 57506 731 57505 241
380 57504 862 57503 1328 57502 1778 57501 57500 57499 57498 57497 57496 57495 57494 57493 57492 57491 57490 57489 57488 57487 57486 57485 57484 57483 57482 57481 57480 57479 57478 57477 57476 57475 57474 57473 57472 57471 57470 57469 57468 57467 57466 57465 57464 57463 57462 57461 57460 57459 57458 57457 57456 57455 57454 57453 57452 57451 57450 57449 57448 57447 57446 57445 57444 57443 57442 57441 57440 57439 57438 57437 57436 57435 57434 57433 57432 57431 57430 57429 57428 57427 57426 57425 57424 57423 57422 57421 57420 57419 57418 57417 57416 57415 57414 57413 57412 57411 57410 57409 57408 57407 57406 57405 57404 57403 57402 57401 57400 57399 57398 57397 57396 57395 57394 57393 57392 57391 1664 57390 1206 57389 732 57388 242
379 57387 861 57386 1327 57385 1777 1776 1775 1774 1773 1772 1771 1770 1769 1768 1767 1766 1765 1764 1763 1762 1761 1760 1759 1758 1757 1756 1755 1754 1753 1752 1751 1750 1749 1748 1747 1746 1745 1744 1743 1742 1741 1740 1739 1738 1737 1736 1735 1734 1733 1732 1731 1730 1729 1728 1727 1726 1725 1724 1723 1722 1721 1720 1719 1718 1717 1716 1715 1714 1713 1712 1711 1710 1709 1708 1707 1706 1705 1704 1703 1702 1701 1700 1699 1698 1697 1696 1695 1694 1693 1692 1691 1690 1689 1688 1687 1686 1685 1684 1683 1682 1681 1680 1679 1678 1677 1676 1675 1674 1673 1672 1671 1670 1669 1668 1667 1666 1665 57384 1207 57383 733 57382 243
378 57381 860 57380 1326 57379 57378 57377 57376 57375 57374 57373 57372 57371 57370 57369 57368 57367 57366 57365 57364 57363 57362 57361 57360 57359 57358 57357 57356 57355 57354 57353 57352 57351 57350 57349 57348 57347 57346 57345 57344 57343 57342 57341 57340 57339 57338 57337 57336 57335 57334 57333 57332 57331 57330 57329 57328 57327 57326 57325 57324 57323 57322 57321 57320 57319 57318 57317 57316 57315 57314 57313 57312 57311 57310 57309 57308 57307 57306 57305 57304 57303 57302 57301 57300 57299 57298 57297 57296 57295 57294 57293 57292 57291 57290 57289 57288 57287 57286 57285 57284 57283 57282 57281 57280 57279 57278 57277 57276 57275 57274 57273 57272 57271 57270 57269 57268 57267 57266 57265 1208 57264 734 57263 244
377 57262 859 57261 1325 1324 1323 1322 1321 1320 1319 1318 1317 1316 1315 1314 1313 1312 1311 1310 1309 1308 1307 1306 1305 1304 1303 1302 1301 1300 1299 1298 1297 1296 1295 1294 1293 1292 1291 1290 1289 1288 1287 1286 1285 1284 1283 1282 1281 1280 1279 1278 1277 1276 1275 1274 1273 1272 1271 1270 1269 1268 1267 1266 1265 1264 1263 1262 1261 1260 1259 1258 1257 1256 1255 1254 1253 1252 1251 1250 1249 1248 1247 1246 1245 1244 1243 1242 1241 1240 1239 1238 1237 1236 1235 1234 1233 1232 1231 1230 1229 1228 1227 1226 1225 1224 1223 1222 1221 1220 1219 1218 1217 1216 1215 1214 1213 1212 1211 1210 1209 57260 735 57259 245
376 57258 858 57257 57256 57255 57254 57253 57252 57251 57250 57249 57248 57247 57246 57245 57244 57243 57242 57241 57240 57239 57238 57237 57236 57235 57234 57233 57232 57231 57230 57229 57228 57227 57226 57225 57224 57223 57222 57221 57220 57219 57218 57217 57216 57215 57214 57213 57212 57211 57210 57209 57208 57207 57206 57205 57204 57203 57202 57201 57200 57199 57198 57197 57196 57195 57194 57193 57192 57191 57190 57189 57188 57187 57186 57185 57184 57183 57182 57181 57180 57179 57178 57177 57176 57175 57174 57173 57172 57171 57170 57169 57168 57167 57166 57165 57164 57163 57162 57161 57160 57159 57158 57157 57156 57155 57154 57153 57152 57151 57150 57149 57148 57147 57146 57145 57144 57143 57142 57141 57140 57139 736 57138 246
375 57137 857 856 855 854 853 852 851 850 849 848 847 846 845 844 843 842 841 840 839 838 837 836 835 834 833 832 831 830 829 828 827 826 825 824 823 822 821 820 819 818 817 816 815 814 813 812 811 810 809 808 807 806 805 804 803 802 801 800 799 798 797 796 795 794 793 792 791 790 789 788 787 786 785 784 783 782 781 780 779 778 777 776 775 774 773 772 771 770 769 768 767 766 765 764 763 762 761 760 759 758 757 756 755 754 753 752 751 750 749 748 747 746 745 744 743 742 741 740 739 738 737 57136 247
374 57135 57134 57133 57132 57131 57130 57129 57128 57127 57126 57125 57124 57123 57122 57121 57120 57119 57118 57117 57116 57115 57114 57113 57112 57111 57110 57109 57108 57107 57106 57105 57104 57103 57102 57101 57100 57099 57098 57097 57096 57095 57094 57093 57092 57091 57090 57089 57088 57087 57086 57085 57084 57083 57082 57081 57080 57079 57078 57077 57076 57075 57074 57073 57072 57071 57070 57069 57068 57067 57066 57065 57064 57063 57062 57061 57060 57059 57058 57057 57056 57055 57054 57053 57052 57051 57050 57049 57048 57047 57046 57045 57044 57043 57042 57041 57040 57039 57038 57037 57036 57035 57034 57033 57032 57031 57030 57029 57028 57027 57026 57025 57024 57023 57022 57021 57020 57019 57018 57017 57016 57015 57014 57013 248
373 372 371 370 369 368 367 366 365 364 363 362 361 360 359 358 357 356 355 354 353 352 351 350 349 348 347 346 345 344 343 342 341 340 339 338 337 336 335 334 333 332 331 330 329 328 327 326 325 324 323 322 321 320 319 318 317 316 315 314 313 312 311 310 309 308 307 306 305 304 303 302 301 300 299 298 297 296 295 294 293 292 291 290 289 288 287 286 285 284 283 282 281 280 279 278 277 276 275 274 273 272 271 270 269 268 267 266 265 264 263 262 261 260 259 258 257 256 255 254 253 252 251 250 249
