40 999.18
551 889 0 17
3842 1516 7 91
3746 2768 8 80
1581 1945 0 27
2465 70 1 38
2637 3684 2 23
3482 2433 0 81
2088 3638 5 32
3325 331 0 7
1784 842 7 65
550 2703 8 10
3203 3909 4 54
3619 3845 2 3
3608 3010 3 32
1010 1735 9 83
2470 1913 2 16
2625 2312 6 10
3429 2723 9 26
1432 1362 4 20
668 250 3 82
1784 3305 5 99
3934 1266 8 62
2090 2022 3 61
904 1767 4 32
2706 3041 5 51
2609 3256 9 23
2096 2165 4 100
3518 1716 5 61
2362 3478 5 102
726 3372 9 74
1213 3548 8 10
1285 190 8 39
2213 1066 1 35
2913 3645 2 38
2428 3933 0 46
3895 212 3 59
3591 3829 6 86
1831 1681 5 34
2204 3087 8 56
3449 910 3 18
