70 2229.91
4098 1441 1 6
610 1837 0 30
6565 6909 5 45
171 2876 2 55
6180 5399 9 13
3656 1832 8 15
3477 5728 0 47
2852 5825 7 69
6826 604 4 81
421 1589 3 98
5651 4492 5 54
6610 1374 6 72
5958 1815 2 10
2966 574 5 80
2062 6831 7 29
2848 3512 0 25
1273 3458 9 50
5350 5190 3 52
3367 2873 4 46
1066 6900 6 34
5624 4722 6 77
1732 6453 5 85
803 4584 5 50
5278 4981 0 48
5188 3051 7 45
3922 1192 8 75
543 3532 4 73
2566 3853 2 85
2699 2884 5 89
4427 2113 0 33
2716 276 6 23
5626 1341 2 44
1086 1328 7 30
6531 1806 9 59
4201 4949 1 5
1706 177 8 73
24 3438 4 71
6631 5179 1 7
5375 2261 2 100
3160 915 0 46
5313 4434 7 104
2107 3208 6 42
966 2026 5 10
62 1017 1 56
4910 1841 9 97
3130 4978 5 12
6469 1756 8 20
6319 556 3 77
436 3202 5 99
2362 4637 8 62
1152 1420 2 59
2167 1176 1 30
4858 1798 6 81
6355 585 7 55
4059 6867 3 46
5853 2372 2 25
1653 960 8 71
5581 2619 5 25
338 2995 0 87
988 5249 6 73
2188 4118 0 30
3227 1658 0 39
3227 6899 2 78
6566 3663 5 36
3101 6280 0 92
5653 1605 1 27
700 820 3 18
2781 2910 3 88
2618 6488 6 104
848 4029 1 75
