100 2
79 79 3 200
48 48 3 200
58 58 3 200
23 23 3 200
64 64 3 200
9 9 3 200
14 14 3 200
1 1 3 200
93 93 3 200
45 45 3 200
2 2 3 200
40 40 3 200
83 83 3 200
94 94 3 200
99 99 3 200
50 50 3 200
35 35 3 200
62 62 3 200
27 27 3 200
84 84 3 200
18 18 3 200
43 43 3 200
66 66 3 200
55 55 3 200
68 68 3 200
96 96 3 200
41 41 3 200
70 70 3 200
49 49 3 200
57 57 3 200
56 56 3 200
65 65 3 200
7 7 3 200
28 28 3 200
75 75 3 200
29 29 3 200
39 39 3 200
21 21 3 200
33 33 3 200
67 67 3 200
51 51 3 200
54 54 3 200
4 4 3 200
97 97 3 200
16 16 3 200
3 3 3 200
22 22 3 200
10 10 3 200
5 5 3 200
92 92 3 200
100 100 3 200
77 77 3 200
34 34 3 200
85 85 3 200
20 20 3 200
90 90 3 200
17 17 3 200
37 37 3 200
44 44 3 200
60 60 3 200
69 69 3 200
76 76 3 200
95 95 3 200
91 91 3 200
53 53 3 200
26 26 3 200
74 74 3 200
89 89 3 200
46 46 3 200
30 30 3 200
87 87 3 200
38 38 3 200
78 78 3 200
71 71 3 200
59 59 3 200
36 36 3 200
15 15 3 200
13 13 3 200
63 63 3 200
80 80 3 200
12 12 3 200
88 88 3 200
11 11 3 200
81 81 3 200
42 42 3 200
19 19 3 200
61 61 3 200
82 82 3 200
32 32 3 200
98 98 3 200
6 6 3 200
24 24 3 200
52 52 3 200
25 25 3 200
31 31 3 200
73 73 3 200
72 72 3 200
47 47 3 200
86 86 3 200
8 8 3 200
