10000
10000
10000
10000
10000
10000
9994
9994
9994
10000
10000
9488
10000
10000
9990
9990
9990
9990
9515
9515
9991
9991
9991
10000
10000
9205
10000
9491
9988
9988
9994
9994
9985
9990
9423
9423
9423
9423
9423
9994
9994
9998
9993
9993
9993
9510
9523
10000
10000
9994
9994
9333
9333
9333
9333
10000
10000
10000
10000
10000
10000
9776
9776
9776
9776
9776
9482
6545
9482
9996
9996
10000
9404
10000
9999
10000
10000
10000
9529
9199
9199
10000
10000
9997
10000
10000
10000
10000
9998
9998
10000
9428
9429
9429
9429
9429
10000
9993
10000
9990
9617
9617
9014
9990
8843
8843
8843
8843
8843
8843
8843
8843
9409
9492
9492
9492
10000
10000
9991
9991
9991
9991
9987
9987
9987
10000
10000
10000
9994
9994
9994
9994
9205
9205
9205
9205
9984
9980
9980
9996
9390
10000
9395
9395
9395
8913
8596
9392
9997
9997
9526
9786
9786
9786
9786
9786
9786
9790
9790
9322
9992
9992
9989
9989
9495
9495
9489
9489
9489
9476
9476
9476
9959
9970
9970
9983
9983
9997
9320
10000
10000
9479
9479
9479
9479
8800
10000
9454
9454
9454
8850
8850
9396
9995
9995
10000
9992
9992
9992
9992
10000
10000
9998
10000
10000
9329
9329
9992
9992
9992
9983
9983
9992
9992
9992
9992
9332
10000
10000
9993
10000
9408
9408
10000
9996
9996
10000
10000
10000
8806
8806
8806
10000
9822
10000
10000
10000
9970
9970
9970
9970
9970
9985
9985
9320
9320
9320
9320
9320
9320
8843
9990
9990
9975
9975
9978
9978
9985
9986
9986
9995
10000
9518
9518
9518
10000
10000
7070
7070
7070
9492
9492
9492
9983
9983
9990
9999
9999
10000
10000
9997
9994
9994
10000
8237
8237
8233
8800
8800
8800
8800
8800
8800
8800
9996
9992
9427
9427
9426
7304
7304
7304
7304
7304
7304
10000
10000
10000
10000
9995
9995
9995
9995
9995
9405
9521
6587
6587
6587
6587
6587
6587
6587
6587
6587
6587
6587
9988
9389
9988
9494
9988
9988
9988
9994
8219
8219
8219
8212
8212
9998
9998
9403
9998
9998
9998
9998
9998
9998
10000
10000
9196
9196
9196
10000
10000
10000
10000
9475
10000
10000
10000
10000
9482
9482
9482
9482
9477
9995
9990
9990
9990
9990
9990
9990
9831
9993
10000
9319
6457
6457
10000
10000
9990
9990
9990
9990
8962
9445
9990
9990
9990
10000
8799
9476
9476
9476
10000
10000
10000
10000
10000
9199
9199
9199
9199
9199
9199
9199
9199
9408
9998
9998
9403
9403
9403
9403
10000
10000
9985
9985
9982
9441
9441
9441
9441
9441
9441
9994
9990
9994
9981
8768
8768
8768
9251
9251
9994
10000
9400
9400
9400
9990
8710
9392
9392
9392
9983
9990
9990
9998
9998
9998
9998
10000
9992
9999
10000
10000
10000
10000
10000
10000
9206
10000
9996
9996
9995
9995
9995
9998
9998
9997
9997
9998
9993
9993
10000
10000
10000
10000
9994
9988
9994
10000
10000
9389
10000
10000
10000
9992
9992
9992
9992
10000
9995
9995
9995
9992
10000
10000
10000
10000
10000
9408
9408
9399
9399
9399
9399
9399
9399
9399
9403
9403
9403
9403
9403
9402
9994
9994
9999
9999
10000
9401
9032
9625
9625
9625
9625
9763
10000
10000
10000
10000
10000
9768
9296
9768
9768
9768
10000
10000
9320
9320
8798
8798
8798
8798
9478
9478
9511
9506
9506
9506
9506
9980
9371
9977
9992
9992
9989
9999
9999
10000
9403
9403
10000
10000
10000
9992
9992
9992
9992
10000
10000
9523
9523
9523
9523
9523
9523
9523
9519
9519
9996
10000
9386
9991
9991
9991
9991
9450
9450
9783
9408
9408
7307
7307
10000
10000
9428
10000
10000
10000
10000
10000
10000
10000
10000
10000
10000
9529
9529
9529
9529
9529
9529
9529
9990
9990
9990
9467
9467
9990
9990
9990
9990
9467
9467
10000
10000
10000
10000
10000
7064
6849
6849
6849
6849
6849
6839
6839
6839
6839
6839
7054
7054
9980
9980
9469
9462
9469
9980
9980
9990
9990
9990
9990
9990
9990
9998
9998
9998
10000
10000
10000
9989
9989
9989
9982
9987
9994
9994
9993
10000
10000
10000
10000
10000
10000
10000
9920
9920
9920
9920
10000
10000
9524
10000
9333
9333
9333
9333
9333
9408
9405
9436
9436
9436
10000
9993
9993
9993
10000
10000
10000
9994
9994
9985
9994
9994
9994
9994
9994
9989
9989
9995
9524
9520
9520
9520
9991
9991
9991
9998
9997
9995
9995
9998
9998
9399
10000
10000
9410
9410
9410
8799
9993
10000
10000
9998
9998
9998
9998
9998
9998
9998
10000
10000
10000
10000
9993
9993
9993
9993
9993
9993
9996
9996
9996
10000
10000
9995
9995
8800
8800
8788
9780
9780
9992
9991
9991
9991
10000
10000
10000
10000
10000
5281
5281
7064
7064
7064
7064
10000
10000
10000
9995
9995
9395
9395
9395
9395
9395
9389
9389
9389
9389
9389
9389
9389
9389
9989
9989
9993
9998
10000
9519
7738
7738
7738
7738
7738
9429
9429
9429
10000
9192
5173
5977
9512
9512
9512
9512
9512
9512
9991
9527
9306
9306
9523
9989
9989
9989
10000
10000
9991
10000
9991
9333
9333
9333
9123
9123
9123
9123
8563
8563
8563
8563
8563
8563
8052
8052
8254
9432
9995
9995
9995
9479
9479
9994
10000
9998
9998
9471
9993
9993
9993
9984
9984
9973
9973
9973
9973
9973
9973
9973
9973
9982
9999
9999
9999
9999
9999
9993
10000
10000
10000
7305
10000
10000
10000
9517
9997
9989
10000
10000
10000
9287
9281
9988
9988
9988
9988
9988
9988
9988
10000
10000
10000
10000
10000
10000
10000
9531
8459
8459
9002
7739
9046
8379
8854
8854
8854
8854
8854
9323
9990
9990
10000
9525
9486
10000
10000
10000
10000
10000
10000
9997
9997
9997
9526
9526
10000
10000
10000
10000
10000
10000
10000
9522
9522
9522
9522
10000
9993
10000
10000
10000
9993
10000
9793
9793
9400
9400
9488
9530
9533
9533
10000
10000
9400
10000
10000
9990
10000
10000
10000
10000
10000
9994
9994
9994
9395
9395
10000
10000
9992
9992
9992
9992
10000
10000
10000
10000
10000
10000
10000
9989
9989
9992
9992
10000
10000
10000
9991
10000
9513
9513
9513
9985
10000
10000
9996
9996
9996
10000
10000
10000
10000
8801
8801
10000
8735
9520
9355
9355
9355
8562
9355
9828
9828
9993
9993
9314
9314
9314
9420
9420
9420
9420
9406
9971
9984
9984
9984
9993
9993
9997
9479
9479
7992
7992
7992
9479
9479
9479
9991
9991
9996
9996
9996
9996
9996
10000
9996
9996
9996
9996
9996
9996
9996
9996
9996
10000
10000
9998
9998
9998
9998
10000
10000
8208
10000
9324
9288
9288
9288
9288
9269
9269
10000
7069
7069
7069
6584
6584
6857
6857
7069
10000
10000
10000
9484
9779
10000
10000
7307
10000
10000
8220
8220
8220
8220
10000
9473
9473
9473
9473
9997
9626
8800
10000
10000
10000
10000
9990
9990
10000
10000
10000
9332
9332
9332
9332
8848
9330
9330
9330
9998
9998
9998
10000
10000
10000
10000
10000
10000
9777
9777
9777
9777
9770
9993
9993
9480
9993
9993
10000
10000
10000
9998
9998
9998
10000
9767
9090
9767
9992
9205
10000
9630
9630
9630
9630
9630
9630
9630
10000
10000
10000
10000
10000
10000
10000
10000
10000
10000
9511
9991
10000
10000
10000
10000
10000
10000
10000
10000
10000
10000
10000
10000
10000
10000
9996
9996
7068
7057
6583
6414
6414
6888
6888
6888
6888
9820
9820
9820
9987
9987
5360
5360
5360
5360
8290
8290
8290
8290
7721
8290
8790
9995
9995
9998
9973
9991
9991
9991
9991
9516
9516
9516
9983
9983
9994
9994
10000
10000
9993
8797
10000
10000
9998
9998
9998
9526
10000
10000
9515
10000
9995
9995
9995
9995
9995
10000
10000
10000
10000
9992
10000
10000
10000
9515
9515
9515
9994
9994
8798
9994
10000
9392
7610
8918
8918
8918
8918
8918
9526
9993
9993
9984
10000
10000
10000
8957
9528
10000
10000
10000
10000
10000
10000
10000
10000
9993
9785
9785
9785
9785
10000
10000
10000
10000
9997
9998
9998
9998
9998
9998
9998
9478
9998
9993
9993
9993
9993
9993
9207
9207
9207
9207
10000
9985
9995
9995
9995
9995
9995
9988
9981
9988
9995
9995
10000
10000
10000
8796
10000
10000
10000
10000
10000
10000
9991
10000
10000
10000
10000
10000
10000
9992
9992
10000
9994
9984
9996
9995
9995
9995
10000
10000
9292
10000
10000
10000
10000
10000
10000
10000
10000
10000
9996
9996
10000
10000
10000
10000
10000
10000
9998
9998
10000
10000
9995
9995
9995
9991
9996
10000
10000
10000
10000
9204
9775
9775
10000
10000
10000
10000
10000
10000
9993
9988
9995
9995
9995
9995
9988
9980
9988
9988
9988
9995
9325
9322
9322
9322
9322
10000
8799
10000
10000
10000
10000
9995
10000
10000
10000
10000
10000
8222
10000
10000
10000
10000
9994
9778
9778
9778
9406
9406
9399
9762
9762
9762
9993
9993
9993
9993
9318
7306
7306
9509
10000
10000
10000
10000
10000
9998
10000
9992
4413
4413
9994
9994
10000
10000
10000
9482
9395
10000
9999
9999
9999
10000
9992
9992
10000
9334
9334
9998
9998
9998
8217
8217
8217
8217
9500
9193
9983
9983
9510
9977
9977
9306
9306
9977
9975
9975
9975
9990
9990
9990
10000
10000
9986
9992
9992
9992
10000
9208
10000
10000
9533
10000
10000
9454
10000
9834
9205
10000
10000
9997
9997
9997
9997
9994
9997
9997
9997
10000
10000
9057
9057
9626
9450
9450
10000
9995
9995
9995
9993
9993
9993
9993
9985
9985
9985
9993
9993
9993
9998
9998
9627
9627
10000
10000
9434
10000
9994
9992
10000
10000
10000
9995
9995
9995
9995
9995
9995
10000
10000
10000
9399
9399
9399
9995
9995
9995
9523
10000
10000
10000
9990
9982
9982
9982
9982
9990
9990
9990
10000
10000
10000
10000
10000
9997
9997
9997
9997
9997
9830
9998
9990
9990
10000
10000
10000
9778
9626
9987
9987
9987
10000
9994
10000
10000
7306
7297
7297
9991
9991
9991
10000
10000
9385
9385
9385
9385
9385
9385
10000
10000
10000
10000
9326
9995
9631
9999
9999
9982
9982
9981
9990
9990
9995
9785
9762
9762
9762
9762
9762
9762
9096
9998
9998
9999
9832
9832
9817
9817
9817
10000
10000
10000
9991
9991
10000
10000
10000
10000
9994
9994
10000
10000
10000
9300
9300
9300
9300
9300
9300
9300
9300
9300
9300
9519
9993
9993
9993
9993
9993
9526
9992
9767
9992
10000
10000
10000
9989
9984
10000
10000
10000
9832
10000
10000
10000
10000
9983
9983
9994
8277
8277
8799
8799
8799
8799
9994
9782
9782
9782
10000
9991
9991
9991
9991
9991
9991
9991
9991
9993
9993
10000
9421
9986
9986
9986
9986
9986
9481
9481
9438
9438
9438
9438
10000
10000
10000
10000
8801
8801
8008
8008
8008
8008
8008
8008
8008
7519
7511
5061
8000
9199
9199
9199
9992
9992
9992
9992
9992
7068
7068
7068
9993
9993
9450
9450
9990
9982
9990
9482
9482
9997
9997
9997
10000
10000
9518
9518
10000
9991
9991
9522
9522
9522
9522
9991
9991
9991
9991
9997
10000
10000
9780
9780
9780
9761
9761
9994
9998
10000
10000
10000
10000
10000
10000
9623
9992
9175
9175
9175
9175
9395
9382
9382
9382
9518
10000
9996
10000
8856
8856
7658
7658
8132
9330
9330
6076
6076
6076
9430
9423
9423
9983
9461
9461
9983
9983
9815
9815
9815
9805
9805
9973
9973
9973
9973
9998
9998
9998
9998
9998
9998
10000
10000
10000
10000
7066
7066
7066
7066
5865
5865
5865
8799
8799
8799
8799
8799
9998
10000
10000
10000
10000
10000
9998
10000
9997
9997
9997
9997
9997
9997
9997
10000
9491
9483
9483
9483
9483
9483
9992
9997
9994
9482
9992
9992
9992
9992
9992
9997
9997
9999
9995
9995
9995
9995
9999
10000
10000
9998
9998
10000
10000
9995
9995
9993
9984
9984
10000
9993
10000
9785
9991
9997
9997
9997
9624
9624
9624
9624
9624
10000
10000
9990
9990
9990
6456
9995
9995
9995
9995
9995
9990
9990
9990
9990
9990
9990
9990
9990
9990
9990
10000
10000
10000
10000
9205
9205
10000
10000
10000
10000
10000
9999
9999
9999
10000
9997
9997
9997
9997
10000
10000
10000
9991
10000
10000
10000
9450
10000
10000
10000
9994
9994
9994
9994
9994
9994
9994
9994
9422
9421
9421
9993
9524
9004
9999
9999
7305
9998
10000
9998
9992
9983
9983
9986
9997
10000
9990
10000
9432
10000
10000
10000
10000
9631
10000
9997
9997
9430
8739
9033
9594
9594
9594
9966
10000
9319
9319
9995
9995
4413
10000
10000
10000
10000
10000
9779
9779
10000
10000
9996
9996
9996
9996
9995
9995
9400
9997
10000
10000
10000
10000
8597
8597
8032
9429
9994
9994
9994
9994
9994
9994
9994
9780
9403
9403
8790
9987
9987
9995
9995
9995
9995
9395
9395
9395
10000
10000
9992
9425
9994
9994
10000
9990
9999
9999
9398
9999
9999
9994
9991
9991
9991
10000
10000
9440
10000
10000
10000
10000
10000
10000
10000
10000
9997
10000
10000
10000
10000
9991
10000
9997
9529
9529
9529
9529
9529
9529
9529
9992
10000
8799
9997
9997
9324
10000
10000
9998
9998
10000
10000
10000
9435
10000
9398
9233
9233
9233
8749
8536
8523
8732
8732
9812
9812
9995
9995
9993
9993
9994
9994
9995
9995
9995
9995
9996
9996
9990
9996
9468
9468
9468
9468
9989
9989
9769
8717
8717
8937
9419
9419
9987
8219
10000
9792
9792
9792
9998
10000
10000
10000
9998
9998
9998
9998
9998
9998
9998
9998
9998
10000
10000
10000
9983
9983
9983
9977
9977
9977
10000
10000
7065
7065
9987
9997
9996
9996
9996
9996
10000
10000
10000
10000
9971
10000
9997
9834
10000
9433
9433
10000
10000
7306
10000
3800
10000
10000
9633
8793
8793
9992
9992
9992
9992
9992
10000
10000
9430
9397
9994
8217
8217
8217
8217
8217
8217
10000
9475
10000
10000
9378
9378
9512
9512
10000
10000
10000
10000
10000
10000
9992
9992
10000
10000
9996
9996
9996
9996
9996
9996
10000
10000
9999
10000
10000
10000
10000
10000
10000
10000
10000
10000
10000
9995
9993
9993
9993
9983
9983
9993
9987
9998
9998
9998
9998
9998
9998
9529
10000
9521
9521
9991
9991
9991
10000
10000
8220
9998
9998
9996
9996
9996
8802
9438
9438
9438
9780
10000
10000
10000
9994
9994
10000
10000
9997
10000
10000
10000
9434
9434
9434
9434
10000
10000
10000
10000
10000
10000
10000
10000
10000
9993
9399
9399
8718
9397
9397
9397
9991
9991
9991
9991
9991
9992
9992
9767
9767
10000
10000
10000
8217
8217
8217
10000
10000
10000
9780
9780
9991
10000
10000
10000
10000
9995
10000
9769
9769
9769
9769
9994
9994
9994
10000
9992
9992
9998
10000
9997
10000
9628
10000
10000
10000
10000
10000
9992
10000
9527
9436
9436
9998
9998
9998
9998
9998
10000
10000
10000
10000
9769
9769
9769
9093
9760
9203
9203
9673
9904
9904
9994
9994
8801
8801
9983
9983
9522
9437
9437
9437
9434
9434
9434
10000
9772
9772
9989
9989
9989
9989
9989
9989
9989
9989
9989
9989
9989
9989
9992
10000
10000
9388
9388
9388
9993
9993
10000
10000
10000
10000
10000
9994
9998
10000
6457
6457
6457
6457
6457
9399
9385
9385
9385
9385
9989
9997
9388
9388
10000
9996
9235
9235
8807
10000
9525
9525
9525
9421
9421
9421
9421
9421
9421
8806
8806
8806
10000
10000
9789
10000
10000
10000
9454
10000
8212
9995
10000
8794
9995
9995
9995
9995
9993
10000
10000
9998
9998
9966
9966
9998
9397
9397
9397
10000
9522
9522
10000
9525
10000
9508
9508
6582
6582
9979
9974
10000
9772
9772
9772
9772
9384
9384
9384
8792
8792
8792
9430
9430
9430
9430
10000
10000
9324
9324
9791
9476
8679
8679
8679
9830
9830
9390
9437
10000
10000
10000
9395
9395
9395
10000
10000
10000
10000
9998
9998
9403
10000
9997
9773
9773
10000
9206
9206
9206
10000
10000
10000
10000
9985
9985
9985
9997
9997
10000
9997
9830
9997
9997
9997
9997
9997
10000
10000
10000
10000
9996
9996
9998
10000
10000
10000
9200
9784
9270
9486
9486
9486
9486
9997
9997
10000
10000
10000
9203
10000
10000
10000
10000
10000
9991
9446
8924
8924
9446
9446
9991
9991
10000
9997
9997
9997
9997
9525
9525
10000
10000
10000
10000
10000
10000
9787
9787
9787
9787
10000
10000
10000
9439
9995
9995
9995
9472
9995
9995
9995
9995
9995
10000
9987
9987
10000
9991
9995
10000
10000
9990
9830
9239
9409
10000
10000
9408
9408
9408
9408
8806
8806
8806
10000
8682
8682
10000
10000
10000
9985
9997
10000
10000
10000
10000
10000
9454
9454
10000
10000
10000
10000
10000
10000
10000
10000
10000
10000
10000
10000
10000
10000
9985
9988
9988
9398
7069
7069
9997
9997
9997
9997
9997
9997
10000
10000
9063
9063
9063
10000
10000
10000
10000
9428
9428
10000
10000
10000
9999
9306
9306
9306
9995
9995
9995
9995
10000
10000
9997
9997
9992
9491
9491
9491
9491
9491
9403
9403
10000
10000
10000
10000
9991
9991
9991
9995
9995
10000
10000
10000
10000
10000
10000
10000
10000
10000
9995
10000
9482
9482
9478
9484
9484
9484
9996
9408
9408
10000
10000
9828
9828
9006
9997
10000
10000
10000
10000
10000
9991
9991
9991
9991
9991
9991
10000
10000
9998
7063
7063
7063
7063
7063
9970
10000
9984
9994
9994
10000
9993
10000
10000
10000
10000
10000
10000
10000
10000
10000
10000
10000
10000
10000
10000
10000
10000
10000
10000
10000
9333
9333
10000
10000
10000
8217
8217
8217
9997
10000
10000
9830
10000
10000
9997
10000
9990
10000
9990
9202
9202
9202
9285
9285
9997
9997
10000
9630
7748
7748
7748
8322
8322
9524
9528
10000
10000
10000
10000
10000
8597
9161
9161
9529
10000
10000
9997
9997
10000
10000
9527
9527
10000
9994
10000
10000
6695
9631
9422
9422
9422
9121
9490
9790
9790
9790
9790
9790
9995
9995
10000
10000
10000
10000
10000
10000
9529
9529
9529
10000
10000
9994
10000
10000
10000
10000
10000
10000
10000
10000
9321
10000
10000
10000
10000
9987
10000
10000
9989
9989
9486
9402
9997
9991
9993
10000
10000
10000
10000
10000
7063
7063
9988
9988
9988
10000
10000
10000
8799
9773
10000
10000
9991
9991
9991
9631
10000
10000
10000
10000
9996
9996
9996
8509
10000
7304
10000
10000
10000
9513
9513
9763
9763
9763
9763
9763
9088
10000
10000
9990
9990
9990
9990
9509
9509
9509
9990
10000
10000
10000
9994
9994
9250
9250
9250
9763
9763
9985
9994
10000
10000
9518
9518
9518
10000
10000
10000
9996
9992
9992
9992
9998
10000
10000
10000
9478
9996
9996
9996
10000
9993
9437
8803
10000
10000
10000
9981
9981
9197
9991
10000
10000
6267
6267
7062
9994
9994
9997
9997
9997
9997
9997
8976
10000
9209
9209
9209
10000
10000
10000
10000
10000
10000
10000
10000
10000
8082
8082
8077
8077
8881
8881
9479
9454
9454
9454
9991
9991
9985
9395
9395
9330
9782
9772
9990
9990
9990
9990
9983
9983
9983
9983
9992
10000
10000
10000
10000
10000
10000
10000
10000
9451
9451
9519
10000
10000
10000
10000
9995
9995
9517
9995
10000
9998
9785
9202
8534
9532
9532
9532
9830
9830
9830
10000
10000
10000
10000
10000
9511
10000
10000
10000
9323
9323
9998
9998
10000
9993
9993
9992
10000
10000
10000
10000
10000
10000
10000
10000
10000
10000
10000
10000
10000
10000
10000
10000
10000
10000
10000
10000
10000
10000
10000
10000
9482
9482
9999
9999
9999
10000
9992
9992
9993
9993
9993
9993
9993
9993
9993
9993
9993
9520
10000
9396
9396
9396
10000
10000
10000
10000
10000
10000
10000
10000
10000
8798
8798
8798
8798
8798
8798
8798
9977
9992
9992
9989
9989
9992
9995
9995
9986
9994
9997
9997
9997
9999
9999
9999
10000
9995
10000
10000
10000
10000
10000
10000
9996
10000
9996
10000
10000
9991
9998
9998
10000
10000
9995
9998
9998
9998
9998
9998
9998
9998
9998
9996
9992
9782
9782
9782
9992
9992
9992
9992
9993
9993
9996
9158
9158
9158
9989
9984
9984
9984
9984
9992
9992
9995
9995
9995
9989
9995
9995
9997
9997
9830
9830
9997
10000
9997
9399
10000
9196
9196
9997
10000
10000
10000
9990
9990
9768
10000
9991
9393
9393
9391
8882
8882
9989
9998
9991
9991
9998
9998
9998
9998
9998
9998
9998
9998
9998
9317
6622
6622
7302
7302
7302
9774
9997
10000
9439
9439
8893
8893
8162
8162
8162
8929
8929
9491
7062
7062
7062
7062
7062
7062
7062
6500
9436
9436
9998
10000
10000
9987
9987
9987
9987
9987
9500
8942
8237
8705
8215
9995
9995
10000
8802
10000
10000
10000
8220
8220
10000
10000
10000
10000
9976
10000
9173
9173
9162
9162
9162
9162
9966
9980
9980
9980
9980
9980
9980
9980
9991
9991
9995
9990
9990
9995
9995
10000
10000
10000
10000
9209
10000
9997
9997
10000
9442
9315
10000
10000
10000
9992
9992
9992
9992
9999
9999
9990
9990
9990
9990
9990
9990
9990
9990
10000
9828
9828
9828
9828
9828
9828
9995
9995
8640
8584
8061
8055
8059
8582
8582
8582
8582
8582
8582
8582
8582
9189
9189
9976
9976
9996
9996
9998
9998
9998
9996
9996
9996
9996
10000
9323
10000
10000
10000
10000
7068
7068
7068
7068
7068
10000
10000
10000
10000
9328
9328
9328
9324
9324
9324
9324
9324
9324
9324
9989
9776
9776
9996
9996
8796
9996
9996
9996
9996
9993
9470
9512
9512
9503
9503
9996
9996
10000
9512
9992
9992
9992
10000
10000
10000
10000
9300
9300
9300
9300
9300
9769
9769
9769
9995
9518
10000
10000
10000
10000
10000
10000
10000
10000
9452
9452
9452
9452
9452
9452
10000
10000
8799
9993
8508
8508
8508
8508
8508
9995
10000
10000
10000
10000
10000
9392
9392
9392
9392
9392
9392
9392
9392
9392
9206
9995
9998
9998
10000
10000
10000
9509
9998
9974
9778
9998
9513
9995
9995
9995
9995
9995
9995
9995
10000
10000
10000
9207
9402
10000
10000
10000
10000
9319
9319
9319
9491
9491
9491
9491
9998
9998
9998
10000
10000
9991
9196
9485
9485
9485
9991
9525
9525
10000
10000
9434
9994
9994
9994
9994
9994
10000
6456
10000
10000
9992
9992
9997
10000
10000
8806
8806
8806
8806
8806
9993
10000
10000
10000
10000
10000
9393
9994
9994
9994
9994
9330
9330
8959
9330
9330
9330
9830
10000
10000
9202
9202
9991
9991
9998
9998
10000
10000
10000
9987
9987
9983
9983
8305
8789
9996
10000
10000
9829
9981
9981
10000
10000
10000
9792
9792
10000
10000
10000
10000
10000
10000
9992
9992
10000
4413
10000
10000
6456
6456
6456
5937
5937
5937
5937
5937
5937
9108
6174
9627
9627
9627
9998
9998
9998
9998
10000
9978
9978
9991
9996
9996
9996
9996
10000
9988
9995
9995
9995
10000
9990
10000
9992
9992
9477
9983
9983
9990
9987
9994
9476
9476
9473
10000
10000
10000
10000
10000
9325
9325
9325
9325
10000
10000
9776
10000
10000
10000
9996
9996
9996
10000
10000
10000
9783
9783
9783
9623
9623
10000
8698
9311
9311
10000
9325
8719
9325
9516
10000
9993
9993
9997
9994
9994
9994
9994
9992
9992
9519
9519
9519
9519
9519
9519
9519
9992
7068
10000
9994
10000
10000
10000
10000
10000
10000
10000
10000
9783
9103
9783
9783
9102
9783
9783
9783
9774
9991
9991
10000
10000
10000
10000
10000
10000
10000
10000
9992
9992
10000
10000
10000
9405
9405
9405
10000
9992
10000
8219
9997
10000
9993
9993
10000
9453
9453
9453
9453
9453
10000
9992
9981
9999
9999
9999
9999
10000
10000
10000
9994
10000
9994
9994
9994
10000
9992
9992
9992
9992
9992
10000
9993
9993
9993
9993
9993
10000
9997
9997
9204
8678
9990
9406
9406
9406
9406
9406
9406
9401
9983
9983
9988
9988
9988
9993
9993
9998
9998
9998
9998
10000
10000
10000
10000
9521
9521
9492
9492
9492
9492
10000
9396
9396
9396
9396
10000
9791
9791
9791
9791
9791
9791
10000
10000
10000
10000
10000
10000
9520
9520
9520
10000
10000
10000
10000
10000
10000
10000
10000
10000
10000
9996
9990
9990
9990
9997
10000
9998
9988
9988
9988
9988
9984
9984
9984
9984
9998
10000
10000
9995
9994
9395
9993
9993
8724
8724
8714
9317
10000
10000
9318
9318
9318
9993
10000
10000
10000
9790
9790
9790
9317
9308
9308
9308
9317
9317
9317
9317
9317
9317
9527
9527
8645
8645
9309
9990
9995
9995
9998
10000
9391
9391
9391
9391
9391
10000
10000
10000
10000
10000
10000
10000
7306
7306
9982
9992
9992
9992
10000
9528
9528
9528
10000
9994
9481
9994
9994
9974
9994
9994
9994
9994
10000
9999
9997
9997
9997
9998
9518
8711
8703
8703
9504
9984
9979
9979
9480
9480
9480
10000
10000
9325
9325
9325
9325
9994
10000
10000
10000
9996
9391
9384
9514
9760
9760
9758
9758
9981
9988
9994
9998
9998
8720
8720
9513
10000
10000
9834
9834
9834
9834
10000
10000
10000
10000
10000
10000
10000
10000
8800
9993
9986
9993
9993
10000
10000
9995
10000
10000
10000
9778
9778
9778
9778
9778
9778
9778
9990
10000
9516
10000
9786
10000
9776
9776
9995
9995
9995
9401
9401
9524
9990
9990
10000
10000
9778
9778
10000
10000
10000
9789
9993
9993
10000
10000
10000
9997
9998
9398
9998
9998
10000
10000
9997
9997
9997
9997
9997
9425
9425
9425
10000
9999
10000
10000
10000
9398
9488
9488
9488
9488
10000
8807
8807
8807
8807
8807
8807
10000
10000
9997
9991
9991
10000
10000
10000
10000
9518
8917
10000
8790
9834
10000
10000
9990
9990
10000
10000
10000
9994
9994
9996
9484
9472
8792
8792
8792
8792
8792
9989
9989
10000
10000
10000
8222
10000
10000
10000
7064
6856
9792
10000
10000
9994
9994
8922
10000
9997
10000
10000
10000
9997
9518
9990
9992
9631
10000
10000
9994
9994
9994
10000
10000
10000
10000
9996
10000
9998
10000
9043
9043
9043
9987
9987
9987
9987
10000
10000
10000
10000
10000
9992
10000
9322
9322
9322
10000
9431
9431
9439
8766
8766
8766
10000
10000
10000
10000
9991
9991
9991
9981
9405
9405
9402
9402
9964
9964
8155
9960
9960
9960
9960
9960
9880
9960
9997
9997
9393
9393
9393
9374
9374
9993
9993
10000
10000
9632
10000
10000
9264
9264
9264
8719
8719
8719
8135
8132
9475
9480
9480
9480
9399
9399
9997
9395
9395
9395
9395
9395
9985
9981
9991
9991
9041
9041
9041
10000
9993
9993
9423
10000
10000
9996
9996
9834
10000
10000
10000
9991
9990
9990
9990
10000
9991
9991
9995
9995
9995
9995
9197
9197
9197
9197
9197
9197
9190
9190
9991
9989
9989
9989
9998
9394
9394
9394
10000
10000
10000
10000
9997
9997
9997
9997
9997
9387
9387
9387
9519
9519
9519
9519
9519
9999
9999
10000
10000
10000
10000
10000
10000
8801
9998
10000
10000
10000
10000
10000
10000
10000
5902
5902
7061
10000
9768
10000
10000
9770
9770
10000
9334
10000
9432
9432
8962
8962
8962
9527
9527
10000
10000
7446
7446
7446
7446
7446
7446
7446
7446
9316
9998
10000
10000
10000
10000
10000
10000
10000
10000
10000
8722
8722
8722
8205
8193
8997
8997
8997
9466
9466
9466
9471
9985
9985
9985
9985
9985
9977
9977
9977
9977
9989
9997
9988
10000
10000
9790
10000
9995
9995
9995
10000
10000
9518
9518
10000
10000
9835
9835
9835
9201
9201
9201
9201
9525
9525
9525
9996
9996
9996
10000
9992
9988
9996
9996
9996
7065
7065
7065
7065
7065
7065
7065
9996
10000
7064
10000
10000
9998
9998
9998
9998
10000
9447
9433
9433
9997
9997
9997
9997
9997
9993
9993
10000
9997
9997
9990
9987
9988
9988
9994
9994
9994
9994
9994
10000
10000
10000
9997
9997
9997
9997
10000
10000
9454
9324
10000
10000
10000
9993
9993
10000
9991
9991
9991
9506
9526
9526
9526
9993
9993
9993
9995
9991
9991
9991
9991
10000
10000
10000
9976
10000
9998
9998
9998
9998
10000
10000
10000
9991
9991
10000
10000
10000
9508
9508
9990
9990
10000
9778
10000
9998
9998
9991
9303
9303
9303
8690
9369
9162
9770
9986
9986
9995
9995
9995
10000
10000
9986
9983
9983
9983
9997
9980
9980
9980
9980
9980
9965
9965
9982
9997
9988
10000
9996
9996
9510
9510
9510
9510
9986
9977
9977
9977
9967
9967
9976
9982
9991
9991
9991
9991
9995
9995
9993
9993
9993
9993
10000
9434
9454
9995
9995
10000
10000
10000
9997
9997
9998
10000
9492
9492
9492
9492
9492
10000
10000
9435
10000
10000
10000
9480
10000
10000
10000
9779
10000
10000
9991
8802
8802
10000
10000
10000
10000
9523
9523
9513
9513
9513
9513
9513
9513
9438
9990
9987
9987
9994
9994
9491
10000
10000
9521
9521
9793
9993
9407
10000
10000
9995
9995
9995
9995
9995
9995
9995
9995
9995
9995
9995
10000
9996
9995
9995
9995
9995
9995
9992
9992
9997
10000
10000
9515
9515
10000
10000
10000
10000
9786
9786
9318
9318
9318
9996
8211
9987
9987
9518
9518
9518
9518
9518
9994
9996
10000
10000
9994
9997
9989
9989
9989
9989
6445
6445
5960
5946
5946
5946
5946
9474
9978
9978
9993
9993
9993
9197
9997
9997
9999
9999
9202
9202
9202
9202
9202
9999
9999
9407
10000
10000
10000
10000
10000
10000
9990
9990
9990
9990
9990
9990
9990
9990
10000
10000
10000
10000
10000
9406
9997
10000
10000
10000
9991
9991
10000
6383
6383
10000
10000
10000
8080
9283
9283
9047
9047
9038
9038
8430
8430
9038
9603
9603
9603
9603
9603
9976
9985
9977
9977
9977
9977
9990
9995
9995
10000
10000
9991
9774
9772
9772
9772
9300
9507
9507
9507
9997
9997
9999
10000
10000
10000
10000
10000
9397
9997
9997
10000
10000
10000
10000
9990
9990
10000
10000
9997
9997
9997
10000
10000
10000
10000
10000
10000
10000
10000
10000
10000
10000
10000
10000
10000
10000
10000
10000
10000
9533
10000
10000
9992
10000
9998
9998
10000
10000
10000
10000
10000
10000
10000
9433
9433
9770
10000
9992
9992
9992
9992
10000
9994
9994
9994
10000
10000
10000
10000
10000
9166
9166
9166
9166
9166
9166
9161
9383
9383
9383
9383
9383
9383
9383
9980
9980
9980
9980
9980
9758
8496
8496
8496
9978
9978
9978
9978
9987
9323
9993
9993
9993
9984
9984
9993
9998
9998
9995
9622
9992
9995
9995
9995
9998
9998
10000
10000
9993
9993
9993
9993
10000
10000
10000
9326
9326
9326
10000
10000
10000
10000
10000
10000
9998
9994
10000
9997
9998
9998
9998
9489
9321
10000
10000
10000
10000
10000
9782
9154
9154
9152
9152
9152
9992
9998
9514
9514
10000
10000
10000
10000
10000
10000
10000
10000
9331
9331
9206
9206
9206
10000
9992
9318
9318
9318
9990
9990
9990
9990
9990
9990
9990
9990
9990
9990
9990
10000
9996
9996
10000
10000
10000
9358
9358
9358
9832
9832
9832
9832
9832
10000
10000
9990
10000
10000
9995
10000
9777
9777
9777
9777
9777
9777
10000
10000
10000
10000
9986
10000
9998
9998
10000
9993
10000
10000
10000
10000
10000
9515
9781
10000
9998
9998
10000
9968
9993
10000
10000
10000
9488
9488
9488
9488
9488
9488
9488
9488
9488
9488
9488
10000
10000
10000
10000
9998
9998
10000
10000
9517
9517
9517
9991
9991
9469
9466
9995
9995
9995
9989
9989
9993
9998
9998
9998
10000
10000
10000
9489
9489
9488
9482
9482
9993
9443
9999
9991
9991
9519
9519
9991
10000
10000
9399
10000
10000
9201
9201
9201
9201
9201
9201
9201
9201
9201
9428
9428
9428
9428
10000
10000
9999
10000
9993
9993
10000
9207
9401
9401
9401
9776
10000
9993
9998
10000
10000
9451
7673
9451
9451
10000
10000
10000
9520
9520
9520
10000
10000
10000
10000
10000
7307
10000
9401
9401
9401
9996
9986
9986
9986
9427
9427
9996
9996
9996
9996
9996
9996
9996
10000
10000
9999
8221
8221
9999
10000
9990
10000
10000
10000
7067
7067
7067
7067
7067
7067
7067
10000
10000
9520
10000
10000
9519
10000
9448
9998
9998
10000
10000
10000
10000
9427
9989
9989
9994
10000
9833
10000
10000
9994
10000
9319
9319
6385
6385
7062
7062
7062
9985
9985
9996
10000
9487
9487
9980
9499
9499
9980
9429
9429
9980
9980
10000
10000
10000
8260
8260
8260
8260
9994
9994
9994
9907
9907
9907
9907
9987
9994
10000
10000
10000
10000
10000
9631
9631
9631
9631
9631
9631
9631
9631
9631
9631
9631
9990
9990
10000
10000
9996
9996
10000
10000
9988
9995
10000
9997
9997
9997
9997
9997
9997
9970
9438
10000
10000
9432
10000
9998
9998
8219
8219
8219
8219
9998
9998
9998
9998
9199
9995
9988
9988
9988
9977
9977
9977
9977
9977
9977
9977
9977
9977
9282
9282
9282
9282
9976
9976
9976
9983
9983
9983
9983
9989
9989
9989
9994
10000
10000
10000
9436
9211
9211
10000
10000
10000
10000
10000
10000
10000
9991
10000
9997
10000
10000
10000
9997
9523
9523
9474
9474
6540
7063
7063
7063
7063
7063
7063
9991
9991
9983
9983
9983
9983
10000
9394
9394
9394
9394
10000
9489
9489
9489
10000
10000
10000
10000
10000
9769
9769
9383
9383
10000
10000
10000
10000
10000
10000
10000
10000
9997
9997
10000
10000
10000
10000
10000
10000
10000
10000
10000
10000
9991
9397
9397
9986
9986
9986
9600
9137
9137
9137
9137
9137
8343
9809
9976
9976
9976
9976
9976
9976
9976
9983
9983
9995
9995
10000
10000
9997
9997
9997
9628
10000
9991
10000
10000
10000
10000
9526
9526
9042
9042
9042
9524
9516
9975
9975
9974
9974
9753
9753
9748
9748
9748
9748
9146
9141
9130
9130
9130
9732
9732
9732
9732
9732
9732
9953
9953
9953
9953
9953
9944
9971
9988
9988
9988
9988
9988
9998
9998
9998
9998
9998
9999
9999
10000
9991
9996
9987
9987
9996
9996
9996
9996
10000
10000
10000
10000
9402
9983
9983
9983
10000
10000
10000
10000
10000
9774
9985
8782
8773
8773
8773
8773
8773
8773
8773
8773
9976
9976
9976
9976
9983
9992
9998
9998
9993
10000
10000
10000
10000
9775
9775
10000
10000
9999
9999
10000
10000
10000
9475
9475
9475
9475
9475
9990
10000
8650
10000
10000
9997
10000
9491
10000
10000
10000
10000
10000
10000
10000
10000
10000
10000
10000
9396
9396
10000
10000
9995
9996
9394
9394
9394
9394
9394
9394
10000
8805
10000
9996
9996
9996
9996
9996
9996
10000
10000
9992
9992
9992
9998
9998
9998
9998
9998
9319
9319
10000
10000
8219
10000
10000
9206
10000
10000
10000
10000
9994
9994
9401
9401
9994
9519
9519
9995
7305
10000
9995
9995
9995
9991
10000
10000
10000
10000
9524
10000
9403
9403
9403
10000
10000
10000
10000
10000
10000
9998
10000
9995
9995
9995
9995
10000
10000
10000
10000
9979
9979
9979
9979
10000
10000
10000
10000
10000
10000
10000
9992
9997
9997
9989
9989
9989
9989
9989
9989
9997
10000
9400
9400
10000
10000
9994
9994
9519
9519
9991
8213
8213
8213
10000
10000
10000
10000
10000
8683
8683
8683
9482
8872
8692
8692
5762
5762
5762
5762
5762
5762
5762
5762
5762
8679
8679
9191
9191
9191
9181
9971
9971
9981
9981
9990
9990
9996
9996
10000
10000
4413
4413
4413
4413
9995
9995
9996
10000
10000
9991
9991
9529
9529
9529
9529
9529
9529
10000
10000
10000
10000
10000
9211
8532
10000
10000
10000
10000
9983
9992
10000
9992
9992
9992
10000
10000
10000
10000
8803
8803
8798
9989
9989
9989
9995
9995
9995
10000
9793
9995
10000
9993
10000
10000
9998
9998
9998
9998
9385
8799
10000
10000
10000
9990
9990
9990
9990
9990
9990
9990
9831
9831
10000
10000
10000
10000
10000
9993
9988
9988
9988
9995
9995
9995
9382
9378
9378
9376
9376
9367
9980
9989
9989
9989
9989
9988
9616
9616
9616
9988
9988
9988
9988
9988
9993
9997
9999
9999
9999
9999
9999
9391
9391
9391
9206
9206
9206
10000
10000
9998
9522
9522
9522
9522
9522
9522
9998
9474
9403
9403
9403
9403
10000
8839
8839
8839
9439
9439
9439
9481
9998
10000
10000
8218
8218
10000
10000
10000
10000
10000
10000
10000
10000
9998
9998
9998
9516
9516
10000
9985
10000
10000
10000
10000
9532
9532
9532
10000
10000
9995
8219
8219
10000
10000
9777
9777
9777
9997
9997
9997
9521
9521
9521
9521
10000
10000
10000
10000
10000
9994
10000
9431
9417
9417
9986
9986
9986
9986
9999
9999
9999
9999
10000
9998
9998
9998
9998
9998
9998
10000
10000
9993
9993
9993
9993
9993
10000
9998
10000
10000
9996
9996
10000
10000
10000
9521
9999
9999
10000
9777
9174
9174
9174
9392
9168
9168
9392
9392
9392
9998
9998
9998
10000
10000
10000
8794
8794
8794
8575
8563
8563
9975
9975
9975
9997
8804
8804
8804
9998
9998
9998
10000
10000
9991
9991
9991
9991
10000
10000
10000
9990
10000
7065
7065
7060
9989
9989
9989
10000
9516
9516
9516
10000
10000
9991
9991
10000
10000
10000
9518
9518
9518
9793
9793
9793
10000
9993
9993
9993
9993
9989
9989
9989
9990
9990
9992
9988
9993
9993
9977
9977
9518
9992
9992
9999
9999
9782
9780
9780
9998
9998
10000
10000
10000
10000
10000
10000
10000
10000
9996
9996
9996
9992
9992
9987
9987
10000
10000
10000
10000
10000
8220
9997
9525
10000
9993
10000
10000
10000
10000
10000
10000
9395
9395
8722
8722
10000
10000
10000
10000
10000
9997
9997
9997
9997
10000
10000
9439
9439
9429
9429
9429
9429
10000
10000
9988
9988
10000
10000
10000
9832
9832
9832
9832
9832
9994
10000
9486
9468
9992
9992
10000
10000
9319
9772
9772
9999
7998
7998
7998
7998
8221
7091
7706
10000
10000
9396
9396
10000
9998
9998
9998
9998
9998
9998
9630
10000
9990
9990
9786
9786
9786
10000
9448
9448
5419
9991
9997
9997
9997
9997
9997
10000
9996
9996
9405
9405
9405
10000
9453
9993
9993
9992
9992
9992
9823
9818
9816
9995
9995
9995
9995
9999
8803
10000
9995
9995
9995
9990
9763
9192
10000
9997
9997
9997
10000
10000
8803
8803
8803
5850
8803
8803
9409
9409
10000
10000
10000
10000
10000
9998
10000
9997
10000
10000
10000
9995
9994
6463
9973
9967
9967
9967
9980
9988
9988
9988
9988
9987
9979
9992
10000
10000
10000
9490
9974
10000
9773
9997
9997
9985
9985
9985
10000
9990
9990
9989
9989
9512
10000
10000
7068
9971
9963
9963
9493
9493
9493
9493
9493
9990
9990
9998
9998
10000
9990
9990
9998
10000
10000
10000
10000
10000
10000
10000
10000
10000
10000
9999
9432
9986
9996
9997
9997
9997
9997
9397
9999
9999
9999
9999
10000
9994
10000
9397
9782
9996
9514
9996
9390
9390
9990
9990
9401
9781
9781
10000
9323
9323
9323
9323
9992
10000
10000
10000
10000
10000
9992
9992
9992
10000
10000
8217
8217
8217
8217
8217
8217
8210
8210
8210
9993
9993
9993
9633
9990
9991
10000
10000
9990
9982
9982
9982
9990
9998
9998
10000
10000
10000
9998
8231
9420
9420
9420
9420
9420
9980
9980
9980
9980
9980
9988
9988
9515
9988
9785
9785
9992
10000
9996
9996
9996
10000
10000
10000
10000
9769
9769
9769
9988
9998
9787
9998
9524
9997
9997
9998
9787
10000
10000
9991
9991
9991
9991
9991
9203
9997
9768
10000
9993
9993
9473
9993
10000
10000
10000
9453
9453
10000
10000
10000
10000
10000
10000
9997
9997
9788
9788
9788
10000
10000
9997
9997
9997
9997
9997
9997
9997
10000
10000
10000
9994
9994
9994
9994
9994
9994
10000
10000
10000
9995
9995
9995
9995
9995
9995
9396
10000
10000
9994
9994
9994
7298
7298
7298
7298
7298
7298
7298
7298
7298
6606
6606
5888
6100
6100
6100
9995
9995
9994
9994
9994
9994
9994
9994
9994
9994
10000
10000
9997
9997
9997
9997
9997
9997
8217
8217
8217
8217
9997
9997
10000
9433
9424
9991
10000
10000
10000
10000
9479
9479
9479
9479
10000
10000
9478
9478
9478
9478
9478
9478
9478
9478
9478
9478
9478
10000
9327
5229
5229
5229
5229
5228
5228
5228
5212
8755
8755
8755
8755
9308
9989
9989
9994
9994
9999
9993
10000
10000
7307
7307
9527
9993
9332
9332
9332
9332
8222
9436
9436
10000
9330
9311
9981
10000
10000
10000
9999
9999
9999
8800
8800
8800
8800
10000
9997
9302
9302
9997
9987
9991
9991
10000
8219
8219
8219
8219
8219
9993
9409
9403
9994
9994
10000
9785
9785
9183
9183
9183
9994
9994
8726
9289
9289
9289
9289
9993
9988
9988
9995
9995
9995
9995
10000
9405
9405
9405
9405
9405
9405
10000
8508
8508
8508
8508
8508
9995
10000
10000
9778
9475
9475
9475
9476
9473
8912
9997
9997
9204
9204
9981
9981
9981
9981
9997
9997
9997
10000
9209
9477
9477
9790
9790
9790
9317
9317
9317
9989
10000
9779
10000
10000
10000
10000
10000
9395
9395
9475
9995
9995
9995
9995
9995
9995
9997
9521
9521
9329
9997
9997
9997
9992
9992
9992
9992
9988
9997
10000
10000
10000
9990
10000
9320
9320
10000
9988
9988
9988
9996
10000
7068
9992
9992
10000
9992
9992
9989
9309
9309
9309
9309
9991
9991
8790
8790
8790
8790
9991
9991
9994
9997
9997
10000
10000
10000
9992
9999
8871
8871
8871
9391
9391
9999
9999
9999
9999
10000
10000
9996
9996
8801
8801
8801
8801
9988
9998
9998
9998
9998
9994
9998
9998
9998
9998
9998
9986
9996
9996
9996
9996
9996
9991
9991
9986
9986
9986
9986
9995
9997
9991
9991
9991
9991
9996
9996
9996
9996
9996
9990
9990
9990
9990
10000
10000
10000
9792
9792
9991
9998
9322
9322
9429
8935
8935
8820
8820
9417
9414
9414
9414
9414
9992
9992
9997
10000
10000
9994
9994
9994
9994
9994
9994
9994
10000
9334
10000
10000
10000
10000
9835
9835
9835
9999
10000
9991
9996
9996
9996
9996
9996
10000
10000
10000
10000
10000
9533
10000
9997
9997
9997
10000
10000
8831
8831
8831
9434
9434
9434
9434
9434
10000
10000
10000
9995
9991
9991
9977
10000
10000
10000
6786
7306
7306
7306
7306
10000
10000
10000
10000
10000
10000
9993
9993
10000
9994
9994
9994
9994
9430
10000
9396
9999
9999
9999
9999
9992
9829
9462
9462
9462
9462
9462
9996
9996
9996
9631
9631
10000
9319
9304
9979
9979
9979
9979
9995
9995
9995
10000
10000
9203
9993
9993
9993
10000
10000
10000
9995
9995
9319
9995
9995
10000
10000
10000
9990
10000
10000
10000
10000
10000
9993
10000
10000
10000
10000
10000
10000
9992
9992
9992
9774
9992
10000
9995
9995
9995
9998
9998
10000
10000
10000
9516
9447
9447
10000
9407
9476
9476
9476
10000
10000
10000
10000
10000
9517
10000
10000
10000
10000
10000
9989
9989
9426
9426
9426
9426
9426
9422
9985
9993
10000
9831
10000
9992
10000
10000
10000
10000
9993
9993
9982
8796
8796
9199
9199
9199
9199
9190
9982
9982
9993
9993
10000
10000
10000
9410
9410
9410
7306
10000
10000
9994
9988
5889
5889
9988
10000
9994
10000
9990
9983
9981
9981
9207
9207
7304
9993
10000
9991
9991
9991
9991
9984
9984
9991
9991
9991
9991
9991
9971
10000
9767
10000
10000
9999
9999
9999
9999
9779
9779
9779
9769
9985
9995
9995
9995
10000
10000
9448
9442
9442
9442
5898
9994
9994
9994
10000
10000
9833
10000
10000
10000
10000
9480
10000
10000
6456
6456
10000
9788
10000
10000
9430
9430
10000
10000
10000
9527
9527
9522
10000
9998
9998
9434
6499
9434
10000
8805
9998
9998
9998
10000
9448
9448
9448
9448
9448
9986
9986
9986
9986
9986
9997
9997
9997
10000
10000
10000
9427
9427
9427
9427
9998
7302
7302
9998
9998
9993
9993
9993
9993
10000
10000
10000
10000
9770
9998
8217
9998
9993
9989
9994
8322
9996
8806
8806
9998
9998
9998
9998
9402
10000
9996
10000
10000
8806
10000
10000
10000
9997
9997
9997
9997
10000
9989
9994
9994
9983
9994
9994
9990
9994
9994
9995
9995
10000
9995
10000
9778
9778
9206
9206
10000
9518
10000
10000
10000
10000
10000
9519
8729
9210
9210
9210
9210
9210
10000
9440
9993
9442
8639
8639
9995
9995
9995
9995
9439
9439
9439
9439
10000
10000
10000
10000
10000
10000
9406
9406
9406
9406
9406
9406
9397
9397
9397
9397
10000
10000
9991
9197
9994
10000
9483
10000
9991
9991
10000
10000
10000
8960
8960
8960
9527
9527
9995
9995
9995
9997
9997
9997
10000
10000
10000
9995
9995
9996
9996
9996
10000
10000
10000
10000
8805
10000
10000
10000
10000
10000
10000
9321
9321
9321
9318
9996
9400
9400
9400
10000
10000
10000
10000
10000
10000
10000
10000
9995
9995
9995
9998
9998
9998
9998
9994
9211
9211
9211
10000
9995
9992
9992
9992
9992
10000
9396
9999
9999
10000
10000
10000
9771
9764
9980
9980
9988
9988
9399
9399
9399
9988
9988
9995
10000
10000
10000
10000
10000
10000
9516
9835
9835
10000
10000
9993
9993
9520
10000
10000
10000
8806
10000
10000
10000
10000
10000
10000
10000
9994
9994
9994
9471
9993
9993
9983
9983
9984
9984
10000
9990
9990
9990
9979
8865
7106
6309
8651
9765
9980
9993
9983
9983
9983
9993
9993
9993
9993
9991
9991
9991
9974
9991
9991
9443
9443
9443
9995
9995
9997
9990
9983
9983
9983
9990
9990
9999
9999
9999
10000
10000
9197
9197
10000
9992
9207
10000
10000
10000
10000
9992
9992
8789
9992
9992
9205
9205
9205
9205
9205
10000
9781
9998
9994
10000
10000
10000
10000
10000
10000
9992
9992
9992
9993
9993
10000
9481
9997
9997
9997
9997
9994
9994
9994
9994
9821
9821
9821
9821
9821
9998
9998
9516
9991
9991
9991
9991
10000
9990
5886
9984
9984
9997
9997
9997
9523
9523
8920
8920
10000
10000
9990
9990
9990
10000
10000
10000
10000
9994
10000
9996
9996
10000
10000
10000
9330
9330
10000
9997
10000
10000
9990
10000
9397
9994
9994
9994
9994
9398
9398
9398
9398
9398
9398
9398
9995
7067
9207
10000
10000
9995
10000
9991
9983
9983
9983
10000
10000
10000
9190
9190
9190
8981
9778
10000
9632
9428
9998
9998
9998
9198
9198
9998
9998
9525
9525
9525
9525
10000
9399
9399
10000
10000
10000
9994
9998
9445
9445
9445
9443
9236
9236
9789
9789
9527
9527
9527
9527
9998
9998
10000
9993
9993
9993
9993
9432
9432
9432
8883
9432
10000
9820
9437
9437
9437
9990
9331
9995
9995
10000
10000
10000
10000
9787
10000
10000
9199
9773
9773
9773
9773
10000
10000
10000
10000
9996
9475
8065
9065
8920
9435
9435
9435
9436
9436
9436
9992
9992
9992
9920
10000
9990
9770
10000
9438
9438
9998
9998
9998
10000
10000
10000
9997
9997
9997
10000
10000
10000
10000
10000
9991
9996
9996
9996
9996
9996
9996
8800
8800
8800
8800
8800
10000
9994
9982
9982
9982
9979
9973
9973
9981
9981
9981
9981
9981
9981
9981
9979
9990
9990
9984
9988
9988
9988
9988
9988
9989
9989
9989
9997
10000
9993
9991
9991
9998
9990
9994
10000
10000
10000
10000
10000
7062
7062
7062
9483
9481
9481
10000
10000
10000
10000
9486
9483
9483
9483
10000
10000
10000
9994
9994
9994
9994
9994
9994
9994
9994
9390
9989
9989
9995
9993
9993
9994
9023
9023
9023
9023
8854
9454
9454
9454
9612
9612
9612
9612
9612
9612
9983
9983
9983
9991
9985
9997
9997
9997
9997
9997
10000
8806
8806
8806
10000
10000
9994
9991
9988
9988
9988
9997
9997
9997
9997
9993
9993
9993
9986
10000
9398
9398
9997
9997
9206
10000
7061
7061
10000
10000
10000
8807
10000
9789
9477
9997
9992
9992
9992
9992
10000
10000
10000
9988
9996
9996
9996
9996
9506
9506
9985
9985
9985
9985
9193
9193
9996
9996
10000
9438
10000
10000
10000
10000
10000
10000
10000
10000
10000
10000
10000
10000
9427
9427
9993
9992
9992
9992
9992
9992
9992
9992
10000
10000
10000
10000
10000
10000
9995
10000
10000
10000
10000
9987
10000
9782
9782
10000
10000
9996
9203
9203
9203
9203
9203
9203
9998
9998
9998
9998
9998
9202
9202
10000
9451
9451
9451
9451
9830
9623
9793
10000
10000
10000
10000
10000
10000
10000
10000
5901
5901
9324
9317
9317
9317
9317
9317
9317
9993
9985
9985
9985
9985
9998
9997
9997
9989
9997
9997
9997
9997
9997
9997
9997
9997
9997
9997
9997
10000
9997
10000
10000
9992
9432
9988
9988
9988
9988
9988
9988
10000
9998
9998
9998
9998
8801
8801
8234
7725
8292
8801
8801
8801
8801
10000
10000
10000
10000
10000
10000
9834
10000
9992
9999
9999
9999
9428
9428
9428
10000
10000
10000
10000
10000
9516
9478
9489
7709
7709
7709
7709
7709
9489
9489
9489
10000
9991
9991
10000
9987
9987
9992
9822
9822
9822
9817
9987
9987
7066
9996
9988
8713
9996
9425
10000
10000
10000
10000
10000
10000
9994
9994
10000
10000
10000
9481
9481
9004
9523
9523
9523
9518
9995
9473
9466
9988
10000
10000
9989
10000
9428
9428
9428
10000
10000
9997
9997
10000
9093
9093
9093
8585
9260
9260
9490
9490
9272
9272
9272
9272
9271
9271
9480
9480
9999
9999
9999
9999
10000
10000
10000
10000
10000
10000
10000
7305
7305
7305
10000
9997
9997
10000
9198
9778
9775
9775
9775
9761
9761
9761
9761
9761
9761
9986
9991
9997
9997
9997
9997
10000
10000
9990
9990
9990
9990
9990
10000
9994
9994
9990
9982
9982
9982
9995
10000
10000
9992
9769
9769
9769
10000
10000
10000
9984
9984
10000
9987
9997
9997
9997
8805
8805
8805
8805
8805
9994
9994
9994
10000
10000
10000
10000
10000
9997
10000
9398
9398
9398
9398
9437
8953
8935
9982
9982
7989
7989
7989
7989
9772
10000
10000
9381
9381
9980
9980
9999
10000
10000
9993
9993
9998
10000
9834
9834
9834
8798
8798
8798
9466
9993
9993
9993
10000
9993
9993
10000
9791
9191
9791
9973
10000
7063
10000
9474
9988
9988
9996
10000
10000
10000
10000
9527
9527
9981
9981
9981
10000
10000
10000
9994
8796
9997
9997
9997
10000
10000
10000
10000
10000
9434
9434
9434
9262
9262
9433
9433
9433
9433
9433
9433
9995
9995
9999
9777
10000
9991
8790
8776
7990
7990
9191
9191
9191
9191
9173
9173
9982
9982
9982
10000
10000
10000
9991
9991
9991
9991
9985
9975
9975
9975
9984
9984
9984
9984
10000
9996
9996
9404
9996
9996
9991
10000
10000
10000
9319
9319
9319
9319
9319
9986
9995
9995
9985
9985
9985
9995
9426
9984
9984
9995
9632
9632
10000
10000
9768
9768
9198
9198
9198
9198
9998
9998
9993
9393
9393
9393
9393
9390
9390
9390
9390
9390
9390
10000
10000
10000
10000
10000
9992
9992
9992
9992
9989
9989
9989
9997
9997
9997
10000
10000
10000
10000
9433
10000
10000
10000
9997
9997
9995
9993
9993
9993
9993
9998
9998
9998
9992
9992
10000
10000
9632
10000
10000
10000
10000
10000
9993
9993
10000
9991
9991
9998
9998
10000
9998
9998
10000
10000
10000
9992
9992
10000
10000
9992
9992
9993
9993
10000
10000
9829
9451
10000
10000
9433
9829
9829
10000
10000
10000
10000
10000
10000
10000
10000
10000
10000
10000
10000
10000
9533
10000
10000
9197
10000
10000
10000
10000
9990
10000
9994
10000
10000
10000
10000
10000
9991
9991
9991
10000
10000
10000
10000
10000
10000
9990
9986
9981
7055
6367
6367
5773
5773
5773
5773
5773
5773
6455
9381
9979
9996
9996
9996
9996
9996
10000
10000
10000
9996
10000
10000
10000
9786
9786
9786
10000
9981
9981
9981
9981
9981
9981
9981
9981
9981
9981
9984
9984
9984
10000
8637
8637
8637
8637
9995
10000
10000
10000
10000
10000
8832
10000
10000
10000
10000
7062
9999
10000
10000
10000
10000
10000
10000
8804
10000
10000
10000
10000
9995
9995
10000
10000
9999
10000
9990
9421
9421
9421
9998
8803
8803
8803
9385
9385
9385
10000
9531
9203
9203
7066
7066
7066
9998
9998
9994
9994
10000
9997
9995
9995
9523
10000
9512
9435
9435
9995
9995
9995
10000
10000
10000
10000
9998
9998
10000
10000
10000
10000
10000
10000
10000
10000
10000
10000
10000
10000
9526
9526
9526
9526
9526
10000
9292
9292
9292
10000
10000
10000
9995
9995
9995
9382
9986
9986
9995
9995
10000
10000
10000
10000
9400
9399
9399
9399
9399
9399
9999
10000
10000
9993
9993
10000
9395
9395
10000
9436
9436
10000
10000
9990
9990
9990
10000
10000
9438
9438
10000
10000
9997
9997
6457
9407
10000
10000
8802
10000
9401
9401
9401
10000
10000
10000
10000
9993
9998
10000
9997
9997
9997
9405
8901
8901
8894
9506
9506
9496
9496
8975
8975
8975
8975
9988
9988
9988
8784
5862
5862
5862
5862
5391
5391
5391
3904
6595
6595
9980
9980
9607
9980
9993
9984
9996
9996
9996
9996
9198
9198
9198
6499
9996
9204
9204
9204
9998
9998
10000
9993
9993
9994
10000
9522
9990
10000
10000
9991
9991
10000
10000
10000
9997
10000
9388
10000
9993
9993
9993
7067
9995
9995
9481
9481
9481
9481
9481
9401
9401
9993
10000
10000
10000
10000
10000
10000
10000
10000
10000
9997
9997
9997
9997
10000
9992
10000
9993
9993
9993
9993
9993
9993
9993
9992
9997
9997
10000
9996
9996
10000
9453
9453
8805
10000
10000
10000
10000
9991
10000
10000
10000
10000
10000
9792
10000
10000
9990
9990
9309
9309
9990
9990
9990
9527
8929
8929
8929
10000
10000
10000
10000
10000
9996
9996
9996
9996
10000
10000
10000
9999
9999
9977
9977
9977
9977
9977
9977
9977
9977
9977
9977
10000
10000
10000
10000
9782
9782
9782
10000
10000
10000
9631
9631
9038
9038
9038
9038
9030
9623
9623
9623
9992
9992
9988
10000
9791
10000
10000
10000
10000
9428
9428
8837
9991
7304
7304
9993
9993
9993
10000
10000
10000
10000
9993
9993
10000
10000
10000
10000
9992
9992
9992
10000
10000
10000
9997
9997
10000
9528
9528
10000
10000
10000
9994
9994
9197
9781
9781
9991
9991
9991
9991
10000
10000
9790
9790
7304
7304
7303
7303
7303
7303
6512
9997
10000
10000
9984
9984
9815
9815
9815
9815
9981
9990
9995
9997
9997
9997
9520
9993
10000
10000
9994
9994
10000
9446
9991
9992
9993
10000
9989
9989
9972
9972
9990
10000
9995
9995
10000
10000
9200
10000
10000
10000
10000
10000
10000
9995
9995
9399
9399
9995
9995
9995
9996
9793
8991
8991
9400
9400
9400
9992
8796
8796
8796
8796
9992
10000
9521
10000
10000
9988
9973
9973
10000
7067
7067
9983
9983
9983
9983
9974
9974
9974
9190
9190
9983
9983
9986
9986
10000
10000
9211
9211
9211
9203
10000
10000
10000
9996
9996
9992
9996
9996
10000
10000
10000
10000
9631
9631
9631
9631
9631
9627
9627
9996
10000
7063
7063
10000
9996
9398
9999
9999
10000
10000
10000
10000
10000
10000
10000
9920
9920
10000
9996
9996
9996
9996
9996
9996
9996
9998
9998
9998
9399
9399
10000
9031
9031
9031
9031
9630
9630
9630
10000
10000
10000
10000
10000
10000
9998
9997
9997
9996
9998
9787
9998
9998
9998
9997
9997
9321
10000
10000
9996
9996
9996
9998
9993
10000
6456
8727
8727
8727
8727
8716
8727
8727
8727
9307
9307
9526
10000
10000
9994
9997
9997
9997
9997
9997
7303
6828
6828
7303
7303
7061
7061
7061
7061
9988
9988
9410
9410
9410
9997
9997
9997
9997
9397
10000
9998
9998
9998
9998
9998
9998
9998
10000
10000
10000
10000
10000
9526
9526
9526
9512
9512
9512
9512
9512
9990
9990
9993
9993
9993
9991
9996
9997
9997
9999
9629
9629
9629
9139
9623
9994
9994
8284
8284
9485
9995
9995
9995
9995
9995
9995
10000
10000
10000
9998
9998
10000
9993
10000
10000
10000
10000
9992
6469
6469
6469
6469
7070
7070
7070
10000
10000
10000
10000
9997
9997
9997
9997
9997
9997
9997
9997
10000
10000
10000
9524
9993
9993
10000
9990
4413
9994
9991
9120
9120
9120
9781
9989
9998
9998
9526
9526
9998
9472
10000
9994
9998
8611
8611
8611
8611
8611
8611
8611
8611
8611
8611
8611
9292
9406
9406
9406
10000
9995
8806
8806
8806
8806
10000
10000
10000
10000
10000
9783
9779
9292
8768
9251
9179
9179
9393
9993
9993
9993
9993
9993
9993
9993
9997
10000
10000
8218
8218
9307
9307
10000
9324
9324
9324
9319
9319
9989
9989
9995
9995
10000
9486
9486
8813
9980
9993
9998
9998
9484
9484
9484
9484
9998
10000
10000
10000
10000
9996
9791
9791
9791
10000
9993
9993
9993
8210
9980
9980
9990
9990
9990
7054
7054
9990
9990
9990
9990
9997
9997
9997
10000
10000
9995
9995
10000
10000
10000
9388
9388
10000
8806
8806
8806
8806
8806
8806
8806
8806
8806
8806
8806
8806
9788
6821
7301
7301
10000
10000
9208
9208
9205
9997
10000
9628
9621
9621
9621
9621
9993
10000
9396
9991
9991
9989
9521
9521
9998
9998
9998
9449
10000
10000
10000
9435
9435
9435
9432
9997
10000
10000
10000
10000
9999
10000
8004
9994
9994
9505
9996
10000
10000
10000
9478
9468
8858
9470
9990
9990
8789
9817
9817
9817
9324
8952
8952
8952
9486
9998
9998
9998
9998
9998
9995
9997
9997
9997
9997
9998
9447
10000
10000
10000
9994
9509
9994
9994
9994
9994
9994
10000
9997
10000
10000
10000
10000
9993
10000
10000
10000
10000
9999
10000
10000
10000
9778
8378
8593
9182
7299
7299
10000
10000
10000
9629
9629
10000
10000
9999
9999
9999
9999
9991
10000
10000
10000
9423
9992
9992
10000
10000
10000
9995
10000
9515
10000
10000
9388
9996
9986
9986
9994
10000
9989
9989
9515
10000
10000
10000
7070
9993
9993
9786
10000
9998
10000
10000
10000
9525
9525
9989
9996
10000
10000
9835
9835
9835
9835
9199
9199
10000
10000
10000
9525
9525
9525
10000
9400
9999
9992
9992
9992
9325
9325
10000
9387
9387
9387
10000
10000
9995
8327
10000
9996
10000
10000
10000
10000
9471
9994
9994
9993
9993
9451
9997
9515
10000
10000
7306
7304
7304
7304
9998
9998
9967
9990
9990
9990
9987
9987
9992
9992
9992
10000
9529
10000
10000
9985
9981
9981
9999
10000
10000
9454
10000
9992
9994
6457
6457
10000
9244
10000
9993
9776
9990
9310
9310
9310
9993
9985
9996
9996
9996
10000
9402
9402
9514
9514
9993
9993
9993
9993
10000
9282
9282
9282
9282
9282
9981
9981
10000
10000
9398
9398
9983
9996
9996
9998
9998
9998
10000
9392
10000
10000
10000
6457
9476
9476
8422
9458
9973
9973
9991
9998
10000
9767
9767
9172
9172
9767
10000
10000
9987
9992
9992
9992
9413
9413
9413
9984
9984
9984
9984
9992
9992
9992
10000
10000
9783
9993
10000
9513
10000
9990
9409
10000
10000
9988
9998
9998
9480
9477
9477
10000
10000
9995
10000
9258
9258
9991
9991
9991
9988
9993
9988
9993
10000
10000
9998
9998
10000
10000
9005
9989
9975
9975
9989
9989
10000
8796
10000
10000
9991
9991
9991
10000
9331
10000
10000
10000
9994
9994
9994
9996
9995
8988
9202
8994
8994
8994
9778
9986
9986
9995
9432
9390
9390
9390
10000
10000
8713
8713
9325
10000
9993
10000
10000
10000
9995
10000
9787
10000
10000
10000
10000
10000
10000
10000
10000
9993
9993
9993
9997
9520
9520
10000
10000
9996
9528
6597
6597
9528
9788
9831
9831
10000
10000
10000
9210
9210
9210
9431
9208
9401
9401
10000
9405
10000
10000
9997
10000
10000
10000
9511
10000
9826
9826
9992
9995
8805
9998
9998
9515
9515
9513
9988
9988
9993
10000
10000
10000
10000
9993
10000
10000
8966
8966
9995
9995
9479
9998
10000
10000
10000
7427
7427
9210
9198
9198
9198
9198
9988
9988
9530
9995
9995
9995
9995
10000
10000
10000
10000
10000
9790
10000
9998
10000
9984
9984
9984
10000
10000
8327
8804
8804
8804
8804
8804
9483
9401
9401
9401
9998
9987
9987
9987
9987
9987
10000
10000
10000
9515
9515
9454
7305
9484
9980
6436
6434
6434
9418
9418
8915
8915
8251
8251
8735
9399
6464
6459
6459
8766
8154
9950
9969
9978
9978
9989
7062
7062
7062
9994
9990
9990
9990
9990
9990
9982
9982
9992
9402
9402
9981
10000
9999
9999
9996
9999
9999
9999
9999
10000
6479
9975
9989
9996
9996
9995
9318
9318
9790
9423
8436
8436
8436
8436
9982
9982
9982
9982
9997
9323
9323
10000
10000
9292
9292
9971
9971
10000
9990
9990
9990
9990
9990
10000
10000
8951
9473
10000
10000
8804
8804
8804
10000
9995
9833
9833
9833
9346
9346
10000
10000
9997
9997
9997
9997
9996
9996
9390
9992
9988
9988
9996
9996
10000
9996
9996
10000
9783
10000
10000
9998
9998
9998
9989
9989
9989
9989
9519
9402
9402
9991
9991
9991
9481
10000
10000
9331
9331
9326
9326
9326
9325
9991
8954
10000
10000
10000
10000
10000
10000
9997
10000
9991
10000
10000
9002
9002
9002
9002
8490
9211
9211
8701
8701
8701
8701
8701
8701
8701
9211
9211
9211
9996
9996
9986
9472
9984
9984
9984
9994
9333
10000
10000
10000
9991
9505
9526
