58 47 470
773 1833 1459 211 261 1815 1805 1656 559 1822 906 1959 989 627 1106 277 188 754 581 134 1044 828 33 199 1981 367 398 1855 163 1001 1495 42 310 1251 1621 1971 226 1465 882 983 959 592 1598 2088 953 672 1230 
1744 1639 1486 1073 805 1654 1664 1255 1725 2101 129 1143 694 1780 363 292 943 774 626 747 1824 1320 556 506 893 514 382 1878 1620 1583 7 362 652 739 1771 156 1189 265 1952 1985 832 1808 18 493 1563 353 1034 
1917 1133 1404 320 689 1911 638 820 1628 245 982 1413 353 1110 1700 644 376 38 1587 1714 2071 1048 1823 532 1474 1307 1717 1275 2087 866 723 79 1080 1313 360 1470 329 508 2118 1218 236 1478 0 296 745 1075 1753 
159 508 318 551 1137 1096 1479 796 325 172 676 225 1976 78 1120 820 559 126 162 185 1410 1933 1189 1733 898 1498 580 775 1820 1252 1624 994 706 1370 205 1173 534 121 863 1080 1735 146 456 1753 631 2094 1162 
1182 1209 1350 445 1920 1186 802 13 938 711 821 1602 1392 709 1860 398 1933 666 205 242 1381 710 522 355 1749 1514 1037 1992 125 1184 1888 1934 834 159 1027 1332 533 62 1201 651 705 541 1528 44 1084 483 1381 
2072 1113 854 1631 1025 2020 733 435 1823 1921 361 484 333 1130 327 162 2037 1522 1589 2031 1075 1657 1415 1100 1859 402 150 1227 656 1655 152 660 1677 222 374 60 2067 1097 49 2046 1386 1581 1297 868 1023 362 1207 
447 782 1481 1595 1080 947 1813 1972 1059 682 801 1673 1801 1013 1222 638 490 2096 1806 955 424 392 313 442 901 1869 600 1367 1738 661 411 1368 654 643 140 1449 622 1157 1586 810 1296 210 329 1390 1473 563 1599 
1769 1855 289 791 249 385 2002 1788 347 1021 1443 1231 488 1986 1128 806 1949 1952 692 1449 997 1636 1140 1627 1972 1620 1683 1300 1583 14 1829 1585 1107 1532 1089 1261 627 732 730 1398 375 1663 596 462 2011 31 1335 
1586 1368 1334 1370 733 1977 2076 1883 83 1577 1869 1464 154 455 1624 1410 855 413 1607 653 1146 914 618 284 1511 10 344 493 1247 2111 1839 1834 56 945 1432 1228 1333 450 1868 1454 1691 1475 662 298 297 1645 577 
1770 1936 913 894 1676 211 725 272 1086 596 8 1210 390 1689 631 1733 719 298 1220 799 1250 606 1532 2086 1270 1661 1712 1065 802 1061 982 920 219 336 1570 481 1138 418 1198 880 426 1941 1926 1724 37 152 1698 
1363 1766 795 816 433 850 1330 772 1678 1005 1451 1827 1703 976 355 1745 1741 1316 127 1028 1420 503 1490 425 128 1327 339 1547 1112 1754 1031 1680 2056 1791 33 1118 347 1981 383 1441 242 1333 200 1057 1125 1596 1426 
1879 242 2063 1504 805 276 2082 1625 1643 170 785 132 500 274 1346 425 1785 1758 53 1381 957 1551 1975 464 560 691 1963 470 428 651 1303 1410 503 1847 1173 2079 96 1627 1772 641 526 841 543 748 2093 597 679 
861 824 199 2096 1530 315 913 1111 1723 1987 1252 86 124 77 1636 2093 2120 820 1715 1610 1500 1304 1633 1975 1964 775 1044 1798 1542 1146 1592 2 776 440 1751 1234 127 175 64 1125 1079 2128 141 451 692 2011 544 
557 1193 1872 116 1276 1563 838 1989 1952 127 1992 1011 1897 899 399 2124 888 1541 731 577 1067 1790 1792 360 1682 1648 961 1896 698 639 1356 503 1898 149 1933 694 1572 1022 445 35 1371 1963 1945 1193 1615 229 708 
1343 1659 349 1612 879 1977 889 741 193 1755 1979 1198 1956 1420 1741 124 873 561 787 2094 612 528 1299 1232 996 1216 1882 1558 1485 1770 39 992 1385 1394 837 662 611 596 964 1015 504 684 1949 551 1807 395 1399 
0 1508 2002 994 867 776 1610 908 1004 368 1578 341 1267 2033 1585 897 1 2032 1224 255 682 1232 41 794 1210 1856 787 1397 78 1577 341 1833 533 966 898 450 1617 1568 1663 46 370 1969 1938 1055 1086 1931 291 
1877 517 84 1605 487 1720 817 1107 2018 1358 270 964 231 1721 437 716 2049 2076 1594 340 350 217 1409 1243 372 454 1561 1011 697 724 1323 1807 1414 2046 2076 541 466 577 1956 1994 893 951 1418 1926 1364 1511 421 
1877 1415 1967 1160 104 1806 1003 2127 821 2105 1291 658 332 1814 98 1976 1375 238 1305 914 123 1366 1677 1424 1015 504 164 1212 1732 1395 1436 367 2107 2065 306 1945 1654 1588 1786 1438 2125 666 433 1147 377 308 1200 
751 802 1870 267 995 1063 1547 1824 1059 1804 414 1819 2063 801 2122 1950 588 775 487 147 1489 2109 1051 1186 863 318 1195 77 1989 2060 1961 2060 1989 1564 1480 1628 19 1883 1554 5 1126 1733 222 1745 1695 1125 1157 
1871 1799 853 8 366 617 1581 1642 648 226 1119 1811 1065 1275 1528 1867 2014 900 2078 1929 2098 833 1581 398 1859 623 949 421 1973 173 187 1599 1804 16 450 948 745 280 614 468 1573 65 1592 1642 530 547 366 
1148 470 1328 2076 650 920 1365 1240 209 2062 1695 1584 1667 740 937 871 420 252 973 1039 1430 1426 642 1855 638 1657 706 1118 1201 1658 195 1645 227 1923 935 86 1838 944 368 106 1328 293 229 1147 279 1094 634 
594 1233 418 1714 375 1338 236 1664 1458 379 1556 504 1797 1232 539 1037 1341 1127 1625 1821 787 52 1917 1649 971 539 1196 601 295 1613 347 1631 1101 1038 1764 220 201 1383 536 2034 2027 1831 1406 555 1468 1772 499 
244 1501 375 1620 2114 1346 571 378 351 676 1908 129 583 446 437 1407 168 483 199 1729 325 2045 1918 1280 2010 1142 755 995 1752 1171 1496 588 491 169 103 1966 1343 654 121 979 775 1962 1260 1137 147 1165 2007 
1636 1783 1409 268 724 993 1239 1873 538 459 2088 1094 56 457 1181 1873 545 1879 1143 2088 1854 1115 534 1626 187 1202 107 1002 1954 1148 995 1896 353 715 1106 266 229 519 137 2036 1978 1302 933 514 2110 816 193 
890 505 1021 1582 1773 1849 851 1421 1604 1414 1027 144 539 723 1836 573 1172 591 417 1397 2106 1873 1859 2052 591 735 1032 59 801 273 2118 1447 196 986 740 577 1414 1117 1265 610 1744 262 259 516 918 2022 1826 
511 64 1095 1017 215 2060 594 688 325 296 861 331 406 1327 1175 47 2066 1675 450 1855 1935 232 763 616 1652 1885 1071 1364 262 1825 2034 2030 1189 1046 1626 1438 5 1106 1108 584 314 557 134 408 2062 124 1958 
703 1441 898 757 28 1775 357 1851 1280 28 1906 741 1052 1372 812 849 793 948 2104 615 975 1700 354 1338 1477 827 1384 1934 217 758 1125 1571 1653 1290 1755 1339 1318 1359 1687 777 458 657 815 1680 2012 1629 597 
1208 1166 649 1065 735 1671 73 721 495 1229 148 1429 1338 580 1222 1387 135 1711 1584 212 363 571 508 490 1145 859 246 1211 364 1244 256 2072 128 466 1252 1052 1650 1480 1318 1576 1495 459 1708 213 132 1941 423 
871 716 1005 1879 436 1790 360 1013 1920 688 1748 1368 503 359 1126 1775 2077 2095 1077 1566 1237 2095 770 107 486 490 993 116 517 1288 1606 154 990 654 1088 24 680 1016 1811 1158 1434 1321 1549 575 1509 1777 2107 
158 1239 189 813 2026 1260 1714 2038 1738 219 1120 459 1126 351 1967 153 1744 29 1768 856 1872 41 419 2030 423 1940 1027 941 580 414 503 1535 1685 1395 8 2 1505 1978 1526 1800 53 118 1965 1186 1838 1443 28 
1881 1309 1403 953 646 1654 1617 508 2008 1857 996 1710 336 1331 1177 1291 1829 838 1684 56 1911 1404 739 1843 44 511 1213 834 616 1411 358 589 1793 1153 331 1620 2068 1035 1500 1041 1065 1534 1728 371 1380 1587 211 
667 81 514 41 1460 1610 1755 337 213 384 114 159 1332 934 1303 1739 1748 10 835 972 1592 786 986 1847 1003 780 156 1893 684 1567 198 58 1834 1867 288 1189 31 74 1667 9 589 1188 301 1741 1840 610 1274 
1617 1940 62 461 2114 974 649 1448 1030 2049 25 277 1489 320 906 257 284 1993 1095 464 883 812 1818 1467 1805 1953 1031 140 93 2104 811 1739 1336 1439 127 1026 2076 340 1982 1586 69 1769 34 1146 629 1244 322 
1246 153 620 1571 1199 761 831 683 34 1117 1223 2004 1422 585 771 1877 2074 531 83 1901 123 942 165 14 1500 58 1230 1344 1596 614 1763 828 1978 709 1856 722 1216 305 872 1447 1930 1237 1743 216 943 1994 457 
2063 1694 1469 1157 120 418 1016 1967 446 1596 1913 1281 1294 1543 448 1215 2013 1583 618 194 1769 514 1525 1638 550 2063 624 1627 1812 1453 1526 1019 309 1669 1430 1640 1651 2011 1171 1139 1796 1559 156 1766 1448 1058 1701 
932 370 1266 1331 204 240 1563 1887 204 461 497 1554 1214 121 1795 195 587 325 340 71 211 613 857 972 730 950 1635 1245 667 1646 1056 1071 1663 1757 1323 450 104 643 1342 1099 1961 1938 1586 1422 323 455 1010 
890 956 652 876 1394 1359 1976 1361 1740 1624 585 1287 55 1823 1648 457 446 79 1967 354 1017 1272 1803 851 1824 415 115 203 1630 1817 605 2037 1194 22 882 1203 1203 765 577 1810 1748 1210 2006 1778 322 1001 1612 
798 1185 137 1780 442 343 972 652 1603 1425 1718 1154 1411 847 1557 359 971 22 1176 281 266 711 929 2101 570 489 871 1710 442 462 586 781 286 352 482 1419 925 2121 401 313 1813 1167 1466 623 1284 399 768 
30 1783 926 270 1284 783 1847 414 1306 184 79 1092 1092 1799 101 800 1194 1003 1266 462 1119 1699 314 580 704 1403 1591 693 1501 1511 455 611 1641 1070 360 932 1991 714 520 711 1307 1757 289 2040 432 19 1213 
1300 477 1367 1675 1378 223 237 1212 1166 241 624 1558 537 1990 1258 488 787 362 903 868 1723 2075 931 696 2097 472 1956 1580 1465 89 512 180 483 977 1283 361 101 1724 915 828 189 1318 350 1865 848 1377 1194 
1193 351 2048 70 1324 911 615 2018 1734 584 577 512 913 21 84 2076 1070 1700 799 1607 1094 919 229 1898 700 1520 689 87 1623 1917 1976 1521 79 1868 2036 1324 1831 817 764 463 763 316 144 68 854 271 1570 
181 1979 63 1059 849 1720 651 2036 1695 1257 650 686 20 168 709 1827 1754 1620 581 171 425 776 283 881 515 1311 2123 181 44 1601 404 1588 1566 2049 212 146 1412 1847 144 313 1205 696 2055 1604 1056 404 2021 
1088 420 1408 1493 966 979 593 1445 1561 1785 238 1507 674 132 1891 2030 1639 285 1959 1639 1622 1359 1832 444 1660 1407 60 1406 1611 99 107 1441 1391 1406 99 489 320 627 1954 1821 1446 1133 707 1537 72 480 1228 
1968 1097 868 855 2066 141 629 754 705 1282 837 933 456 291 270 158 1396 805 1521 113 1417 767 1896 1903 1084 774 1564 852 1483 939 985 1906 266 1912 1216 2033 2025 312 1181 1508 468 1052 220 704 329 538 1388 
1042 1747 755 765 520 1431 632 1268 4 1499 406 898 1387 587 1868 1793 1584 1198 379 727 1869 1555 1524 2110 285 473 805 1488 1695 376 43 238 601 932 100 1239 541 1305 1111 1444 882 1547 545 1549 94 1594 597 
1766 1667 1286 1034 1571 961 1149 45 305 456 1095 880 1410 1556 1415 420 247 1579 278 1848 1225 530 1288 1600 1509 299 1475 1669 1961 727 1929 371 300 240 1479 79 2092 643 963 187 182 1781 1612 369 1525 852 1514 
2053 1103 859 982 1901 1516 1972 1632 1607 1296 1984 621 1278 1085 15 1977 49 449 982 1685 1908 521 480 1642 1903 385 329 1616 1570 179 462 2063 409 1345 1979 1530 2123 1787 1819 1997 248 2053 1570 990 906 1220 521 
2067 2070 1507 1388 1701 479 1139 570 533 520 1973 1368 327 47 768 1657 46 1155 1516 135 270 746 1439 1786 1773 1938 47 1470 1681 223 1738 800 1776 22 628 639 2073 1397 927 568 1764 545 1773 687 789 1082 56 
2072 1827 457 697 1393 1669 271 960 1217 1529 2125 136 240 1964 864 1363 567 99 889 185 229 1616 996 1637 853 694 762 1593 393 1725 1738 1120 180 736 896 1330 2034 1362 675 1883 253 1588 587 755 419 689 1780 
237 607 56 106 1326 879 149 641 502 1860 761 631 526 674 35 785 1545 1682 152 1479 1614 150 974 1485 1832 1538 897 2063 625 462 846 1216 1878 320 516 30 1378 396 924 1745 1688 1410 621 1756 1697 2023 645 
679 736 25 1833 1661 268 193 49 72 1625 225 1218 1505 1105 1420 557 1306 1841 950 1610 1888 1217 1929 1771 359 1816 983 1427 1494 498 755 1032 1203 168 1420 1741 2060 836 1642 1209 866 1131 1528 15 266 419 1534 
1291 636 814 779 1459 279 1434 1142 1685 685 2054 105 292 1028 1052 521 378 1414 1255 121 135 1617 1250 1357 636 2125 1980 141 554 645 852 625 783 2041 1027 370 1301 1103 1029 108 201 705 883 587 160 1530 613 
965 675 230 1565 914 1851 391 917 1743 120 1788 127 916 260 1897 2033 1246 1913 346 1296 948 808 562 254 496 1635 2025 1050 1304 1802 704 1548 1239 776 396 1587 2097 364 691 1903 161 826 208 1701 1324 1404 121 
294 1314 760 1103 1953 1858 1622 1878 492 334 265 1158 1257 150 1280 200 1873 1756 1433 405 541 27 606 1113 1327 2033 254 1991 221 466 765 555 1185 1634 1733 306 86 1374 626 1616 1822 895 631 303 1 1797 1110 
1847 2058 130 462 205 192 1145 1223 1745 1368 458 1858 1560 1812 449 755 2024 718 881 893 996 771 611 1115 845 807 202 955 649 1577 1231 987 1472 1757 479 323 1263 2081 1600 861 1155 2113 1112 1097 2103 2128 868 
1376 1237 712 406 1107 494 580 626 962 2113 1344 1154 1456 1763 544 506 180 1482 1223 985 760 152 914 92 2089 1771 980 1817 1283 1424 593 896 865 1093 1882 1959 295 1238 943 2122 1419 1394 1451 1142 444 1323 161 
968 621 1887 849 610 734 1171 186 1217 13 2069 1284 1842 112 1097 318 320 1601 1303 1501 1662 1105 1887 816 960 1665 1633 211 438 1012 983 878 1754 1295 59 1718 624 994 1092 34 2045 528 1720 85 2007 68 1652 
1547 458 1932 2002 1037 1764 373 842 905 1886 1703 1618 1596 706 1172 1343 1288 459 1761 538 277 719 864 1986 743 645 465 1500 1121 1925 1769 407 942 2125 1361 225 2081 532 1939 1001 925 2122 1058 1357 1927 1532 1030 
601 961 1032 1663 783 1683 265 2092 331 907 1583 1727 2075 1478 863 122 568 145 1315 1559 439 1045 1323 974 1105 719 1419 648 599 545 1542 1716 1033 377 725 1124 938 1395 2019 1744 1159 628 1779 1538 330 287 651 
1346 188 1054 362 924 1801 391 1883 1816 544 2026 601 1428 1651 75 1514 265 261 800 1466 727 1685 1895 805 1079 2034 192 178 2081 478 282 1804 920 1620 1702 1499 514 250 1888 1216 1483 2096 921 160 1315 390 25 
1336 1 235 1351 2041 1852 304 836 958 902 1452 1394 712 457 1398 1542 702 1701 716 858 737 1951 1987 1304 1544 1846 974 705 495 2049 1831 550 440 94 519 650 465 175 175 1848 1474 305 66 1190 20 1458 948 
2018 1431 475 1737 718 800 219 1840 635 666 459 1423 99 1551 1056 1982 676 338 1179 506 406 344 1807 843 1195 813 1787 1259 2093 1890 907 305 689 1056 776 339 537 283 607 1233 502 1810 457 960 1248 663 1577 
1520 381 771 1179 1843 551 1235 1663 1914 733 423 1955 396 1121 1020 761 1581 1449 245 371 1344 1345 1854 896 474 1079 1322 672 677 2035 1750 651 1867 1727 2053 1074 2018 1218 472 938 1620 5 298 885 1827 1404 952 
1228 293 1181 1545 334 1836 391 145 1933 1623 1621 464 753 1562 1144 102 1731 1516 1015 1610 1951 89 2099 1503 1119 725 1303 1195 1382 1774 909 89 1259 405 641 119 2044 584 1228 1580 1795 158 843 1121 2125 1765 1323 
976 689 1239 1309 602 1103 505 1070 1958 212 1274 408 830 1322 919 20 587 9 260 1085 1624 2040 4 169 723 507 607 1126 521 1167 631 327 736 310 1876 1215 1643 1011 1658 863 348 1708 1352 315 641 1521 1452 
242 1746 987 615 2045 1992 556 1233 1002 914 997 614 619 503 1230 966 48 304 1394 1411 1797 1541 1330 1763 1284 1171 1565 341 106 1149 600 352 413 95 101 1934 978 521 649 322 444 1160 171 1994 2083 736 1541 
392 242 583 329 1044 1143 1898 1847 773 1653 218 1822 1924 1633 1817 906 381 1450 1852 68 1670 2031 2092 951 96 986 1204 1436 1826 1093 1233 1638 1685 1415 470 1120 1081 1128 1915 906 1531 1927 1258 170 1346 662 1260 
1969 1928 671 164 145 1775 1016 488 1250 2087 1576 1938 116 1316 1131 1224 1907 1827 2017 1409 1737 400 775 504 1585 673 1365 243 807 154 1110 556 1249 2034 505 1318 1245 1290 99 737 509 1741 69 1210 1625 491 286 
427 21 861 681 1710 1190 70 191 937 1080 39 1005 69 798 161 208 135 1907 916 1730 329 512 1651 186 510 1600 1486 801 1585 1909 2078 518 1654 503 1439 860 813 626 236 1481 1643 1990 2066 242 1701 881 1454 
1083 1154 2044 27 762 1941 1330 1886 1996 1289 1679 73 1518 415 1892 793 54 77 575 417 882 1645 1086 1194 129 80 1080 158 709 420 747 489 1143 1160 1306 1470 766 120 1005 564 1630 1885 730 883 289 1925 1299 
1107 1432 968 1800 263 1159 1768 37 2097 1831 223 1712 955 1807 800 1061 127 52 1114 979 206 599 158 602 1282 951 1527 317 12 660 1375 1057 1380 46 667 108 1596 520 177 503 1826 540 294 733 1213 1333 236 
1271 2006 461 1258 1455 2102 234 345 533 1129 828 169 1480 662 1064 1613 2014 1595 1565 735 2013 1289 1127 738 359 1367 1772 1143 886 72 1872 1069 1525 1648 46 2107 121 1175 44 1249 2040 248 393 717 6 593 756 
572 1713 428 448 253 641 184 1813 2024 1490 1752 403 744 1333 1182 680 889 775 255 1100 1164 1812 1099 1965 1213 465 179 1458 1300 962 1525 601 316 770 68 126 116 664 1366 1107 1154 1794 1473 1627 1586 1064 424 
1793 484 933 1650 128 908 143 789 1073 1907 1265 628 1894 1052 1302 1935 304 1992 508 1471 1816 1211 1809 1634 972 1515 231 1679 1100 75 1640 2083 1464 387 1911 1774 942 2054 1154 595 0 1573 1891 132 1052 1722 367 
142 1252 2115 718 1226 1904 1789 1977 1492 1549 586 2066 771 460 989 717 7 2 1501 1301 2074 1033 1101 1103 32 283 298 1400 1125 807 1957 1753 1169 162 1400 1515 1239 470 1992 55 1804 290 1907 1731 1785 610 2039 
624 1798 469 1658 1142 257 163 660 1215 933 1361 543 1323 2009 2081 1483 1682 1449 1859 552 1248 2010 1792 59 1596 1705 1054 673 725 2068 1376 3 1995 1593 1892 525 721 1647 703 1077 1808 752 60 1525 951 1091 1032 
74 635 1146 1771 1492 468 1793 861 1280 925 890 262 2118 312 907 1485 1742 1836 1120 1863 2064 1797 2125 754 1357 1333 1180 619 1051 1900 1780 2080 713 1445 550 1613 1743 155 275 252 1169 692 95 1590 378 1813 1641 
630 1370 1651 338 1485 1347 1601 1004 1159 472 1329 652 1811 488 855 1416 64 113 6 1165 1265 1337 1460 802 524 1496 1967 997 1469 81 2001 1237 657 1308 1328 1097 425 2083 1674 126 299 165 2022 1042 1257 1484 1968 
1355 948 2054 1388 1600 1864 1995 643 2067 464 541 1894 603 238 514 459 513 784 375 1065 1971 105 167 1902 1639 1309 985 394 1279 334 1437 1659 1928 2128 1352 2044 2053 908 711 142 1359 946 808 197 716 1879 1534 
1212 1653 2040 1192 704 183 1135 1663 1535 1470 138 1292 1763 52 1403 1458 1524 967 1902 2001 200 372 87 1474 1285 1259 896 700 870 512 981 1186 2042 1189 687 1515 119 1159 286 763 578 13 744 1405 2033 1819 1987 
753 91 84 788 1837 2009 1783 993 236 74 571 402 362 1699 11 787 1080 1587 1902 1729 1883 1517 374 2071 604 693 235 847 634 1485 1067 1768 1576 656 525 1516 1422 69 818 757 1590 1494 1686 1197 1584 1716 478 
1824 1443 548 1174 649 605 1555 577 489 951 1676 471 1071 407 170 804 1379 1692 1114 1432 1884 2055 1281 1692 562 1096 1716 137 418 96 1346 1557 1436 410 419 561 700 637 1738 304 1890 1932 660 1632 1201 1230 1341 
1579 1137 836 1894 1382 509 1649 1388 788 1565 15 943 704 338 192 315 888 1740 2027 1541 1385 507 993 1936 1476 262 47 1999 1174 1219 1086 1616 128 595 1980 743 745 1083 1857 211 1005 1270 1047 1976 1997 2051 1109 
1561 361 2092 438 2041 1734 1256 42 110 8 1523 1092 1938 419 2055 3 1092 315 1426 66 304 173 1989 1294 1774 608 1750 706 1929 339 271 303 1334 1793 58 354 787 1257 137 49 1275 920 636 390 1293 440 1372 
699 900 588 1482 1334 1015 1519 282 1133 702 414 961 1358 974 271 423 337 2079 1380 1020 299 310 1947 232 1674 1243 289 686 1600 1568 691 1626 64 1228 1385 973 178 598 1657 761 1841 960 2069 1696 149 984 1990 
1573 728 709 502 777 1732 1765 1782 1031 411 907 1047 1656 1855 737 102 1814 1319 2004 2045 1526 1704 1014 1165 1261 918 1997 140 1348 1361 912 1855 1168 1396 150 567 1644 476 1107 1886 1725 29 642 1568 89 1953 908 
597 845 887 981 766 230 1440 1086 1538 2003 567 190 588 74 1122 748 842 1519 650 1129 1525 949 1590 1194 495 630 2118 1249 682 747 584 1585 779 1947 1021 498 240 450 1605 455 1902 1931 842 1856 179 150 621 
1097 901 1289 2103 1394 571 1275 444 137 396 1981 618 374 1334 1490 934 1059 1403 1624 1160 2102 1345 480 1103 2106 1701 1084 199 777 734 2008 169 1456 1771 1607 292 488 1637 539 1656 773 461 740 1219 1310 1601 1447 
1238 2035 2019 1560 1192 1215 1871 2022 1082 1321 344 1844 18 93 1799 120 750 970 1388 280 1171 1821 894 2064 881 144 1441 998 1020 1498 50 338 147 754 1626 565 1123 392 1927 1964 203 1428 1290 1394 686 964 2080 
531 300 2129 42 2073 1507 208 1025 665 611 564 798 265 1272 157 513 833 1653 181 1960 1616 740 318 1025 1378 1465 1481 2089 1369 275 1985 1042 396 1881 995 1735 255 553 1327 1199 867 119 1652 292 267 608 876 
962 1672 79 749 523 1602 1154 1660 1878 1879 431 1840 38 785 1240 275 1258 37 1065 1258 2023 940 232 135 715 1897 1262 745 1473 1545 943 1829 469 76 231 107 1130 1569 1892 914 475 1170 105 1833 263 1517 153 
1029 793 1898 1108 1879 55 1492 1179 16 13 953 862 121 1742 2074 1005 1332 474 1845 470 491 1976 401 208 145 499 97 401 583 484 1456 651 1720 2038 1215 1128 382 742 1777 1203 1992 1202 793 951 542 1463 807 
69 1876 1170 1540 1638 545 670 1254 1352 886 1097 1168 613 1525 1781 1212 2009 971 1437 280 1786 1793 52 394 1024 1982 700 258 188 1879 335 1338 597 1928 125 1475 619 193 1126 2059 748 1718 507 52 1987 245 1229 
1479 426 1410 1386 1902 651 1402 484 871 2064 78 754 556 1973 662 884 1933 1799 334 678 656 1356 1995 1423 437 288 1024 110 53 904 282 1958 2056 488 167 1334 1013 1713 138 16 1436 609 1439 1903 204 1795 146 
1136 990 1026 717 52 1217 1172 1136 147 759 1850 465 446 1254 466 1383 1426 815 216 506 93 1448 1761 661 428 1111 1500 291 346 910 1670 380 1987 2051 150 536 891 66 702 1499 661 243 41 1668 696 239 1560 
977 560 930 1078 1688 1811 965 1639 1000 1351 1719 1061 101 1212 1263 404 1478 1083 1958 888 1514 771 1631 217 185 2021 1358 1772 142 721 1727 1210 2088 1615 1906 130 1510 903 669 2019 823 1599 917 102 1073 148 226 
861 1142 703 899 1550 1278 440 1661 3 1130 1617 993 1074 15 1985 174 416 334 1877 1231 344 1833 1095 585 1155 488 381 323 1336 2035 1776 906 882 411 1550 1347 212 1455 190 891 861 1850 1968 378 2078 186 1357 
479 1505 742 2088 1601 1431 125 701 149 1089 2058 1899 301 1153 995 29 708 395 460 2079 1967 273 1991 2080 140 817 1189 994 1482 976 254 714 600 1356 454 1024 1771 1519 1396 232 1529 1955 153 652 440 2006 1787 
1162 1134 1043 1129 1376 814 1427 380 838 1669 1164 1218 1645 957 1088 737 546 531 152 1042 1528 598 135 2039 298 1588 726 1855 1395 1104 1979 964 1837 1874 1024 2118 292 411 550 1153 49 1129 1129 730 1561 1758 939 
1821 436 1508 959 191 1472 854 670 886 1210 1196 1949 1554 723 184 870 1473 120 650 1039 524 567 990 1763 1423 1302 184 1881 1757 1550 1774 613 1364 604 1808 718 345 757 1744 1369 1838 794 884 2023 1361 2093 17 
651 2063 247 813 1631 452 511 1202 45 1910 1543 77 1304 594 157 2069 554 1283 642 1138 434 482 528 843 924 1498 959 1149 25 2065 2076 1221 91 1489 1541 1726 934 376 905 1723 1601 361 487 972 449 999 2094 
1545 1635 45 1069 1656 379 113 1243 199 678 1976 1392 962 1732 2097 1509 1679 794 516 1289 1004 774 2070 1830 1339 1168 101 1832 332 880 891 1820 1014 1037 2099 1097 215 373 1352 687 1759 1008 221 1157 928 543 840 
1144 1276 1897 488 1796 201 2084 565 753 1184 259 250 1924 207 1102 922 1660 533 519 2113 1453 849 309 401 1441 1523 114 2052 868 2117 163 1387 1779 1250 1612 1534 961 1412 582 1403 1085 948 1089 1714 401 468 1068 
1630 1773 1500 2010 1211 171 1591 1339 1842 1092 1154 183 1842 1803 1353 1000 1288 1663 1554 1595 1684 885 165 1509 1991 1096 230 1977 803 1441 1110 1387 2118 698 1263 784 1378 1939 558 572 1774 1493 1799 745 270 1900 1917 
1103 344 1419 1396 674 1328 885 45 2095 1444 1546 937 1715 1394 722 1128 724 2067 126 2017 2033 2094 1515 1324 729 1235 333 1158 1477 1441 757 531 1043 170 1996 203 770 2007 333 1755 1156 393 1417 1245 1021 129 259 
1237 979 861 681 618 2122 1949 1036 920 1120 240 1556 278 1185 1907 1663 847 892 647 422 176 492 1257 1590 408 89 116 674 917 1594 1845 1967 1667 1905 2070 1588 2100 836 684 297 1274 1982 1565 959 1887 244 717 
686 2041 947 1399 1029 1359 319 2125 130 807 1889 1250 1036 1593 1404 1981 885 1888 847 60 2081 35 281 603 668 1113 150 36 1468 559 743 630 1013 45 1936 1578 733 1961 1250 1458 310 22 1536 1448 107 686 1794 
1576 535 2080 1954 1408 799 1853 2068 161 80 1598 2082 1390 201 2037 206 2084 1892 537 1537 940 246 290 181 1058 1316 48 240 1482 1065 1597 752 55 1146 2011 274 816 820 1120 50 1560 815 578 1531 763 1616 865 
563 124 483 1768 222 1795 671 40 1242 61 170 712 1311 72 1338 637 1930 941 1151 811 671 1856 602 451 982 581 1868 1610 1418 1375 1425 759 2014 1285 1560 325 951 498 1415 1790 804 80 577 26 2058 230 870 
1444 1004 1096 1246 1967 84 1342 663 553 1067 203 1940 1100 228 1863 1039 712 1559 1391 1073 122 24 2021 531 2074 1150 17 1520 773 927 915 1645 546 1683 1474 563 244 506 744 1084 74 2050 587 2072 280 1838 1286 
727 954 1690 265 467 78 41 681 1098 599 1603 239 652 339 739 1771 1433 360 236 1810 1996 1169 229 1734 599 1553 1069 539 665 1171 768 74 624 1588 2059 327 497 616 1550 183 1893 692 122 161 2056 740 707 
1613 1565 2076 1067 962 1921 1067 1698 2104 1357 42 1627 625 42 716 311 1932 1057 1613 1278 1471 2070 1123 1041 988 186 1524 1986 385 1312 1302 1144 939 2096 1748 1455 349 363 940 2062 703 1263 1457 872 1457 810 834 
1304 1835 1025 285 1019 1267 733 242 936 1501 1167 57 1613 1364 1111 1871 211 747 80 1664 252 2087 1486 1881 1808 536 168 1439 1538 737 805 1211 1731 1767 993 381 1952 1753 402 1789 392 356 1989 583 465 1137 581 
37 141 1072 1868 45 76 1191 2129 1590 588 1853 1623 2063 1100 1379 603 1643 1101 1757 1880 1534 1407 1779 698 1313 1926 1551 98 1965 1958 1739 1862 1827 272 347 1729 66 1191 673 1243 1901 45 1748 1020 1317 757 416 
915 1288 1257 1305 1683 67 1039 70 24 1108 480 1042 754 1277 1930 461 743 1741 1182 407 98 1901 164 1771 1199 678 574 1928 359 1353 1522 737 211 1741 424 227 1711 226 398 946 1861 931 1127 1473 889 339 361 
263 360 1706 1468 1435 1777 1746 1743 1537 1067 301 1846 350 727 459 2032 1068 1383 1564 1200 690 596 1791 911 126 1405 782 990 48 1228 1663 1622 123 242 1936 1009 392 1302 77 2012 1511 15 1576 514 115 1340 1506 
