20 3
001010011110111100101000100011
110011100010111100100101100101110001011110100000000
111111001010110100010010100010111111001001
11100101011010001001010001011111100100
001010001001
10010111101000000
1110010101101000100101
0111100100101100101110001
0010101101000100101000101
1001011001
1001010110100010010100010111111001
1001011001011100010111101000
00101011010001001010001011111100
10010101101000100101000101111110
1100101011010001
11100101011010001001010001011111100100
111010011110111100
1100100101100101110001011110100000000
00010010100010111111
1111100100101000100011
111001010110100010010100010111111001
00101100101110
01000100101000101111110010
