10 10
10011011010000101110
01101101101000001100010001001
11111010111111111001011111010110
000010011111011001111001011
101010100110110000
01100100110100110010111001001001
11010110000001101010001111
100111000011111011011111000010
0110000010110110011011101001010
100001010111000111000100011011
0110110110100000110001001111001010100110110000
0110011011110110111111101100000110110100001011101000000111110110011
11011011010000011000100011010100111010111111111001011111010110
0010011010011001011100100100100010111001001
010100110101000001100011011100110011011000000101010011011000
001000100001010111000111000101110001110001011000000110101000111
1100100110100111101100111100101100100110100110010111001001001
0010110101010011011110101100000100010110000001101010001111
0011100001111101101111100001101000010
0110101001101100001110000111110110110110100000110001000100
