239 17 46
8.5 8.5
25.5 8.5
42.5 8.5
59.5 8.5
76.5 8.5
93.5 8.5
110.5 8.5
127.5 8.5
144.5 8.5
161.5 8.5
178.5 8.5
193.5 6.5
202.0 2.0
202.0 6.0
202.0 10.0
200.5 12.5
201.5 12.5
202.5 12.5
203.5 12.5
189.0 15.0
193.0 15.0
197.0 15.0
201.0 15.0
203.5 13.5
203.5 14.5
203.5 15.5
203.5 16.5
212.5 8.5
229.5 8.5
238.5 0.5
238.5 1.5
238.5 2.5
238.5 3.5
238.5 4.5
238.5 5.5
238.5 6.5
238.5 7.5
238.5 8.5
238.5 9.5
238.5 10.5
238.5 11.5
238.5 12.5
238.5 13.5
238.5 14.5
238.5 15.5
238.5 16.5
