5 379 380 0 0
16 17 17 16 13 
389 10 72 200 151 
155 378 472 172 445 
302 431 311 327 150 
173 231 275 343 408 
387 50 324 401 193 
21 16 409 451 404 
5 26 52 314 392 
252 31 85 443 75 
450 387 28 284 476 
492 258 492 1 497 
262 60 191 470 493 
123 131 230 224 379 
48 102 439 284 19 
93 386 53 140 59 
70 179 351 3 313 
213 18 333 195 201 
278 43 179 32 316 
140 232 85 324 483 
305 76 101 403 169 
294 152 285 491 257 
122 486 116 182 29 
394 475 278 239 198 
495 478 375 300 18 
60 398 209 455 391 
368 347 133 459 73 
130 98 380 497 230 
251 287 499 478 330 
490 466 431 322 180 
124 444 158 320 452 
215 462 18 319 386 
49 252 131 394 89 
375 311 397 78 151 
221 401 277 275 114 
237 114 338 134 11 
449 52 283 147 63 
492 103 70 469 166 
187 26 176 166 235 
161 198 474 170 423 
184 192 434 13 348 
416 9 331 480 77 
412 499 461 51 121 
434 345 148 489 218 
64 398 374 339 122 
469 256 311 127 49 
325 443 344 385 22 
356 275 27 322 199 
286 84 137 411 111 
351 77 442 380 484 
397 388 276 498 267 
308 181 19 38 8 
493 172 435 412 103 
434 213 481 327 33 
277 23 126 457 163 
153 395 279 82 492 
41 201 257 333 111 
201 117 385 263 264 
250 119 464 136 252 
130 99 267 14 352 
43 475 210 348 259 
391 324 85 236 188 
330 207 1 344 8 
148 402 152 307 178 
378 406 190 289 301 
38 235 40 363 186 
49 384 59 345 407 
354 53 384 483 144 
357 275 262 272 444 
370 432 479 388 139 
399 397 391 330 285 
291 364 388 229 473 
402 19 372 74 434 
379 464 42 7 259 
241 110 459 138 85 
351 20 16 216 437 
216 223 266 252 236 
271 349 323 271 173 
272 51 334 160 262 
85 32 279 406 160 
144 480 451 483 322 
311 382 309 157 493 
79 444 326 383 169 
157 216 183 425 101 
12 244 398 496 463 
457 254 60 73 13 
199 450 75 269 62 
101 482 337 152 323 
134 62 386 130 265 
31 437 105 500 67 
41 97 72 343 472 
25 106 51 23 68 
431 159 37 150 481 
128 381 376 203 500 
33 267 356 473 285 
199 76 54 314 205 
329 149 473 247 229 
329 257 231 455 468 
124 443 132 351 466 
245 187 66 386 199 
170 353 110 143 155 
52 254 454 111 355 
366 308 38 397 277 
418 289 242 158 441 
23 459 257 136 32 
304 425 264 475 269 
133 469 51 153 144 
492 99 452 5 230 
446 409 395 385 152 
339 323 160 486 99 
393 336 375 422 304 
9 185 322 293 222 
79 450 19 161 197 
238 78 258 77 71 
240 357 89 416 100 
29 288 146 229 20 
360 479 232 334 154 
483 318 266 242 402 
489 188 124 177 338 
190 494 329 463 180 
127 451 360 492 194 
16 380 97 63 57 
487 22 75 114 350 
224 173 419 94 111 
196 247 486 465 58 
334 17 400 399 276 
410 491 243 295 481 
23 314 99 296 203 
417 301 1 386 99 
207 144 356 224 395 
62 159 430 490 358 
325 386 441 46 278 
251 371 60 386 138 
455 461 76 387 280 
387 215 377 462 203 
53 44 492 466 438 
348 37 390 246 396 
359 412 370 192 454 
468 400 235 156 108 
250 258 351 322 70 
160 97 54 241 229 
150 244 432 386 294 
37 175 336 425 74 
403 341 500 171 424 
423 208 229 64 117 
421 382 30 490 176 
317 460 68 481 103 
321 190 345 249 22 
11 258 241 274 238 
171 218 35 155 115 
479 179 334 218 394 
296 258 362 184 159 
186 165 137 10 274 
21 428 129 20 371 
376 315 392 385 198 
385 372 429 195 361 
158 490 118 450 402 
294 15 295 120 18 
151 500 304 66 213 
371 332 411 72 187 
172 99 265 50 312 
375 135 227 131 357 
24 458 412 74 14 
460 181 206 90 153 
251 472 491 496 211 
100 293 329 296 54 
29 326 361 414 389 
343 367 209 74 192 
227 197 199 295 193 
441 35 465 396 27 
3 91 82 57 349 
97 114 174 424 254 
301 315 377 367 113 
446 376 495 419 332 
272 423 14 390 165 
154 296 438 470 22 
109 1 22 137 298 
232 271 320 204 51 
477 337 43 401 476 
93 18 208 270 260 
473 226 231 400 56 
481 485 400 226 39 
408 403 341 34 203 
118 492 77 329 99 
379 265 11 336 305 
236 473 480 122 121 
126 382 426 436 473 
282 186 229 338 299 
458 215 48 278 243 
209 391 201 325 348 
64 47 431 84 310 
426 476 386 301 141 
408 189 494 464 394 
410 246 308 295 111 
287 23 25 216 193 
337 212 415 65 427 
21 17 3 123 179 
170 122 95 278 402 
462 384 20 259 218 
492 334 73 43 450 
306 59 185 82 383 
349 124 55 62 283 
54 211 248 365 282 
451 110 385 276 425 
359 17 125 156 6 
258 416 208 422 116 
189 154 470 473 414 
148 159 177 300 2 
203 423 59 78 207 
103 422 128 262 443 
305 104 180 399 88 
405 286 464 276 58 
479 109 5 372 450 
99 463 144 121 84 
23 87 425 241 85 
55 199 161 227 214 
163 13 214 195 156 
48 263 247 21 413 
296 410 77 41 489 
301 323 418 4 119 
20 381 135 446 382 
404 47 54 332 5 
276 96 219 136 89 
309 17 193 257 352 
258 177 8 78 322 
157 181 443 241 480 
230 104 349 395 254 
137 186 444 99 83 
15 333 114 43 311 
487 130 351 340 421 
469 284 129 239 387 
311 329 265 200 235 
354 380 140 90 150 
86 201 216 212 161 
277 38 192 423 428 
386 317 272 457 490 
184 37 493 384 356 
134 385 185 290 110 
440 395 49 73 390 
421 327 331 421 30 
440 406 233 314 482 
453 407 375 435 281 
7 419 474 140 128 
274 316 147 229 485 
306 114 291 8 386 
163 276 252 280 15 
296 280 110 438 342 
353 492 312 464 478 
118 480 489 413 416 
304 484 244 488 7 
233 304 314 495 134 
410 105 171 225 77 
126 393 427 372 30 
484 145 438 89 278 
50 51 255 242 428 
157 218 257 133 151 
442 431 461 423 253 
158 330 300 31 216 
171 455 195 94 253 
349 425 486 405 88 
5 101 78 347 189 
390 257 246 304 305 
73 107 349 239 446 
57 112 161 270 143 
495 223 323 466 47 
91 387 201 254 308 
57 474 258 67 378 
459 59 41 179 241 
42 228 76 105 27 
174 114 228 228 433 
396 478 344 260 294 
436 494 305 232 175 
458 98 169 207 214 
262 199 23 299 73 
467 301 384 113 417 
419 397 164 476 53 
58 42 408 469 337 
60 17 71 200 432 
160 128 52 333 155 
409 57 304 2 479 
444 355 79 57 244 
280 28 360 406 401 
379 14 410 360 358 
413 426 374 149 257 
137 230 22 275 486 
353 154 462 114 309 
35 444 215 351 405 
35 160 251 391 144 
387 143 469 178 129 
158 293 290 465 342 
118 135 68 65 191 
30 456 288 375 94 
19 5 387 464 226 
269 334 47 356 422 
277 492 349 225 318 
22 341 59 52 191 
379 443 246 75 95 
412 156 8 311 229 
482 323 95 31 448 
308 324 473 249 81 
186 365 77 305 61 
93 66 4 115 5 
427 267 123 472 179 
323 466 358 241 247 
297 291 415 64 72 
439 267 381 50 500 
272 149 298 114 274 
63 183 483 425 391 
155 84 382 277 225 
207 403 76 396 82 
411 482 346 153 379 
471 390 38 376 231 
197 65 99 3 486 
277 129 57 491 362 
52 350 414 89 106 
471 416 361 35 149 
434 355 210 366 463 
172 322 188 259 180 
284 309 269 451 69 
87 336 438 90 14 
420 331 32 208 478 
396 75 361 78 241 
36 322 75 251 287 
406 179 239 467 262 
184 126 464 303 30 
152 110 289 422 85 
82 80 131 209 186 
214 293 135 197 66 
135 20 244 13 266 
136 482 231 338 364 
97 238 381 453 491 
18 76 91 82 170 
58 289 146 427 348 
176 167 134 48 31 
315 411 388 190 203 
286 334 492 295 1 
322 73 211 390 239 
403 408 385 294 269 
48 490 15 199 256 
301 273 32 409 205 
366 362 113 120 397 
472 315 344 117 144 
258 385 121 42 361 
488 151 25 249 467 
450 127 494 379 479 
1 386 128 69 375 
234 267 485 58 177 
197 80 188 96 285 
275 334 11 421 386 
249 197 197 112 72 
146 403 402 357 19 
205 386 260 382 333 
41 83 416 14 87 
159 69 298 84 244 
2 347 267 410 185 
245 72 68 435 426 
254 288 175 370 267 
353 405 485 86 148 
433 353 293 183 308 
198 295 116 111 173 
93 475 239 147 179 
123 121 292 291 130 
429 237 279 418 454 
116 359 214 451 306 
101 273 294 488 178 
341 372 370 225 484 
207 208 72 178 178 
22 334 93 255 119 
260 92 325 378 138 
268 111 334 484 411 
69 116 41 163 352 
355 324 197 186 15 
39 218 140 455 32 
205 495 167 348 495 
216 323 460 183 283 
52 356 394 254 355 
414 461 492 109 207 
58 74 363 201 102 
399 89 1 160 478 
409 332 270 156 23 
245 232 133 342 218 
270 320 287 338 113 
