5 158 420 0 0
12 16 17 19 20 
53 240 370 268 62 
222 177 269 417 135 
337 348 167 355 385 
261 3 430 442 331 
222 247 495 422 305 
293 112 39 448 402 
283 423 48 25 199 
386 474 491 83 396 
87 199 319 359 274 
147 20 329 80 259 
461 332 23 207 248 
78 421 211 372 239 
104 339 99 143 403 
323 146 117 140 383 
423 362 121 59 137 
297 343 45 283 485 
93 170 76 11 237 
252 314 61 256 326 
151 366 5 430 343 
445 416 155 347 179 
405 488 6 217 61 
203 441 463 299 94 
79 238 177 243 175 
372 429 218 21 432 
320 336 16 466 32 
132 301 407 434 59 
399 401 413 425 110 
204 85 351 348 485 
288 93 113 310 2 
24 39 170 478 71 
195 269 284 302 381 
495 128 484 482 442 
371 284 355 444 387 
178 23 101 53 264 
337 266 58 456 356 
3 55 428 89 305 
240 470 245 373 138 
184 192 318 279 185 
159 461 173 10 263 
278 404 254 332 96 
83 215 105 149 54 
336 389 377 400 386 
319 198 198 96 408 
148 320 268 161 308 
181 398 61 360 114 
88 348 372 83 58 
117 459 102 345 111 
56 392 419 206 340 
176 356 462 244 140 
303 21 215 357 284 
213 395 218 100 212 
438 228 154 418 74 
260 318 157 263 47 
146 286 315 33 358 
264 137 42 59 300 
256 206 142 7 163 
257 247 214 366 106 
8 276 240 61 62 
124 427 463 130 7 
203 39 24 273 75 
430 1 296 181 107 
406 281 288 376 420 
287 88 243 339 162 
373 319 173 174 58 
39 372 355 261 109 
235 19 419 308 247 
262 148 488 375 51 
135 215 139 250 105 
99 52 356 401 163 
351 457 192 42 363 
122 481 107 234 55 
245 86 265 223 134 
399 125 224 245 406 
251 410 145 117 292 
459 386 206 345 413 
74 405 322 425 2 
25 197 422 231 230 
398 218 441 372 360 
361 388 307 466 296 
243 154 140 377 186 
348 215 127 159 343 
152 335 492 78 497 
377 322 359 405 396 
361 388 342 101 74 
285 69 169 443 369 
8 201 340 212 403 
334 359 445 73 64 
321 45 62 497 232 
241 328 236 186 423 
259 491 474 136 156 
170 88 345 454 429 
242 135 249 7 477 
385 134 251 399 71 
281 86 346 256 236 
54 192 393 73 220 
494 201 364 46 228 
163 247 271 1 97 
15 138 404 137 24 
314 386 83 357 149 
340 418 273 89 174 
141 487 431 456 122 
238 238 88 140 118 
175 8 445 437 268 
182 340 243 482 264 
405 397 81 308 43 
35 341 189 347 229 
446 360 429 393 208 
3 22 300 481 15 
61 418 425 121 271 
167 75 117 390 434 
330 151 445 372 360 
307 496 432 257 99 
499 259 103 417 496 
306 347 7 398 127 
213 343 27 306 137 
449 75 463 296 401 
66 92 8 186 429 
483 452 242 193 167 
363 481 478 350 377 
349 262 207 23 47 
162 492 85 43 200 
333 343 26 150 8 
231 5 243 472 339 
232 114 302 273 71 
134 244 321 260 231 
77 55 230 471 444 
426 288 207 93 412 
478 118 447 465 464 
245 391 119 281 171 
388 225 310 224 3 
443 59 344 55 318 
277 420 348 386 470 
216 451 45 299 369 
286 23 35 74 386 
141 133 133 459 66 
111 60 349 323 57 
151 247 224 75 240 
422 455 308 178 489 
231 71 342 429 341 
368 473 194 263 9 
27 368 28 50 368 
405 367 400 25 108 
63 483 74 397 38 
303 422 368 495 235 
52 47 52 319 283 
209 413 490 79 32 
177 81 96 451 116 
244 55 97 210 157 
68 39 221 317 195 
461 160 286 193 321 
336 147 60 355 292 
458 72 24 172 109 
333 469 276 403 101 
36 178 117 75 183 
355 160 456 26 86 
86 308 142 242 77 
188 414 266 261 61 
111 270 424 330 381 
465 194 438 421 87 
319 5 312 312 52 
353 205 428 36 222 
201 29 30 149 97 
395 229 301 310 328 
91 331 42 255 437 
358 42 64 285 414 
396 186 84 144 324 
362 366 220 354 39 
26 385 321 496 79 
151 151 426 465 52 
27 103 431 4 276 
96 16 331 377 146 
429 21 229 7 396 
153 456 121 285 195 
459 180 209 64 406 
169 391 386 360 34 
206 111 235 110 105 
40 140 424 342 422 
163 280 363 256 313 
1 179 129 84 444 
160 336 183 165 323 
43 31 473 434 269 
313 403 27 474 126 
251 76 492 291 441 
285 336 183 104 380 
94 31 126 414 340 
445 62 93 80 471 
30 367 471 447 388 
396 155 34 293 124 
75 426 227 25 131 
355 105 341 456 223 
26 288 108 131 432 
296 463 345 375 193 
333 75 266 473 214 
495 220 35 369 28 
195 182 81 470 442 
190 184 115 213 489 
368 117 27 343 134 
56 154 317 331 73 
302 140 430 219 149 
383 31 278 319 91 
442 378 41 319 258 
10 223 33 184 47 
323 125 178 139 372 
339 33 326 208 437 
229 408 433 395 101 
295 287 54 234 344 
258 152 126 392 264 
184 6 68 320 303 
305 442 191 88 490 
148 291 133 193 392 
335 77 429 221 70 
189 212 385 409 220 
210 125 278 41 90 
243 72 125 322 343 
8 121 470 269 115 
319 37 451 42 453 
232 335 348 107 468 
31 229 377 29 180 
445 61 100 418 354 
269 263 475 164 290 
44 476 299 275 111 
86 300 482 310 45 
299 92 81 498 237 
390 319 421 3 236 
360 190 172 136 180 
27 19 24 325 164 
375 112 213 334 77 
85 63 455 96 484 
498 238 224 26 329 
86 353 134 67 438 
173 445 428 484 204 
132 313 88 323 263 
232 173 380 200 337 
227 32 31 453 163 
128 372 155 240 440 
383 197 337 325 471 
283 346 414 280 120 
79 237 461 262 499 
229 422 124 47 196 
56 139 183 462 349 
438 414 253 91 94 
313 478 80 380 57 
219 236 286 431 269 
314 12 341 146 197 
218 134 192 467 397 
206 186 257 457 37 
264 35 232 380 427 
467 12 319 462 451 
259 387 221 65 67 
34 118 472 154 81 
165 315 26 118 117 
258 368 244 40 360 
104 411 85 500 428 
105 352 219 114 189 
395 17 247 119 23 
274 273 439 227 157 
321 351 227 471 475 
90 328 55 85 494 
352 26 221 141 400 
435 152 138 393 88 
125 391 10 363 63 
54 94 251 36 447 
433 213 271 112 182 
348 306 114 393 454 
411 210 281 244 346 
348 132 180 106 472 
147 137 344 483 135 
195 59 391 249 405 
355 311 61 406 246 
296 440 302 194 71 
422 446 120 78 113 
253 221 160 337 145 
328 85 469 274 228 
423 267 249 374 180 
58 464 87 67 458 
241 238 381 13 449 
210 464 59 57 391 
271 274 106 96 89 
193 433 399 185 345 
54 24 110 16 191 
225 325 275 313 285 
463 68 158 396 199 
340 142 395 59 126 
481 492 49 281 237 
136 286 238 351 52 
137 6 259 45 194 
123 49 343 61 195 
202 15 2 223 13 
392 27 374 383 436 
445 236 453 161 5 
463 328 134 144 35 
35 10 52 391 34 
110 276 367 154 207 
84 310 73 125 420 
163 12 493 248 183 
37 360 73 255 233 
328 104 116 319 275 
190 378 393 94 329 
413 489 277 179 74 
224 63 335 5 212 
183 120 286 4 76 
138 371 433 19 295 
414 3 478 394 207 
8 423 477 492 257 
471 455 8 443 26 
443 135 188 484 93 
74 176 448 68 292 
418 221 285 419 125 
284 410 252 231 305 
6 454 77 457 211 
27 39 144 322 118 
99 432 298 241 5 
352 73 365 163 110 
44 352 492 369 117 
21 450 410 344 113 
480 262 456 166 440 
111 289 65 483 73 
91 340 228 249 391 
351 242 324 498 35 
367 190 104 455 406 
434 444 1 270 24 
496 350 268 5 387 
23 163 190 120 212 
392 180 97 424 142 
32 185 291 313 174 
172 398 161 403 222 
41 225 214 11 142 
159 297 235 490 118 
244 239 50 285 420 
420 251 388 274 129 
275 65 386 1 74 
200 165 428 289 81 
401 144 376 272 379 
297 483 274 315 2 
323 386 32 451 10 
127 426 67 320 385 
455 366 7 397 419 
460 10 23 466 269 
449 395 482 251 40 
277 318 284 114 6 
111 453 289 106 494 
13 21 317 61 281 
356 64 38 500 6 
196 431 133 419 51 
244 268 177 83 413 
73 256 364 457 34 
437 357 29 35 436 
198 312 63 307 493 
254 119 57 183 294 
106 322 272 148 462 
314 242 433 372 46 
178 399 142 384 50 
172 485 441 190 406 
437 9 310 247 340 
198 229 166 164 289 
237 443 384 374 457 
359 248 287 266 66 
367 333 480 295 329 
232 426 330 203 380 
90 292 353 300 123 
281 443 175 40 315 
238 449 219 441 432 
216 485 248 477 496 
28 134 496 434 334 
10 127 209 189 292 
445 341 459 279 61 
267 72 137 23 101 
197 167 173 334 337 
285 81 99 399 133 
291 292 56 296 449 
368 425 63 378 473 
240 232 306 184 99 
277 380 355 347 487 
400 418 469 141 445 
391 448 307 215 335 
395 151 485 358 134 
72 383 113 122 30 
143 295 214 39 222 
405 351 238 53 416 
421 403 69 181 13 
370 202 5 388 247 
175 60 426 84 332 
445 355 449 259 366 
295 264 82 281 444 
92 213 153 220 34 
340 166 445 398 373 
272 221 477 232 294 
140 488 30 134 470 
139 50 150 136 212 
474 246 289 97 427 
106 348 59 24 2 
75 10 59 142 241 
380 409 60 360 277 
104 50 209 32 350 
116 448 111 459 301 
253 291 209 9 326 
8 332 326 487 389 
250 333 269 204 230 
263 359 320 168 30 
18 320 279 472 141 
397 375 235 86 455 
423 202 381 477 189 
93 87 174 428 179 
171 207 53 158 255 
275 21 125 81 53 
67 493 250 355 165 
301 363 249 55 183 
153 190 150 70 374 
290 440 110 247 406 
281 154 399 99 436 
110 382 338 130 287 
37 251 106 238 310 
243 275 275 254 416 
37 179 206 470 14 
34 327 466 123 217 
354 346 267 420 28 
4 70 255 456 96 
438 34 408 398 286 
3 181 292 480 238 
455 487 9 470 61 
