4 304 425 0 0
14 15 18 12 
157 211 222 103 
318 403 305 272 
486 205 416 71 
207 258 487 284 
65 327 192 353 
370 21 256 189 
62 187 69 86 
82 162 349 23 
168 232 92 257 
460 245 335 71 
31 53 439 380 
484 375 226 149 
493 341 490 471 
163 420 462 148 
489 67 356 26 
318 252 179 229 
374 376 454 385 
282 35 489 486 
97 129 350 188 
46 289 26 20 
105 357 78 97 
139 459 253 124 
391 207 377 113 
203 324 182 189 
355 120 313 422 
178 352 500 236 
300 143 30 437 
136 210 417 233 
27 96 306 417 
127 275 283 329 
472 210 16 10 
186 151 190 11 
360 15 176 493 
19 48 448 226 
365 420 261 211 
143 125 284 208 
266 412 418 23 
416 245 225 97 
314 31 233 393 
99 8 242 208 
406 273 206 87 
408 450 292 205 
290 92 478 306 
439 320 275 195 
396 16 110 331 
399 119 489 75 
111 411 402 253 
125 224 98 378 
60 236 219 306 
275 204 146 444 
161 283 65 452 
487 450 346 380 
41 275 342 328 
323 112 432 460 
354 430 12 394 
299 13 2 98 
160 459 147 405 
46 424 23 203 
90 129 415 446 
125 187 100 150 
480 151 58 442 
149 89 407 417 
317 239 35 131 
466 293 140 140 
195 258 288 307 
291 292 133 409 
386 310 169 111 
375 148 75 202 
210 385 13 453 
186 13 9 497 
397 246 135 66 
391 283 399 230 
41 25 259 289 
57 466 489 237 
369 115 61 336 
255 134 496 458 
408 239 365 393 
439 25 481 367 
323 74 249 109 
147 431 112 62 
111 148 225 185 
217 456 450 72 
323 309 27 102 
28 145 317 223 
24 274 458 88 
43 298 29 304 
365 205 236 101 
94 167 176 50 
297 373 29 8 
399 166 9 463 
221 94 324 262 
440 75 212 475 
211 411 208 157 
476 376 297 284 
146 111 190 68 
177 125 95 315 
257 478 267 389 
61 452 190 98 
299 458 214 43 
413 473 492 71 
123 181 111 173 
146 165 433 369 
470 420 218 286 
422 274 169 131 
444 452 151 283 
172 206 429 280 
205 53 392 56 
478 464 24 110 
341 136 115 279 
53 244 171 278 
213 183 126 203 
166 85 144 249 
188 212 119 471 
255 65 135 308 
306 484 131 49 
371 361 286 433 
434 167 479 285 
340 45 9 169 
281 125 338 343 
274 28 461 242 
32 277 203 466 
292 461 270 4 
257 291 205 200 
216 269 295 325 
248 138 391 381 
141 461 16 445 
438 378 432 263 
79 243 20 373 
202 387 264 7 
99 19 221 239 
90 434 288 108 
230 72 46 467 
128 446 367 135 
412 421 140 379 
244 498 64 82 
402 449 74 29 
321 337 324 335 
123 458 219 114 
41 86 206 257 
95 477 490 140 
277 399 98 160 
395 128 288 343 
339 386 446 7 
347 292 100 266 
478 195 430 393 
251 178 321 273 
367 214 413 225 
100 243 247 79 
329 402 495 146 
93 259 68 137 
32 430 48 416 
427 476 16 183 
403 444 58 430 
120 287 297 74 
408 353 447 473 
441 410 36 39 
40 12 229 231 
330 457 451 362 
29 500 181 314 
453 442 388 407 
411 270 118 46 
342 66 296 408 
324 185 180 302 
216 146 442 446 
167 458 346 478 
232 465 196 283 
268 301 229 482 
28 187 57 316 
344 220 388 173 
308 465 214 285 
358 233 377 28 
439 78 195 271 
99 498 111 230 
328 313 266 426 
375 460 36 184 
193 82 343 486 
371 264 188 443 
15 150 72 45 
2 440 29 209 
352 221 204 492 
311 205 189 287 
330 369 460 113 
251 135 90 370 
411 404 113 101 
8 155 168 5 
362 193 163 451 
496 201 253 380 
37 29 154 294 
154 478 275 493 
42 290 475 8 
208 420 479 368 
471 13 136 379 
147 360 319 49 
193 269 166 275 
326 448 120 222 
102 280 150 276 
299 260 93 427 
46 474 266 458 
305 99 130 434 
384 159 35 7 
357 267 201 48 
203 250 238 370 
490 423 398 162 
98 420 89 29 
370 308 161 175 
396 275 264 96 
292 116 116 419 
173 399 131 428 
415 240 185 332 
434 230 475 125 
219 4 416 460 
478 349 152 391 
316 38 434 442 
193 74 282 422 
86 383 493 370 
246 344 222 102 
265 329 270 55 
389 430 348 101 
444 220 383 454 
22 398 117 20 
343 245 423 263 
243 418 362 299 
261 33 198 210 
149 331 27 495 
81 193 153 493 
219 275 306 232 
74 208 333 290 
68 215 348 192 
458 490 112 248 
162 391 104 254 
31 116 139 475 
253 441 131 71 
414 443 2 99 
298 285 104 466 
305 283 427 106 
198 133 238 340 
486 374 195 296 
305 141 155 94 
397 328 205 115 
424 82 269 66 
43 370 160 356 
125 464 324 131 
416 295 483 460 
450 112 241 227 
184 483 180 478 
482 256 335 225 
195 473 339 300 
136 124 178 259 
346 287 129 277 
124 203 85 74 
202 435 219 57 
479 70 133 75 
21 20 251 429 
48 446 139 62 
286 231 119 197 
200 64 466 433 
31 433 219 371 
320 84 292 132 
331 97 23 417 
125 234 17 76 
329 6 211 140 
292 488 235 16 
483 456 69 29 
271 336 218 175 
217 228 44 111 
274 170 378 155 
329 355 117 436 
110 205 424 409 
448 6 420 394 
28 263 136 417 
191 113 47 189 
221 349 237 425 
206 240 422 424 
245 275 374 496 
362 453 113 193 
294 478 27 383 
250 263 59 496 
2 348 190 98 
482 58 342 132 
175 368 358 276 
280 199 330 380 
60 12 236 407 
395 375 192 91 
478 195 300 19 
472 6 286 499 
106 245 131 187 
291 99 415 404 
98 353 273 1 
176 386 415 56 
383 475 21 167 
107 226 300 3 
422 413 312 155 
463 279 237 464 
373 79 169 434 
38 251 378 463 
159 412 223 222 
133 45 157 16 
393 438 22 238 
23 332 314 441 
25 153 326 448 
78 14 234 140 
305 406 109 427 
305 473 50 152 
275 391 304 493 
3 264 496 127 
49 20 226 380 
78 70 22 194 
251 155 299 209 
120 453 336 213 
379 457 443 403 
260 145 268 160 
220 185 270 303 
15 338 291 487 
322 464 500 306 
139 24 465 273 
436 202 215 273 
396 21 270 498 
55 29 35 137 
129 37 150 274 
238 176 217 188 
114 395 331 453 
490 83 306 140 
30 237 182 57 
150 194 80 152 
70 461 114 100 
288 361 129 108 
485 313 51 291 
125 230 173 409 
43 112 408 239 
144 492 206 92 
494 273 434 147 
150 62 10 426 
39 289 315 290 
325 273 218 93 
93 285 276 46 
441 342 443 26 
94 95 85 148 
132 140 152 407 
64 144 375 37 
296 34 339 75 
53 198 139 99 
146 118 60 92 
244 150 144 253 
259 486 31 396 
354 87 426 402 
296 356 71 453 
302 218 60 434 
63 350 317 137 
50 195 40 420 
141 404 37 123 
435 419 293 473 
219 439 223 191 
397 271 342 423 
194 359 362 355 
489 143 10 306 
463 28 111 149 
426 102 442 194 
433 370 405 131 
111 90 31 422 
119 458 310 224 
378 123 220 127 
483 209 486 402 
466 281 258 289 
41 490 266 39 
223 238 210 240 
425 277 200 84 
50 85 484 208 
476 304 407 152 
472 249 107 494 
225 16 8 233 
327 237 383 346 
355 134 107 400 
43 201 390 48 
65 316 344 14 
439 359 428 7 
92 299 464 436 
411 350 162 313 
127 216 404 169 
222 186 255 188 
15 265 424 72 
418 441 349 313 
284 188 391 492 
41 437 292 304 
137 186 400 185 
386 34 127 172 
246 123 473 305 
2 361 411 147 
343 274 263 394 
231 321 5 372 
384 110 105 318 
404 137 233 116 
347 136 20 184 
206 236 366 115 
470 175 111 449 
132 68 328 108 
104 31 177 355 
329 265 91 238 
237 18 349 481 
198 423 72 411 
451 438 37 389 
350 70 246 486 
428 467 15 349 
202 147 278 1 
222 243 407 298 
346 497 435 67 
145 45 344 214 
77 376 491 171 
494 332 117 445 
223 397 191 51 
153 224 463 19 
379 85 380 386 
462 88 308 280 
37 308 94 79 
137 458 91 30 
24 460 183 57 
97 451 194 184 
184 395 145 198 
348 367 212 427 
279 263 243 202 
15 198 177 29 
418 8 443 372 
15 208 438 76 
49 436 309 319 
494 238 493 179 
363 173 332 186 
