4 332 435 0 0
16 19 18 12 
491 407 458 105 
16 110 12 219 
316 202 64 340 
304 2 5 415 
371 110 194 157 
379 408 347 383 
239 221 255 252 
46 114 325 80 
321 198 408 402 
25 186 94 341 
332 217 276 150 
208 228 14 394 
418 57 146 406 
183 301 228 440 
273 49 121 244 
250 475 463 109 
101 254 276 46 
487 406 240 410 
453 71 19 312 
262 142 2 253 
136 299 459 152 
208 209 232 385 
202 241 370 97 
200 166 256 138 
32 81 357 393 
268 207 487 304 
436 415 173 198 
187 178 331 293 
230 242 278 58 
486 261 46 491 
298 19 339 156 
110 196 294 299 
388 353 143 298 
489 387 66 177 
237 448 365 371 
221 422 258 500 
238 86 27 466 
161 147 42 392 
381 378 239 430 
204 378 381 491 
329 199 207 482 
67 88 242 227 
97 55 210 423 
441 488 138 44 
217 323 16 126 
448 277 40 258 
318 277 486 94 
457 226 16 345 
136 212 54 320 
203 261 227 324 
84 226 388 493 
175 361 200 364 
149 53 144 351 
210 31 206 458 
258 223 355 477 
56 418 47 381 
78 231 49 257 
82 472 16 228 
414 102 401 161 
12 286 163 332 
314 260 77 9 
86 256 34 217 
79 132 324 442 
315 407 134 156 
130 23 208 416 
240 352 459 302 
339 381 160 377 
383 331 222 355 
295 340 329 218 
163 243 251 344 
51 367 424 423 
477 222 451 43 
23 420 427 500 
422 240 66 268 
361 440 27 477 
406 127 402 64 
484 97 217 153 
249 431 216 370 
256 296 408 363 
435 404 8 256 
335 34 313 425 
306 223 375 301 
367 119 54 371 
356 425 415 11 
7 418 160 339 
101 319 10 308 
435 173 269 228 
369 417 109 136 
63 345 78 187 
423 450 130 67 
309 6 178 101 
221 475 428 266 
368 341 168 2 
449 341 158 336 
376 93 395 96 
181 372 263 139 
230 133 313 40 
365 414 457 317 
292 11 452 30 
497 170 273 154 
127 438 322 285 
365 47 325 48 
28 321 95 188 
120 471 123 80 
470 426 335 92 
117 156 83 355 
25 5 142 288 
169 90 141 420 
360 315 284 319 
52 226 325 251 
156 486 371 356 
245 302 71 407 
92 365 276 57 
143 495 192 59 
393 383 278 429 
439 260 345 21 
77 370 50 103 
322 53 268 181 
368 405 278 368 
494 476 491 152 
137 449 396 264 
384 152 421 480 
211 46 464 314 
189 8 357 309 
302 367 182 441 
114 42 343 43 
452 120 200 26 
49 322 141 433 
201 61 204 97 
319 451 58 394 
57 462 87 69 
83 334 88 168 
3 344 138 75 
283 99 497 102 
206 264 424 191 
105 336 470 298 
9 22 14 427 
182 430 438 407 
284 420 18 15 
421 387 82 193 
188 56 43 500 
466 330 4 407 
440 84 85 125 
102 204 111 252 
72 220 72 131 
436 6 209 20 
182 331 123 341 
453 266 293 79 
173 200 99 457 
457 255 103 274 
33 464 316 485 
139 343 89 231 
303 144 229 182 
79 189 288 178 
334 309 347 126 
127 132 260 196 
169 134 464 449 
241 16 286 327 
266 411 500 201 
448 85 494 107 
121 387 242 183 
227 361 351 469 
362 263 210 1 
264 166 233 323 
383 13 248 499 
340 336 412 192 
340 262 183 486 
240 360 234 397 
480 177 218 130 
457 344 455 272 
374 391 102 346 
213 100 323 324 
129 371 81 228 
242 411 300 274 
324 467 306 423 
146 316 175 221 
192 385 103 163 
104 129 230 63 
65 112 55 233 
253 446 24 238 
202 103 375 147 
488 398 250 374 
129 476 314 4 
73 98 466 432 
378 409 76 89 
49 441 464 116 
479 39 126 362 
86 26 345 430 
497 392 129 18 
181 495 180 282 
233 37 132 489 
280 441 416 491 
201 451 141 279 
468 449 275 118 
117 440 174 203 
251 157 45 491 
17 116 356 423 
372 168 236 53 
433 17 295 350 
379 44 468 248 
396 193 156 390 
60 223 20 338 
196 294 4 101 
369 463 226 60 
367 234 249 247 
8 261 437 338 
461 10 301 66 
350 229 31 126 
348 50 43 293 
161 310 150 127 
421 388 232 475 
32 38 122 450 
223 430 474 195 
121 201 388 302 
88 368 322 116 
113 131 386 324 
272 312 447 221 
54 363 95 85 
384 463 168 328 
35 110 352 427 
68 111 60 402 
252 438 206 74 
87 90 336 260 
208 469 343 288 
192 269 413 500 
288 392 406 330 
314 236 181 222 
194 195 404 88 
15 23 87 237 
315 399 372 296 
427 96 386 366 
491 455 460 424 
211 100 395 212 
149 115 465 222 
499 491 368 240 
168 498 482 52 
21 88 206 64 
256 204 258 369 
113 421 202 259 
356 428 389 478 
360 3 9 84 
338 91 121 496 
323 450 191 53 
287 496 113 90 
339 162 452 446 
168 11 32 161 
470 231 275 37 
416 342 474 51 
438 482 261 448 
489 25 219 20 
125 438 435 44 
442 81 30 317 
369 105 168 170 
431 371 122 123 
291 59 66 402 
442 18 69 137 
324 163 113 139 
379 448 93 59 
380 27 253 59 
355 53 261 15 
279 133 303 387 
115 17 288 418 
132 234 150 457 
250 237 115 298 
310 440 150 45 
94 455 450 236 
218 241 472 311 
208 438 6 360 
100 351 418 60 
181 282 424 278 
195 256 149 17 
401 384 37 162 
438 219 210 441 
165 466 110 6 
298 420 474 381 
177 480 116 479 
124 483 46 403 
119 486 323 73 
357 284 209 400 
472 95 84 173 
358 68 203 311 
120 104 98 382 
84 343 489 372 
195 295 305 3 
217 57 406 130 
380 380 24 342 
321 81 485 260 
426 10 148 214 
306 385 226 71 
293 276 281 380 
367 347 161 90 
217 471 290 400 
5 93 136 391 
244 129 91 453 
360 425 53 319 
362 328 412 37 
343 168 459 444 
356 156 111 150 
412 230 122 94 
416 438 295 392 
257 66 290 161 
197 74 136 194 
231 327 70 131 
310 382 274 483 
337 306 320 166 
462 367 259 133 
7 443 441 382 
61 211 365 366 
99 1 62 392 
478 371 18 190 
16 35 225 216 
293 1 89 68 
363 129 470 19 
250 304 61 450 
422 204 472 350 
417 60 283 468 
420 432 189 434 
250 478 41 485 
163 456 458 480 
427 139 298 345 
453 418 214 478 
469 106 473 426 
285 187 26 304 
443 174 456 400 
472 14 237 203 
146 181 44 322 
440 95 362 331 
401 153 385 6 
409 495 56 393 
170 493 408 475 
368 240 384 150 
380 448 34 10 
414 104 43 275 
412 98 159 190 
107 298 98 444 
39 416 250 395 
393 305 326 388 
497 82 386 418 
365 154 206 84 
61 196 190 48 
430 435 168 171 
62 79 266 457 
304 51 60 401 
384 397 254 436 
294 131 20 489 
108 224 221 270 
53 120 365 436 
109 187 181 472 
17 45 127 310 
425 159 267 327 
367 489 104 112 
99 484 292 34 
97 477 99 346 
50 6 380 371 
45 110 445 369 
436 171 81 480 
484 300 171 364 
445 99 37 333 
72 320 221 458 
24 54 135 228 
300 282 66 289 
63 429 201 130 
52 201 327 87 
396 299 237 436 
33 239 307 45 
120 93 191 121 
97 180 321 447 
410 173 430 22 
386 160 274 376 
278 95 102 253 
8 299 280 426 
349 440 199 149 
322 457 163 383 
177 170 190 437 
424 1 102 75 
484 225 131 47 
246 59 129 219 
239 371 200 75 
188 438 150 326 
11 454 404 490 
226 140 130 304 
95 375 79 397 
475 451 299 8 
132 178 131 238 
497 236 323 169 
82 484 399 29 
219 393 335 138 
294 192 72 71 
62 317 378 129 
120 137 357 289 
12 147 488 494 
251 492 215 345 
398 79 206 268 
344 27 13 219 
459 35 275 199 
365 426 471 20 
211 368 53 340 
17 481 237 139 
288 205 176 182 
245 84 64 309 
81 431 452 465 
89 356 269 257 
165 371 475 436 
49 86 116 370 
150 497 181 191 
49 493 78 109 
433 137 241 140 
80 302 459 417 
362 499 128 404 
439 186 369 81 
498 446 40 339 
310 72 131 167 
77 309 145 229 
364 170 315 243 
157 383 53 417 
62 264 306 71 
238 417 186 231 
49 450 247 437 
133 76 437 178 
348 154 209 477 
460 283 280 492 
415 183 297 443 
472 456 45 466 
390 181 21 154 
54 37 405 312 
364 36 298 281 
459 163 198 29 
3 473 36 422 
363 385 130 416 
293 207 220 120 
117 86 372 350 
16 393 344 63 
375 479 42 300 
140 372 462 102 
232 361 292 4 
