5 842 440 0 0
12 11 16 14 13 
74 347 346 473 339 
24 194 323 198 321 
216 208 479 314 144 
195 380 494 404 240 
231 413 334 465 357 
371 285 338 153 352 
267 65 91 137 288 
229 423 212 73 82 
208 162 142 358 135 
27 169 317 103 183 
244 468 45 145 441 
485 303 427 453 106 
77 449 388 156 445 
222 161 217 415 82 
459 256 351 27 166 
485 298 211 284 417 
295 154 255 144 261 
303 86 387 339 165 
177 369 302 53 150 
37 353 45 299 142 
363 261 375 150 364 
151 437 252 481 21 
234 416 137 285 252 
60 43 489 170 145 
158 117 297 434 165 
375 339 247 245 440 
448 232 62 14 6 
361 236 132 131 162 
213 465 492 311 467 
382 182 267 345 296 
168 384 206 474 30 
355 65 15 384 179 
487 387 386 17 459 
440 156 337 188 119 
29 219 29 15 477 
36 108 276 114 114 
135 90 156 474 247 
327 202 22 26 149 
146 92 238 480 419 
154 489 305 65 260 
154 454 22 3 88 
163 360 88 412 391 
38 195 368 419 211 
265 200 476 494 222 
184 176 51 369 94 
92 314 321 368 30 
308 363 379 388 252 
67 318 442 2 46 
12 373 168 458 134 
323 207 284 260 360 
95 111 440 151 220 
417 246 46 44 294 
124 443 397 42 244 
86 129 52 44 54 
416 402 408 313 205 
112 89 216 227 289 
144 350 255 180 210 
180 276 196 323 82 
127 21 218 311 271 
231 79 142 222 225 
163 48 379 194 184 
309 100 466 110 250 
197 123 263 223 258 
108 223 455 353 466 
206 27 66 374 73 
220 338 413 319 296 
350 157 99 13 213 
441 98 298 155 150 
117 58 16 278 241 
351 240 311 194 9 
49 446 235 218 287 
37 141 356 482 237 
171 193 59 277 106 
164 455 120 255 454 
499 403 490 167 252 
146 318 378 179 387 
391 4 252 426 283 
224 329 49 296 311 
163 161 124 465 88 
402 387 84 86 387 
240 127 165 144 152 
492 119 58 10 373 
234 373 114 105 367 
442 499 45 314 359 
285 1 394 356 29 
310 208 190 183 326 
499 334 350 307 354 
101 188 154 411 438 
177 418 22 169 166 
495 177 474 369 357 
446 103 275 116 85 
239 11 38 384 450 
273 205 262 179 341 
227 162 462 446 456 
58 129 101 275 406 
217 410 23 21 263 
302 384 344 387 90 
367 202 102 320 37 
37 85 279 5 223 
378 190 103 137 218 
378 47 324 270 292 
205 381 137 33 476 
115 156 228 335 263 
482 276 349 257 344 
189 392 20 325 434 
205 175 117 306 479 
316 323 353 4 294 
188 352 21 438 429 
492 111 380 270 375 
101 446 320 283 326 
417 383 360 263 322 
417 488 381 1 259 
257 427 279 62 102 
71 302 495 115 66 
146 316 487 320 252 
194 61 218 406 259 
43 239 369 316 151 
32 423 115 55 284 
248 282 37 121 431 
47 467 105 354 265 
433 192 80 148 229 
25 290 27 482 407 
296 275 223 467 460 
123 343 70 462 16 
35 297 40 297 421 
108 414 205 66 60 
281 74 162 316 148 
158 79 152 174 301 
420 124 438 9 296 
153 207 438 73 438 
75 460 482 97 446 
335 480 247 270 132 
495 322 349 306 355 
73 447 381 383 456 
371 155 34 50 406 
182 111 425 337 232 
484 382 367 293 308 
488 77 279 140 392 
422 193 478 225 145 
136 183 127 273 277 
115 336 322 18 78 
20 97 14 382 267 
79 292 247 275 423 
243 226 281 12 151 
69 458 155 426 209 
251 14 306 500 305 
439 121 137 80 159 
445 488 196 106 455 
361 347 152 366 262 
92 461 444 69 397 
259 30 415 450 17 
273 392 349 413 414 
280 116 230 172 404 
404 304 186 271 327 
238 410 391 388 282 
303 35 463 313 149 
18 215 149 387 69 
381 89 330 250 63 
92 290 294 483 53 
132 493 35 299 8 
293 302 222 27 219 
463 340 443 35 451 
204 325 249 16 186 
281 429 39 226 42 
439 28 433 61 369 
265 70 284 18 389 
151 392 251 150 350 
223 224 255 434 3 
181 439 98 249 19 
290 359 116 260 389 
346 181 248 343 115 
258 355 423 121 266 
248 422 412 165 436 
176 206 355 154 346 
30 56 447 155 383 
65 200 117 217 187 
37 491 407 186 294 
224 289 39 358 186 
427 152 3 183 52 
60 284 329 194 39 
89 349 437 118 478 
349 79 225 427 481 
119 195 484 409 480 
470 285 19 353 300 
349 130 332 118 324 
256 127 471 284 31 
374 480 477 404 137 
451 378 26 101 151 
495 62 212 201 370 
87 111 35 284 324 
376 267 376 441 352 
79 159 174 219 292 
64 41 275 447 209 
483 15 270 107 414 
63 246 43 48 19 
201 271 263 411 367 
404 68 22 221 94 
348 57 317 129 43 
144 169 92 24 350 
75 199 105 27 208 
207 251 410 412 139 
389 192 250 23 155 
33 67 447 442 21 
229 280 310 26 348 
480 373 71 412 55 
246 443 217 138 377 
195 181 406 28 257 
408 232 327 367 230 
394 491 113 339 340 
67 483 176 456 268 
226 397 57 427 235 
296 367 39 138 188 
45 170 469 441 75 
77 42 132 267 24 
193 233 439 81 175 
489 134 216 374 453 
34 102 440 286 437 
371 446 398 407 333 
344 500 47 359 218 
306 88 438 325 360 
140 66 480 385 458 
76 138 75 60 146 
401 374 249 293 458 
174 487 401 314 48 
473 149 485 425 484 
182 9 164 55 268 
6 455 166 482 166 
40 282 475 482 481 
345 175 217 10 251 
177 55 386 393 62 
317 123 185 60 307 
18 461 419 155 299 
477 439 110 62 311 
341 293 288 278 419 
189 241 17 144 231 
255 234 239 71 344 
337 473 199 184 404 
286 432 178 146 279 
104 457 373 165 465 
467 199 385 94 364 
140 403 164 272 93 
103 220 495 85 142 
363 142 77 264 372 
206 180 44 101 230 
185 170 431 458 210 
448 21 303 294 357 
424 295 389 116 178 
379 83 136 477 183 
308 422 151 183 194 
25 24 12 48 366 
10 23 102 498 47 
497 107 210 330 124 
307 404 203 366 470 
471 458 109 263 474 
388 300 50 277 234 
313 332 136 449 186 
22 443 76 330 438 
433 496 144 194 37 
417 68 469 130 406 
248 253 96 444 340 
225 390 321 357 25 
364 345 286 261 373 
235 443 498 320 456 
472 234 280 452 334 
319 238 461 276 156 
378 343 500 232 24 
74 274 396 205 145 
465 11 78 268 412 
99 66 497 387 447 
447 350 374 304 475 
125 301 112 141 164 
434 89 375 386 420 
41 265 326 422 447 
58 399 460 243 113 
384 393 467 1 104 
465 221 476 255 469 
343 275 461 89 191 
38 82 312 325 267 
293 237 242 52 269 
438 271 364 394 438 
153 196 320 309 262 
240 79 492 230 195 
381 408 171 295 129 
158 79 206 342 177 
496 383 258 334 176 
59 299 387 90 231 
325 164 200 187 115 
66 328 157 171 87 
38 229 457 264 174 
496 284 385 497 265 
41 188 307 80 6 
190 368 273 124 89 
439 450 123 320 134 
203 40 398 44 68 
140 419 371 10 369 
198 223 280 457 84 
298 335 230 481 477 
41 53 5 49 355 
68 397 249 209 201 
173 324 176 349 420 
393 29 35 399 154 
71 313 411 142 271 
272 418 180 74 173 
73 457 108 89 259 
95 222 9 131 57 
141 79 384 390 39 
115 450 443 198 342 
377 50 78 364 395 
229 128 398 2 287 
389 208 296 6 336 
19 300 398 117 25 
165 164 4 75 457 
223 220 390 85 5 
1 306 393 50 172 
374 143 413 266 122 
247 122 310 288 3 
189 183 422 488 80 
104 29 165 334 58 
99 251 69 201 347 
203 432 211 387 352 
75 226 288 131 149 
247 46 473 136 236 
221 70 103 412 395 
459 389 171 123 12 
379 403 171 163 321 
274 279 393 276 239 
98 147 82 429 242 
462 446 359 25 7 
283 22 19 289 75 
388 87 71 251 452 
480 459 289 397 475 
325 102 184 117 47 
217 470 184 143 472 
92 398 475 491 299 
218 478 15 415 28 
146 126 333 177 304 
35 199 282 272 375 
264 278 33 135 90 
383 273 399 22 181 
406 345 197 382 38 
115 421 68 35 421 
85 252 384 392 467 
193 18 460 31 318 
242 485 210 108 482 
267 224 84 356 67 
176 346 93 111 345 
398 228 266 285 419 
403 154 177 281 247 
292 254 119 35 364 
344 347 222 412 300 
276 444 237 132 158 
337 215 279 296 271 
141 469 254 180 366 
35 220 172 113 4 
221 412 427 495 284 
407 354 397 99 323 
72 288 106 284 355 
203 439 87 494 327 
439 13 432 116 384 
3 495 250 31 179 
351 214 373 287 241 
39 482 132 342 116 
244 444 268 371 440 
93 252 420 302 247 
434 407 295 366 462 
181 138 301 196 300 
63 461 148 49 295 
420 374 197 88 71 
35 144 249 88 229 
45 234 131 189 223 
25 357 339 477 73 
95 164 46 422 198 
466 369 59 413 122 
101 445 167 146 45 
36 185 442 163 197 
278 33 351 85 225 
386 1 259 369 346 
101 315 326 311 446 
108 205 279 16 150 
467 43 147 272 365 
107 172 494 421 466 
327 76 147 166 69 
24 82 237 389 42 
51 482 73 303 296 
162 64 188 27 376 
98 331 146 160 201 
444 348 420 380 39 
314 24 261 411 33 
183 228 7 54 48 
416 419 147 408 202 
368 30 184 212 128 
323 437 249 84 412 
214 199 439 475 234 
414 179 394 256 77 
410 121 240 175 288 
91 197 38 269 13 
404 207 274 19 249 
88 236 461 389 250 
115 52 213 444 154 
93 59 248 311 422 
332 495 49 64 463 
350 296 39 141 291 
11 386 271 169 167 
304 490 162 484 156 
241 167 343 325 290 
309 52 457 138 410 
88 291 162 309 135 
277 120 339 378 213 
425 483 229 7 389 
77 53 94 404 74 
310 296 355 10 89 
51 454 65 203 404 
69 422 383 331 394 
197 251 371 137 426 
44 187 169 338 298 
347 374 190 445 18 
285 242 54 192 342 
456 14 37 382 493 
237 345 344 457 419 
107 149 330 277 96 
137 380 357 15 209 
211 153 151 455 387 
65 459 70 12 242 
420 380 78 40 330 
435 328 22 338 48 
347 238 461 227 156 
144 219 469 306 291 
249 18 218 371 448 
94 402 375 255 279 
159 4 368 417 424 
256 154 395 463 223 
212 425 161 427 307 
267 71 347 456 181 
396 415 61 118 459 
471 439 165 315 350 
468 101 387 43 345 
105 441 500 148 488 
148 16 41 242 385 
330 443 61 348 187 
432 138 435 259 228 
