5 876 500 0 0
16 11 12 13 18 
7 43 499 394 332 
266 289 245 377 334 
228 287 272 452 145 
235 381 25 207 83 
428 268 488 311 67 
431 33 33 465 116 
28 151 496 422 130 
92 445 254 410 262 
12 288 322 83 159 
415 320 293 213 321 
222 124 344 41 309 
337 363 378 450 329 
342 352 255 21 180 
90 392 288 61 329 
417 105 285 325 450 
7 344 60 426 22 
405 427 102 337 251 
500 442 430 30 248 
378 442 185 47 494 
431 467 333 298 274 
280 316 26 242 44 
104 416 142 324 193 
266 417 94 200 401 
38 106 288 386 204 
287 209 37 370 262 
151 459 229 284 426 
372 242 404 370 21 
185 407 191 478 353 
152 278 371 80 117 
189 480 362 124 445 
479 467 213 411 69 
236 378 218 487 256 
106 285 428 135 199 
338 285 359 293 129 
467 170 170 307 226 
334 467 476 85 97 
107 441 237 266 429 
435 28 389 95 485 
62 463 467 85 242 
290 283 15 480 345 
395 271 53 72 173 
334 95 184 14 48 
221 2 468 304 211 
396 330 237 118 182 
167 379 180 4 254 
404 438 74 17 147 
320 307 211 403 2 
74 34 331 203 205 
79 129 135 197 207 
193 496 418 298 269 
13 421 468 84 370 
419 254 156 315 359 
332 250 115 300 158 
322 330 321 269 467 
305 341 490 289 245 
136 86 417 78 146 
13 233 59 194 389 
259 73 485 119 22 
223 262 298 103 170 
64 86 251 427 269 
296 350 54 142 164 
8 77 212 458 149 
29 474 427 225 455 
402 361 486 191 36 
10 335 433 411 474 
5 281 43 20 314 
31 278 154 49 458 
485 154 142 249 438 
452 353 225 440 212 
300 201 443 349 351 
371 231 260 115 343 
468 243 401 102 265 
104 123 199 99 145 
180 167 207 330 407 
174 70 288 275 198 
137 187 122 159 50 
222 77 292 485 68 
46 133 60 270 177 
487 473 221 289 233 
114 201 461 329 223 
373 334 286 237 166 
3 140 26 305 275 
13 41 313 420 230 
416 314 316 294 15 
230 294 267 374 469 
29 144 11 224 3 
225 2 338 106 337 
281 22 8 85 135 
200 393 42 205 108 
433 369 247 129 263 
271 201 261 441 163 
140 481 132 47 470 
188 72 285 4 83 
346 477 59 137 267 
270 130 346 164 343 
371 69 449 373 114 
102 441 394 391 95 
51 200 372 174 41 
330 103 90 438 219 
143 493 150 425 160 
240 494 120 158 388 
148 485 474 193 112 
157 425 91 148 363 
89 290 14 419 202 
131 323 71 54 67 
194 83 333 326 431 
90 15 489 29 327 
375 21 109 431 254 
255 8 209 255 358 
286 232 475 142 276 
106 384 281 330 337 
374 178 8 252 87 
306 475 346 218 483 
146 326 233 56 154 
278 26 353 448 157 
430 444 334 343 35 
13 237 172 124 108 
82 338 379 354 26 
65 435 331 373 206 
174 113 313 320 222 
409 387 289 405 382 
282 404 171 278 207 
17 322 103 42 298 
443 198 128 98 496 
117 140 260 301 112 
201 273 137 399 345 
161 319 285 340 58 
81 173 293 133 60 
74 92 34 269 222 
58 401 326 222 244 
265 35 15 250 419 
170 453 474 345 163 
229 144 209 50 418 
121 188 41 298 348 
250 409 252 344 406 
204 374 163 79 159 
190 408 229 391 60 
457 409 93 49 181 
373 428 57 218 305 
333 54 256 248 302 
415 389 69 235 100 
430 147 347 224 119 
453 419 332 162 360 
82 83 166 475 386 
412 368 286 404 4 
329 396 122 341 2 
25 27 279 382 199 
481 309 331 34 130 
306 393 445 9 244 
173 170 357 343 351 
468 437 355 341 473 
485 269 47 58 132 
253 152 172 366 72 
244 412 96 488 456 
272 54 183 65 53 
490 301 427 410 336 
43 414 29 36 118 
471 350 216 434 23 
390 371 249 293 72 
80 140 217 266 410 
319 104 415 433 182 
283 401 356 43 19 
438 385 238 465 497 
304 152 103 320 325 
357 162 23 413 180 
89 239 74 298 183 
210 198 354 240 72 
494 234 245 240 208 
91 102 379 482 150 
429 102 172 351 50 
154 45 144 400 186 
11 358 365 142 361 
262 280 209 493 182 
120 142 258 11 190 
439 131 235 235 49 
481 253 92 446 497 
444 279 222 233 489 
52 68 214 387 311 
34 136 476 266 496 
320 270 34 243 58 
57 115 8 58 287 
118 256 138 34 231 
196 289 364 57 493 
257 346 85 308 425 
64 400 447 233 272 
49 395 188 237 357 
39 336 100 430 55 
321 482 500 427 120 
258 9 470 346 77 
417 472 147 441 447 
470 290 434 200 17 
45 422 165 163 161 
180 433 451 102 156 
271 35 182 492 389 
460 38 27 267 432 
321 239 96 270 484 
376 172 410 97 453 
407 300 362 118 5 
245 291 323 295 416 
173 246 222 104 184 
191 200 88 53 470 
274 125 291 251 12 
433 146 103 189 166 
214 287 87 164 325 
38 98 54 233 110 
168 61 29 456 180 
233 118 308 402 92 
229 371 414 4 423 
463 280 231 321 211 
433 25 179 1 100 
227 488 253 299 495 
327 314 338 141 150 
310 228 21 452 349 
226 311 452 254 154 
208 144 277 91 333 
123 109 288 120 431 
400 174 57 458 101 
225 369 91 15 27 
349 299 44 75 283 
268 280 20 388 443 
250 135 126 345 256 
307 313 382 434 8 
268 43 99 415 247 
138 489 44 439 92 
261 191 74 25 83 
366 396 333 73 458 
467 82 58 91 180 
216 142 71 499 404 
358 105 162 62 14 
64 135 155 371 493 
132 149 99 274 419 
157 410 167 1 289 
8 22 221 145 466 
266 75 214 423 454 
340 136 298 158 264 
255 279 269 414 261 
300 282 261 482 57 
288 415 377 175 420 
406 500 342 441 412 
201 258 419 390 402 
384 146 144 226 275 
433 73 68 18 458 
78 113 261 262 482 
170 250 142 12 343 
187 398 280 56 80 
208 420 277 171 291 
124 199 388 208 41 
48 131 126 42 144 
179 216 3 351 267 
223 55 411 367 143 
97 349 478 164 368 
460 442 147 499 30 
473 490 291 450 245 
201 347 445 209 415 
22 116 451 84 453 
30 379 95 196 125 
39 17 226 222 377 
422 60 326 406 40 
53 423 454 471 242 
357 183 19 302 339 
81 303 118 435 3 
238 351 349 241 143 
131 177 5 125 405 
252 148 91 29 366 
431 456 390 374 237 
386 185 139 125 310 
370 337 199 400 51 
470 43 338 387 217 
483 106 176 363 302 
71 76 4 79 294 
314 233 344 286 220 
279 451 289 285 251 
404 300 442 67 145 
329 230 496 222 135 
169 30 153 24 414 
482 355 196 411 75 
35 250 436 494 117 
344 194 429 152 253 
413 199 367 366 230 
406 419 89 118 453 
203 215 48 48 181 
119 314 29 238 190 
498 12 489 416 41 
366 136 159 293 204 
342 399 365 354 8 
357 469 463 267 132 
131 174 411 64 266 
209 136 340 151 50 
80 403 292 372 172 
104 370 302 105 427 
2 3 135 92 390 
122 487 337 57 308 
334 205 378 216 431 
362 166 286 472 230 
450 10 99 461 345 
80 435 22 332 366 
406 408 225 204 304 
290 443 144 262 484 
460 338 379 110 122 
186 258 22 495 195 
471 478 225 110 300 
278 442 440 146 457 
401 244 307 382 337 
461 251 219 309 452 
167 441 253 465 120 
458 90 155 348 24 
339 450 114 200 371 
314 477 166 499 245 
54 386 104 418 276 
226 440 324 177 417 
425 412 57 267 422 
422 66 340 400 189 
370 397 285 197 210 
34 212 459 369 470 
453 489 45 329 488 
342 370 44 232 378 
322 312 47 357 218 
64 201 136 192 450 
291 422 378 275 32 
300 389 274 272 430 
331 304 457 72 165 
25 319 103 46 222 
43 447 18 446 243 
283 408 268 198 428 
102 251 19 82 374 
282 237 218 294 168 
315 338 214 3 404 
191 202 124 127 151 
131 380 443 51 158 
17 403 312 126 184 
473 326 6 184 468 
45 423 384 146 245 
211 95 343 338 364 
325 79 198 245 475 
330 251 143 354 279 
221 236 494 189 334 
248 195 422 13 421 
299 467 9 66 98 
101 244 488 421 384 
184 175 254 364 177 
423 307 304 217 153 
164 304 216 405 367 
157 225 24 378 228 
49 410 493 206 91 
265 104 460 163 135 
101 311 210 398 257 
212 414 36 222 244 
75 389 232 184 135 
74 38 272 102 237 
60 387 345 113 413 
222 387 100 410 428 
258 264 224 256 357 
305 12 276 420 108 
345 129 9 292 184 
330 457 243 327 332 
191 98 454 426 314 
230 272 498 180 282 
74 464 50 303 204 
198 118 422 58 76 
215 406 361 120 334 
147 334 23 68 207 
180 394 126 99 413 
167 275 362 106 497 
52 234 463 49 186 
93 133 93 474 365 
471 487 340 43 60 
370 114 203 150 27 
78 36 490 87 428 
26 364 83 335 8 
131 189 342 2 226 
2 436 179 81 185 
491 155 156 111 199 
349 485 148 292 15 
172 296 255 462 426 
403 66 241 177 58 
68 368 186 454 147 
158 70 202 371 468 
425 488 64 144 242 
241 444 342 372 120 
2 281 167 340 135 
156 213 358 264 151 
235 498 323 210 323 
164 212 73 424 149 
176 414 348 294 223 
158 49 394 119 116 
177 114 225 128 418 
345 124 132 166 97 
352 249 49 366 350 
193 349 465 295 310 
8 430 450 331 341 
448 295 179 207 353 
209 13 290 20 355 
428 279 318 83 406 
266 344 365 131 165 
241 443 118 258 42 
3 398 252 227 401 
227 373 448 51 86 
421 461 460 410 157 
439 176 6 84 349 
227 358 244 336 46 
36 219 187 403 126 
272 386 441 410 65 
229 439 374 3 144 
133 73 133 450 43 
393 394 55 435 196 
240 415 252 357 443 
132 246 254 96 3 
358 178 287 390 316 
273 228 413 439 25 
69 126 224 369 333 
459 281 362 171 480 
50 485 318 158 489 
415 410 388 270 25 
489 256 481 297 470 
255 122 395 283 69 
193 195 201 82 427 
448 10 219 454 93 
73 50 53 287 495 
19 237 392 262 88 
48 72 329 378 73 
296 194 180 68 158 
366 337 479 430 453 
401 333 5 138 178 
259 160 162 173 312 
360 447 268 376 178 
75 382 22 224 251 
323 290 65 405 302 
253 73 465 256 165 
423 104 371 241 135 
219 43 372 215 147 
127 78 415 318 315 
273 371 6 463 227 
124 185 483 28 12 
284 336 454 425 196 
136 409 142 222 449 
73 87 442 32 93 
86 108 61 173 171 
34 101 34 20 379 
11 92 137 377 187 
458 74 108 201 412 
445 454 476 254 355 
470 67 15 421 315 
408 248 342 335 248 
176 203 351 324 452 
159 185 55 477 409 
483 307 253 366 4 
200 347 238 351 268 
205 67 11 110 151 
190 363 430 329 349 
257 495 393 206 271 
268 452 495 348 405 
120 435 453 71 305 
445 461 76 383 295 
285 354 384 225 374 
21 226 36 389 102 
434 13 324 366 484 
165 493 158 475 151 
431 349 252 365 393 
56 50 354 71 164 
224 158 491 381 78 
279 466 426 375 74 
58 372 401 4 345 
258 381 106 218 315 
204 179 209 369 307 
490 56 67 104 219 
81 387 105 140 467 
447 29 120 461 15 
475 417 327 147 494 
195 336 404 135 260 
91 102 449 253 184 
427 365 198 128 202 
303 203 75 137 213 
283 498 176 485 297 
139 284 96 331 358 
301 231 137 76 488 
204 253 14 308 76 
236 391 105 248 271 
391 291 39 114 4 
371 383 396 212 165 
485 336 166 337 161 
124 405 45 95 242 
295 421 140 34 19 
209 454 268 185 336 
396 492 412 141 341 
459 314 252 92 406 
203 405 257 325 445 
134 261 407 243 469 
192 379 433 328 467 
361 58 111 192 490 
478 221 212 296 124 
453 403 174 207 401 
381 76 299 384 163 
466 95 451 70 197 
52 113 310 395 152 
148 370 208 76 17 
2 185 163 94 426 
357 282 77 110 76 
69 303 4 51 249 
427 27 228 102 299 
278 20 23 20 115 
