36
440526932592638 51363706
998718294087444 346250300
557987520496032 804347113
312256533698054 67179985
922733426105103 639592385
685692965133577 66910822
448337096913517 92740799
348187020908582 5310888
260888219860066 99951542
477011115152774 938487092
57254495802503 759570293
922585427732167 628794765
528333618190684 95639619
534689114300661 794078217
196052367819333 304682674
893780161152930 723499181
928323659408850 863120830
240374004486311 94871244
904882683068982 877554796
184365414343968 152499128
174085066386409 102953594
993897389138775 45279692
299926293342084 742289397
47357025560814 622961146
202151033040720 815728611
229941754259405 189082330
843223157152526 175389933
507924823371556 121762863
343210069042613 174059627
672218154055614 289646336
861946008082350 389487553
208544589790269 77939686
491200770448918 488412989
276580699912435 46351018
34252984977297 145119671
256403415208338 128005374
