100
1
2
3
4
5
251452839440
917452613799
980519836588
312428387720
165539883842
359517416259
980160523101
998284255974
512648420599
620609411488
489339065523
995572408495
56984149619
982907896589
145600730858
413802558531
407003214836
669567952011
708975889115
819153674937
110347174210
433854593734
840525233443
529762609156
282294828271
351088987308
695953754969
991190122133
888325918493
490188645255
716117148253
83606441575
490256436604
9496839278
257760125029
366046528334
461380134396
726319816274
917254222062
929280813307
184666266367
734135996438
473896199398
545194414481
714379211759
756212487846
819020092802
949516555975
218900376923
272372558844
457549376591
942846838345
5760622382
361313250864
722474316971
304063412363
371133093178
564815955290
772437283966
963465928531
299384067771
678776568850
706709799360
910453363353
46008664390
749783617701
240518669490
337069546137
835991488403
635078054351
571722341512
490972791532
465588190705
184752659072
727301275986
945021758989
157038421807
582596358433
417341120628
380605561469
317818481839
42236985196
454503927786
248377280065
842974338935
287793049747
495035717384
135900329009
241326356774
549771957742
560621678
673919408308
346954136648
182372404658
457040368926
