67 148 189
7 15 13
6 41 7
5 7 185
31 52 52
9 18 198
43 15 140
42 51 170
14 46 176
14 49 112
30 62 164
48 49 97
10 64 91
22 54 19
63 67 22
3 9 184
57 66 98
47 58 174
17 40 172
33 41 139
36 59 155
47 4 15
16 56 95
21 29 109
35 57 81
40 55 22
10 30 64
51 61 8
31 51 115
45 65 70
29 32 120
7 43 199
5 19 69
14 58 150
23 29 25
33 57 43
61 64 130
34 44 39
4 49 90
53 60 116
40 64 179
12 31 73
6 11 96
24 62 196
65 67 144
5 44 199
1 12 166
38 59 85
58 66 85
25 53 8
30 45 48
9 20 127
17 66 50
16 60 74
42 65 164
22 41 136
50 54 154
41 49 54
6 22 87
48 67 74
12 3 142
41 45 121
66 67 102
19 26 74
5 10 73
56 61 44
23 29 73
43 63 31
60 67 156
28 34 109
11 53 146
39 57 37
13 31 48
15 16 152
20 48 99
3 8 16
11 26 195
2 34 198
26 37 100
44 49 82
4 23 61
13 23 184
56 59 107
2 4 33
8 27 132
53 64 185
18 50 132
62 64 157
1 2 154
60 61 35
37 40 20
52 60 77
55 58 161
48 55 99
24 62 61
4 47 133
62 54 35
12 39 186
3 13 154
37 42 9
47 65 160
2 65 123
3 67 196
28 38 50
16 33 43
2 3 100
38 60 101
2 21 20
7 48 115
15 59 14
16 25 8
8 45 149
33 37 180
8 11 55
27 42 99
36 42 41
22 34 122
32 45 181
3 5 75
63 64 195
54 61 168
17 63 83
10 14 93
1 6 1
38 64 151
34 48 64
26 44 177
11 35 109
11 18 179
46 64 23
24 47 188
29 31 60
18 50 134
41 54 55
25 30 59
27 36 151
27 28 182
3 12 47
25 57 71
10 17 127
64 67 41
58 30 119
14 24 53
11 37 179
49 50 146
2 20 144
45 51 74
20 35 35
59 63 163
123 88
116 85
51 107
48 179
122 9
75 200
154 158
123 197
100 132
138 179
118 169
156 145
154 171
65 179
127 30
82 1
128 54
166 48
135 149
64 94
174 94
133 160
51 183
181 53
22 46
59 125
45 189
174 182
102 93
20 13
199 13
54 58
31 129
44 108
94 96
96 132
106 106
12 117
151 58
176 122
185 169
8 44
119 180
108 126
147 168
151 87
154 39
16 103
41 108
69 12
172 57
98 85
94 20
128 132
108 200
126 152
105 27
72 64
11 103
134 168
122 52
111 43
107 127
131 9
120 193
136 175
170 41
22 159
151 125
186 12
163 38
180 178
69 159
59 89
114 89
148 38
196 149
165 39
121 48
91 28
17 81
87 145
41 73
127 109
11 111
26 72
148 135
44 58
72 110
89 34
114 51
56 12
157 57
111 87
124 37
28 167
89 120
21 169
40 46
200 66
171 179
47 18
189 41
66 112
114 156
26 186
129 136
54 42
138 18
52 35
96 88
110 171
10 95
99 102
13 50
104 39
27 92
60 61
135 168
160 17
19 197
106 122
91 46
109 158
42 171
51 162
92 177
121 58
139 145
174 80
127 11
186 175
52 186
100 81
2 31
112 194
77 11
78 78
119 13
61 27
72 130
92 168
92 179
165 90
29 74
177 130
7 30
154 199
156 16
151 188
15 66
72 157
84 163
39 131
160 27
41 48
190 152
146 179
33 185
111 114
157 82
9 23
80 70
200 187
17 119
148 97
28 99
116 78
13 174
63 180
77 20
33 89
43 162
143 159
194 21
51 20
141 171
1 81
53 77
198 79
164 59
56 42
111 46
29 54
96 102
18 172
35 91
91 49
111 154
