5 126 7
5 1 44
1 3 79
5 3 5
2 4 189
5 3 24
4 2 78
5 4 14
5 1 178
3 5 126
5 1 130
4 1 6
2 3 100
4 3 136
1 3 111
2 1 79
3 5 24
2 5 188
4 1 50
5 1 149
1 4 78
4 5 26
2 1 117
4 5 95
5 4 59
2 1 179
3 4 140
2 3 147
1 5 157
5 3 49
2 1 77
2 5 149
4 5 166
3 2 38
2 4 46
4 5 101
2 3 36
1 4 100
1 5 56
4 5 132
2 1 112
3 5 144
2 3 95
2 5 198
1 2 149
2 4 7
2 5 103
3 5 90
3 5 106
4 1 58
1 5 82
1 4 31
5 2 22
5 4 167
4 5 4
3 2 48
4 1 50
5 4 134
1 2 125
5 2 177
5 4 67
2 5 127
4 5 21
5 1 114
3 4 119
5 4 149
3 5 110
1 2 75
5 4 188
2 1 111
3 1 62
2 1 112
3 4 144
2 5 198
3 5 112
4 2 28
5 3 104
2 3 96
4 3 74
3 2 54
3 4 26
5 1 100
3 5 47
2 4 124
1 3 54
2 4 128
4 3 85
5 1 197
1 3 135
3 4 184
3 4 191
5 4 111
1 3 77
5 3 47
5 3 88
4 3 95
3 5 76
1 4 86
4 5 160
4 5 64
1 4 83
1 4 56
3 1 73
2 1 142
4 2 123
3 2 128
2 5 77
2 5 26
5 4 47
1 5 177
3 2 116
4 2 22
2 1 120
2 1 86
3 2 190
2 4 184
5 2 142
1 2 175
5 3 52
2 5 153
3 5 80
3 1 54
2 3 62
3 2 116
5 4 49
1 5 160
2 3 162
189 101
200 51
76 157
39 63
148 106
49 185
129 197
