56 167 57
41 44 62
53 55 21
30 20 160
2 10 83
19 20 87
12 28 113
40 34 176
29 48 95
41 48 35
11 40 144
31 2 32
9 50 10
7 49 156
35 14 150
49 55 51
28 49 44
5 47 193
15 17 38
15 21 184
9 30 62
24 36 119
54 56 17
15 18 130
8 28 27
1 44 120
44 56 17
12 52 106
36 1 198
53 30 159
34 53 19
1 2 99
32 55 68
41 51 194
14 30 160
2 51 34
2 29 4
37 54 186
5 40 36
27 23 140
47 56 5
1 39 10
10 50 65
6 14 110
12 30 129
25 11 13
2 5 103
1 7 80
29 34 153
7 32 127
50 47 136
1 8 117
16 3 139
39 45 187
15 20 185
13 17 76
36 53 43
38 44 142
41 44 102
28 53 152
54 45 56
37 52 123
10 29 16
11 15 63
27 31 173
37 23 114
4 42 91
40 46 90
11 13 125
46 52 42
20 25 108
45 7 41
18 11 132
27 55 70
27 33 20
35 39 185
22 36 198
1 12 77
30 51 117
1 3 68
53 8 33
7 18 176
38 53 52
28 51 57
12 18 80
31 52 64
26 35 5
56 25 154
22 40 197
29 7 72
10 24 110
4 21 189
10 23 183
23 48 5
1 4 123
55 56 190
43 53 107
25 17 147
2 17 25
19 38 162
32 40 50
30 28 18
52 55 10
34 39 152
18 29 65
17 20 89
42 50 81
27 42 60
16 18 116
8 34 132
10 27 24
6 31 82
51 52 125
43 51 11
48 54 81
14 19 63
12 55 152
21 4 21
8 48 8
5 25 46
3 21 122
9 30 124
7 21 54
2 9 150
42 47 132
8 26 30
35 21 59
21 46 200
10 22 10
19 47 142
7 43 40
51 24 30
4 16 106
46 13 87
52 23 193
20 38 2
9 16 6
6 17 144
9 52 112
10 32 152
1 47 123
5 10 101
24 50 67
29 46 164
20 17 90
14 30 74
21 35 119
13 31 35
45 49 167
33 51 27
23 46 144
9 56 198
11 41 78
24 19 156
7 45 155
2 30 45
23 52 105
25 56 185
40 55 59
9 37 102
36 40 189
30 44 81
18 36 36
8 11 21
16 37 134
2 6 47
40 37 120
50 52 59
90 7
132 62
167 34
108 72
52 153
130 82
146 84
27 64
41 113
25 153
138 182
122 176
192 30
16 141
168 58
33 61
139 84
60 86
55 60
20 84
147 41
150 15
45 181
193 123
176 10
143 56
17 33
84 155
187 42
80 192
116 154
119 125
71 179
67 142
50 44
68 59
54 77
51 192
36 145
145 29
11 72
128 151
74 104
162 88
11 71
185 58
135 139
132 86
1 119
164 92
148 114
12 35
75 88
39 101
20 98
138 142
52 145
