274 273 228
119 194 297781
38 152 143572
12 170 767678
68 77 28257
48 205 388262
6 157 309027
39 42 825555
7 19 539814
48 231 440418
176 206 987309
6 184 276352
43 185 191122
41 108 761204
17 159 858237
46 192 792309
85 197 881243
179 251 631755
8 182 760263
41 164 754021
17 56 561579
4 13 949961
82 158 844885
25 247 349129
11 69 843481
11 14 819273
17 81 695475
122 187 100722
20 127 892550
50 256 393585
75 252 301251
70 176 556501
23 144 182031
1 2 714580
20 214 128297
7 55 406701
44 59 317415
5 6 602234
8 33 643683
150 161 954065
53 105 166528
71 201 633495
80 93 954085
27 46 338926
198 210 386536
65 189 446664
14 24 650069
6 28 539635
100 142 837308
17 25 953563
55 138 744777
12 21 342486
234 249 780988
127 186 70968
58 118 626294
35 70 951782
10 16 296566
1 38 551040
142 215 10165
13 15 772123
167 272 600789
170 222 90187
182 235 375545
72 95 928302
68 260 155098
40 228 815905
19 166 303026
6 44 386349
75 148 238686
62 76 221285
35 84 585147
87 117 207335
54 68 18233
47 132 613844
199 242 428413
7 72 365151
3 8 710807
4 20 861433
42 106 60915
25 121 516727
18 104 557758
9 87 936791
102 112 215986
10 43 8363
79 178 227428
8 172 965146
13 48 680558
201 257 612805
159 167 387657
167 250 855514
192 265 322338
14 96 927341
58 217 369669
177 223 351135
47 91 519030
84 94 529049
213 269 880255
21 37 187743
43 200 467280
10 18 534596
194 198 973844
23 60 402232
3 188 46227
92 139 587257
41 85 895757
19 212 587487
150 162 591744
49 113 466711
46 268 317715
81 168 415704
55 133 126082
22 123 912217
24 236 238069
9 32 278792
52 103 114923
71 244 755954
140 248 423740
84 220 562811
111 149 704710
150 218 384361
8 9 991197
253 271 447044
220 243 431905
22 49 844929
13 66 953685
164 225 633160
46 175 93712
189 196 277819
118 119 667444
152 195 98265
84 90 843677
129 239 869101
82 124 25452
15 61 705868
42 65 853409
26 203 762120
16 258 14361
123 199 867697
5 29 41262
57 209 493098
74 137 700878
134 165 81546
1 116 697005
263 273 131350
46 221 505813
125 136 424781
146 153 549065
35 63 55275
73 180 120305
26 39 771260
13 41 53852
31 78 685026
62 227 107566
127 135 43009
38 143 321927
11 54 808923
34 216 805766
18 79 374964
106 270 560989
177 226 487941
9 74 529119
14 92 531604
7 80 247860
51 229 36697
36 107 782523
39 163 177033
224 255 780970
41 45 216468
35 58 660356
36 40 979739
16 67 197967
138 160 115343
39 82 281393
13 36 47303
83 86 635031
188 204 203932
28 261 897956
24 111 839231
6 23 974220
106 131 459668
3 190 948973
224 263 734713
153 234 235446
239 246 929617
22 88 150635
72 114 999278
180 202 348624
9 17 909310
197 233 923917
186 262 639367
76 147 300752
16 83 766126
107 125 140009
26 35 291635
216 241 35940
1 30 955427
82 232 259671
38 141 828418
3 10 349769
30 51 347132
2 4 567592
60 73 582646
46 99 644539
2 191 172056
20 183 576334
157 259 25151
2 3 747387
11 62 374283
76 207 242697
27 71 239977
10 12 120092
14 26 894734
1 27 964429
2 102 993683
160 208 883347
36 53 300080
13 154 374227
40 109 433799
245 267 900752
175 240 371505
71 274 247293
2 5 265892
92 98 471716
23 64 394579
109 145 664660
51 120 915983
145 151 174211
14 22 24195
33 34 105910
99 140 871576
26 47 348243
90 156 794931
63 122 736114
47 130 937067
172 219 837213
91 126 625865
96 155 841570
131 146 308027
138 179 382967
137 211 371542
2 31 5458
41 50 988945
219 224 892190
60 253 889589
52 181 985593
31 134 356282
129 193 294093
43 173 181041
69 100 360091
10 115 605065
126 245 374002
3 11 964319
16 52 866956
41 254 340135
82 237 860642
82 169 992251
70 128 192895
15 177 629629
248 264 413634
155 171 62521
40 97 80980
42 230 748987
19 57 441692
5 7 564902
35 266 22203
106 129 108042
70 174 21537
5 110 319202
22 213 982815
64 89 199954
120 150 90372
2 75 435143
10 101 218299
189 238 533007
394303 195493
878515 422769
417623 904529
748366 470294
37540 728068
223010 273029
984696 955575
950578 745708
758821 204678
419903 442515
858067 114346
962777 146707
877257 656095
851501 964511
816708 258614
611429 215334
870084 198912
287909 450332
226096 860855
652391 112546
594812 152241
977741 245287
500808 63003
258981 670591
134985 154674
47679 898651
287308 878015
445644 597195
369785 372350
796944 755384
388486 931528
187254 46453
111394 209843
155575 452670
453110 743909
11856 71974
93452 938269
12935 594432
505796 822694
168079 267518
496247 346469
956821 188273
829911 924626
141034 879617
835025 520228
271611 786233
600057 723475
277588 91452
807781 441345
936188 517122
541466 785524
472650 348872
628187 932396
685108 788338
845062 295348
94906 406654
330921 293091
385028 582835
420803 838883
297490 38115
798228 370482
748497 98090
293319 992154
495792 587969
33850 946337
917570 480122
102043 478116
910645 76099
141096 811831
794988 977745
913177 790008
764800 861463
69895 916006
68400 745628
232132 496900
160922 904815
127222 534876
171156 461364
559689 649926
684156 856234
122751 466547
827279 115272
584706 44012
647643 139559
925921 805416
983766 212850
41682 304386
921007 543410
237080 131541
68328 634775
911852 715448
306473 404162
601228 118636
305600 771724
444564 352439
247582 319228
235086 984915
719638 416425
20285 114781
337590 782137
702234 686714
685408 967807
634372 250094
944511 303022
618516 572958
166016 464306
466773 814870
858654 765226
930148 863242
877631 569562
832085 568204
755909 604228
191387 759499
896674 5928
626217 115870
138402 853424
908247 588174
89043 934933
812160 693330
40477 764634
787682 226456
728263 776634
757983 408356
542661 154608
443128 807641
724289 222878
91258 102763
407879 252508
816836 564233
636030 679346
628105 569773
50713 768038
485548 654981
517457 540392
793686 292724
85519 661062
31944 395309
236413 81179
475766 285382
458383 341856
904922 279557
718074 425762
387615 263700
821260 143750
715843 725538
740778 590611
17862 768140
488282 974286
110591 572475
132356 871010
756318 962137
656130 633064
603791 471812
691170 394908
181242 548258
918497 974374
291712 45018
609665 759084
230806 17781
755768 982458
377403 484913
511103 936085
683193 484540
801757 433930
539022 51996
84433 703922
99887 476660
657653 650957
500317 695856
645687 519874
340237 792217
455400 296555
664395 961227
136752 544265
665151 292860
685247 853122
878202 407064
891576 692417
334526 926143
614117 322032
974997 235256
220377 263232
703607 41644
322623 364291
39638 526172
761245 751387
106928 470632
294400 811344
230892 778531
671184 403327
735195 238908
506995 968627
434351 667341
269788 637953
31695 686802
177382 348344
140259 622355
408123 39605
113144 739141
650330 93715
981022 249034
232825 547553
687089 343470
858115 859252
587467 940786
550778 858420
707617 10472
211211 793572
286466 437998
874569 226268
468260 481715
158199 34554
65631 619447
616206 840677
514037 737078
630770 794153
724247 696786
492684 283180
728909 229887
997266 438030
247588 701841
367833 163097
417874 210670
12518 344292
399533 563342
259531 478068
734940 426439
852255 158
