459 738 459
282 687
214 640
81 706
309 41
118 53
34 656
381 115
269 153
143 670
271 631
116 106
250 499
53 490
54 215
270 189
449 461
394 259
350 120
330 43
236 732
458 289
454 549
127 319
2 164
311 462
186 314
153 498
96 20
120 108
60 247
154 297
418 456
105 116
265 261
226 34
333 439
325 208
239 738
94 347
326 514
290 141
49 305
416 612
347 551
1 91
313 98
279 128
68 132
395 110
206 35
169 533
217 495
410 660
176 552
41 192
22 275
181 330
275 359
3 185
242 477
171 731
84 294
300 424
139 645
10 467
293 723
173 701
35 194
307 727
414 331
64 675
401 137
136 653
308 504
113 377
289 126
437 31
63 576
393 630
36 605
351 454
434 543
424 609
342 412
349 95
406 203
380 353
365 561
74 708
124 563
299 643
435 455
390 384
13 143
117 160
255 401
442 216
344 710
121 521
331 492
310 527
457 274
361 379
355 73
144 446
134 702
432 719
18 383
402 666
26 626
97 173
66 737
8 26
126 223
131 170
98 8
405 90
42 186
149 213
46 681
338 180
57 23
421 419
166 367
29 129
278 573
346 586
112 144
140 519
448 529
302 712
438 468
337 501
291 134
336 262
170 397
209 398
107 733
128 634
280 258
277 167
228 276
125 607
281 15
262 188
320 82
14 500
56 531
304 389
191 652
387 222
27 458
294 406
130 443
158 603
288 107
360 535
248 407
212 162
220 251
383 557
229 219
165 569
257 602
261 76
65 628
274 714
70 644
419 572
252 9
445 93
378 517
369 580
382 718
76 17
256 235
329 348
38 604
398 200
319 44
372 520
439 590
132 703
47 284
204 242
78 25
203 570
316 615
45 625
268 567
79 410
83 182
87 278
159 220
267 341
190 385
343 683
224 375
447 429
305 306
284 150
92 577
222 558
39 595
146 684
306 589
225 432
423 622
334 593
430 74
6 334
192 253
273 190
411 321
379 588
4 724
227 624
371 138
452 317
243 218
428 722
123 333
61 302
245 217
138 639
142 391
58 195
200 386
328 140
436 118
110 470
219 151
109 50
323 88
218 614
194 49
258 47
324 133
104 279
80 363
427 434
129 256
233 155
244 538
180 537
77 530
184 528
157 72
399 676
151 404
315 465
339 241
93 152
188 291
101 295
368 388
202 469
285 58
187 340
85 21
431 166
183 32
21 463
286 184
51 66
213 249
254 623
301 436
137 699
253 596
352 62
216 163
160 503
205 18
199 312
340 381
298 565
152 102
433 611
303 309
163 335
266 399
89 485
264 506
403 396
259 19
162 211
9 344
389 245
314 350
5 264
366 346
114 212
446 362
235 174
230 440
88 366
75 65
172 497
168 659
103 84
396 649
272 227
425 45
453 30
207 61
426 318
91 323
122 147
283 371
409 5
30 380
147 277
33 452
108 337
375 400
197 229
353 285
232 175
62 433
297 354
17 233
179 674
155 447
260 690
362 525
391 540
327 600
174 311
356 559
400 22
195 578
348 411
221 119
40 414
28 325
189 81
276 587
373 339
367 437
335 646
358 680
73 39
69 14
178 594
48 694
296 298
37 145
72 426
459 315
201 556
413 591
71 409
185 24
363 632
407 606
332 562
322 70
357 403
317 435
95 33
370 207
164 658
318 117
241 124
115 158
422 267
417 673
167 83
364 2
408 139
196 713
182 329
287 450
82 142
133 416
44 177
223 161
354 648
441 547
246 343
376 221
7 665
150 478
50 197
392 394
345 96
377 130
412 283
23 27
341 322
451 512
450 282
59 480
385 270
247 287
415 428
295 225
86 255
55 201
145 87
456 240
211 269
16 6
208 11
234 430
231 395
119 183
386 453
111 709
99 193
292 214
374 716
31 509
251 357
359 299
106 301
15 12
102 686
249 619
43 105
397 408
263 69
198 131
210 544
177 581
135 489
25 154
312 169
444 320
52 541
24 290
90 237
148 494
404 281
161 209
388 692
429 629
20 598
240 585
175 554
420 272
32 3
384 78
141 205
237 444
11 515
100 633
12 112
215 121
321 38
440 637
67 417
193 560
455 127
443 100
156 355
238 257
19 662
