756 756 756
296 562
62 589
35 291
176 439
749 363
140 685
165 404
261 465
661 751
74 430
724 542
13 83
117 697
207 187
638 395
163 543
423 234
7 150
586 184
266 540
546 544
180 664
185 574
459 413
36 380
545 661
8 513
189 442
630 541
190 224
276 306
260 547
349 369
418 275
84 246
193 672
495 82
699 625
217 401
168 438
126 652
138 159
484 19
741 349
144 504
533 597
110 525
603 331
643 607
461 288
149 226
427 69
525 656
531 201
324 497
354 623
123 610
498 18
148 483
157 689
425 319
45 209
120 104
341 54
71 70
17 148
549 502
575 28
383 57
519 627
511 295
210 162
381 33
206 247
179 593
577 655
706 113
585 253
68 588
66 374
625 194
659 61
660 111
310 135
268 5
81 621
142 748
280 243
203 41
216 698
711 191
544 373
9 421
551 730
712 130
382 644
538 17
666 503
320 745
353 101
422 732
402 648
559 56
547 344
708 362
528 670
420 348
195 217
414 102
608 529
701 411
227 427
399 577
672 137
723 231
644 355
228 754
34 248
90 612
358 258
649 197
262 716
406 703
419 34
309 560
231 426
4 753
747 324
178 257
455 382
446 587
615 90
137 117
416 161
534 298
579 604
48 301
681 237
366 299
201 613
563 323
211 637
756 158
21 521
153 595
705 131
183 551
27 704
100 482
653 720
613 459
107 174
301 42
460 667
518 290
475 682
28 583
411 516
198 567
39 673
572 214
447 292
591 663
665 464
458 472
568 586
663 315
616 530
626 165
80 193
732 370
184 127
689 741
50 1
272 642
242 50
173 747
356 44
631 620
552 263
314 307
159 352
365 463
269 302
322 287
79 337
289 262
719 575
713 39
733 650
317 180
413 407
645 182
88 177
92 305
516 300
145 40
278 585
717 250
147 431
55 329
504 115
286 679
336 110
133 400
347 294
478 449
313 308
497 271
596 425
131 53
655 31
396 95
477 564
678 480
593 312
224 109
472 671
325 654
114 429
254 3
408 314
277 123
647 646
696 569
750 576
526 561
104 731
480 422
445 267
182 735
602 278
18 450
253 75
605 537
714 341
668 500
220 80
127 756
14 79
357 534
683 659
172 88
209 153
15 241
676 51
682 202
96 359
378 471
507 432
754 691
328 514
646 447
454 489
304 277
541 13
685 633
471 125
421 183
141 260
744 643
312 297
417 136
245 16
263 225
175 508
5 10
162 219
257 709
101 316
87 94
407 376
57 73
24 532
684 92
481 385
722 418
623 700
452 533
391 406
636 603
292 20
537 218
642 687
191 669
264 387
387 121
376 402
571 120
249 436
695 470
479 208
290 280
401 272
250 351
398 496
248 617
434 392
597 206
404 317
734 416
470 78
580 35
457 713
323 468
553 141
20 281
16 545
308 702
487 190
437 486
527 572
271 196
721 232
330 269
532 318
282 309
444 478
637 242
329 342
627 624
344 505
58 686
707 719
116 157
730 535
83 86
492 29
405 676
632 32
226 706
548 481
287 515
736 405
562 255
439 608
236 108
669 452
656 215
355 523
331 435
235 694
197 723
111 37
453 335
319 553
130 155
259 235
473 453
557 738
121 724
156 186
375 326
225 501
343 678
693 546
745 688
297 199
151 408
515 65
270 606
284 454
23 487
239 276
283 455
389 171
188 460
103 321
392 85
214 332
338 681
204 419
364 727
265 557
12 118
394 216
569 538
582 21
687 444
106 357
251 474
428 584
152 339
564 415
102 749
648 420
500 626
485 386
529 320
44 737
543 256
73 384
614 97
740 666
311 744
72 346
368 343
160 510
540 49
192 4
703 466
379 579
267 403
550 636
115 98
463 475
600 443
415 598
52 128
373 563
273 138
429 46
303 185
346 200
202 345
752 568
367 396
657 409
218 615
108 755
51 30
240 554
246 491
690 528
735 718
611 313
390 492
205 89
432 558
340 596
59 107
384 129
588 134
556 64
181 178
718 371
739 179
171 333
590 124
122 573
440 710
617 289
302 265
315 330
451 662
560 398
536 228
155 105
606 213
609 268
154 448
502 48
369 721
584 622
61 680
505 240
622 340
686 394
720 25
746 591
291 377
161 55
252 144
587 273
241 590
667 146
19 38
135 434
595 410
601 734
565 63
49 236
410 296
361 746
91 739
42 742
530 133
119 556
295 711
675 266
222 81
476 181
610 67
535 518
619 11
124 325
244 618
258 495
395 211
89 204
164 555
170 651
26 72
677 230
82 693
247 84
307 293
576 62
143 649
554 114
424 167
456 170
316 43
483 705
691 684
167 93
589 119
370 526
430 375
230 511
679 399
128 76
508 707
694 493
441 143
237 364
715 372
293 469
490 68
486 566
372 223
499 99
510 456
639 461
337 189
449 52
539 310
629 677
621 628
274 74
716 311
633 156
620 222
186 602
40 132
385 750
509 285
150 647
215 437
607 350
279 152
3 740
542 12
403 168
67 524
566 192
174 701
435 169
169 494
488 630
334 365
94 71
29 592
641 45
523 383
751 353
697 91
64 23
671 116
524 635
255 24
136 565
426 360
43 507
112 490
233 322
10 210
306 580
618 207
75 244
670 641
85 467
558 22
728 388
2 354
86 66
503 261
221 334
326 683
134 338
506 645
327 47
352 393
604 552
468 446
11 205
709 473
431 188
63 696
738 145
651 378
196 457
688 582
628 173
400 212
256 599
37 611
109 570
726 60
208 600
76 550
612 233
166 616
342 428
219 238
305 690
436 527
93 417
69 245
351 695
465 445
522 142
380 601
466 252
374 356
725 203
223 498
285 729
433 451
561 7
743 668
97 549
662 692
22 59
132 9
412 640
288 517
54 531
70 259
234 367
393 638
298 8
520 634
118 36
31 251
397 594
654 619
700 397
60 2
517 358
129 221
464 609
555 284
321 519
78 658
294 282
514 140
467 154
362 458
650 414
348 254
450 736
592 122
570 391
47 103
281 239
496 578
98 390
438 715
386 126
494 484
125 368
339 629
513 699
243 477
158 499
25 631
409 328
232 58
146 488
493 195
332 166
113 725
350 476
360 639
753 743
212 559
583 381
710 379
30 728
635 279
474 270
345 366
598 581
77 163
46 653
275 433
573 336
673 657
658 389
371 675
652 440
1 198
41 571
363 249
731 665
200 512
448 164
624 539
742 27
640 14
698 506
199 726
6 660
680 227
53 674
335 479
755 96
377 151
300 264
634 714
388 274
238 149
581 327
594 347
333 77
599 220
442 520
32 614
99 441
482 112
229 26
359 632
567 6
512 509
318 717
729 139
187 548
38 160
501 106
674 176
748 605
299 424
727 87
105 100
213 229
469 722
139 304
704 172
443 147
177 752
692 286
574 536
95 733
521 485
737 462
56 412
462 712
489 423
664 708
491 522
702 303
578 361
33 15
194 283
65 175
