785 564 300
700 161
512 424
15 287
330 506
635 306
79 395
100 531
588 80
115 240
396 154
427 74
235 146
621 150
610 250
246 504
35 253
515 211
441 180
273 49
247 563
324 219
253 46
582 414
713 166
785 12
652 423
16 24
514 288
372 7
743 495
30 145
710 510
45 54
465 433
244 503
265 329
224 390
230 297
285 165
413 455
569 262
175 213
778 261
259 206
312 399
149 509
378 137
494 66
676 346
9 335
669 512
22 556
84 361
55 221
233 514
470 93
504 55
39 405
10 425
304 110
67 272
80 468
319 172
529 50
578 474
186 11
178 171
217 356
109 99
769 91
140 113
587 216
97 207
552 447
209 173
251 445
121 549
260 188
72 479
361 562
472 342
62 235
64 155
756 351
559 536
449 407
307 75
678 493
375 242
639 375
444 304
740 313
574 417
403 308
528 8
497 440
543 341
41 61
180 420
96 279
459 115
699 107
596 486
761 118
177 84
255 482
163 344
162 2
734 502
777 488
762 542
654 259
86 558
306 186
48 545
292 139
269 43
164 174
638 35
73 289
509 480
579 57
418 151
781 552
119 525
158 121
204 119
5 483
577 45
566 431
52 416
725 236
154 41
68 280
51 25
338 218
388 30
461 394
56 152
355 348
309 29
212 189
677 460
595 360
480 477
670 388
758 492
597 421
203 238
752 295
464 464
159 120
629 17
541 246
190 170
197 456
439 334
353 181
612 1
146 209
4 225
196 533
430 144
674 217
160 406
425 472
398 319
3 141
381 430
634 518
174 564
731 58
402 500
488 511
626 325
7 553
392 478
340 379
33 31
184 147
369 111
712 231
291 126
106 491
663 243
1 435
268 143
168 372
655 496
591 450
303 142
323 47
499 148
377 323
685 129
561 100
507 149
526 380
482 371
662 320
641 544
239 364
298 377
617 529
122 14
620 498
521 499
256 103
423 210
447 403
601 122
357 358
687 198
572 26
370 18
702 282
27 337
172 296
503 258
141 466
724 385
417 86
771 185
468 441
433 401
697 303
144 123
26 370
505 454
545 560
502 353
442 462
707 73
718 283
534 278
636 485
138 369
411 251
105 463
656 373
520 444
431 114
89 332
493 157
130 350
288 392
98 309
414 9
142 256
166 368
206 310
657 15
450 249
316 158
195 452
75 193
627 22
576 508
371 357
614 305
487 396
570 362
358 182
95 159
126 247
199 197
593 547
221 153
248 326
406 355
226 273
608 465
104 67
679 378
114 434
232 366
264 187
282 383
289 365
415 163
300 458
711 204
245 124
630 90
544 476
714 457
322 68
603 230
74 160
407 222
37 130
467 513
389 286
397 422
295 507
148 336
456 131
92 550
213 387
348 38
