96 1000
-860 1290
193 -1265
-500 1482
1344 1477
1329 117
1007 1331
-847 -1726
-1394 760
-1347 1280
849 921
-1916 146
-660 -1481
-1583 703
411 -1665
385 1378
-74 1247
1990 121
514 1488
-366 -1648
-1454 -173
-1592 947
1925 435
1064 1674
-337 1926
789 1044
1286 -886
1253 -789
-256 -1565
-1041 520
-589 1109
-134 -1138
434 -1446
-1612 -35
-1146 316
1190 -1385
668 -1530
-791 -882
-1744 902
-75 -1534
-968 1242
-1306 -265
1591 -757
1314 936
-767 1467
1051 -1667
-934 448
1782 369
1145 1236
1284 -149
1041 -63
842 -1498
1112 -74
412 -1220
-909 -1483
1038 -514
-1159 -415
-127 -1708
830 -1540
-131 -1834
446 -1032
-542 -1570
1337 -67
-1906 126
-396 -996
931 808
-827 786
-598 -1274
-1061 350
-1021 1371
1835 -692
-1527 -189
-586 -1788
-468 -1728
-486 1765
-436 -1236
-1223 1109
1560 190
-933 -611
-1370 -752
-1307 376
1113 -944
-881 903
-975 -983
1156 -1357
-714 1301
-1068 1501
-1111 -213
291 1001
-1000 -314
-231 1108
-337 1044
-1473 -286
-1520 -26
-1039 1579
1941 -385
-1604 -845
