446 999997
978260 -207381
483342 -875432
-874445 -485124
107430 -994213
140112 -990136
-689579 -724210
969071 246782
34477 999405
-939144 -343524
-930013 367527
852036 -523483
-905776 423757
261029 -965331
-870568 -492047
-998880 -47311
-172955 984930
985526 -169525
-377478 926019
879396 476091
311221 950337
782718 -622376
-844111 536169
-998637 -52202
251101 967961
-398093 917345
501980 864879
995953 -89876
-284028 958816
484296 874904
314007 -949421
-843115 -537733
-867251 -497871
-999503 -31517
-426681 -904402
-817561 -575842
548003 -836476
927991 -372601
65131 -997877
927452 373942
621569 783359
-900504 434847
-155253 987875
962513 271236
918797 394731
-995204 -97817
-877113 -480284
899186 -437567
994687 102949
-282339 959315
-34349 -999410
-954253 -299001
279420 -960169
-983522 -180789
199081 979983
766883 641787
-965372 -260878
873260 487254
-430659 -902515
913318 407247
983940 -178497
441248 -897385
-591912 -806003
838850 -544362
370058 -929008
875685 482883
104688 -994505
-863944 503588
-47122 998889
893870 448325
693741 720224
37870 -999283
990391 -138299
-778245 -627960
884524 466495
-973525 -228581
982915 184062
584093 811686
502842 -864379
555584 831460
605954 -795500
856555 -516055
-885513 -464615
993945 -109878
-898269 439446
922177 -386768
-999783 20851
-843362 537345
-681254 -732047
-933096 359627
-816620 577176
413144 -910666
750432 660947
-676922 736055
-951935 306300
-890143 455682
574413 818566
-638251 -769829
-889709 456528
779763 -626075
-451459 -892292
-225964 974136
989948 -141429
885930 -463819
-443619 896215
684581 -728937
-882919 469525
872353 -488877
-177317 -984154
581922 813245
-119731 992806
999590 28635
-265703 964055
49081 -998795
-607068 794650
-952141 305660
917807 -397027
654144 756370
-339697 940535
812280 583268
-186047 982541
-730306 -683120
971115 -238611
965785 -259343
929117 369786
-878194 478304
-852348 522975
704337 709866
-513868 857869
381334 -924437
142204 -989837
992847 -119394
37321 -999303
180313 -983609
996644 -81862
-898960 438030
899948 435997
-646092 -763259
879841 -475268
-192501 -981297
-945071 -326866
835118 -550071
-579444 815012
275691 961246
992173 -124867
-406262 913757
-982497 -186277
238529 -971135
-602437 798167
-996118 88027
-887067 461641
714103 -700041
-978992 203897
-660183 -751105
-123904 -992294
-763315 646026
38254 999268
854538 519389
-378870 -925450
999998 -1832
377342 926074
-506574 862196
-475814 -879546
-649766 -760134
901722 432317
883682 -468087
709689 704516
798882 -601488
-980612 -195959
-998083 61882
266088 -963949
-887246 461297
457523 889198
351661 936127
170879 985292
-903760 -428039
-611316 -791386
-239645 970861
980590 196072
-302710 -953083
176154 -984363
-684357 729147
171935 -985108
-828093 560591
773846 -633373
-406049 -913851
626847 -779142
-943257 332063
952626 -304146
-614505 -788913
835764 549088
-977289 211912
943748 -330666
-715532 -698580
-947608 -319434
-91410 -995813
-137627 -990484
511283 859412
999889 -14925
766183 -642622
625469 -780249
964282 264877
548307 -836277
-395815 918330
996329 -85604
949508 -313743
-864431 -502752
947731 319069
-778431 -627730
59200 998246
668001 744160
-857570 -514367
-761192 -648527
-801061 -598583
-816463 -577397
702943 -711246
-827502 -561463
-352918 -935654
572379 -819989
290382 -956911
571130 -820859
783799 621015
-959264 282513
504104 863643
737585 675254
-192659 981266
350568 936537
74117 -997250
901895 431956
-949796 -312869
742847 -669461
885767 -464131
-280606 959823
-964987 262299
-685177 728377
-666137 745830
-214395 976747
986898 161342
-377519 926002
-854452 519530
-952830 -303506
498011 867171
989746 142838
942718 333590
-433581 901115
-905518 -424309
726792 -686858
-945805 -324736
-852691 -522416
985838 167700
971031 238955
-978075 -208251
-715766 -698340
-936686 350169
974202 -225679
-897558 -440897
-228100 -973638
138430 990372
-790294 612727
734270 -678858
928149 372208
342600 939482
-709377 -704829
536235 -844068
379313 -925269
675312 737532
927331 -374242
-997091 76217
-997811 66127
982787 184743
-578449 -815718
537206 843451
455053 -890464
-898100 -439791
928429 371511
-969524 -244998
750073 661355
-602649 -798006
-499146 -866518
582544 -812799
-563343 -826223
874324 -485343
-232428 972614
-260605 -965446
-893500 -449064
332471 -943113
-690348 723478
-837107 547039
639461 768823
-921519 -388332
-294051 -955790
-586761 -809760
-950289 -311369
996696 81217
995462 -95161
595492 803361
-817440 576014
-590174 807276
764543 -644572
936005 -351987
424277 -905532
-66314 997799
59577 998224
-346268 938136
-997878 -65109
-769058 -639179
252404 -967622
982397 -186806
-137239 990538
-848545 -529123
982180 187943
-709473 704732
-34317 -999411
-60066 998194
-951441 -307831
420300 -907385
-373450 -927650
999875 15790
997310 73295
-812644 -582761
-132590 991171
206235 -978503
-83467 996511
570499 -821298
-595550 -803318
598805 800895
24844 -999691
-99778 995010
141363 989958
-28288 -999600
788011 615662
-654762 755835
-200126 979770
912103 -409962
832463 554081
275031 961435
957535 288316
697767 716325
901790 -432175
-116910 -993143
-9576 999954
-999988 -4912
-785162 -619291
-586309 810087
803441 -595384
485491 874242
-867218 -497928
-196821 980439
981815 -189842
562699 -826662
991149 132754
937612 347682
-274634 -961549
-692948 -720987
3865 -999993
313849 949473
987006 160686
986895 161363
-429884 -902884
-819903 572503
-791421 -611271
-924020 -382344
998336 57667
250794 -968041
616436 787405
-816471 577386
-344479 938794
999906 13686
999180 40491
587560 809181
802568 -596561
-244863 -969558
60898 -998144
-953897 300135
690603 -723234
321445 -946928
-717355 -696708
-937014 -349291
730373 683048
731860 681455
753376 657590
-971646 -236440
995701 92629
996226 86796
-865717 500534
-769130 -639092
-65782 -997834
-974035 -226397
-496087 868273
635041 -772478
997360 -72619
888129 459593
827368 561660
992777 -119978
-651406 -758729
-547727 -836657
961265 275627
-879445 476000
330249 943894
101378 994848
55106 998480
850829 525442
585407 810739
720907 693032
998417 56241
-364907 931044
997946 64056
892033 -451970
-604674 796473
-918783 394762
979946 199263
382117 -924114
457122 -889404
-308934 -951083
151031 988529
-528399 848996
-914841 -403815
978325 -207077
-254052 -967190
303447 952848
749731 661743
615641 -788027
-997455 71302
-662258 -749276
-558177 829722
-998939 -46048
251187 967938
19657 -999807
-792015 610501
-976280 -216513
726794 686856
-37747 -999287
296729 954962
517550 -855653
884502 -466537
-899717 436474
-916967 398964
-344696 938714
-382117 924114
-692880 -721053
867699 497090
-205735 978608
-895312 445441
-990649 136437
890078 -455808
955934 293581
-842150 -539243
