389 999997
-320701 947180
-940095 340912
-642921 765932
-878959 -476897
-359257 -933239
-995068 -99192
-999339 36362
-588224 808698
931430 363920
690482 723350
895999 444056
-945309 326176
602968 -797765
735263 677782
439626 898181
-327908 -944710
85150 996368
927850 -372954
-326201 -945300
-997396 -72124
-18926 -999821
809784 -586728
998002 -63179
462079 886839
3345 -999994
556664 830738
699643 714492
977167 -212471
711139 703051
-816052 577979
349336 -936997
-334881 -942260
-235308 971921
589729 807601
-857036 515256
173175 -984891
917992 396600
-962507 271256
967303 -253625
-998245 59222
-764250 644920
402592 -915380
227385 -973805
666365 745626
-953186 302386
-839893 -542752
846996 531600
569657 821882
-749440 662072
989142 -146965
913042 407866
-55960 -998433
-382495 -923958
-763414 -645909
-177506 984120
584372 811486
317492 -948261
-567525 823356
939937 -341348
-648997 760791
997194 74854
878481 477777
-369088 -929395
-601994 798501
-667414 -744687
977049 213014
957824 -287354
-425514 -904952
-718947 695065
-998679 -51389
-469420 -882975
-902663 -430349
264845 964291
911098 -412191
-181586 983375
274728 961522
-152331 -988329
-848379 529390
-676303 736623
786869 -617119
569618 -821909
40682 -999172
-750030 -661404
954586 297934
993079 117447
998976 -45233
-756620 -653855
929875 -367876
150909 -988548
-710257 -703942
962143 272545
657604 -753364
499539 -866291
-999348 36108
-950635 310312
-138821 -990317
-981539 191264
937410 -348227
-650717 -759320
28425 -999596
605907 795535
903353 -428897
323830 946115
781404 -624025
502 1000000
672661 -739951
875773 482723
749384 662136
108646 -994080
904113 -427294
-393023 -919529
890336 455303
-859878 -510500
705270 -708939
-335617 941999
-991653 128934
69590 -997576
-395074 918649
998126 -61200
744984 667082
-597675 -801738
684163 729330
889013 457883
998034 -62667
871805 489853
-725941 687757
717414 -696647
-827198 561911
-176066 984378
-790479 612489
-826508 -562925
873514 486799
659341 751844
-566928 823767
212431 -977176
629174 777264
-964879 -262695
614463 788946
371042 928616
-187486 982267
131938 991258
18864 -999822
-964291 264846
169662 -985502
974444 224630
-476816 879003
-938904 344180
999996 2661
-21531 -999768
-998908 46727
-714972 699153
265660 964067
325101 945679
-824897 565283
593643 804729
-999065 43236
-929936 367720
868566 -495574
41987 -999118
-955349 -295481
344364 938836
885469 -464699
-919978 -391970
161411 -986887
966757 -255697
-595367 -803454
-910691 413088
409204 912443
-920032 391844
-254655 967032
904964 425489
-984674 -174405
97478 -995238
368926 -929459
126050 992024
489827 871820
-751300 659961
-994048 108938
-977414 -211332
-589809 807543
282853 -959163
336699 -941612
-867280 -497820
-382610 -923910
-947407 -320031
-461324 -887232
-197294 980344
909245 416261
-930116 367265
384369 -923179
618941 785437
-828221 560402
717996 -696048
999645 26629
-298845 -954302
887992 459859
-997010 77276
391988 919970
670069 -742299
-645434 763816
708821 705389
533397 -845865
905231 424919
846942 531685
951079 308947
379051 925376
909415 -415891
297875 954605
900310 435248
-940247 -340494
135914 -990721
300081 953914
219236 975672
910860 -412715
224651 974439
-577254 -816565
958259 285903
804189 594373
-444549 895754
344471 938797
760794 -648994
-697420 -716662
-665050 746799
490888 -871223
-90208 -995923
-613566 -789643
-894553 446963
470438 -882433
418360 -908281
422763 906240
348457 -937325
454470 890762
136714 990611
393235 919438
-524523 -851396
-318692 -947858
991684 128695
-783092 -621905
-992447 122675
-737842 -674973
453733 891137
-945984 -324212
585093 -810966
571297 820743
-731011 -682366
801653 597789
651269 758847
-779948 625845
853196 521591
-346717 -937970
-904918 -425586
846321 -532673
-985053 172254
226089 974107
-141973 989871
-876722 480997
690101 723713
533355 -845892
682402 -730977
-351370 -936237
-228838 973465
-999920 12639
388341 921516
-404175 914681
-997820 -65996
-886592 462552
-978493 -206278
256795 -966466
933302 -359093
916183 -400761
251003 967986
-283905 958852
-542970 -839752
655679 -755040
-246698 969092
-211797 977314
630991 -775790
-575136 818057
969387 -245539
917888 396840
361861 932232
-715390 698726
-926813 375523
867878 496777
959666 281142
-400234 -916413
996092 -88319
-956592 -291430
-971834 -235666
-880342 -474340
973206 229934
-697849 -716245
-214172 -976796
838353 545128
729010 -684503
-777009 629489
524826 -851210
-495012 -868886
-992281 124008
54812 -998497
-834486 551029
991657 128908
931101 364762
-779817 -626007
833585 -552391
430771 902461
-998214 -59742
-530139 -847911
998808 48813
33817 -999428
-122960 -992412
900167 -435545
572853 819658
906898 421350
-67918 997691
-880961 -473189
253327 967381
981843 189694
335806 -941931
890187 455595
999967 8148
845752 -533577
806728 590922
791489 -611184
-938102 -346360
999899 14226
-23881 999715
957745 -287619
-963774 -266720
551233 834351
992185 124774
-992104 125420
29728 999558
437430 -899253
981079 193607
964306 264790
-214813 -976655
-10093 -999949
-38824 999246
-966344 -257253
-995402 95785
822293 -569064
-983799 179277
698422 715686
546574 -837411
968665 248369
959574 281456
214758 -976667
-440539 -897734
-417166 908830
-981912 189340
926146 377165
299493 -954099
-217875 -975977
281282 -959625
769638 -638480
-989157 146863
-280314 -959908
527209 -849735
584411 -811458
-359462 -933160
-765907 -642951
-823463 -567371
-956561 -291533
-767842 -640639
590598 -806966
-684353 729151
-999711 24034
323282 946303
-991779 127963
-832744 553659
-969565 -244834
984169 -177235
-273448 961887
-984971 172718
-708076 -706136
652464 -757819
370511 -928828
334334 942455
-833253 -552892
-883297 -468814
-168125 -985766
-896289 443471
-944179 -329432
5073 999987
-481684 876345
-179888 -983687
259873 -965643
-994962 100257
