100 4
-9 -6
9 3
-9 4
7 8
3 -3
0 -5
-6 -1
2 -10
10 9
-7 -7
-2 -5
9 8
-8 5
-7 -6
-8 8
7 9
2 8
-9 -4
-4 8
-5 -9
5 0
-3 9
-6 5
3 -9
3 -5
-8 0
-7 9
2 -1
0 -7
-5 3
7 4
-9 -8
0 2
6 3
-9 -3
7 -3
-10 3
-8 -4
10 -5
5 -3
-4 9
-2 0
-5 5
-4 -2
-3 -1
6 -4
-10 -9
9 7
-7 10
0 8
0 6
9 10
10 4
-7 3
-6 9
-2 -8
6 -5
-9 2
3 -8
0 -10
-3 -2
4 6
1 10
-10 6
2 7
7 2
4 -1
-10 -8
-9 1
-6 4
-6 2
-10 7
-7 7
5 -4
4 9
3 7
5 4
-6 8
10 6
2 -5
-3 -7
10 -9
5 3
-5 -1
6 -7
5 7
-8 9
3 3
8 10
9 4
-2 -7
8 7
2 2
-10 10
7 -9
4 5
-9 -10
-1 3
9 -6
5 -7
