300 4
50 1
47 -49
-50 -12
47 40
0 25
28 -41
-49 -3
48 10
-20 35
17 -43
-23 -2
-36 -35
-15 -31
-22 22
-31 -47
28 -50
35 -36
-48 17
18 4
30 7
29 24
-7 18
47 2
42 -38
-45 -25
23 -41
46 42
42 -3
-10 42
5 -33
-23 9
32 -35
3 33
-37 26
35 -28
18 42
-18 -1
29 -19
-2 34
-38 2
26 43
-18 -25
4 47
24 38
28 50
-6 40
-14 -48
-45 28
-36 -10
-3 -24
-21 17
19 -6
-20 -29
-8 15
-43 -4
36 3
48 -21
24 14
12 -8
-47 -29
-31 -2
-28 2
36 -25
-38 45
-4 -32
-26 49
-36 50
-6 -49
-8 32
-31 -5
32 -26
-49 14
3 49
34 25
43 -45
-31 40
-38 42
-34 -29
7 -33
-4 -37
-9 2
36 -24
-2 9
-7 -7
34 -44
-50 -22
-41 31
31 -19
-43 37
27 23
15 -12
-20 -35
49 -49
-5 -5
27 46
36 5
23 -33
-48 11
-39 33
37 -28
-49 12
-38 -9
1 37
7 35
13 -30
-14 5
-3 -16
37 -34
45 -24
-25 15
-13 -27
46 -26
-26 29
-25 -15
-5 -23
20 20
1 -31
45 -50
0 -9
-4 -12
-40 -34
-25 49
6 -17
-36 49
16 -11
-42 2
-35 -22
-20 -3
13 16
-13 11
-43 -18
32 -12
-36 2
1 -13
-15 -14
-32 48
-6 12
41 49
-22 33
9 40
-20 6
-25 20
11 31
-32 25
41 -2
-16 -30
21 11
14 -39
46 2
-40 -43
-46 -34
13 -44
29 -2
-49 -33
14 -35
-9 -21
-28 -4
21 -42
42 -23
-17 -44
-8 -37
-40 41
19 12
7 2
27 18
-38 -38
38 41
-9 23
19 -44
-26 -3
-28 -14
17 23
-42 4
-7 -15
-39 0
14 30
-42 -13
46 -21
28 16
5 29
-18 -20
48 30
-38 1
14 -10
42 28
-13 48
46 -27
-44 35
-25 -30
20 36
31 21
-48 50
5 5
-36 23
4 -14
-34 -9
11 5
41 4
-30 -27
-9 -23
4 3
16 36
1 -33
8 31
22 -5
21 -18
39 -49
46 29
7 38
23 -46
0 22
49 -40
6 8
-7 5
-29 -22
-19 -46
-15 -25
43 36
43 10
4 10
14 -34
-50 -15
30 -35
-7 23
23 -13
-11 -43
-32 -36
-46 -17
26 18
-22 -49
-42 -48
16 -19
8 27
-39 35
-3 27
-4 -21
-33 10
39 -10
-31 42
-32 -47
1 28
19 -38
-1 -32
22 -46
-11 -17
30 -11
-8 -26
-40 -23
18 15
28 -24
50 31
-49 -42
-31 48
32 25
6 -45
22 -38
20 -46
-3 1
-43 48
-44 11
8 -34
4 2
-36 -2
11 -20
-47 -9
22 6
25 -4
-12 -18
-46 -19
-48 39
49 -19
0 19
10 19
-29 -2
-28 28
-15 -41
30 37
-39 -26
-32 -16
-31 -7
45 21
-13 19
-44 -38
-23 -14
-47 1
26 32
31 28
-32 -2
44 0
27 -32
4 -22
27 -10
-2 8
-7 -8
-7 -13
19 -21
-49 -47
-5 -15
8 0
46 -37
