750 130
519 474
237 973
553 272
481 949
213 -382
-164 -289
189 278
-964 737
961 360
836 -882
-209 465
-556 -256
485 957
-281 -640
-123 114
-764 428
124 610
189 -488
-627 504
-894 100
604 -371
53 127
-623 -954
51 -258
737 819
-350 110
877 -394
69 174
323 749
-948 -943
-561 -887
655 -654
461 934
173 -751
-336 -974
117 -288
165 -922
-979 -403
-399 -383
648 -156
-778 -691
406 799
923 517
-306 -553
-160 759
210 -551
-36 -558
129 -128
-339 662
247 -230
625 -159
298 61
770 386
682 66
304 -306
93 462
520 685
723 -947
674 489
252 -617
727 742
273 18
-779 427
-938 690
-68 841
-62 222
575 -679
911 -6
342 681
617 -320
-311 273
226 -614
956 -677
431 975
637 393
488 451
-997 906
567 576
261 -446
152 210
915 -792
932 193
-109 -367
-487 -88
674 666
-514 -486
928 357
-732 -525
-62 947
-429 -698
881 -190
-995 -415
570 505
551 70
-119 155
-576 516
-822 49
-185 -605
746 442
-993 756
521 886
-13 930
32 -255
-658 -688
189 511
102 162
464 -77
332 577
-12 100
310 -209
404 394
937 621
878 726
-129 542
-572 161
867 -920
789 928
234 -505
-699 229
-870 -818
837 -671
-821 -847
423 300
261 92
-631 519
-441 -644
59 301
627 731
259 -983
-944 26
166 -342
714 -165
385 -155
170 574
16 -661
-930 -713
-870 662
151 -994
250 595
316 -266
329 705
862 833
889 63
779 -862
-908 -118
-820 -637
511 -857
-58 980
-42 -729
684 -541
989 977
978 -218
-644 -908
-755 658
213 -590
947 -896
-521 101
-250 -807
-650 146
363 787
289 270
475 -247
-884 -301
514 -159
279 -333
-444 -337
-67 -471
33 45
-390 -666
886 172
-902 578
620 611
614 -177
588 -252
-744 374
-151 -619
819 -690
-532 -716
1 -97
576 -899
472 825
-234 -600
622 751
-982 948
-781 -45
912 457
-793 329
339 -400
194 -752
-222 323
946 908
598 -718
155 188
-715 -92
968 914
839 -100
725 -994
901 -221
362 444
341 1000
716 -647
-112 -3
251 -304
247 73
-21 -503
331 -911
871 -808
-185 745
-15 -81
703 -54
-419 861
-726 710
-882 800
638 -592
357 574
814 77
714 -118
186 954
377 288
725 294
-995 298
-483 18
-665 -759
419 -760
-75 218
-825 718
-165 -180
537 -277
449 -367
-883 -735
792 -477
668 -578
298 235
-612 -29
-858 -41
500 -795
905 477
684 -245
-564 -464
-337 540
939 -185
305 -770
-450 -477
921 -687
-868 -74
27 632
-934 913
-464 583
534 857
4 541
-342 -540
-180 804
-30 976
-990 -739
-344 453
-346 723
-984 -350
763 -579
-424 -585
-561 880
-65 125
-290 615
-133 -314
-479 -846
-990 77
29 -308
-997 -592
263 237
636 -742
-86 -531
100 537
8 -295
855 -770
853 477
-843 170
-776 825
-937 -265
-970 -567
245 298
-601 398
-208 -924
536 263
110 649
-413 390
-75 -534
-714 -672
-520 -380
758 -253
440 -310
114 382
934 370
394 -177
-229 853
374 -914
-913 348
694 -4
-103 215
-213 -519
782 -85
-688 604
-450 496
796 619
570 -21
-942 -746
-299 222
-832 -461
905 -288
298 -597
-203 142
412 20
-812 406
299 -701
-579 11
131 438
340 967
-276 462
460 -22
549 911
655 -631
-819 -305
773 823
-398 293
-671 80
-884 -861
-476 -552
-333 -707
183 -287
75 -734
-779 983
-61 119
-721 -382
723 -357
944 204
-174 788
324 697
-129 -846
524 -508
431 559
-774 -327
-675 924
-322 -733
49 -374
59 -746
845 -734
219 24
701 82
-565 -68
323 889
532 127
-823 -898
882 14
995 -873
-556 -199
-559 -475
601 -732
239 -141
-526 -721
374 633
-305 -299
150 595
524 -385
885 -83
-464 876
858 -582
-411 487
-508 197
761 26
481 -905
-382 -973
-738 -622
808 -197
-7 -34
735 -772
-483 -81
187 891
-471 -960
-552 -928
967 262
908 -700
574 -95
-863 331
262 -56
450 807
609 475
-687 64
224 513
-913 930
-879 -971
236 579
-556 -16
491 727
-127 551
-751 528
351 718
-401 -468
-727 -284
258 -393
642 -789
-700 503
-63 128
327 497
121 837
-762 -784
905 -501
-848 409
-372 711
-941 73
-503 406
-89 -77
-865 985
-893 -33
-319 -231
948 640
563 -649
-167 -520
147 -211
389 157
-685 361
318 -185
816 -508
397 -76
802 258
-242 326
-788 -391
-500 207
-879 306
-631 866
-644 -689
-417 -638
49 -904
225 -989
561 156
278 697
-992 -357
-971 -583
-190 -510
866 -165
104 -212
-451 -212
462 411
-72 77
619 611
613 676
753 400
-528 659
722 -215
-368 965
-492 -680
180 929
729 290
542 -674
-776 -230
272 288
-715 957
395 697
-930 -434
199 -788
926 323
655 -862
-799 331
32 -712
-481 -16
223 -224
-910 -180
347 -967
527 291
-53 -68
576 293
-888 476
-910 -764
-372 -501
-29 -181
681 842
463 509
31 879
672 846
767 -874
617 -37
489 -561
849 622
-518 -804
228 -184
164 -16
-414 -62
821 -232
-354 -497
-706 366
-550 -386
-827 685
456 -185
830 588
-392 953
210 -734
-711 964
696 -90
-637 448
-906 -539
439 696
-187 -882
-266 984
32 -174
623 608
-135 804
769 -674
-370 -572
-501 -474
522 268
855 -739
843 187
-784 878
-350 -301
-63 664
-642 -993
26 -632
471 555
-178 703
139 837
116 -961
192 401
-71 -257
796 849
40 809
-718 493
-758 898
-330 -478
-74 940
809 86
712 -195
335 -749
318 284
-657 -345
544 485
323 -828
-536 543
397 -379
465 -306
-185 717
-962 -221
-349 792
911 -574
-677 601
593 664
745 -405
-675 16
-325 -180
196 -153
-718 -853
-34 -664
253 45
22 378
-7 -915
-345 373
-41 280
242 -111
488 274
871 208
-113 92
210 -541
-60 -922
337 -94
198 168
-595 686
-958 -602
656 662
38 707
-637 733
412 -434
-116 137
165 439
-794 -594
795 86
-353 -944
676 484
-651 -150
895 -735
500 318
-672 -940
-731 -766
106 -942
351 -216
-418 -2
-3 353
351 -996
977 -663
-19 -714
605 -553
-798 -139
330 350
-539 656
729 180
190 358
398 -680
613 -702
-54 -284
-643 -506
759 137
768 -886
-296 -104
223 -890
-51 110
-995 -293
-461 -671
351 133
-716 62
-347 -795
324 -585
419 -545
-378 702
462 -844
-74 -350
830 137
-535 329
601 257
73 994
250 397
110 183
666 -76
401 -41
454 265
35 -796
965 -930
19 645
813 19
-529 332
-695 -24
644 378
-450 567
336 -1000
-310 -125
-112 -473
-972 -231
-30 -274
-168 840
-15 882
-202 761
161 -804
-602 672
741 -633
758 452
107 -910
-729 -989
-70 566
-26 89
55 57
-755 582
-845 988
271 111
565 789
-921 -88
-183 89
-246 -952
923 -68
-957 20
-896 -552
-764 208
63 -826
839 554
-117 -706
646 -743
173 -528
271 991
101 986
310 986
93 878
527 -308
729 -657
848 647
-199 -436
779 3
348 670
730 730
-776 -882
668 -28
79 992
508 -258
-901 744
-573 -718
510 26
-249 -713
887 -133
-962 -953
281 -507
845 -680
240 383
200 -84
955 -785
-882 -165
-21 -701
-779 -153
95 -297
-948 162
101 -669
918 -358
741 342
-709 36
-333 -171
995 -51
-9 -76
-692 588
410 902
-976 89
-675 -84
-801 991
-51 857
-843 272
-694 29
-678 680
-590 709
-726 959
-416 -633
41 442
981 -603
442 -780
-127 161
-180 -828
-285 497
-130 -805
620 152
227 196
727 180
817 354
-10 884
-301 -485
-686 -665
739 -195
629 173
249 378
766 -259
217 -726
-145 836
931 -856
950 -449
499 845
277 59
-598 -765
685 772
714 -403
269 -71
959 884
-747 -673
-103 -432
958 78
547 778
-955 -529
516 -821
981 -533
-474 -992
849 -96
-366 -166
704 260
