1000 574
584 -797
745 803
-955 -791
-756 -342
939 715
-80 -330
-485 -906
-643 -578
390 -644
-590 -814
364 439
-265 -450
-148 177
-178 -480
-850 -930
-484 -550
913 912
972 736
418 -680
-171 945
334 585
-747 -126
212 -662
-367 840
-849 -642
-311 -527
974 -320
-428 -831
987 378
-219 -571
-212 -492
757 -420
653 528
-477 -283
-802 728
788 533
-503 869
-621 -997
-428 -86
-308 -550
-225 215
561 -816
868 -6
680 -134
-895 713
525 629
142 463
-421 845
-438 872
651 298
-610 -402
156 -204
649 -82
-972 130
560 -659
-714 -961
163 -380
-783 799
690 737
348 478
-294 -455
646 -615
562 531
173 752
-18 -885
897 428
-934 -55
-861 -51
820 319
-406 756
-111 509
356 24
202 59
989 289
174 -267
-3 -659
986 -69
-354 393
15 777
133 -320
549 -592
-395 -273
-480 -623
146 -134
-196 -196
90 870
-298 -319
-443 157
581 748
389 984
345 264
796 -490
-524 959
-138 414
-474 596
-58 -714
-750 -123
79 69
-444 -775
-138 -118
-734 424
-912 853
739 -773
-896 668
692 789
-719 251
-745 437
574 -585
-882 967
753 -998
-699 -323
-792 -358
840 201
-675 -188
32 -813
-75 -683
-760 961
-531 781
257 579
706 946
-10 -283
919 -529
797 -849
664 -118
-936 66
-623 -392
-712 506
-305 -929
644 785
858 -162
-161 -934
726 567
-401 -227
-642 450
642 313
-365 -115
-50 -117
-271 -824
-740 -172
366 585
-205 258
-448 -33
596 -326
-105 847
-135 -966
856 709
-438 -352
-336 157
291 -32
99 1
-577 -826
-53 580
-322 860
849 -834
603 701
517 497
-788 -180
-200 237
797 -681
224 -348
-432 13
831 191
850 892
224 257
144 216
-696 -758
508 729
-161 212
-175 823
-79 109
651 -652
344 -385
126 196
511 813
-968 -470
256 615
226 -318
970 384
199 773
-529 -872
21 -692
-242 335
898 -613
262 -433
137 767
-245 -134
282 -219
-731 -464
-852 -789
-948 34
-272 700
-872 -395
-993 187
-944 240
653 342
-33 -430
-501 919
-848 -14
-331 538
559 -32
-970 710
900 -383
171 -547
751 412
993 777
-267 -463
-284 224
732 289
90 -999
-939 -596
-128 -519
-559 -246
790 -144
626 670
478 727
314 -718
271 -82
-864 879
153 -774
626 -172
-883 53
550 -637
-123 533
387 401
-464 37
660 513
-596 -396
993 950
741 -265
-747 504
-70 -162
-381 926
-90 560
-142 -100
162 -987
-405 682
379 630
-413 -278
747 -648
355 448
-930 495
551 -131
-374 893
-20 404
446 694
-551 -263
146 -183
698 -857
-400 -52
103 -888
986 -488
-673 523
927 -449
607 971
695 483
747 -102
-439 685
-35 869
94 -341
357 842
-272 795
-363 476
-134 37
518 994
924 -580
-834 959
913 -628
196 -281
426 693
-139 181
868 -889
-373 -612
-798 -917
740 -9
843 310
263 -464
780 -826
-621 -293
-482 198
429 399
649 -998
522 -306
434 375
965 282
-63 -326
627 717
-131 749
-799 -958
739 684
794 664
-1 918
316 539
702 652
725 994
-484 224
-321 -919
-789 440
438 568
-363 -274
-806 -298
810 -453
-970 863
422 -217
590 452
-896 -34
111 -678
-518 -800
693 -311
-498 790
842 -953
863 -80
492 -145
484 462
569 535
321 346
-426 869
-343 361
-343 -583
991 737
996 774
-623 -594
166 286
496 -472
-897 -148
-687 439
912 675
677 631
-508 833
-155 758
192 -620
-930 -148
404 -35
293 105
420 761
328 -300
139 890
965 -732
551 -288
352 -108
907 -154
592 -973
-479 478
-580 -878
469 -732
968 115
-13 -196
-914 -464
-311 126
-499 -800
159 -550
741 -1000
-604 -192
-875 221
-501 208
540 -347
-830 305
327 -126
-50 -984
204 -936
920 -314
-887 -380
8 229
212 -98
508 228
741 -988
644 -621
-582 35
123 732
-57 158
269 74
-156 881
-573 -261
492 218
-584 -411
-884 -763
291 343
-946 678
-586 -586
-250 699
305 81
312 -262
-736 110
817 -556
-589 469
-481 -991
-199 339
243 -650
-635 185
827 888
-293 -724
234 -633
-330 868
-658 513
-754 614
616 208
-562 -45
652 458
-415 -183
-834 499
706 676
361 -651
-205 528
788 -224
7 379
-623 -784
787 507
-206 -711
937 -771
533 -221
56 -661
-521 894
270 -411
-714 -974
-990 314
-599 64
-989 -508
-56 127
850 -257
622 591
501 268
563 -354
-442 -743
6 -87
993 -256
-871 320
-179 841
812 -367
627 -817
594 -986
325 883
-53 792
97 -114
-154 455
496 -816
-362 836
106 897
121 -206
916 199
489 -42
-142 -299
503 -735
-397 -722
1000 -689
109 -232
407 -947
134 -918
-244 520
506 -636
-918 412
-557 -617
-554 -754
-665 -606
-56 988
-361 -479
344 -984
-405 10
-151 213
124 -735
949 -277
19 176
-392 -540
416 941
-771 647
219 -865
-69 27
-885 -98
-664 847
823 -302
661 -595
-275 431
696 -598
-60 89
448 -311
689 -743
-707 -395
-396 35
-558 -164
717 892
728 -443
343 316
811 108
417 -376
-726 -656
-997 -721
921 671
205 195
386 -975
374 633
933 -917
-540 -851
-782 637
196 -41
782 -716
-565 -287
-516 814
155 138
76 517
550 -498
722 911
808 -522
240 431
355 740
-766 915
-469 -572
731 -45
-581 -712
447 600
605 84
138 -163
-566 -35
969 329
841 78
488 705
-603 -532
-90 -777
-551 -534
70 -651
-735 178
-183 -916
-195 372
-997 833
-222 -98
-103 -896
-524 405
-743 169
531 -225
-85 852
-896 123
306 -916
-385 242
-410 911
353 -877
782 -829
658 830
961 264
-867 -806
198 -833
634 -655
-163 -195
-7 607
-295 458
-785 139
-105 390
-981 -110
-494 0
589 -616
364 710
-108 870
-142 -853
953 -310
610 -605
634 183
538 660
-52 -553
-851 790
-836 682
-592 62
-931 191
-89 59
-561 -801
-619 -779
0 54
-738 251
-434 -798
-590 -439
279 455
300 689
-892 161
-904 509
-265 -543
-764 -222
77 515
-866 -857
-85 833
-556 -773
-591 -151
-320 -555
-914 -431
-825 -411
127 -179
-780 -35
-89 586
491 -660
-488 -226
-690 -744
979 739
-41 -103
86 -978
-896 -676
-287 -5
961 28
348 838
-364 -236
592 898
478 24
-952 -497
-949 599
-797 724
328 -632
-926 -472
334 -856
623 915
803 568
29 -777
-778 -417
-500 448
-504 335
-541 405
-361 -207
-740 935
653 -619
-72 366
449 416
-100 -348
208 -976
975 294
683 934
984 355
317 113
703 425
178 144
-642 427
-620 -116
-306 -199
-797 -225
682 534
37 608
-143 -556
736 168
855 414
-38 519
489 612
218 821
-996 -908
-693 -516
-812 -717
-246 -932
391 29
-66 756
462 -317
-413 858
-337 -643
-558 576
115 -334
768 334
-241 -782
80 -633
-88 525
844 972
677 589
-852 947
699 926
-766 -516
289 822
-565 -31
-454 618
463 -51
601 283
634 -891
957 -534
-164 -671
-627 -395
267 977
-861 -500
244 -107
369 158
-263 -947
-943 701
6 761
514 -883
389 909
173 624
-715 -358
348 905
-416 947
491 -816
-859 -538
366 806
-789 -300
719 -24
622 677
536 -46
82 509
701 255
714 646
998 -437
617 -33
861 647
-283 749
-625 -259
-580 411
-492 -153
184 -963
682 -657
-911 573
-231 470
-10 -336
-624 -789
107 372
254 -676
-301 108
-966 987
-353 123
666 -158
-858 -365
787 455
-350 -869
-58 -399
-375 267
472 923
-901 -766
-494 -613
-343 973
-506 163
325 168
93 -505
253 635
-953 -153
-818 -154
957 -488
-830 -116
-173 -751
24 36
728 -918
517 39
-466 -891
-623 438
-436 -659
437 186
409 629
-41 251
-142 -640
-618 -989
-271 630
-380 348
240 -486
689 878
949 98
416 -584
665 -580
534 729
236 555
-123 -760
204 364
-158 -296
-376 248
-208 -844
-607 590
-378 -6
-187 338
500 -95
193 897
814 -778
-984 -372
711 -695
-420 -878
337 -477
385 785
-558 780
-767 282
-320 915
-448 761
-267 440
-447 -213
718 -531
-521 -837
-22 770
-828 -42
-570 551
944 -815
146 961
-762 -600
-472 -919
-821 825
-37 -603
42 44
110 -422
-853 -268
-376 199
-454 -199
19 265
-692 -943
30 679
-466 549
710 968
446 -191
892 930
30 -79
-472 -225
-468 -892
621 -98
734 -791
-438 -220
406 872
-539 469
103 -642
565 -976
-675 538
-158 718
435 500
227 356
-74 -857
-586 564
594 -149
103 -200
32 920
707 583
-83 -660
-642 71
378 1
-604 -186
-697 -241
950 -617
-920 763
957 -774
667 -867
524 189
20 948
56 984
404 -703
-576 -99
557 625
-958 487
-561 289
614 -752
766 887
-622 175
602 842
-610 600
16 84
487 781
577 280
-334 702
-26 4
-442 -227
-437 353
-256 919
582 811
-768 -823
-979 -566
239 -701
335 716
-583 -84
774 -646
-963 -135
460 -521
-82 -59
-374 -45
-120 997
-340 996
497 60
-348 -857
-897 -199
-325 -420
597 -197
642 -916
-892 870
-92 926
187 180
388 426
683 589
-674 -930
774 -540
-47 159
962 304
141 -209
779 192
851 -614
-236 -462
138 128
982 881
841 691
-492 35
-312 -350
4 -757
-606 334
486 -729
-88 -510
294 911
431 19
113 690
-800 314
-997 142
17 942
-236 -345
247 -805
-665 -35
-997 660
542 468
-690 -670
-230 -518
612 -625
137 -533
-968 -430
-210 429
643 -921
-801 397
-315 310
200 0
-435 685
-260 -530
816 1000
-907 -58
635 327
-885 671
603 909
-176 650
-489 -680
225 563
-534 828
-42 -322
64 -154
482 313
258 528
143 194
772 -739
796 -592
634 375
982 303
140 50
296 -407
948 77
-736 -915
-104 -597
-281 -275
-76 -767
-264 72
712 740
898 -825
-151 -476
-974 -273
-25 -879
-139 290
716 606
-428 -518
-495 -748
227 549
-361 -50
234 171
-65 -856
721 855
475 658
-832 -714
838 -352
785 521
-392 697
-7 -209
503 -949
296 -431
-643 -204
-152 -601
802 86
571 160
942 -780
373 -334
-962 580
-103 940
-479 396
366 -64
-388 -428
796 642
-871 982
498 100
232 520
-190 839
-371 -433
371 -38
-567 795
350 -577
232 -436
-691 -750
-997 420
-22 -271
-704 205
181 -354
-452 923
-178 -415
854 -735
-902 -643
-335 172
386 33
394 882
-546 -373
250 -192
-5 104
-859 -12
156 671
-80 -252
-584 262
983 45
-755 -2
458 254
-481 -926
-773 -329
-301 -548
-263 347
-244 -831
-875 46
984 -377
514 -273
