1000 24
21 -7
-37 6
-3 32
33 -36
50 -13
-41 -29
49 42
48 0
-50 -41
-45 20
-5 28
-14 35
48 12
27 -13
11 19
-14 -9
42 -2
30 19
20 -46
41 6
-28 25
-22 -45
-49 46
29 23
-47 12
-26 1
1 -46
27 25
37 -12
-39 -10
-39 50
-7 -33
-38 13
11 41
7 6
3 -31
14 -31
23 36
29 -4
-33 41
24 29
46 11
-35 -44
27 18
10 1
-44 33
-47 27
-27 26
-42 19
-18 -27
-19 -43
-11 13
19 -41
-26 -50
10 -26
-46 5
36 -42
13 -15
-50 39
-38 47
39 -32
9 -46
-33 2
-11 -37
-19 -34
-3 36
24 30
-39 30
-13 -9
19 0
-32 -17
-11 -42
47 -4
37 -36
-32 -43
-26 33
29 -43
7 12
-10 14
14 -17
4 -4
-9 11
47 -16
-19 24
2 23
-30 12
-21 -8
24 -14
13 13
3 -50
48 7
43 -4
-44 14
15 -2
39 -43
1 -43
41 43
-46 -17
-28 36
-48 50
-6 -22
39 -50
-30 -20
-13 -50
-28 45
50 -3
28 26
-15 -18
4 29
-50 -13
3 -7
3 11
-46 46
-31 -27
29 -11
-21 -39
-2 38
-38 -36
-27 -2
19 -30
-44 39
-19 -1
27 -6
2 39
8 7
-46 -45
-19 -6
11 -2
-34 -42
22 22
20 8
-22 -33
38 -37
-25 17
-9 -24
-14 26
-11 40
39 -27
-18 42
-1 -5
24 -44
6 29
33 -9
18 -33
-32 -4
44 -10
-38 36
25 -5
-25 13
-4 35
46 1
32 -41
10 19
-18 14
-24 24
-33 0
-36 7
-8 1
-46 -32
-23 -29
49 -26
-31 -4
-21 -40
50 22
-11 -22
29 3
-16 45
18 -27
11 31
-13 14
-33 13
-32 -50
-19 -23
-16 7
15 30
-23 33
5 49
-5 19
-38 32
32 33
4 -6
29 13
7 -2
38 4
31 -13
7 -31
34 5
-28 -15
11 21
48 -29
-41 39
-29 -35
38 -45
-37 -11
-10 47
-49 9
-8 -39
23 -1
-13 45
38 43
21 6
-6 -41
-28 -4
-32 5
30 -10
-1 32
-41 -27
-19 -18
-31 18
-10 46
19 -48
-9 -2
0 -43
37 -46
-33 6
7 15
-45 -41
34 8
-4 -2
-11 -49
13 -5
-44 -16
-48 -23
19 16
19 20
14 -10
-37 31
18 -1
3 -11
50 -34
-32 2
3 10
36 5
-1 20
-50 27
8 -29
-20 -39
-8 -27
11 -11
31 -3
-9 -27
23 -34
11 -15
50 24
-24 20
-16 6
32 15
-38 -23
-39 8
20 22
-11 -20
-16 25
15 -24
-28 41
-29 39
-46 50
11 33
46 8
9 -50
-28 39
-27 -32
19 1
-28 26
-8 -12
47 41
-46 42
-17 -34
-25 25
5 -24
-32 36
-25 -34
6 16
27 36
-40 -13
43 13
24 27
24 21
-8 6
29 8
22 -13
-30 11
27 3
45 31
10 41
35 -15
-4 -21
-25 3
-33 -6
27 -14
45 37
-23 34
-4 26
8 6
42 35
11 28
8 17
-34 26
36 44
13 -4
-41 -7
-34 4
-17 -31
-37 -7
-3 -12
-30 -28
11 13
0 -23
-24 -16
28 11
-47 -47
-26 6
41 -28
-5 10
2 9
-23 39
1 -27
-14 36
-42 -2
-40 23
19 32
39 25
28 -32
-33 -34
-6 32
-46 44
33 15
-45 21
-40 28
40 15
11 7
-37 13
6 -34
1 -31
-17 -21
-34 -24
-37 47
-41 -43
14 16
12 -45
42 -11
0 43
-16 48
-35 -39
-23 12
-6 35
-26 26
-45 49
50 44
-29 7
-4 12
-44 -38
-46 -25
-18 37
36 34
-43 18
-26 40
33 -49
-48 11
27 28
-47 6
-39 45
-15 -1
1 -34
-35 -23
32 37
-9 -9
-16 -15
-5 -4
19 44
-2 -43
-46 30
-37 -25
-24 29
-33 -3
20 -50
-47 19
35 2
6 -29
-49 15
12 39
-44 26
24 31
31 27
-13 15
-35 -3
-19 15
12 -3
28 -30
48 39
41 47
35 12
-17 35
31 25
-2 21
4 14
-38 19
-2 29
-6 42
27 14
13 6
-8 -42
42 10
-35 -35
-27 -30
-29 -16
49 4
-34 -48
36 -38
-42 -29
-24 -35
-7 -30
8 48
41 39
5 -31
49 -34
-45 0
-3 -18
-38 30
47 29
-44 34
10 -8
17 -50
-21 -15
-32 28
-48 -29
-41 -49
-5 41
20 14
-19 -46
36 -22
-45 41
-42 -23
-46 -42
-19 -16
6 -46
25 -50
47 -48
18 26
-3 -49
-49 -29
-2 50
4 -17
-48 0
-44 -10
4 0
-11 -45
-7 49
-46 -11
12 -41
27 35
39 40
23 15
-18 45
-31 -25
20 -45
9 -38
9 -48
44 -27
26 0
-32 42
28 -7
-29 -47
36 -16
3 -2
-33 50
4 -23
-18 -12
-31 46
7 -42
12 -5
-7 -25
-14 8
-3 23
49 1
48 -34
7 -20
50 23
47 -37
-20 -35
-41 -36
-33 -39
26 39
9 -20
-27 8
29 30
17 -44
-8 -26
-17 31
-6 7
19 -24
34 -13
48 -21
-16 38
-11 9
-18 -42
18 -23
-9 35
-13 16
-37 -22
9 34
12 13
-1 3
32 47
40 9
46 3
41 23
10 31
4 -33
30 -38
3 -1
25 5
12 -19
34 -34
-26 -47
27 -5
-34 33
-6 -4
-42 -22
-31 -23
42 -37
-2 -50
35 -38
-39 48
-17 -29
41 -27
-40 19
-4 -33
-42 13
12 8
-16 26
-18 29
-47 -43
-18 -46
41 -29
29 31
6 -35
-13 -28
-43 -27
17 48
-47 43
18 -15
37 20
6 14
25 4
39 7
-26 -30
-49 8
-5 -40
8 28
38 -17
26 11
-32 -49
40 27
-1 8
-46 -38
45 35
0 -37
-3 -30
-39 10
37 -25
-6 -18
-1 12
42 38
-15 -42
39 11
27 9
-6 30
-34 45
-3 6
-38 10
44 -12
-30 -21
-20 3
19 22
-6 -23
-47 -16
-5 -13
46 -32
8 1
-18 -16
-42 25
-6 -38
23 -24
-42 14
24 3
27 16
-2 -27
34 24
6 -2
-29 -50
4 43
22 35
8 -49
36 31
-12 -36
-5 48
-31 -9
40 34
41 50
-1 -9
-22 -40
50 -49
30 -32
22 -37
4 30
-11 28
-38 -27
-33 -43
-37 42
25 46
-37 -33
45 -38
-25 40
21 39
26 -33
-42 -24
-4 -31
41 33
17 -20
-11 -33
-7 -49
-5 -42
-9 21
-46 36
-20 -28
12 -34
-22 -7
-1 -49
39 -29
31 -2
-41 -33
-44 -30
-46 -13
-19 -17
-31 11
42 32
-13 10
16 -4
-33 -11
15 -42
46 2
3 17
4 22
10 -1
9 45
29 41
-2 45
18 -42
0 -35
-17 -50
11 -10
-4 47
1 -16
15 -34
-36 21
8 49
-40 20
-46 33
13 -32
-37 -43
-39 40
25 -27
41 -21
39 -8
-16 5
46 -8
41 -35
6 41
36 22
-44 35
41 -23
31 1
33 -44
-12 -35
-36 4
48 -1
-6 46
-24 -13
-17 -41
11 20
-5 14
3 23
-13 -37
-49 -9
37 -16
8 33
-33 37
-23 41
1 35
20 27
13 25
-2 -5
-29 6
-2 9
7 -39
14 -24
25 25
28 -22
-15 -27
17 -24
-38 33
-47 17
24 -16
10 9
31 21
-16 39
4 -34
-21 41
7 -30
-45 5
36 -21
25 -19
45 -11
-35 -16
14 -30
16 -48
-36 -24
-32 23
-23 -36
-37 35
15 -49
3 24
-17 0
32 -8
38 -24
10 48
-26 5
17 -28
-35 -5
17 19
21 23
-4 30
-29 37
-12 -9
-20 -16
-33 -28
13 -34
-20 -38
26 -18
50 19
-49 12
-28 -34
-10 -49
-30 45
26 -1
-41 33
21 -26
-21 16
9 35
35 -19
-46 -40
-26 7
-26 -25
-7 40
22 -20
-48 31
-48 26
-48 46
4 -37
22 20
-30 -15
-47 42
38 29
31 2
42 -14
20 43
-21 -36
-21 28
-41 -45
20 6
-11 -5
-40 -11
-6 -27
-21 6
-21 11
-10 20
8 -38
-3 11
27 32
17 17
31 -5
33 16
-31 -30
9 38
-22 -31
5 -2
15 -15
21 43
37 43
-45 24
-7 -3
-27 -24
11 -14
15 23
-41 -31
33 28
-37 38
-45 8
-49 13
-36 -22
25 -9
13 21
26 2
8 32
38 38
28 50
-26 47
14 -6
6 -19
39 21
50 28
-49 -33
-6 -28
-27 -39
30 42
25 42
39 2
44 -9
-5 -23
-31 8
6 -12
-12 -18
10 -9
-13 46
-12 25
30 -39
-16 42
3 -20
24 -1
5 44
41 -5
0 20
-15 21
10 -47
13 -26
19 -28
-26 0
-46 7
35 -2
23 19
35 42
-25 19
21 -5
5 25
46 44
-38 -29
18 49
-15 42
6 -33
-48 13
-31 -32
6 -47
27 37
43 -48
9 -16
11 -49
-43 -3
6 23
5 43
-49 -42
47 14
37 -30
26 40
-36 -9
-23 8
-14 -12
-42 28
-15 -48
42 18
18 -18
-50 -43
41 31
-39 26
21 40
-6 6
20 -48
36 -26
12 -13
-22 -32
6 30
4 8
-33 34
-36 -14
-19 -32
-9 -36
-25 39
33 -50
-5 -44
41 -42
-29 33
41 9
3 21
-38 -40
2 -18
13 -9
31 22
30 38
-23 -30
-39 -15
12 22
-21 9
-1 10
8 0
-33 15
45 26
-12 49
32 -6
1 -45
18 -7
-47 -44
-47 -37
-22 37
-35 3
32 -9
35 20
18 3
-8 46
-33 -20
5 29
-33 35
13 -43
17 0
-34 -18
-3 9
-32 0
-41 40
6 5
13 5
12 25
-9 -21
-27 40
-29 -38
-7 -5
46 5
22 -31
-38 34
34 -11
37 50
-28 -35
-12 24
3 -43
19 2
0 -24
37 -39
-40 -2
-4 -28
10 28
35 6
-18 40
46 30
-14 11
10 39
-40 -43
-43 -23
24 -36
0 3
13 20
1 37
-31 33
-34 -28
-37 -9
-14 28
23 -11
37 -4
-25 -47
-19 -22
41 26
42 -6
-17 44
-50 -46
36 6
-29 9
-9 31
32 40
-2 17
8 -5
-8 49
2 -32
21 -1
-36 38
14 39
-7 -24
28 9
45 -9
16 32
15 -30
-44 -22
-37 -41
48 48
26 4
1 -7
32 4
48 -12
21 -45
23 9
-24 -3
23 -13
40 -46
-42 16
-22 0
