1000 86
128 -267
-86 167
-305 -153
-293 -77
202 268
314 -131
-238 -145
56 -38
-141 -307
-193 21
84 164
61 355
-207 -39
-213 -384
82 -79
287 151
262 188
139 -258
350 -318
-74 -386
-216 -381
-20 -386
-235 265
198 -264
291 333
-338 357
173 202
30 -286
-361 -300
112 282
-200 102
93 -393
231 -118
-193 188
-185 352
-200 -240
209 -219
-264 156
139 -336
366 -353
70 42
-335 145
292 8
-248 -150
358 136
253 3
240 317
393 -268
288 -356
-393 0
302 15
104 171
-358 56
-374 328
-156 235
-256 188
306 239
-77 -188
62 56
255 -264
382 306
57 -75
74 177
206 182
-189 198
65 291
121 306
-71 348
-128 272
274 22
54 45
351 -292
-271 155
-75 249
156 197
133 324
20 -270
-137 398
-166 -141
-391 99
150 208
358 -10
-52 223
-220 -334
167 -372
146 -248
-24 -55
234 -35
326 373
204 311
115 -249
-389 247
-26 234
89 36
-175 -198
-206 268
199 -397
380 6
-349 -126
307 -270
-207 120
370 -343
-77 -262
-239 -180
-249 176
265 -345
208 -238
-23 -9
-26 166
146 382
154 199
278 -290
-298 -182
256 77
-136 187
-148 396
-283 114
390 -68
-394 -69
-20 59
-276 111
77 355
101 343
-267 223
-41 119
-376 -179
-148 -145
-206 41
302 -304
168 122
189 -377
212 62
122 -217
182 -181
186 115
23 176
359 -58
-84 -255
264 128
-111 23
241 18
352 319
-171 286
299 180
99 132
-222 158
-298 304
-275 -224
81 -343
272 -379
-209 215
-234 -207
-304 116
-243 390
-313 -371
64 214
217 -380
-53 -3
-45 171
-355 -376
276 310
-79 175
328 38
-85 -372
18 -188
13 130
106 348
59 -49
288 293
-322 -139
-284 374
-109 -253
-193 384
150 -330
-161 -76
-198 -196
345 -87
199 -372
181 199
-259 111
-157 -182
-143 303
16 341
-40 163
367 -332
-382 -289
276 338
213 327
303 283
-278 252
-279 -81
-323 -221
307 93
297 -315
-15 -311
98 394
104 -243
16 306
344 389
-305 100
218 153
-205 -198
199 -43
17 12
-302 -187
215 -242
-184 -374
-231 109
-174 229
-397 -192
96 303
-285 211
-208 132
141 291
379 -380
-13 -174
-113 -273
269 -286
-210 -121
-324 -288
400 331
380 68
-202 395
351 142
252 -373
-145 -27
-236 226
345 236
-28 -293
-268 -381
-345 323
98 124
321 84
-173 -379
368 340
292 -46
-79 -110
-341 293
-137 316
38 -25
58 -35
-292 -13
-252 34
376 -280
188 -347
-113 -108
-261 -30
126 31
-347 220
-211 341
-201 -50
-331 259
167 168
-230 -141
-161 -150
-212 -98
14 59
115 11
399 -380
-130 2
275 162
-41 138
303 -369
-223 261
-187 -287
248 -387
-121 -165
9 269
-385 290
386 37
-177 -11
-18 142
-281 -141
399 48
-299 227
293 355
-78 -105
-190 321
-378 167
-374 283
-18 204
-31 -183
-187 25
-52 -206
-103 -264
-316 -349
-236 -227
120 198
140 -345
124 228
87 24
341 94
-255 -66
-99 -201
214 29
352 145
89 136
364 155
368 100
-383 340
387 -72
255 198
56 -190
-136 -210
390 -375
-165 -21
22 252
19 -181
90 40
-212 268
383 190
223 368
-218 -121
218 -18
-167 96
-155 363
63 298
-88 148
239 -84
199 -202
-276 -286
-318 -87
107 141
-362 -324
-118 326
-171 216
-26 -20
-153 1
171 -17
298 338
210 226
147 -227
-189 -330
243 133
38 67
228 282
314 -99
-79 -387
-55 325
197 15
-349 243
120 30
-190 215
350 -180
329 127
-235 -43
-224 47
-348 123
98 -226
228 117
155 362
69 45
102 81
-81 -330
298 167
-208 158
-357 66
263 -303
164 244
-327 -234
266 173
153 -389
-174 395
-202 339
101 -146
-314 93
-9 215
-268 -225
-159 -246
-89 399
-351 137
143 -156
270 -372
-36 -296
-342 -12
236 102
124 -17
-82 191
276 385
16 381
356 -307
-249 -80
249 -84
-349 394
318 -25
38 -226
116 -82
-92 366
-78 253
-108 -118
-181 -343
-371 40
-223 -157
-142 49
-49 -155
-362 373
-216 202
-318 32
320 175
-291 190
-245 384
-18 -265
212 49
-6 258
167 62
-319 -396
-180 102
-78 384
273 -189
283 141
178 -228
157 -77
340 -341
-400 13
221 400
294 -249
244 385
-243 -24
398 -202
-135 -383
256 171
-44 342
-156 -102
130 2
12 89
-270 76
74 -194
279 -131
368 201
-345 378
363 295
81 292
30 -140
-264 332
-283 25
369 -299
-156 -149
-362 197
-331 -75
159 -338
-145 -306
301 -67
138 -99
78 376
-206 219
-202 -213
-351 92
-141 288
-61 -146
-123 -319
-82 174
-289 227
-232 330
-89 134
-51 -214
136 80
-298 56
-119 400
197 44
-156 -59
-60 -179
331 -281
-67 367
282 -110
-56 -151
250 270
-128 118
-311 257
204 243
165 -205
174 -227
286 -17
102 121
326 -325
-284 336
-119 202
-224 287
-193 -362
-233 -212
388 214
-253 121
200 223
155 254
20 345
-134 -367
-381 -237
39 -8
-143 -335
-107 212
-50 -364
-311 165
154 -106
197 -235
390 -164
199 -292
34 172
-257 7
-218 355
-339 -260
159 257
-220 -85
-210 134
325 -225
240 261
-147 -317
-182 -103
-284 -76
389 -226
138 -40
27 -106
-238 -328
120 239
-169 -234
-25 -330
-108 241
-117 -289
-55 -80
-143 102
-4 69
166 -316
-267 268
-279 310
201 67
-33 -121
345 109
-162 -117
46 300
-2 226
-360 223
-212 322
137 12
-90 -227
168 -86
-189 367
163 -236
-375 -217
323 -152
356 -211
-49 -400
355 -170
259 62
63 144
-319 128
204 53
288 -69
283 106
122 117
399 -384
-93 301
-189 -8
169 302
-277 251
51 -99
-41 -158
37 338
-159 342
140 344
-306 -364
359 380
-62 333
139 322
-230 -129
-347 184
-237 358
-301 -245
-253 243
42 -133
69 -17
321 -244
-189 -256
-177 40
61 -11
-110 129
-242 109
-270 -369
-363 165
-280 28
-169 385
-293 206
-374 -52
229 -97
-44 -189
-14 359
277 -164
-286 210
-236 73
-119 -55
-163 -21
162 -296
-355 -40
142 277
392 68
63 -241
-280 -93
351 51
229 -55
1 167
209 -166
138 366
-237 142
-163 -250
-243 -110
-380 203
162 256
211 -305
206 266
-190 -54
388 314
-9 -220
286 -237
-7 352
-191 206
-33 280
-340 -172
-391 274
-293 -250
-18 -184
-130 246
172 221
-79 -268
192 -67
-32 -46
364 -356
-355 -17
155 365
285 207
253 -174
167 397
-22 133
16 -89
-130 85
-387 -194
-367 159
93 99
315 399
130 276
63 250
-299 161
388 -275
-289 62
-381 -194
-124 164
-77 276
105 190
-110 -360
396 -286
9 -339
287 13
271 -91
-336 94
-201 183
394 264
355 188
-330 213
-113 -197
303 386
-264 294
73 -68
305 261
232 -259
111 305
-25 179
-358 -353
119 385
-265 -283
-135 -138
-32 363
159 71
-13 -342
326 -125
-323 319
-55 204
6 -166
378 -40
226 -108
297 126
105 -40
175 114
-234 261
-310 113
-270 -366
306 -223
-259 -362
84 34
-264 -259
-176 -170
-181 -215
-335 -60
-296 395
130 -265
192 -332
-34 -6
-165 385
-229 -3
394 -233
-61 342
34 -220
40 243
-203 155
58 -38
178 -320
-381 -103
6 365
-292 -184
-237 285
135 393
189 304
12 150
74 -40
-61 -51
-76 25
142 -337
260 -6
-322 -264
186 -67
58 -388
-130 -249
-223 275
285 -314
-391 -334
43 356
342 -302
345 -228
273 -207
33 -374
-330 -290
262 152
111 125
315 -275
-317 -41
1 61
200 -125
76 -329
-260 21
258 -54
340 -324
-81 337
117 324
-393 -360
-327 237
5 286
-47 -83
203 87
-333 -230
285 -387
39 2
70 -168
164 140
158 -168
390 264
242 89
69 293
86 -185
-364 335
-346 -90
330 -124
45 -291
290 -267
52 -168
-139 -356
-326 339
-244 -388
272 -31
347 -131
311 -166
-63 -86
-181 355
283 235
-29 207
389 332
-111 388
-107 278
-192 -50
223 35
-36 175
354 377
-210 -371
102 -261
151 193
368 267
-31 112
-35 117
142 -142
-248 180
114 201
-147 -46
149 116
-211 -388
129 -41
-362 -253
-36 -114
114 342
269 121
266 -240
-264 309
-382 82
-314 158
-161 236
43 37
-81 -253
143 16
-231 -47
-387 265
-186 -229
271 -69
-384 -322
361 81
136 0
291 175
-114 -295
-286 116
-114 -223
-182 -230
63 143
138 189
-46 -117
243 341
116 -271
215 4
-224 134
-247 -202
26 248
-307 -82
-75 140
87 -85
-117 -12
-208 114
-94 -374
-66 -368
-88 -218
-92 -369
-329 396
-118 92
-371 94
265 97
-261 11
-140 -307
-212 -242
57 238
79 16
339 202
332 -287
190 -6
-338 161
44 127
-191 -367
-131 84
-206 -105
-125 391
-75 400
163 -240
-74 296
-353 51
292 -22
-130 -129
-288 329
280 143
-252 -320
-234 -90
345 178
-150 -366
264 -392
0 275
-195 234
165 223
226 -270
-373 -114
297 129
130 -151
336 -49
156 330
313 -67
377 326
-188 -31
-395 -153
144 -232
269 115
-197 264
340 -58
300 172
381 238
-202 224
-393 -98
192 380
242 253
-199 -335
112 -7
19 -41
200 -307
21 -389
-371 16
314 185
-235 73
-136 -140
-131 -27
26 264
8 151
-107 -300
-325 -326
-379 225
256 -111
118 -307
-279 195
-114 -359
263 388
245 276
31 -159
-293 118
161 -296
-310 -156
-348 334
331 312
-79 393
-144 126
-31 -15
-180 51
-88 -41
150 -84
-282 -258
44 -132
-348 -391
-337 293
95 -291
153 275
101 306
-312 59
60 -261
67 -16
224 22
-98 -265
242 -380
269 211
-386 -190
220 214
117 4
-320 -76
-150 -17
-217 -357
20 -228
381 -27
-203 -36
194 314
-334 65
-230 -175
-313 323
-2 -299
-191 -320
382 167
-321 15
-133 116
-124 -40
92 114
-270 -204
-289 -219
88 -336
38 -60
-121 -150
400 123
-149 -234
36 199
127 138
-164 362
-273 360
363 314
-202 -247
213 -124
205 370
208 232
-134 150
-278 -242
303 20
161 -50
-188 -109
76 -140
-272 32
-334 262
277 250
150 82
307 216
-346 195
176 127
101 395
-333 -159
281 44
312 -37
-246 -60
-116 -48
-64 256
-345 265
187 67
-187 32
272 -114
-82 283
-181 81
342 -395
-97 66
88 385
-344 383
355 93
208 -186
