4080
-174249181 -952992820
97888764 81609614
78926937 699919968
555989296 13521502
858334050 235782157
622202794 855901772
-985136025 -788249068
975080882 382431422
623683576 734265812
906905590 3432065
-786394756 -775080070
495408919 542890963
-714236588 -335572439
-32291417 -219504134
415752844 215891177
584588193 939754586
-882038030 -534003964
437210965 583879496
-124477431 -873107238
-874433561 -425240425
683120263 546166798
-289436858 -607919849
7224262 550871609
-823519003 -726525862
-945718152 -419944348
373871299 255944471
-714421920 -27472039
357839032 278273406
-48849058 -268382735
711207127 155484711
-198132925 -224338630
-27664392 -610760424
-504189073 -759633900
301014643 581284689
842642986 137500322
638458722 274653754
403538195 555785029
-733120362 -438677288
480591405 737440640
921378717 934186659
-791575932 -463914191
-386922735 -124546636
-909538874 -175685240
984532020 268013342
-977424281 -541382956
16477745 7515262
413914738 595968429
653901493 239529804
49714834 918642498
-395146547 -823434222
-994669729 -521447403
966013578 829561551
-101815447 -304120173
293163246 853812744
506051903 760193676
773491330 190624691
-751203995 -719116203
-275962390 -803891090
597150367 188218092
-837819475 -236801067
-770369859 -640729840
-835096579 -149784971
783080512 822308895
-372092854 -554128618
-799757364 -659053994
890002106 486000071
642176513 302736444
626559950 769371506
-830576491 -352048184
934216437 51886104
-255552048 -702048863
-957371408 -787726758
-252001916 -514712001
-270494574 -476837739
528380185 658837751
-780816076 -503883730
467748430 8018109
691898992 241874469
686640832 864309735
-100038790 -163184784
552419456 57731927
-407717927 -158931466
915948041 637842375
423844311 777948724
406983356 682391456
665732886 62365270
637948567 7418459
743299813 533178388
-409874918 -917142708
-918735123 -741273121
-590673083 -199843069
-276451175 -921883169
-283464714 -293144191
-295554549 -839896536
700289331 240518547
-204848393 -923979529
-488503074 -995239390
-15083497 -400437848
211776535 430165560
9271746 371115513
71111663 994998862
-333921596 -401528436
-169440326 -259019988
199530663 304366449
-840318754 -526861447
-977309410 -356957156
827826825 179314275
-352290463 -117036691
-271481554 -558485367
-60358520 -504565977
-695415192 -251926087
114495201 133979058
-85061338 -819611198
921677921 532044821
-168836850 -398441459
-897412658 -125422846
604272522 214213122
751867117 98053652
-272872736 -432931578
-303810713 -462516604
420256014 170550325
-438880809 -82869555
867806652 634775515
-581900966 -862455740
-584391091 -39397805
-862805366 -447316023
-471941790 -106462712
-665718235 -122771170
-13149662 -580747302
125340613 747281065
791738900 200602897
-845808264 -303683033
245633871 361167926
710292558 898778233
165037664 695316803
-433705465 -766484559
718290152 852882203
232198540 3230387
261722460 414121062
720425085 595997146
-159745946 -744578460
-362103909 -521012352
-399512909 -871677983
-202002863 -867515745
648540362 664696624
-277876117 -204917098
-30417915 -123809070
517498806 932983499
-27008823 -830337101
-987201098 -129433880
31392613 517921072
-372486845 -15931973
-702260997 -947558823
-449754679 -265330348
-292455256 -911912841
-64627342 -447286811
-852494554 -52687275
-794138424 -606676641
-131725254 -79394345
-273524546 -640281595
568475554 212855220
446297627 409009191
-198090391 -491070087
-393480306 -126790761
-55026537 -115670438
679049972 19896816
992572314 926160241
166510027 879777059
202437856 82321291
45411235 837166672
-226829577 -508818828
-465681029 -569057589
-839499948 -546920048
413329024 658055148
148888742 621830743
-320967084 -545544323
618511706 890717597
-937233644 -763890532
-764064147 -686821424
668661143 23279537
274880954 746116677
-622161122 -478281903
-50599497 -87525962
561261201 844197110
-263419219 -603714843
-339311466 -551636666
-223969230 -193273913
-902753430 -727382491
-133536067 -641098153
-73944922 -241572966
751844644 892037627
25014523 539882284
-266951426 -966885913
-795798276 -577624273
-902714104 -968756485
728737395 274727107
-660594818 -79412419
722934110 989804096
-990874623 -761276191
178194427 717223938
233134123 431447532
-609384433 -292307272
-974822721 -996608907
61415730 75332622
549719434 692231944
-113268403 -770750999
-870544436 -398768919
-492256089 -106105725
978410319 639991897
-787021093 -171722568
582511226 472244965
371000781 848947010
-980972707 -190545895
-243249438 -95645529
-44794472 -440543499
622255688 370478242
454678384 958021772
-639657437 -306476756
63193101 917972268
430878249 404092765
-672948189 -733896376
-239224530 -456516308
265411943 990372272
-526694410 -991799746
-766149088 -199668648
-616368609 -918006851
318893006 663174822
194425386 811146101
-256532437 -48440656
-773709225 -278928852
-436507633 -270614526
313581054 852311953
144714321 429726436
-30343892 -832127962
517451338 155874079
-730281991 -974057320
110624154 990743024
817297793 320653212
-358394076 -510381121
43042400 949433162
616576462 602526113
582210735 878703615
235541319 679908530
-726700806 -103960743
715517143 471903999
-278769899 -281026894
-380521582 -126647460
-178277499 -683362693
-728268074 -578714297
-145954222 -476250746
167606998 73508769
770101716 676367232
362499926 794399912
977743980 414394387
65479439 283172494
102207759 967194798
-852769351 -296234347
-396171835 -212141442
160156479 378867255
-68064925 -557936040
928365427 459762258
-226558315 -862060003
253554825 254057774
173863204 404171468
-330207983 -83064825
781369159 345177435
-37710995 -999544388
-736870591 -500934914
-19894353 -568612247
-166783514 -68689704
656087853 634795489
-83117632 -701654470
4611956 968047414
-699109876 -653286925
-62614800 -979419681
680463815 330870078
-312204905 -926646694
-616838403 -548529378
26551670 809703403
906956848 386575875
-968674506 -497859534
-107583959 -790707711
-814257809 -87813580
-969314855 -397448388
-96167851 -988762896
914261770 416167608
903476733 807305064
-771339507 -880938583
-550638763 -848051754
-51335899 -15188299
-234040447 -398015711
-233115890 -335647166
-952284627 -528653061
-105664957 -979745779
344487725 45173932
767140993 989319699
995181575 178251177
791817263 488242800
826286377 680106168
268674902 403410592
-478327812 -892421948
-878314819 -231955348
339878120 788065171
-54136174 -207558541
128513006 105243251
-203137516 -526866250
-753099024 -93507715
-206354376 -128312728
768860772 193219160
408754369 772161657
745897485 473888462
793618797 280683388
-261537886 -690157369
-605131924 -128573729
651900684 35083339
-739717169 -794009671
636255014 312170296
-885698207 -49225737
153223229 331702471
109964547 700338440
243702964 346863323
-661219447 -748949777
-247202214 -721739850
449251064 94540986
-363247366 -484289441
-661914246 -473895871
911218300 86375916
944789435 250517908
-777587850 -511085106
-906145351 -691449768
-61663484 -242360448
-523810633 -564209783
663371734 642942265
-516004548 -972682406
182730234 321637808
220465916 308652632
867864502 300162980
-531741292 -794316258
-114909680 -268250483
-859723479 -800933292
-523516133 -855837854
-72720145 -339779846
932954685 226705317
321146 610667550
-799549820 -216717
-563009829 -557965710
8455003 934118176
-519255962 -728428316
909875662 580041076
-300537610 -109049963
958707256 60220020
-882569317 -948524127
239399197 309346842
-687645375 -614371666
-818853225 -658062494
811837208 902600281
969506257 443070882
-162344519 -568997053
64925885 209063103
-260349416 -769531219
-548379252 -419430960
-901570244 -139931613
-491867798 -956077610
-12271295 -54137067
-490086015 -760869434
-404841087 -174012458
921180238 212823129
554952475 525336615
-541756491 -920893150
320423925 339422112
426855424 344260226
-432022975 -860011723
-716426028 -804390141
-340032735 -688291336
628729640 960742670
678255878 460217921
-5633124 -562542169
997242001 61695141
-463288883 -710775051
832255231 216143689
591314525 405851581
537551900 832077978
-822762670 -54464551
-738821830 -986402064
-873165184 -178364847
662571811 75855186
-874905479 -763932674
809326513 789987582
-698646346 -245090379
-788671677 -129491736
345782901 884882485
678925989 294760773
-180131998 -547585273
345660927 832578578
192484935 626318475
-855758387 -122236514
653713872 901113666
659192719 721680050
-954732615 -420456596
-753199929 -487056363
646918973 521449997
602017467 140650753
608937545 33692150
-258298831 -819999763
-985972387 -545795396
718092397 429852946
163719116 550316840
-18714265 -526262348
156359110 265712466
898210742 361972743
169474030 866499669
-859850560 -669625294
-445916955 -143890521
-243844283 -520168018
-738774926 -370986876
489895475 326110054
-741997012 -490733840
398439871 688906924
77153537 125834752
-534278900 -755166910
-512562478 -108157253
-428752448 -765158014
-689798872 -125843709
-906683536 -369901096
-27185752 -705279709
-600835000 -853969467
218829913 201458424
638014328 349024326
-854707988 -951009101
160610242 718945876
-17858539 -761607829
-243804289 -253573855
-820638870 -92297463
950490591 784374649
-8263176 -439934296
913471382 904743132
468010532 958488048
723733256 713525743
-770848243 -739365513
-699643114 -427962065
-362484112 -962325511
861232611 752569512
719362408 494762060
18192457 896507045
928952438 729898434
-503245505 -49914314
93769527 929982376
-83187880 -603149873
512681726 817437707
126899004 362792153
-960017558 -910645851
-144758088 -596829515
-383789320 -46644646
-744892369 -524776442
70676408 903579327
-585200856 -370472329
618849763 622228870
505623416 79003878
560774807 749382355
-809009486 -940598618
5625440 861871950
884335029 551310763
-913527156 -128028428
-270674610 -543622078
344965898 748003858
-108389965 -576019968
-106453616 -378807558
583466784 595957117
436102309 366334540
318913439 224140562
162086093 687864748
-79917565 -164748698
552764057 761706933
962130578 857004313
274271099 69558881
954705109 179607308
-992523903 -885267110
-921421758 -571085189
-24116368 -661662731
-489694891 -258913713
109979784 581720784
-102276425 -315533635
333945216 233837452
967764463 398542554
-412213052 -254053072
-753649493 -143319443
286510505 125883108
-465730610 -663682701
639093211 212788274
-999457675 -366378791
-270519161 -145515819
668599354 829366740
948184406 284115498
950053179 677352068
-157221688 -933192106
648103934 978044357
-774696632 -351597861
262502950 542142113
-946816680 -844851129
700096565 967373943
841271034 511512257
744153674 234987229
197243220 73395169
374631278 315439861
-697174215 -13618334
-966293455 -922822560
945732026 142804833
828683321 569040015
-693558685 -305262693
122015642 660477600
-412194955 -360364919
637326676 333984988
431287613 545863841
533778097 86039243
750472878 191128357
-861168146 -682924683
-163683232 -171345425
24524479 673547951
422783133 153730757
-739653675 -921632553
-694703405 -888451658
-395392165 -111865190
828356326 685001385
-980782604 -17760661
805172320 170724311
-858938034 -776096687
-587259302 -67805213
-310988634 -240312441
-826023032 -209517321
-902869599 -524557009
-925990620 -257743690
-78487245 -699749273
620662090 97509921
-80282499 -954143238
-598833053 -290244472
836507774 284550926
-668744220 -122617943
-266097047 -639655514
657422241 517673654
37525899 523740739
236449092 482088769
259386684 658032160
737033163 604815676
659963936 79790075
-438425289 -481589891
-602491937 -962445222
772694990 183054217
159017522 707736591
391388098 389397862
-998708635 -321683826
-454862419 -595611461
986907852 803037549
-328364467 -633702468
942719700 740411405
-557803922 -246359591
904396009 458700062
-170550321 -207458106
-521599589 -353007238
-871060606 -179750533
449403107 417393052
342077203 19889651
-256322500 -47567803
-590887549 -866474428
-476022843 -983382951
575780812 637724941
-449068855 -285181368
473170927 468960131
-222010459 -768440869
361853517 24711495
-430597688 -633825853
-777477527 -437033502
-303546818 -168661636
-982047285 -336724400
-591770317 -704209391
-157610822 -919373827
-263123706 -837257290
496965063 218685671
-391134594 -353857295
-351766241 -902952259
677259400 991328188
-217622571 -677782439
-893905335 -270144045
-204674061 -852472039
-419796083 -104433231
468026363 968155936
17363840 142672450
693696774 565275246
-499243398 -523012846
740117911 703813841
-616207914 -546271815
634649329 854571065
344311293 240846679
-457638619 -115790150
11076022 824609452
976425619 898691702
660791425 291595496
-722720102 -497121907
-783403960 -653693759
-888509969 -187444963
-329531564 -739403211
-197621051 -668053390
-292814961 -695072031
-533944618 -264620293
-211470992 -928797313
447070924 548723132
-748744510 -104041740
-45939871 -367611487
-650329522 -136004361
17268662 459834743
-810486627 -169727894
999109073 243185385
-76445364 -506389023
659243169 797489594
972364375 355185381
555787917 412841140
675486336 901525981
-113629997 -361637973
706461542 315169090
382824701 257089593
-485820138 -547917943
838379826 23586561
-274534650 -133891749
847965807 873882845
-413042653 -493466538
-964737383 -779833264
-183459043 -237532696
638464840 194435327
694711148 267001367
716444361 477346306
585352112 130013116
-96061795 -709214758
-669094417 -976061754
36362868 643667087
136952500 690857848
-66454829 -173776336
984350088 317956231
-962300301 -562214237
550843613 945414256
873570243 963194302
-334416024 -333952683
-561019594 -255455332
769122866 739736709
77241038 512251734
-659006264 -201519482
-295868844 -631284712
550556543 618868800
362298785 969693974
415319166 868566809
-268137509 -531379530
-819527586 -581099804
-186211965 -199731665
-565483144 -790690902
-936236825 -835809008
233293444 218874813
-886818666 -610905327
465408431 685675680
207750995 404754964
-808326840 -364510389
-174706003 -591553851
-575476370 -610428309
-301393757 -705682385
-534198168 -122504940
673595084 149320563
-313030955 -652584223
998575198 860690955
-224369453 -577640256
675995083 581745260
-639715276 -506182650
-661019728 -248049779
-737415113 -386831169
829532684 317135618
-916534425 -244699741
-246313143 -691138804
523501109 864791838
-457983872 -373872062
-893302718 -873116302
806678997 469021720
-203913288 -918107909
600913777 33309188
-12832862 -752766292
-857617378 -44866946
461059792 508077821
229941213 756567722
-658139905 -604611402
-982889314 -916135339
731454732 569828952
880373601 816986560
735092506 74252357
565989516 730925506
-782660742 -865451203
258222227 300936938
-668630966 -943679624
-882388261 -640186868
703282368 663096749
-799490762 -730971831
690140128 621072193
951113458 397177865
-534921290 -943032680
-261506879 -376256379
-68617475 -513991391
90218747 903539211
-233987124 -992068823
415260691 618736846
-889892791 -847048460
-733552771 -798461939
-925335717 -256935803
-943486607 -573649505
-679397890 -643568941
-255831241 -9301686
982911411 649593749
54921083 367967443
-561722544 -534529213
907367406 451026328
247427330 728009513
366246765 115709103
498364216 706042018
636502337 367968314
723972324 224344571
476260901 381928780
264698575 429564818
453089689 606601107
-540480878 -113726420
428917823 510626248
550549893 442314489
-593770758 -901424883
123398516 59752545
679144249 681336740
-809089310 -107347191
-301836427 -949393366
592114138 189166659
20491954 458515138
106337784 383924924
514552567 28347583
381145340 600128692
-117675621 -629064101
-120769237 -976515083
532304758 235230406
-648615097 -285629748
-458772731 -84223096
-914804058 -341427262
476477473 649796721
-272439009 -234289182
837604469 316951624
-586895272 -777086209
-468153557 -655422350
-222495543 -900925326
758276525 554381580
-384009216 -684362094
118680092 961899023
938917690 891650889
539600283 833089048
697128183 530703582
615216113 746048366
735209828 930949048
286621364 667849732
-267631087 -858952484
-650294528 -216791423
132402338 590940205
715368607 237434523
253623118 73771989
-183582854 -424136646
-317475110 -468978178
-836381351 -2293219
523342253 72841166
-739930634 -17526973
-91806550 -711524184
908643494 567110527
747292862 705912542
-307733642 -608331609
755096221 411946983
-856977089 -491563675
924712890 723322843
-943742719 -536686790
524504520 734660721
-653319547 -375494300
973513804 836734155
376395391 752857506
107304132 555460734
214664062 722385641
647787902 747229788
-833285158 -706243433
508455277 447751879
459307578 810674237
950645655 610855572
37902681 795219298
557509283 670118165
369753898 988957728
832259537 126591494
-745763186 -33869442
-148277455 -625550789
648413715 312321471
248535756 855940363
666756473 685161195
830150887 638934258
372239928 603828867
-730694056 -648483074
511294797 26460737
-752001195 -170233158
-280052224 -733092004
-593227615 -366638556
681907189 662716406
-582929438 -320182388
-283245101 -481345785
-525020647 -528075510
-539943813 -368497673
-468325455 -755978517
-513677632 -173055178
-847868212 -953892316
780307504 717076728
-426441490 -716649018
673218580 556659970
-336596721 -193455483
-328671388 -486777944
429748403 116940926
-311578595 -33095426
622471466 997438207
-350666168 -306407065
993292912 467112158
250366540 260427741
46379020 385673585
108610110 301086420
662216019 171687665
709872178 422083607
-817290392 -27030161
-650379858 -336751354
178207821 419255855
-891185288 -784140752
-616272164 -352537120
996144580 869929248
-332063403 -686614464
747597259 565835188
242083327 704196116
190517892 436638503
437949215 211143145
69359663 417749141
998042270 501628727
71190090 740596076
-797139244 -905583128
886994040 726406735
910067155 922142613
-6639651 -491575170
-872436599 -104744681
-912760361 -329703020
-287070364 -56958079
-889769775 -371617201
-352319794 -526171087
-969630030 -186765532
225253476 180269133
346234563 795914257
-630946658 -282289768
579457505 970192750
496522645 486207966
504457451 885903976
-434637154 -205018374
463040371 49790995
-994738729 -204487984
-25546392 -533435146
999940292 376226817
369476321 249175964
24743397 894542425
-402742302 -594767234
-27573771 -666515053
210493404 963172553
772128844 736056657
74668160 599289568
-9817612 -982841779
937820510 818718243
94931203 494062484
377873040 524356871
-625687414 -466282911
723915340 559884912
355626763 543978817
-397164128 -766682891
470714669 179319659
-381612452 -674110878
604037527 827415387
-821071491 -692242771
66637727 762188367
-337489881 -178812632
823855490 51411935
-857603496 -551774755
678920290 346245667
-201081442 -130061329
546960308 488602432
-552959306 -900226844
-518536399 -305796410
-482396444 -371276419
858275064 984434142
-628941924 -135677575
201571024 249532553
295639492 640112284
670819959 481562570
258325797 537993087
-436342872 -714102020
434018106 810996838
-265500505 -240281136
-28544209 -894613568
680944799 888136999
-907253797 -480090214
503826785 441603055
-973352709 -723150634
203578195 188902486
179486579 647109717
-702541643 -965112854
990441054 203567836
-145454170 -955842553
-548877938 -873620689
830073113 409017271
241895323 801850620
-320479477 -83941084
266353352 864434549
876674304 578698228
-686520884 -759307305
-309991395 -722956181
8495959 469090942
220184061 281427324
463501792 968748664
382845404 174996932
-848679181 -502742014
-947439708 -730424633
-715551150 -441715772
-621800348 -553497633
-367114857 -554017245
259695411 919244618
391762074 711130147
-433963402 -369901866
884214042 138453446
627289117 807521049
-112225147 -774483884
465852302 448987409
177518429 722679458
560855483 936823441
-719083200 -678481159
993112194 440468839
789888686 777479300
-971017107 -920410851
-884988042 -973166335
-327673146 -958481405
-810040618 -910202635
970032167 19944258
-81876382 -670980642
844579686 780548697
-149604183 -864316756
-527339198 -290991047
832706487 681709726
-403161234 -325904008
-525242920 -574984936
-263130472 -965337443
494705884 285446436
-885268234 -989851078
733706674 476077420
-260837401 -397855973
-145610748 -227245894
-414075413 -797348636
698232264 49274280
565184115 411777595
987513904 404815620
828018027 499058672
36172140 192414535
-746608042 -789231869
-16626398 -374625576
-560349897 -760833822
-931115650 -520908604
-574409179 -782938043
-215525760 -405325561
-663460676 -838097013
-723931289 -195069480
-685986304 -581512543
908162580 411481643
313202125 669584292
-347640287 -932240910
-834925156 -40794625
874709861 581337021
742222275 534799202
-997415890 -916926529
590659015 965234339
-747307996 -89101414
-495196259 -931957224
-641428936 -804056282
337037963 309757161
-467593807 -57853931
481421775 492115607
-658607738 -340687904
522207754 293901414
333624400 751616073
-963168745 -423697243
-544129759 -987654471
-770015615 -100483904
-846333848 -497516438
24166519 944874905
845075241 934870376
-487514904 -103945361
-611141279 -567373019
-868645421 -909422727
650019123 618739694
456561696 195714462
-396952398 -313332631
-239437639 -558269788
32002514 929156138
483826095 96961072
634518433 986123970
-428904481 -721944335
147222004 368173352
906335186 580896275
-862116430 -313873309
-593185915 -710314847
-804375614 -582830242
988858547 222348720
609694483 436407037
-770212538 -153226092
-28923603 -13315259
603740005 740038410
982825840 69374598
367613859 34910888
372633928 170685943
-686814793 -915035909
-302271033 -833121065
-993223974 -819671472
-858853481 -679980559
273990733 443600365
512597038 413583208
909110511 578265513
-997653257 -114218100
-825985887 -172801105
-707386898 -547487786
255882819 861622362
602686164 579094740
-115488849 -688575534
587497574 714294022
-231255768 -653400659
424315060 629193582
-33685217 -793549465
71303990 611779732
916054403 354385357
-113840525 -532707136
-295282606 -495771086
643722628 641929313
198077345 244401502
-213048344 -55409031
173931580 790199505
548691623 602994131
365060955 52236456
-453028382 -877826501
945878162 199044198
-420479298 -273484487
-354672776 -501564250
-96120624 -770031763
-934333193 -192465165
-642379149 -702617103
718767256 509194186
-291893291 -701389872
-675284673 -549261989
824176148 401640918
-886721339 -620069876
580511679 96731232
79904291 452095992
8794355 383102110
-441445834 -729642755
120749032 220640844
-35191627 -422913718
-939888745 -624283058
-453848046 -841425900
-829499435 -913813826
759884470 762794178
921807473 865509489
105245089 582921080
637952118 882903127
676655304 331376840
482357177 5767480
33688844 150101998
755850619 565684893
-185704746 -227198553
114944503 380688153
262130257 507219826
-365582537 -292120197
-515500609 -510794300
-360730791 -955251303
95890445 600478537
1685559 489941031
370812727 348730367
-937470518 -145409800
-820229276 -930353400
419448388 597659718
372504340 328022807
-178788923 -793075809
-93805491 -544332856
134743561 856491933
893410476 359470132
-600198372 -147547872
-918092909 -253394456
962880656 572544236
-666458285 -513024342
606560291 486054437
907974514 251044209
-535145014 -248180851
489750579 284062377
-749462560 -495518389
256677030 317454076
428279351 991626880
775463229 807599580
-318661592 -24664453
793578336 292614962
-721177898 -878387727
-586876042 -820372201
-110828984 -534372624
-470640254 -595843876
-308682213 -198545297
-652968945 -653513723
586175338 940996614
-58038518 -941771279
696074078 3155150
388068330 508233790
430372829 135941573
-787652382 -238634878
442582150 42738937
-694496466 -213512635
-80766893 -569639862
-525450830 -452015158
-346206646 -738786687
43115996 638558085
387082237 274206181
328344612 385516022
-563248363 -777960516
-532060188 -109994626
468866493 836029224
693390212 211144549
364073274 190785402
-905190929 -108290666
-394228458 -118952643
584624970 335271207
954347770 92607725
790770355 782183657
-551939146 -22918565
50292969 810193422
-227930085 -796873154
146839000 574622439
509286683 471778480
819002251 131073211
106815312 136210412
994133712 119178473
668153006 838984143
113751967 146910541
333482301 786174074
987480819 121054645
-624392832 -836433210
389592779 655450274
-900697801 -691424610
-462481354 -966140064
-546509613 -502050017
530676612 189501017
-367170271 -208147141
-210813900 -706220567
-717149932 -812289373
-883793325 -550596618
362659454 850943226
-625028427 -285156891
355714263 818732976
-340391378 -344812900
996407665 893343377
195429814 725110056
-235535132 -928309122
-196446615 -52045607
-856791068 -748424209
931817359 629552390
70454615 545988447
864574137 582889707
-89622013 -171018171
288136859 970267638
-366015247 -697972982
-481841346 -77787900
876560886 768591653
-661545902 -455761763
-698648471 -304734703
-675307625 -337410768
-373162855 -344405800
956712506 87934659
50076554 846671274
-206144088 -613879334
356989900 726324734
568040048 980678518
-650291516 -15197158
944324383 209272230
-110780841 -752297634
-786664843 -179470115
734827004 598326816
12520977 612841797
401133743 358147370
-596615327 -233946598
969113529 583757704
-667198140 -354518246
-846606721 -356274512
-10418680 -446120328
-427162513 -791372037
-665064087 -321448928
-329724096 -87687275
35933454 789565279
-465994863 -413758725
184882518 262174523
386078334 671457261
-546800887 -181333859
231307711 510113898
-51283608 -516290972
952738351 225469669
-768317269 -611274402
-676932897 -718880098
-714987173 -729411117
-735407967 -911406103
585756551 658879646
394457823 969511022
844806976 483940112
274206271 644643155
515565933 818645643
-695076011 -319868881
-47018664 -953075322
-994830482 -217851181
575113255 68674922
-580772197 -717930760
6084476 795070069
-915179363 -376065961
286596886 244890757
666225982 107056236
609911067 65849985
886750000 88274834
-320687584 -171052559
742925620 858830536
-752384580 -433210001
497454038 297995995
-794854059 -620457379
472783203 198298424
37938506 913351214
182404467 664591347
148048642 892158838
-64419739 -95600015
-218819586 -227243820
-58488641 -649002691
338089926 394866321
-629050872 -850062372
-668529296 -256100483
562820614 714213406
-560095562 -162012261
520914792 466854340
750172050 829325094
29731825 932992292
-140476766 -334666943
580636214 386340307
-621687764 -186714308
-217532165 -636850506
-638501471 -473172251
-994232220 -339066088
-953434634 -994638874
465140280 591079070
503938582 587879517
-733723234 -502199892
254132554 274379232
466811157 723964850
-927240787 -116456417
299357227 784141699
-115637079 -47290457
464382945 969724685
998992570 656936546
94199321 911941973
-782821123 -643131531
259308026 486327755
95270068 513590677
536174013 876495085
134316371 803179518
-662725513 -78046928
-319188914 -178186425
-436159446 -509269469
-437228359 -351502672
249036266 916767667
383253160 494167443
418135289 429294201
-97630410 -717694466
589375095 124429254
-164599952 -285117734
947673921 150393039
491652298 515520379
815770241 175974427
-478223783 -912003463
-563710612 -197832095
53648688 17719545
112174790 69244573
-207928299 -770182229
-406855134 -573360137
-915132643 -585353284
878532181 544437732
86410902 66666644
614946963 197619751
309850979 899209968
58056913 608396439
217250738 149366199
224229574 17254784
923483903 197065804
-205272339 -326067920
-764260749 -66566185
67420848 792320300
-206392778 -504150267
-844363566 -118477633
168731238 627814856
344301445 645012226
-351500883 -316662731
-470348596 -282399524
677305275 536558510
93927536 611454541
-846535977 -434542915
-493597633 -832466060
-226023357 -805101247
-755944747 -818162511
263029850 448124222
402951809 829619960
471610618 149828226
819927482 38201957
-631119386 -806309188
-71259042 -678417045
-715398697 -669953710
-952121571 -362536927
-292900424 -320847245
757769421 789338031
-709740511 -762659399
818967257 855038890
454600825 619957923
715788580 666396012
-441827343 -746494475
-35588340 -818279750
699043208 945777945
-565130727 -331883264
653209753 553776732
524372165 674587603
-402093710 -957992365
-496110849 -862322232
-493493190 -420188323
528257364 757335615
-412677110 -19557821
-645383321 -980766827
-374433006 -716206394
49066729 578879616
290153406 691362031
-5486316 -190932455
-611859789 -896430194
-952454571 -449788596
-852129893 -918969665
-306783709 -821279910
189583742 130924218
-896405533 -956294686
202216548 631830061
-751640157 -260390669
-982427528 -456336988
599693005 359437346
170502161 290242299
163329285 816716539
-978012430 -341599201
-748447542 -8787472
582905049 597947926
729846056 629627057
-726137795 -294997498
-609503044 -107388933
867026814 720504198
44700992 755760425
931742375 907437170
665102760 1530105
526410153 821148853
875457626 662236599
-885406561 -321405672
-228461606 -469224793
-986720531 -966898567
-682042138 -723839881
333151957 654698012
-212870573 -319636420
-679353172 -522589487
371456996 933485488
121189703 912443309
-936304564 -748609132
586615475 873892919
-551062366 -180555563
-419855510 -245999621
-895432434 -123187121
731291891 597734689
705016481 192050117
-703575687 -94051277
466032781 365763364
-55869199 -650253558
967943226 829006298
-301344063 -345151870
-717052381 -709910085
185263972 409437772
137561014 179141401
931908770 724931299
396327236 963457433
-527621996 -828684705
-486076868 -74581998
-43542757 -672165050
946915675 678417552
310587296 833100759
749759675 929748102
886391668 900762360
-785329833 -16678244
-878949425 -246086251
494177611 884217692
-322412470 -254371436
304538153 866944131
980686223 846684110
992254416 298135433
446390668 102858966
803443111 868478270
715222074 469995093
-134431999 -990365630
-581792486 -563350235
574057515 936877806
526326549 558766427
595715187 330551938
-35537769 -422367902
917631340 489204401
-974775363 -699873467
-92324479 -511260252
907736688 149909408
-339584424 -556859941
-743962378 -427528921
618940814 41415914
-21808948 -90301900
439524593 407256612
241137718 522813125
720507378 586950853
-477095543 -65404204
-143614443 -801731474
998057835 65557335
656008546 5338057
816447738 99554463
205226859 818931420
-663459904 -896426164
-434412855 -716479824
-905039291 -414505380
311517100 902613142
-973317128 -926096095
-657471118 -374692025
-713348267 -989798640
24827125 697889704
767250659 164173976
522276666 961807968
-827959659 -578653625
-910654365 -810828822
136274550 619621352
611242290 197605887
177984064 688274302
689412272 647129535
-851164214 -424370468
-254666017 -860713510
764370965 255917879
328682337 916380607
-476296338 -563371284
924216364 714457548
-488134070 -521085675
769340165 83789759
-590375745 -488187206
-547706626 -292891674
-854204049 -611336881
547453465 882014743
282002911 815841051
510994313 964649536
-387431708 -160687606
-305241280 -962774658
974149914 929044787
-605194451 -770428059
504478371 933596016
454897451 591797122
-730442324 -850773853
786649594 734093687
634528998 643809057
619444526 188748093
-85884637 -395824455
247924687 112942949
376122900 597519983
-344200191 -901667658
753504690 864798548
497642015 680723192
460614464 162215827
-438611456 -571978221
134450451 170842119
-663035303 -97671841
510589556 565654441
76621861 164415021
-850647368 -498385770
-588601044 -594812797
-759632452 -109738915
88247272 844317819
-115888266 -453487145
776775466 687850494
-89894096 -768803039
-201679734 -225301345
-824692927 -691147339
869053103 63722549
-881436086 -205556814
-126973613 -120807826
839585285 416053069
699330033 861325947
7622986 337004084
-498030517 -68562624
189125000 915661723
-181952137 -262957291
-517024188 -879630541
307373579 328601026
645542411 686484537
-184096943 -527776933
-657990708 -367633987
610176013 675609851
24178558 738325622
-234100001 -145570657
-755192828 -880337235
-523051369 -880846039
249993021 236177208
222243020 278073836
311241075 100478055
-120217007 -700907454
623670871 375499315
-9193972 -81578674
-525190502 -172323183
-323800455 -719974658
269765811 726273481
-406728573 -352535279
390986273 213735994
-947916015 -155939096
-607218746 -856301680
-804214390 -921632483
-220506460 -362231415
542797610 569965670
892534193 421034137
-644446807 -85909108
918727363 669250168
-848650764 -656605012
-309002857 -625209084
622147425 496927161
-257440766 -189063633
-798901687 -156923039
180231143 95603696
-882287613 -175355703
-39872283 -168807949
-857992142 -186663320
217269156 316343715
821322493 367151649
70000106 958182148
44345182 819930043
-998311217 -170412893
-437538459 -828782711
619564102 230197413
486752545 955530825
154166111 582440283
-317993235 -415409569
-868094292 -860093631
-651245091 -680494234
509589414 260937737
-958720683 -897930111
259486765 584998586
811989911 11678784
-911194807 -651149442
-130454099 -567149170
155310418 753478118
-136717907 -720313239
-500827286 -104879454
600461407 891252875
660711949 153158126
-226175797 -981732344
694985620 50135131
189559927 153610820
-268156566 -19368320
-228822966 -271919956
529534844 591893804
154271298 874310992
-396801809 -732046946
-473460315 -895855889
522410341 852976286
673616928 708691915
-488068140 -489608281
-602153690 -241944602
-434325729 -496593343
195770781 67562834
665989953 565873374
494330559 226056878
-424404246 -417017167
200548500 10677250
271354218 904423716
-308432480 -877516423
937989246 189575005
-157215408 -322552936
-590307883 -659979768
-494021267 -685054182
-242662878 -298991915
570950736 49694612
198866432 92443652
641137400 70163993
574177717 912727569
-797430257 -763404642
821352537 229704390
664272090 819693053
755064744 77313884
-506651514 -93365337
195571501 566454263
-980619713 -325794632
856791215 509169055
-155043418 -460064328
612824377 336322568
-809510041 -49415204
400271391 231456225
927799561 889359504
-887811340 -369124118
717869858 262484643
384627449 193506982
-847612246 -285318152
71341961 354850151
-87657787 -433242580
5931298 519399906
-906420571 -469113503
636019788 640280417
624381220 25124937
-120763749 -71792104
255320464 8797733
820319880 545866369
-345559470 -235142003
-412438647 -369385790
290901028 221879139
-188627904 -865252924
758600158 354778566
301202684 343755321
959138283 689536344
-648460246 -560127222
-786104479 -830637177
-909325074 -591778206
-539273997 -413339594
-908830994 -343146267
-995979438 -187600935
-969309993 -779090252
-196857591 -841679297
71914265 368265173
-76702303 -958448730
-380967797 -414785825
369378664 865948797
744666215 749776504
360501946 699519358
-830951818 -302625753
709903185 328346221
-570407640 -518924068
-771998026 -633674909
794715731 918983545
933136638 117959315
-848339233 -139078100
-958154155 -440435854
-26109872 -404623322
-803099060 -959530366
950274752 155353899
23767649 980044650
-132543580 -846113118
-653674382 -870291961
389688136 26132087
-859893929 -428787683
-140617656 -599260234
840745292 20724886
-908598540 -208734652
-243139510 -492322172
768145742 557859555
-14712544 -807949107
-812771037 -992475033
294072949 299692486
81238353 249336085
-923350597 -125515086
-171438668 -765662307
-980804704 -527926540
-803931436 -287099809
960171084 763507749
628335883 394329954
823548741 71971184
815824735 43036815
-523932313 -388711858
-153297655 -863569464
-571315918 -983660351
-778701816 -323264626
-149322834 -515050378
-225337649 -209009901
-360429761 -619166386
83288670 359387639
-227329646 -273474480
-699038646 -837338527
190763798 127229911
40931818 456293501
341610841 413508815
885748307 796337400
148199410 969120370
22930327 563177585
-439299682 -650815064
-314512971 -844663713
806766098 296394266
315234331 349468559
-521351210 -376266498
868532389 721854940
-106091848 -949614415
-58062706 -988139385
768335494 322217456
723671244 614733609
195575240 184674135
-138260234 -860334711
-440526041 -553868310
-243057379 -76269631
456471959 109856304
-91171324 -794935579
-774846759 -991616219
-696047727 -567489978
-374960489 -749242297
-870128954 -370950119
895285357 280702002
-528171802 -737103650
16066027 693369251
-778583075 -867296578
-508757698 -575109067
-71784888 -915749849
23799728 592060620
600739367 980802011
-440263543 -683263909
-455723415 -443099552
-499142597 -378434543
-753492791 -263891804
-282394482 -809945514
752488994 508795031
-81150324 -969402437
740849012 893337020
-239730794 -311182197
70618104 668125339
-613677893 -127854325
-804546543 -268610633
-153024780 -72090106
-664741332 -613441042
-163299104 -157116730
645360816 524667546
830176202 455725740
900745461 258127255
-338624786 -12777230
-989709202 -425060749
-6345097 -539829735
370556958 655832319
-725387489 -819135684
680833213 587390189
-78006581 -795570002
-998859045 -434459518
-399739075 -642125086
688256262 885065941
-949986734 -755139773
597561077 272800826
971930916 890107367
-56613972 -545843610
-426395005 -551683442
-86289968 -50861139
302045496 766036789
-84347615 -511233782
924611085 409233145
-917773372 -590482983
345240985 668076552
577835717 750792942
-152457976 -450791642
252731719 758129614
-947201974 -323222146
-890795403 -941545444
708115777 957967819
599987772 39903162
-289286204 -82979981
-589340625 -756213636
847173980 827837129
123631724 614665839
-794622755 -188607130
-883653979 -193593620
310313754 339730137
901542198 258760420
89220657 850909133
-524532239 -626366433
-813604001 -956997769
308261278 429919436
-636985457 -309442246
199639672 372963542
-134760899 -441855703
-398402034 -815272637
965727714 584413827
693194994 890227909
-814698019 -24598939
466709404 684148036
266924690 370028482
-911360423 -712175810
56867956 518730874
826738988 894829622
-485495759 -569743997
726232432 653649432
-138114350 -402153199
-23652486 -257056908
106826529 20006457
-142730977 -6161450
-218578923 -967187025
486622111 249082132
-128627778 -941640
937944757 432114284
400955731 845954820
940958867 996204292
692639413 289027528
626763221 152146261
-356619143 -996839396
-931160284 -723982394
75610851 903603344
-142679895 -827196734
906576534 190741071
-911662394 -928701899
-757910938 -279770726
446253535 322960172
35471825 538032639
-389308764 -811581701
-716714058 -685535707
87704954 332453469
245098697 197880136
87127095 758590574
-76760614 -508649554
-747026102 -468331236
-908524889 -942667460
928074468 405462804
638035178 52552300
959633461 871143562
232729578 521487812
-829756491 -320628181
-674237854 -152862455
91532604 25215508
873244351 908827709
-278953391 -303148622
-427758879 -702027688
987429357 479227417
147065908 317264082
967367651 35074759
526524940 598566590
-916845267 -397006597
-969341001 -734205883
407702762 191652306
448271864 560736107
75610375 939304501
-566631045 -305969939
59246184 199739080
881301912 789832310
43105809 949947732
-629562460 -619735442
-330713545 -591889291
45241169 169805015
654216421 20094542
-49189674 -732357190
371707821 909508301
-790122297 -186623277
-93275390 -430094416
51711665 11880346
256605332 275163548
602001983 232922253
751415178 987388169
573812268 942777466
793872942 350286223
704722693 554726621
414612076 690345208
-217518532 -194134380
755220340 739344529
478626159 453273853
-422252277 -770389546
904428896 125556334
-354188721 -540895175
-668383099 -642872732
52259336 588223877
424614913 137795453
878216119 369256321
211326010 27406056
-515617524 -82234358
237659365 53451838
-682300632 -377751961
231154337 262259356
343061485 172438798
-586060631 -577343182
-427503032 -221163913
760429993 789670707
-233321894 -139813514
125542882 402995180
-797379635 -395638969
-653288224 -343094541
577449430 78169237
-27163459 -389001503
338976208 905956546
-302814813 -916450674
328885532 871930571
941295943 909981720
-732106464 -219957572
-167787537 -174596257
956731311 657968215
311720486 171019474
-483750429 -333564340
-89957922 -245671191
366255330 255415452
-487224088 -625782554
736357550 803543310
667442340 488627167
219238685 143746797
399025687 469174909
-640973283 -108727133
521651832 534926743
336953098 529254807
-474817433 -861361900
-683477431 -726859150
-729050657 -612012300
309875171 326664261
574800100 373795285
-583948796 -699829700
-555571525 -404509720
-162149804 -230251312
-819772988 -250543749
511656921 160413946
247389884 336099606
110498874 132304170
661152528 300633639
913988550 794291781
-392709342 -871865448
-689467124 -601538526
932409538 917991846
-429483155 -376905257
695826820 88498652
-616424875 -534853734
-839929029 -110376138
792654469 584946207
114323730 126970798
305997581 368875290
843905503 3387330
-890677036 -653119906
-403772820 -861736473
343871146 833690053
-336947627 -588329928
-711541842 -72061607
-337860677 -885610467
-638732040 -171964428
-279384547 -971417349
467363662 834818598
592609152 400368604
60967947 109625211
639385759 976235796
596155216 435036209
-201014067 -423378748
913450170 522883398
-775646098 -436207484
290743931 961509288
-319773638 -166031602
-989243224 -232906997
221052945 966560982
-591009334 -57076723
-247223904 -457392856
-510531459 -658163667
-261150081 -404837165
630945847 37666916
-130204453 -311008760
440566057 444881895
-599311459 -875894022
361956464 675438647
84904797 691695943
-620953677 -710566275
484491905 465125937
536882745 810350874
-822593105 -959209753
-834232476 -691316927
562839855 785909761
949788408 839395628
-25039699 -823801661
-532528964 -286035527
997889430 185946886
-200884588 -277824062
291252270 393596311
593369310 480682696
238907112 958507326
-903989681 -862444292
962275130 759179381
21021858 158420515
-676067075 -366795591
-624007355 -504339259
589059072 967018542
972760151 698697349
325664130 139525927
372875621 960544646
870280627 359182481
723913228 333353320
-747623741 -376982206
374397809 796970555
822467023 159539617
269102238 330208836
-737458961 -505648516
630542812 470719640
568446636 310619924
964845590 175435423
649743689 327229149
-580745396 -535181568
282019067 706603383
-62268343 -182317826
429235693 159732674
-39933737 -935563669
-768077386 -79177476
944992298 981590536
171788466 581925858
394542329 744379870
838498994 581409516
511350514 964287031
-238999902 -586705973
841710763 915090501
-426372856 -37998610
511282679 408478951
-508731583 -592703796
274251942 329524544
760652319 632792928
553345889 945888238
-404364133 -513512007
608733400 710947353
759786721 898173322
783586944 846176182
417185116 900028428
407660345 996204893
-459729287 -863950118
159809136 214186012
-425592803 -99634515
-296959359 -202899487
-355010638 -581646678
763688293 998677369
324813826 454235751
917622083 293356797
-410343188 -517161137
40490380 263877194
-690433527 -705573925
-815068203 -737208886
-110236914 -463548586
285147598 241771815
-970835565 -721536482
402955380 437802335
-954416898 -89161042
918204257 227288892
-698498316 -913571814
42380825 885021284
235974917 33201405
88269478 308261725
886570744 117490723
174242399 699390671
38794934 5875597
537815779 656617143
513851162 701945628
-398600187 -332069049
-928146817 -393182728
974257905 778387341
-539271951 -811926680
-416448445 -28261048
808363437 903546362
-903627637 -40211061
345611706 353689093
311139540 510942352
-413134960 -565279649
-298354336 -170418697
783001235 46089876
251878846 430805277
977718564 723899914
498006497 678883756
895662408 281174531
-520881793 -452876522
-863223564 -825006449
-599646146 -225937202
620889977 467079009
-478276153 -879232587
-26598148 -258727043
-958350082 -340191817
-895201783 -775737391
953050032 384959409
569460374 606165733
-110463140 -207287569
339255438 45458677
30570256 816138977
86913735 351991041
261195158 157577136
-691874863 -165023034
-750984160 -86941078
25152842 540843115
204988661 46136777
405915177 175661711
-202189929 -483623427
-84664950 -876878706
403455979 117696087
608879525 181864862
-77798088 -351441533
35877843 282094635
941169695 119648903
-112079611 -262158439
939767613 398247645
982921805 340060665
-327650983 -655885326
-38798158 -471328078
420017638 439904659
92185973 779796833
54680581 753025028
549493965 131906305
225373271 885589698
-328933032 -137762424
-74325065 -418205115
116224458 464181137
380232800 552708032
972960862 704468345
613415908 721354115
-398121502 -102264756
-536304349 -227883346
-604147845 -123376684
28922900 724068107
310216083 591147397
109830969 626883525
647207801 846966754
-177699817 -620205999
-201028884 -470613342
-876439301 -554738542
-660903627 -361082815
443101403 251252801
-800614502 -198201711
-258675470 -283117
-190040119 -529279676
-740590552 -951044517
309194043 222734653
-483038743 -432392858
808988164 790898728
-461768044 -580053434
-280452227 -945125730
958668167 175381603
374833390 535445728
-437548854 -618784132
-583463548 -125999725
-75951587 -893676059
627442665 356485781
421715814 168102651
261916449 200782917
103159337 517342422
-950943660 -347081925
-422782610 -471633316
-447367619 -484428441
948287087 302466923
-134300029 -90386637
661377998 836387819
-865712740 -245599875
-493142015 -167732522
982734594 108561590
473167105 287399809
-38437254 -794344888
-137927777 -479279239
-108011400 -714402841
275909519 934938844
-774882399 -517512320
-252204875 -363386897
-804505472 -965195037
609237189 208035642
-436854260 -94935289
427299115 863056469
-698650388 -649814528
482684674 796406318
-514157290 -801460025
623680428 952653565
318991509 481457606
-456500938 -499570658
-432789249 -930534875
-85736558 -396020935
-649541504 -311806856
641726278 26159561
601423033 971458693
542832274 936134023
-683434126 -312504438
751054763 708606926
912546411 350562252
-799683455 -608418348
669930519 621217634
-109186970 -33435444
-137275050 -979869648
-337697679 -529238455
-242047190 -996880416
-770675681 -236967882
-956658440 -891521503
-498357474 -348520460
-290281975 -709425791
-464218021 -934109530
326755483 432576650
-865870482 -735739663
266229025 970466944
-510251492 -129169562
-705213114 -948882140
-909383437 -629339478
304241965 495956584
84855373 918028616
996350605 90148363
54855784 751848244
-620859756 -106997097
-535843649 -245322797
-607315627 -127177909
-520742901 -970036049
-926116700 -651523354
854374803 416078878
-423678502 -967604948
-551397850 -618857766
217105435 125016384
-132660357 -496307786
255528931 5784105
15530914 313591740
-30048347 -821339324
818323858 628140670
-635820591 -417691866
347767004 244071577
305478822 368056437
-625682928 -724721038
-728195245 -683297165
85242590 427487272
-852369520 -839346605
591782498 899849445
-279613889 -902009547
-483627213 -221865350
666037366 128514248
838438654 635596560
78167312 170921184
457872212 379684882
-877724957 -626972501
-799937956 -949709909
-717048805 -149114163
762430510 691523797
218928285 916428823
-370034966 -914406836
846471810 538832310
425094020 341756870
-381228986 -236309299
446117051 852666002
-833052786 -625356135
-570647301 -623900325
528284417 522219616
168806472 931867382
247682363 913070496
-360392214 -947426389
-535414984 -33316068
463676969 662289901
-29157295 -837318403
-548600528 -121083209
-347767769 -145133971
798251221 570648266
-224674773 -933692516
35164860 137413621
412117856 300743989
360631175 406941024
861556099 604499412
735361736 712474529
-543402835 -613966256
-205035004 -576735743
-303964863 -177446106
-425177830 -905617243
940354663 389494600
80272481 473004712
556426436 476817406
498978694 383781216
840869550 616245909
143655825 128599591
653941305 724820019
281716696 262918005
-711146000 -554580259
-740087384 -86137163
432826662 441586445
657485548 623474685
-576445794 -345784304
-799254393 -266506434
622515207 703411252
888344331 394532031
289692343 956780879
-344622442 -203217042
185528494 372682809
-100189244 -720964543
-44042569 -501563419
-970325239 -380799742
256056383 605148957
-680348579 -636492074
-643839876 -245459927
-468470168 -429285175
-408362820 -399988871
393985820 11564067
570496051 432355048
963731181 11456637
-773447747 -813734129
-318312016 -94839190
187459361 106715049
590474013 791060244
-670707536 -191941373
-10939882 -726978965
-66888085 -779489681
275811111 397795385
-10974968 -999513873
839148554 319774848
607490534 779486971
-601434351 -8021779
-766868063 -612011636
736297275 740040547
492157613 621031301
53106966 78426155
565827710 253573680
105191004 130501081
592529663 402883603
607319596 79552927
306235256 877716142
220752645 599939174
-253412457 -432445031
380046927 324608470
-976260424 -507890691
755836842 337641112
-226707410 -428911777
162369622 151612561
322625437 991608332
334852638 360132722
366611507 421963715
967165711 756409828
-452210330 -410579083
733716097 813341234
770284066 968920531
16018933 696554649
-659055519 -430391223
7962191 291485119
434338652 101018341
-93807408 -618706477
-761902277 -880853157
-585013990 -225473579
-157769924 -383431035
-453671263 -752507041
-592475548 -532956434
-598841266 -754966971
248314504 414277755
891151071 680109194
799810855 557937935
-268943446 -619440303
-487235370 -410878226
482375840 613827471
827670553 661555018
328389325 865795817
-494100889 -150540717
-890178410 -119296227
-646014971 -80795734
255012838 813713936
74505286 930324220
-576945945 -918338512
-911782466 -405750736
673682082 900958527
-313790319 -620776585
920739533 245371761
830912307 152137847
-852900833 -666519495
-534928518 -275090976
687394032 758377362
-841880687 -846085561
-171605942 -51799027
-874747824 -440959906
-577608136 -18716967
791995884 137261482
-145665 -205363043
970915137 824970537
732594204 688904899
-373750451 -579354461
552281678 335368274
-858577740 -735590358
351358376 319314598
-101678761 -746636811
362430713 921834378
-113144113 -78837308
448130540 107908805
-867433817 -120730287
506830560 7874409
165649590 751513607
867508438 163077345
-241646480 -937436011
-847827495 -221144700
284728797 267299519
-83270507 -3890674
-1010044 -907007286
839358811 852703120
170571590 552177521
484295149 88306217
937802541 887935846
-1145561 -64893871
355526867 391542458
667667975 560823716
657477677 408561796
-734640295 -468128339
393869605 234772688
166762981 710560567
911133283 206744677
80271837 924671541
-745583653 -864799264
-742812394 -758875161
-733411919 -183247722
459418633 130904823
658037192 142812994
284950529 230417274
409759829 62033359
560042825 825120632
-432288219 -152144487
419835233 82319639
-351731619 -257803061
-242658819 -551194210
-30224544 -655476898
564617809 769810876
-249038331 -124000780
-514227492 -307188873
-134164490 -490638954
601213509 786311296
243308636 716205144
423847897 209101374
-853915950 -837871727
-734135984 -659814689
425668656 790890038
-65976177 -940566295
200487450 387414001
782978991 770741837
893402082 837103649
527267552 198129680
-641137022 -939914142
-718246902 -760169220
-146007264 -30685624
-468744088 -181810784
922784348 153997076
-212945004 -265571714
103449968 556650524
-547681795 -467437368
269988512 62920917
-953917189 -71291022
-422744716 -996148561
852545290 918174007
153862306 619980987
-342382701 -738672144
505459851 364343756
-632559871 -988766097
709166987 24699108
762875513 705543583
-616682542 -490233086
87592829 723161368
-747214915 -748258241
-315715966 -454943247
-840835268 -379551421
645541051 718980183
819895785 648352251
439623454 679447595
-841316876 -6482661
-968870052 -128515025
757088710 807913137
-1744913 -578138465
749054158 48683678
349910537 481294352
-155348196 -323885695
458385011 422622849
-85993679 -68592149
319766263 243444259
-20129509 -137537124
376451551 189121775
113717223 202472079
38063976 11406207
-866685988 -354314927
714350216 870944844
711364947 178683247
-132392391 -548340770
586401918 417255792
-565477143 -344856052
764090780 705137945
344189474 524337126
-366208050 -393218547
-754103613 -552678580
-903664187 -902325465
-707709454 -861502020
74909718 66598863
475512092 430982875
784498895 490167662
752001537 70702234
130936122 947612922
-987068327 -530394230
-946248714 -713407843
532607713 495589209
-439793677 -545512561
244569905 710752666
915459482 163248243
933063386 638823321
-12722396 -857196707
-915467983 -587807127
71845032 524498616
-493645104 -167255351
547506151 400699465
430544468 88183687
-633547438 -373004923
724732847 504933709
455819721 273053834
654157826 436395004
159282325 522537156
492150600 919491305
-836755972 -388969195
-453935460 -948259935
-171767146 -994602198
-602462615 -543986989
812630551 341791509
-943228621 -993471834
113752117 702413195
898556157 220012804
-297414557 -554404705
-422098898 -468997128
600345482 868268892
583948872 12555164
314856429 148010537
215895936 54440289
924524960 992199279
-332631968 -367648255
712463570 630323829
-396055474 -101797592
-674632720 -988225094
407630612 157874806
30769792 279017312
812025170 243799301
745870693 128503496
514846792 719655799
-591320073 -907278117
-699660905 -837624578
-675184084 -983650607
-163116270 -916259883
986282372 198285643
-181052671 -449543173
278886887 931757938
363512532 132220892
559323443 595936954
881975445 765358994
229003669 811844335
-523147685 -53582890
449213148 620682771
434924525 890761441
148021458 774413590
971423909 165000709
-592411635 -237228081
252537045 704822092
274927547 326236524
-10247732 -385466321
-597562297 -140986056
115191090 285227804
198675420 221277877
30564275 658479711
843083477 382813421
-546083608 -28182949
-980965798 -475004817
923739793 84691421
-386872069 -550506501
450595892 979034690
-729004168 -399040184
175129035 280910011
-221716407 -734460009
-376975261 -244822305
-230813116 -696380439
223887752 173687858
727589286 163791456
-97675417 -858870337
165495601 183706760
345736281 153405905
594196351 977045150
-791609690 -698528414
-345884212 -344698001
958991538 841239272
545712199 786797078
-529920449 -459133288
873308747 523867389
-451697937 -957292857
811046431 836061209
-617574122 -633766900
-837756673 -403807437
-690801149 -360609288
-224869437 -421476171
-78365784 -551975194
-447585196 -839441399
881074402 903255181
-848453947 -135625691
-655675158 -212937768
-183743852 -360165841
-18739114 -546006607
264802083 334123576
491046512 122195598
-579991785 -177440172
705509586 608973332
-985626492 -737916152
-412252033 -452707268
66126732 307068816
861230932 440783460
149126244 758413256
-389596832 -875817537
948271261 109729389
828045534 963509145
87430775 619264076
82671760 883235100
855269743 814989958
-707637644 -846698897
914535471 846520666
-918279102 -224339254
-621084968 -356226632
-611560238 -327134301
-717362009 -434999535
-867776563 -594910987
855107824 476837952
425496443 64690080
492426408 690214321
-373534447 -11113522
-877324413 -951255978
-330405182 -771562924
-656894086 -938828421
-416856714 -235487080
814044024 239693994
-9607945 -48312493
-34679285 -10640454
-802659165 -514642609
859364549 888385894
-820261105 -550118899
5078954 580102672
530633871 272122414
-262532383 -219658944
556911162 466195324
-320632070 -222881719
506234979 394885035
-864288370 -296850290
-64779587 -265713347
911682506 302133051
-808825187 -270416783
-330396796 -198883397
439165885 600540204
907033676 226288944
-746412804 -44330216
-438742003 -446441877
645141010 17482399
-248895484 -751164753
-197214287 -822298100
634837177 307216201
-966350298 -725707612
-211196550 -344025252
686262829 309429694
853608437 267029992
619609593 347096332
131598953 241590405
-463618887 -139830362
363954173 507082228
-957850506 -996456716
463610708 610059400
-713134043 -927887380
792109025 513986572
-807805141 -201307063
936350017 341982358
-70958561 -228351821
9495777 189031823
553883169 859720398
-614983209 -411879684
-399905079 -570227287
884840891 10273433
326129143 693284308
-619237088 -599542690
-631203949 -733779939
453405278 789703110
326520755 932770620
-817185037 -193449174
225623474 139313393
963909767 98963051
745082661 343648006
-780009866 -848964800
654855513 115092410
745052404 600828846
246235701 991651620
226181621 69848792
165671118 718011365
-704083752 -825480648
-918345046 -424475601
316480753 689773676
317634290 249893193
493815982 158041410
314444883 779042736
-792469343 -412662560
988676825 901248392
819908018 380136446
629243299 691489396
-745653645 -577578719
-415200262 -683627880
-667756226 -479669381
538022610 757087236
-922632359 -678179169
66792934 432395918
-77357988 -866546817
417868870 241046380
152984612 857694818
-658511397 -961913705
748560462 903285494
59285667 596043927
-492540448 -182311967
-754052040 -663275394
-741055572 -147000955
-809650596 -800589134
610868978 338080989
-953388151 -858712004
598228671 416589466
-17806576 -643305017
644986886 867999340
923825383 643801438
44360517 945912090
986524137 60488162
-454533738 -847065241
-697907690 -608531334
10941464 296220376
427165449 169038613
-438515186 -127329205
-975403091 -563558165
980595273 278078259
339161020 873990821
-879430384 -386149554
30870266 652597944
518617536 42503297
-764604406 -712852502
-440482272 -820435734
-529531695 -510284296
-636588370 -931913533
936364308 379246093
-127880504 -18690577
-565009588 -498764059
-912379000 -239215491
-614710327 -143229899
-886990425 -601728436
510380470 174288110
-410194906 -90340036
-731398056 -416507098
-493724322 -227813171
121420120 484920040
-156890906 -661885534
369685323 247947795
805011941 188434248
-591088116 -111155097
-961771365 -462968631
-388543457 -519696671
273203234 773331655
847883533 581801587
871655864 188990153
38906021 26672506
-153229751 -496665781
-743497595 -854877045
356801643 228632405
-560008213 -382583588
589407605 230640988
-425531802 -76229593
228678537 977406479
110583927 121295689
-481794566 -746094811
-575660177 -830748605
834556317 884734174
-395488612 -767385153
-634905136 -185933933
-841531292 -508241156
-727091287 -773696186
551805344 260881562
-224863461 -161210836
720274219 113196644
440121467 787322459
-768043162 -223380087
-96339819 -91815029
866260940 531216921
440317395 705772510
-384900936 -371632826
-554120647 -113957174
-879986139 -678496438
435569842 22433598
883315441 297703242
-288478662 -206218134
-919769568 -246164110
-855772692 -297002769
969976017 430778163
-806417607 -214304663
-333834422 -397943499
-933994173 -473657526
63418595 242962312
-600616120 -586489829
88892539 188304317
109101261 855359613
-712284971 -729308305
-160380760 -573865601
-261239574 -264065998
709393137 22529951
-43393419 -10415266
-220004394 -929092156
-381219483 -101345964
-630177237 -426265506
17614177 793827652
-706235361 -226315889
547415152 268762362
-592293038 -757857943
679914646 964812536
-616663929 -778901484
5491779 588774311
-767728501 -632266843
-408884495 -310220159
533097458 183814581
999550354 137384843
667078666 787725208
-982317335 -204314779
297469317 960230701
694428615 824706148
-828215084 -138210285
-17664550 -458145676
98192633 292606535
81532153 929319402
-290958385 -506122467
-328782408 -896125273
-260683449 -746576690
701313211 397026030
303447474 191517199
-102288344 -580570266
-891238094 -299806053
-487755986 -646943766
492082400 807087860
450982605 404168993
-728862623 -605489284
-120719842 -666351813
-645122571 -665295774
752137486 504173468
639350206 240467377
976759783 199784370
367062554 311463097
-829093688 -635993700
-595963409 -100248578
-121680922 -510899403
546787618 662388997
878799942 401538144
-486710577 -474766925
399271280 530697262
-594783683 -119682488
422414585 248959845
623311662 581004859
204512084 511596658
384698484 176200331
851976669 351641279
859207902 791987588
-195727666 -347657380
-302735341 -74563865
643834797 753370420
-602694491 -885571558
-556609065 -933228203
546305602 413302448
-939406060 -814059345
-97461392 -593050870
-343742075 -65395548
620509134 473651526
746979838 375030029
-460239598 -995619750
635655624 421586404
-390390634 -548428396
162336167 130043621
934893115 360643086
-26385623 -571317698
726759623 58318436
-318928272 -932966435
-541644170 -127941443
-536970488 -894154683
654370449 243693321
-321924045 -992447328
-666387947 -787109679
-80549444 -221359363
609656223 346568711
929324739 298718783
299475712 243924296
194976735 518501415
825034380 757669638
-414622171 -325517015
-874570531 -294082134
-18277036 -274787700
-37126283 -615575702
-246348642 -232541637
508334901 333969475
-94368637 -949337419
856247264 395526562
699635022 870172456
-929922771 -244225054
-682018988 -454704816
-862583865 -673068205
-900898677 -718857669
143886323 527863643
-869036885 -405583962
-518990940 -707831384
446849775 537905242
-466437114 -509723442
-491898450 -404352198
452552054 103833977
-290114678 -375864277
324985406 492989984
894968140 673506409
-335073826 -534982435
712072579 651537904
816808302 380341969
469078029 593928347
578796330 873932373
353944548 999048955
-973919614 -217387083
-175798248 -614019792
529711717 387877544
-726088845 -58984277
451841902 164894706
-796878960 -286404038
-856856252 -582544602
218900154 153039366
-469736652 -794029776
704568558 347050094
-919858882 -791921152
927154596 454948544
492319767 614663331
100141825 790604572
47659753 299785184
-644202074 -126722203
-230439819 -721436255
916382043 78676095
-380273948 -81739429
-297872465 -173778883
450687165 926380544
-191683939 -922464018
849580138 270007096
-239568911 -332605754
870049357 203397674
-573533034 -339012970
-737427683 -679034907
651347747 71789170
-240929441 -314171549
319634132 37725627
-36185067 -813843388
-486080425 -565653960
-710840188 -987001604
-890379567 -314597392
-448616511 -207740406
-705370550 -172532514
95394844 262212845
961707683 506417136
-272273155 -213427999
-641043603 -79126212
815916710 912473399
387124334 142198052
-628858543 -691387291
-312103889 -431792748
-922416301 -452824314
-677416490 -203821979
112187442 836776539
797382839 212617905
355164733 467151577
-692083279 -120140416
-696126832 -274878174
-826562296 -947631584
-571768219 -608688392
-475197731 -739091325
-703481146 -136528474
-606300398 -150724723
119407344 151114717
30878774 549583869
-173842404 -335645027
-766988256 -300892736
338639764 937247012
380155693 421426912
105723361 640173618
701419732 840226088
-780907556 -965955716
461960034 140863211
398591323 141674709
476134667 685550118
342947207 310155135
355278164 815264932
-77647185 -453213111
84486059 926448042
712357622 653042829
953973402 912112501
661087655 749659673
-741764139 -766451807
-483277852 -394432274
-875187411 -957982871
676175467 587320671
-72147973 -921299221
-705005648 -802454021
881224231 134904028
-537297544 -112789031
-385288420 -756887408
285505284 95727104
123425843 667001909
-992304408 -437509193
-67110329 -893278487
60654268 299047887
847800891 588832004
-636625616 -592172880
-880969515 -677430926
-60838469 -691336761
-789904941 -761437551
666264642 210646571
115871440 631266804
803939944 774313721
808107499 909332377
139562450 264924041
39045451 2448898
-53647123 -393259649
-509845629 -811000072
12074234 348181931
-428826612 -724525320
352233364 405959944
-858879622 -804706147
451695232 752849761
-961065318 -682699484
824209069 312776128
-285235223 -493598232
-975908003 -953281891
-15292848 -997661803
220956784 915890678
-3709304 -973920898
-132468772 -649662384
962214698 858620725
471797690 586617793
-465448809 -61986303
-269654652 -921069990
-386416296 -469141923
-612195839 -905496788
-360839872 -350316232
-723482768 -393633323
621313120 162025980
15695655 211981767
484397477 340939909
892574427 95584560
-982808078 -314416341
-770898365 -679675874
-1247744 -740082766
-289703857 -77961985
255698558 860516100
885418930 26099349
-996847468 -684831191
-477079603 -268074408
724170609 416092554
-449381144 -635819241
-474947053 -839665533
457641505 24639562
50093348 480869480
-727653661 -725591507
971753377 795448674
-727532270 -178877817
-762161774 -898088332
399452071 651247889
939354981 161888690
788293055 320140953
315194807 944481381
783662307 60766147
666685086 552752121
-64256058 -593658524
-843666674 -488904292
-702785180 -507008180
-967553433 -649093851
11617743 97036620
-473390328 -291020392
-503114592 -509340458
379582460 897055678
-956200134 -151205181
-184800611 -765248820
114595794 934061616
-163450509 -807529494
835613062 377896099
577603734 94595827
951208323 793768904
-235819873 -875593496
-462612061 -637927296
510031651 378803086
993876607 907567653
-316533984 -33759577
671945605 641368011
735106809 403991937
-982220734 -623394135
559110862 981456586
856241922 397482454
32711822 564569109
-863024415 -812460050
-103155530 -841385170
-245767736 -573567045
452707985 54357199
731595119 478830144
-976344535 -356354436
-829535949 -373789189
-406494295 -487797669
496064869 788170045
603341668 452707960
856694378 17583372
96865646 798720510
694209750 224022921
-910115470 -855303314
684065902 68968135
744185789 671990417
677029058 803255435
-689398443 -933531204
-55104806 -406257691
-759129615 -530039851
-836315268 -653462595
-883699690 -588415965
691648955 67037979
-658602386 -546660082
-417235714 -994250543
179013321 833055420
-760864096 -914268282
143406117 306525013
932898268 560611635
447675766 284349324
-307970774 -406958621
938438869 473164253
328912493 276237487
-208842515 -90362586
-791352290 -268001032
-907912109 -402908468
-892003601 -476243237
-693138882 -923041916
-964285779 -490273636
22321905 228924734
265291116 453609530
74422475 196346087
-745097123 -623199361
841198412 491768803
785823061 910289865
-211019292 -46861973
725572706 287185769
-649207516 -508815820
402206852 727528151
370668683 428487858
713517593 277874216
560583795 142448273
787453268 297068853
766906389 547944538
444439254 135225100
432010611 613167443
-993051108 -314355606
-685123643 -252783816
-845887164 -222032545
-672316294 -928869987
423372183 664358853
-22368386 -303616121
140993324 563475998
-323304374 -176180488
811335007 563421724
627756221 530869700
492693000 936994308
-478371022 -310149959
20889126 155438394
760293443 672053694
543914060 263838803
-326357976 -937579342
935219984 583971050
-39900050 -624317010
-302249967 -184545205
441801101 941149413
-730068901 -672802232
217224194 961914191
552372277 382461094
184845051 450006352
-325587466 -160911652
266295216 625638545
-174060149 -299090657
-992490162 -287433398
823137500 385415046
824424641 950761714
-645934581 -541967727
-564273315 -209607018
-538764635 -828647801
-374233457 -572227424
-284048077 -462361024
-506846037 -800177654
801258397 770218346
92797129 428128049
-248462535 -4303251
210640007 856099684
345781630 823644570
442090980 592698733
267261157 454942062
-169108222 -103588129
160948547 186357287
767406751 794425108
-330722523 -411043401
-217531887 -354237760
415841068 411339641
-485720986 -209631159
92116198 79777475
-784321330 -344190108
-409693319 -10084538
-581237134 -35480568
825376938 256540906
226345293 651002922
-681160126 -532719219
80995019 799232284
465551181 296893832
-813521131 -130220733
561307511 281329672
484105575 29651234
-151941273 -793102914
-498490164 -326367412
564818224 309291892
223801812 421545078
-203309287 -884794959
248163032 752417489
605867340 924428978
557917892 157133898
129736167 475734787
460688199 27669442
-118445308 -916300160
-84982678 -886849367
967612202 937518552
789080671 21751517
-540202706 -678522456
-557471731 -554445680
90280420 859276703
780672679 970043012
383894595 525987859
-273044302 -7852946
-41303705 -690085109
143253057 668231500
-579250109 -428933928
-720467617 -57141555
165078704 124501505
-204613279 -106197238
496464424 591777167
561803940 425964213
840139099 805409747
311475012 413085731
-52387611 -782794500
-173629180 -591540051
-340438078 -970610819
333015096 2369216
-825462735 -745907637
374216287 6692787
-518619691 -310319245
-879254821 -33133272
787494710 748685119
473684731 53699509
-3023632 -555326172
-167905155 -111083230
580632731 438219514
928081397 477578722
522129067 697740106
-515383814 -782213714
546932699 674369491
508032996 374419711
-989829734 -118404429
-248333305 -921647171
298196232 891417979
-995219636 -257882287
880731549 629944292
-467785839 -318427054
641389527 974083672
-845362812 -819016255
-25644531 -204365479
620279505 279058560
-387324348 -818983
306580546 816352928
-690492353 -565299162
-938348243 -527037138
-93900055 -999494280
827440189 612573289
937190996 887807844
972732982 456796408
-11854830 -905103818
418336211 249940189
-440442685 -795319201
-734107800 -46491826
919946277 842587267
-893192945 -255625527
802087534 579770188
-230246729 -891486703
-668201711 -491710986
-877342756 -27673749
370680197 834116610
-78923950 -484712149
589922423 847064764
-906589714 -628896450
221683508 709402794
-193181280 -462669989
736932152 869342176
754389352 151162098
-248103380 -500847176
-386234632 -331423234
988380397 238936044
-199165725 -644626185
761826974 855546837
-731460672 -742954635
740399192 9347362
928179478 606644428
558123354 716770390
897402038 110938507
-939520290 -821143915
635483771 793960875
908612514 447543109
411138137 224995647
25799931 236411191
829281353 90224067
162553663 377805333
-964240326 -87138498
533591521 820097392
-809971522 -564506476
-14803567 -243693141
102711206 200094
-235672944 -945367808
-234899484 -275801579
314636300 961973619
900541181 34034119
-780800574 -663900427
-849131176 -748921539
739661556 520214717
-138099390 -927445342
796307757 473294345
-506663259 -31856265
-56956364 -550797449
-940037862 -306828232
-234705580 -374080906
-215453396 -454997365
789598110 349260176
-808967510 -941078326
-349590570 -568969223
749032673 854848985
-206758354 -343680619
92273705 663318192
-61155929 -694395268
652399770 381455456
-876390777 -481111779
-723456404 -329101999
-423699509 -892480551
-582808370 -15549002
153690238 889199428
-86684089 -290073488
422810003 87860619
-484181936 -15307952
690724824 220206081
220366492 872753010
41438910 797371822
-457125682 -437989782
163725931 564790445
596875217 910610370
-392925568 -339726574
746797523 898040243
-98895117 -218788167
413542325 147754864
-415154270 -997772041
-659479520 -587709505
95687791 2711165
542356044 144886597
818177458 911725396
967443020 518709934
860446958 575627775
-959252039 -77876621
267525858 992948094
967176626 941224309
560793977 193967612
-240984895 -135835012
-473674295 -818820189
-156883237 -243778973
-200313845 -94855267
557632351 284051205
225768493 896369825
568531303 215545084
-718787093 -263038728
942186016 152905876
379173282 959425974
-440499361 -867807404
-807221032 -230653565
-745363858 -793831776
-999950573 -731118046
96229367 570577030
587650166 500613125
-381989532 -7326105
716130064 793058995
-251855941 -751974570
837716789 640805986
556172565 983759846
-400298648 -132997747
-423945282 -942007639
-164069536 -344689792
831646220 534891716
-481258545 -457321691
-909188429 -912412804
-65143416 -222354151
-702323756 -6287720
-15676950 -851349960
-570186085 -176779888
824625386 162851139
-339731610 -841980800
-624361412 -22396376
-524494445 -400612719
-24999219 -173135961
-463565984 -588212266
953507436 204420918
731087010 785260798
440107205 453629447
547765333 505047802
658194236 754297841
-391673393 -573899506
807079897 489072763
648661295 102655073
831628059 65181320
-107646783 -21434211
-48287457 -469383869
780006447 239323472
-631954359 -226717960
411198063 380388242
-404450629 -269433034
471560662 935815710
239613936 795668410
-523496253 -940253101
-193381339 -993035959
-773609452 -444248683
-100852486 -74686953
932837350 898444684
786219575 789672513
-744124559 -508511749
23657614 344562805
-330783690 -538604712
625447187 40206153
200493239 311086605
-2469577 -616695990
709797530 859741339
-38704789 -794162388
922978861 545623398
-389471497 -761511056
544654459 872380486
483248388 61849229
844774200 711009707
433189329 663872477
176757722 72904087
580278973 665655808
-750186207 -548281035
-359138039 -222393382
-467640738 -104945831
987914405 977131841
-742084685 -201297608
864454813 914055979
207785181 486666984
63738043 194067233
-925115297 -812221126
-399536632 -26082316
-885913382 -807472057
-577293422 -382638783
746365617 144132618
494406223 135070785
-620503052 -10170651
536986889 648463744
40891121 515458442
73306858 211625595
-920832155 -89017366
417486302 944114167
174207644 566402974
907821773 117865134
650783739 900175284
713655914 667792635
309941835 958798013
-204257454 -504041912
719640195 35258204
321494558 451856327
329473423 703468208
208645668 579194469
-416583469 -697526086
-837810557 -295084166
-541808101 -505314766
-993498373 -52225714
-224696548 -95044948
-464250463 -175160120
638721204 124841993
928489319 782412870
34280111 263567589
-831238290 -36504978
-955201490 -635559654
426993550 694372761
941686374 160153295
-943407877 -92529218
-376717601 -87832990
-553117702 -714735465
397581666 380053623
562859763 752840322
107952837 85531048
746147987 709707218
370705473 654234399
-686178750 -902750243
-272782975 -259122271
868111862 572594490
-868693724 -77232533
-96892681 -424959346
606891441 29698432
129718245 440463605
-871440905 -437375661
-167316516 -206762052
187878085 111701498
-13553261 -196090731
409218751 590448443
810433775 257504043
49300617 520464527
-553065186 -845988699
985160471 29740075
75792602 539747986
-479801008 -351842175
-807274135 -301274834
882847066 43544582
770342112 354777401
98281343 212436684
-987641125 -421999311
-410259529 -836466147
-248717231 -875591628
530018053 391133942
515404667 190565263
857860529 510099320
530341744 230441243
92130405 810333177
-950654837 -605141448
154056378 959433697
371545635 871689882
-69474753 -904175183
-729036524 -921065452
734508511 708067597
490820164 512598396
-728198854 -884616014
-822994017 -986239449
-395480346 -827577469
975495868 645809054
-947998799 -717777431
891627321 900973758
446649296 759545059
81122517 779853381
-752539523 -87193555
523087240 910533322
-638572796 -613447062
-61673151 -931379782
-81706331 -31944657
-518946823 -213482679
-641162706 -760076425
-145524709 -561016397
495750444 503995871
736881374 7268711
121985223 658528643
-51441114 -429723471
-470623760 -800244383
959530958 283911522
-740792618 -751716598
-353869096 -796928041
-879483890 -520696562
-826685467 -125255006
113898688 600588323
-392717326 -699261047
-155197475 -19671723
328398609 477005140
582810533 915248379
751369102 139081662
-248114549 -549537099
313629838 318007359
395706584 218441684
706994198 718710824
-457474554 -315272077
-221851709 -938954301
747960794 298382464
288830102 697945901
667034323 649024965
908139992 180257578
279553259 747600974
-27561035 -425313768
-257154653 -973017188
782267632 97784985
-299355110 -75530541
894897389 429500613
458674518 858054881
-182775127 -439549279
-885653058 -153289537
649219060 317903629
-360518324 -424548523
12063001 763680921
-669049185 -240875986
-105207265 -232905659
50238128 806658464
657111478 994182808
706418672 389991112
697179344 170350371
145445485 720894794
-718844949 -954689043
647792784 294485620
510123956 494415734
-780657506 -302519978
-514048053 -656320020
-573214100 -18482327
-966881086 -729861202
364413442 337369667
-91955458 -183674029
-446723927 -88981248
-328087852 -684232957
369107281 291477387
668597241 828041472
37967278 144201928
-295620653 -44164258
-188001222 -210350227
-95499417 -962459188
-921217799 -824294237
-654631910 -154248797
-727072358 -684142412
678839295 159249319
962307210 234024227
-245998522 -364171220
-836413022 -684051445
975679295 218522276
-648044170 -134036028
240384079 90231272
-61727058 -929229680
-320547488 -339369453
-484714875 -396952122
-888840989 -627816512
472656605 617097615
770254037 236708272
-216148961 -804160022
231551056 555674665
-17051334 -797291749
26654017 808857765
763519958 288938268
912094568 279711297
-373087595 -207559125
-363365471 -418685769
603779425 636086876
104892385 608942912
376015295 454520688
163899376 430194044
839447954 545951672
-658935798 -288212546
594025634 458497258
262162545 311847237
-552265370 -129159326
-882144133 -447702171
76337755 502142489
-185777666 -785178657
181774226 93031348
958269885 735674908
-145232376 -841418275
-416245237 -152518998
278416636 676264966
977536747 668179166
-879403349 -452693550
-721397075 -480949057
-532655082 -940516870
136538918 132166538
219743275 510219838
507625422 782014561
415758412 10431085
-398795828 -622838822
-31599520 -779881547
190540348 434867083
-128188460 -33987971
-367163114 -434216426
-51976331 -974155590
337758423 757115739
-571478429 -153135118
-14122448 -753012948
781836626 439559104
436943829 602043951
-8525542 -394339828
-546005375 -840534645
-68338995 -373238390
425095672 529857501
618460824 435785136
-565740032 -144571909
361373407 774226290
543822168 20165736
10224962 216558644
980038092 525663090
378908483 159981766
-562226622 -342281277
351449241 646757734
-608106161 -737961185
-838065176 -466642675
-512323489 -506336742
-411041044 -96831709
51096125 964545439
843856108 681054495
-413389842 -866366915
-925618400 -475277243
-901292803 -192337716
-908268342 -325200113
-876886235 -478503664
-770572025 -734307493
-673428041 -492885265
-659087468 -863723982
657292874 181325270
-809932056 -141752778
677847680 71422824
633651526 267191524
762109021 325989195
847100088 423024118
-769367102 -64061141
-951135148 -815457997
449367884 62357583
-162838990 -325457884
-654582550 -775295670
510993034 934730985
812810424 933791511
-918147196 -922864686
925693801 90364392
-736754312 -556531143
-47446827 -492466534
-353830329 -391533000
226299147 570846580
-646690518 -476781982
-12652087 -393541004
825239662 571167223
122653287 451851452
65346773 760950311
-438368168 -558773108
-378707263 -189403181
-249575341 -533975277
-25003131 -779314264
39799523 124040969
85019633 265474828
755343364 375029405
-385915080 -650210530
-228150634 -530554360
-539300410 -860095565
124561461 948953201
-540397193 -740653078
-677486380 -327701845
809133809 422376389
667980849 993132759
151363604 996740170
-17090830 -331975311
97514893 676608273
694292741 658262168
-689804613 -532039897
-278932886 -244320055
55060846 392838897
177541305 538514841
753402721 936321785
544880346 891804780
528978413 115372473
461910456 861876217
528407212 346762840
-234846661 -143187234
-170010810 -456984783
886918397 210787298
-44148944 -908507940
-399109882 -920293867
-591266740 -539336169
283425517 406448790
-453002483 -248015704
206244294 699356048
502321543 443940291
-857334127 -14342298
130309584 115255866
111962395 832858946
-691486831 -553537410
-356563878 -465498610
-137926255 -262529933
-811421553 -373911139
-407422705 -679386354
-105927293 -485023428
-128441564 -261234741
-897649517 -779200532
-505644281 -361560918
13497374 301696339
730323594 291546919
723371765 486395126
-81967952 -586066556
-652316595 -208830870
183318915 97437756
-488588389 -40346076
942427889 183711614
57335012 23636782
-767793636 -91163500
306010330 455189768
127818907 138187351
-786744554 -207576221
-576611637 -969032794
-189108328 -821175228
959842497 944242819
-655387128 -463126731
-575404676 -359920207
-50946036 -719047581
642903366 736493864
-166589839 -154570399
-424004174 -413499945
835217995 458694918
910649846 25781456
428000156 603063928
-226549715 -556479394
679406334 943751560
450817702 230619093
367851613 840587735
632067363 153511682
-686827989 -811482601
-663401485 -309888092
-612670137 -402495224
-474353082 -709145380
-33298019 -358887968
-907248805 -107763832
-447145500 -686203803
-645712927 -427130774
200830299 431465276
578608005 486830131
253636304 855073178
982806692 779440481
78916360 756243131
-808325722 -840835159
-642032661 -476145531
-450009893 -713839314
-686660578 -941065270
-547092630 -99761994
-955714545 -687258463
297482214 881105899
-636917933 -140065645
430111539 319512402
-340408482 -563466368
-31024834 -770926564
15557884 394331571
-519068157 -477578947
927287939 60513960
158353990 771627036
574535237 489290801
580238058 235460118
-325900208 -501044302
985898633 488767610
-68699623 -94754825
-796266688 -698437783
-126715172 -683151054
470443190 648382746
-17019802 -526957763
-68804955 -530670790
-10619374 -888514234
727617040 663898872
-640950128 -704042423
327877267 70090802
-109304141 -247864769
427656911 920132639
-472009224 -631854808
117666191 433043457
-110567262 -714779439
-228361085 -983008673
-288258180 -249565582
32661497 796422389
-598565318 -764223733
834358960 835564626
-716341915 -436983878
305238353 90825182
299838539 986404696
-931995972 -147797647
474384383 357256314
533493350 770285477
890402680 588374410
338835096 693840036
588085187 252079912
954526054 852590631
108207673 821586243
-122883438 -596872660
-455517495 -576945862
-473282760 -503239398
-689880203 -502392462
-312378454 -566449968
-422347900 -124641588
-677420154 -623049045
-648570351 -371066229
-387564785 -226000844
-883703052 -510140902
382379530 425390196
-588771015 -489115119
268276992 815585631
538789404 134748697
133573205 34447921
-247691616 -938732839
-740555511 -85068438
167152781 532553572
745568236 657629837
-395580465 -771590070
458546599 197446509
392211392 290876017
-215558982 -778267971
-315931808 -516959819
-573077533 -417559954
-23035259 -426284578
499960367 334331060
-140084976 -729124805
854270385 451112671
-744218921 -535745830
-700882640 -172364530
478390235 304514213
-677555261 -794517862
-913531006 -254916499
-79463791 -919451442
-928230346 -490899218
655265758 707437333
-978119609 -196992693
-214826645 -72100611
147548432 1497466
788577431 175243599
991297619 219062949
898137500 222224199
-872637446 -863963623
138389462 431286884
-144536318 -252714446
774128108 798091069
-320978580 -928377076
111429221 522240103
-698054884 -651048804
713090618 601723082
-104048204 -795277113
61373587 921531680
-656535120 -831380106
292914426 660704020
436303477 814320183
717538257 266650345
663939992 724599384
-285416109 -406485952
-925893329 -252958857
-27515745 -549332768
-874856863 -529876461
-155138451 -68226941
459807884 716530893
727399293 516325369
-423885677 -655180651
840913472 957781035
649465758 635900721
293389711 977219299
-948759576 -138420649
799844481 964519098
157802644 705063642
-593425854 -598960013
403771335 884133635
-944500478 -646681515
770811314 918369674
917654419 441059942
-548879114 -203330037
-274718317 -386178139
506475237 524797523
-165570677 -946526539
-115058580 -641725772
-752930064 -434759989
995790116 773800449
-574173696 -416241628
300258963 537287190
601513722 229867236
592587095 420021828
-383313441 -129175376
-339940183 -6178897
-558237432 -545729071
260471122 527108366
-173372909 -616441241
527215808 187743912
300254931 885522952
829703557 444460593
933873951 515706324
326097682 489608876
-677583053 -748178492
-909247544 -306789293
-850631976 -365018412
834853637 156856771
-856694799 -397292326
522910675 37996678
-895751971 -97530283
-984011140 -942884834
-565417289 -775976400
-220007621 -541867698
-910195116 -673826687
-631764538 -709535693
429262601 820323
-899579104 -860726493
439085209 919964944
-788054508 -586592494
-736566672 -993248183
237096077 15819532
-26292599 -841082743
-239514523 -235977889
785480711 641969689
939591444 846574426
-288954042 -633921718
107695352 78960740
-245356496 -788756090
-968119134 -132008385
-457144384 -536913877
43632916 203981018
-67523877 -310611199
-665882319 -544044182
-166061574 -767017113
-860684567 -254972618
-244878441 -922471406
-885955021 -836383699
889311569 666572308
267202461 558756936
620398680 43455263
-907050422 -154413840
910845273 66260051
-700948914 -621712140
513253539 580710426
-815854879 -3345123
342939018 557776780
-180410771 -953144589
-578722063 -116045957
-179226124 -631801334
407225025 750739859
733113500 680354350
970810384 122189732
803343653 153090189
512652529 714433996
629658723 899327719
-216422094 -47383875
-400023832 -744577661
-209313940 -205554974
391364716 499798749
-336432445 -706986522
554188067 840050032
-177365728 -335863316
256845302 162221861
-851428318 -749424658
889064666 692138572
-441213703 -377895423
300171305 756618682
666941311 91391138
96394649 640890685
122683668 859356275
998706344 272196127
170047133 862658038
-955396639 -314104306
516196041 89043434
-335810434 -82449738
497278866 148843895
-45227957 -797250904
255004910 778523692
-356052141 -4730938
-260526062 -631752362
-986030071 -309041217
-354031369 -123030278
-384524518 -32844667
335522510 988553311
703721904 610671663
554757972 211868253
-430742205 -557126797
-420533951 -178750782
-663491952 -427647787
382620700 325254584
-16081918 -569309575
869924047 486918480
-947827517 -505096893
896635647 642770317
312292634 500317841
734614641 240241028
-981257121 -178929849
272642770 620718782
-26247415 -40827623
651470620 706156825
-799786811 -242570312
-485506382 -236847747
-638845671 -243211365
-955154593 -845800100
148249715 850467114
-250336793 -682948566
338679819 54014770
-411921821 -459137663
-398144033 -769500396
107054467 645285983
166202699 411079114
-548541799 -525851680
-411622050 -39450395
-768040495 -87485000
691476645 382218332
-234011021 -538548855
-117204296 -819385886
154670220 349357212
102225826 164513939
-815533986 -771416395
-964334380 -126032348
-370191516 -293682413
-326628064 -779427782
334973591 389261585
-986778371 -748340123
-298289353 -440345419
344910203 399365550
-698515364 -852294245
603853914 843428515
810155191 80621484
914121824 304621234
-151916523 -429370888
-549651050 -680829525
-493892462 -33761818
442382636 777237079
-127099277 -214821621
-377323195 -113693475
111448921 193877440
362984209 648111681
-486973541 -710753351
867903480 306837638
-745563224 -424647682
-990781646 -289631743
-522671446 -104989736
881627232 502113612
-528082709 -687870166
-315731889 -720207022
-698488616 -691201952
-725789950 -776566399
804876019 154930716
-93572459 -668872209
686045036 830936818
-491972893 -694319749
-241073345 -725908133
