329
700 116
-767 -814
-396 -676
250 581
-882 -966
589 725
501 533
230 644
-424 -619
475 19
-301 -716
288 290
-618 -749
-879 -135
-298 -92
354 591
574 33
969 652
-431 -221
141 367
-436 -985
260 807
704 448
-99 -920
-714 -469
841 149
868 37
-508 -616
-123 -779
865 808
-569 -140
-33 -69
698 373
-420 -722
-867 -365
16 856
-11 -765
-945 -730
171 339
490 54
-200 -179
-171 -794
-224 -875
-945 -929
705 597
-784 -164
622 50
699 238
935 267
679 536
590 751
965 312
398 212
-222 -186
-945 -570
452 490
227 681
-85 -58
-434 -488
-881 -697
378 618
-543 -24
67 744
479 454
537 607
715 991
-217 -456
907 263
-20 -229
882 320
383 646
325 831
629 0
312 273
-798 -886
-680 -953
-688 -483
-789 -948
-731 -881
-314 -213
518 472
-712 -207
-425 -731
-646 -464
-277 -186
808 864
117 675
277 132
-717 -705
-463 -565
183 205
-165 -488
-355 -722
30 766
749 92
217 83
552 732
45 962
-292 -287
-677 -100
-16 -556
9 670
785 985
-704 -586
-64 -512
-581 -978
877 607
-218 -962
-231 -879
492 942
800 486
709 875
-293 -845
194 618
13 975
-863 -148
982 986
-754 -497
-640 -269
-410 -137
-822 -298
-401 -511
-224 -981
-406 -863
973 343
789 907
-774 -359
-399 -81
-407 -775
-927 -132
-53 -953
13 11
771 304
-883 -79
-89 -678
811 245
-420 -752
830 861
-727 -96
-256 -131
55 476
-488 -262
-456 -525
442 696
283 433
-827 -181
789 86
-660 -697
-779 -848
682 259
-374 -69
9 273
371 133
-779 -460
44 715
491 77
-519 -883
-488 -578
-960 -174
475 35
430 556
160 536
-682 -650
-539 -128
-393 -147
160 187
-904 -579
92 457
882 83
-801 -724
399 93
426 690
-700 -580
-716 -757
-636 -732
-767 -160
-797 -308
233 458
591 954
558 457
-952 -622
863 821
-909 -993
85 159
-629 -634
-950 -62
424 447
-728 -849
33 307
119 355
-357 -392
-532 -185
401 536
680 99
946 98
92 454
-327 -86
-237 -615
33 522
-513 -429
68 545
-32 -221
253 771
-376 -12
-115 -982
244 975
-991 -45
-310 -163
639 807
-640 -990
-65 -313
802 288
-241 -684
381 246
666 927
854 424
-555 -428
-823 -707
415 447
-969 -829
-925 -397
-739 -232
-348 -938
257 986
-969 -697
897 296
-993 -241
-228 -106
-951 -892
-358 -690
-58 -917
113 882
272 132
-374 -374
-749 -680
-796 -172
449 296
-886 -840
-237 -739
555 943
-634 -549
520 941
-751 -24
148 968
-995 -708
-709 -70
293 672
-447 -417
131 378
100 383
896 72
19 547
275 148
258 897
-407 -580
976 271
-455 -971
-25 -248
506 709
-278 -373
525 26
626 333
-925 -968
168 48
253 330
-890 -104
348 511
387 681
623 945
893 205
342 639
548 880
-544 -148
-857 -30
711 299
-460 -373
-531 -558
361 89
406 153
-425 -342
622 8
-969 -209
115 99
290 695
672 724
389 2
-647 -455
973 589
963 915
-667 -697
-814 -685
649 334
-791 -920
-542 -442
520 383
807 90
-227 -827
-539 -623
887 880
328 133
-981 -545
622 503
-923 -542
121 924
830 287
43 920
-36 -106
-316 -389
-953 -563
-907 -160
887 598
-238 -908
160 146
335 440
76 361
911 247
39 434
-518 -61
-908 -184
435 898
-673 -715
523 304
-998 -3
-597 -471
378 5
971 174
328 293
200 63
607 309
