108
-678 -802
-438 -30
-747 -953
-803 -811
990 803
-120 -646
930 324
688 313
27 781
-566 -186
356 468
-280 -843
-524 -677
-142 -386
-666 -667
892 461
919 217
474 75
813 195
-732 -916
718 523
-859 -169
-460 -538
895 203
958 807
-222 -860
261 324
-659 -604
435 626
-618 -320
679 799
-61 -496
52 406
170 515
796 784
420 259
126 226
413 955
-182 -754
432 576
276 790
386 697
-511 -521
3 647
-960 -847
-761 -549
-843 -635
-20 -991
760 161
-854 -975
228 64
641 246
819 734
-115 -997
815 611
-631 -761
574 304
-355 -115
-444 -457
-410 -843
-322 -242
-120 -722
243 187
325 399
389 572
-520 -1
947 437
-884 -742
683 405
-346 -541
432 565
251 721
281 250
240 520
-845 -689
781 498
-762 -409
793 421
-391 -333
307 382
795 895
-40 -271
538 557
-588 -709
533 128
-276 -757
-219 -469
580 437
740 53
426 609
240 463
-818 -729
-248 -289
-736 -645
986 443
669 340
34 898
440 675
743 381
-927 -604
-132 -410
-940 -740
-802 -332
839 140
-750 -348
-588 -584
-734 -329
266 712
