100
38 97 8
26 29 9
62 73 7
13 62 8
6 63 3
22 82 9
57 90 10
34 40 10
86 87 6
62 72 8
35 67 4
24 47 10
14 60 9
43 92 4
85 91 1
56 62 5
57 69 6
30 45 8
69 92 5
15 99 1
6 78 9
64 89 1
20 88 8
66 92 2
31 63 4
31 70 8
42 79 2
11 59 2
9 97 6
24 62 8
8 21 9
84 100 7
4 50 10
54 63 5
24 98 10
2 97 1
4 25 3
22 26 6
16 68 3
7 33 8
78 92 7
25 44 6
12 27 9
52 53 6
5 42 4
42 92 4
86 92 9
8 34 10
67 95 3
30 76 9
46 66 10
59 86 6
52 97 6
37 79 3
86 96 6
20 32 6
7 53 7
39 97 1
32 64 10
12 28 6
49 62 5
14 69 9
68 95 6
30 42 5
3 91 7
78 95 1
32 51 6
43 61 5
36 97 10
55 89 10
49 58 3
14 75 5
84 92 2
2 93 5
41 62 9
30 74 10
17 20 5
25 26 4
18 56 2
12 14 7
1 95 10
52 81 2
11 23 8
39 65 1
62 99 2
34 53 3
28 77 7
62 95 4
42 64 4
3 59 7
69 94 2
86 97 8
10 68 2
19 34 6
25 49 3
74 83 2
64 80 6
6 71 5
48 97 4
