200
147 182 33
101 186 14
7 66 10
73 180 33
43 130 36
130 166 5
20 23 48
1 148 5
43 49 12
20 104 20
27 53 41
71 124 39
21 123 39
44 200 24
18 25 46
17 38 11
48 144 49
22 126 7
57 153 12
96 124 39
18 126 40
28 134 35
15 87 16
43 75 44
129 157 28
75 143 14
12 104 9
57 128 50
107 153 7
68 174 15
20 163 21
67 94 46
14 176 43
140 194 43
14 65 34
152 195 5
10 36 38
57 168 13
52 169 48
14 24 49
102 108 8
58 152 38
51 61 16
47 99 9
155 191 45
25 156 25
112 196 18
14 37 30
100 168 7
31 65 24
123 148 34
18 99 44
110 190 10
3 69 46
106 153 9
93 107 14
83 187 20
23 196 12
72 140 9
20 139 35
75 160 23
82 92 13
146 154 28
133 193 10
25 172 36
116 139 49
32 69 26
35 152 24
114 174 23
113 156 21
31 131 24
103 114 13
10 76 18
53 94 36
5 43 27
183 184 8
87 185 11
10 52 43
35 160 21
34 159 43
25 86 33
59 175 33
65 199 21
4 108 31
34 178 24
87 160 28
59 139 48
53 141 9
69 89 14
154 174 46
122 177 47
48 138 42
96 106 44
74 170 9
38 133 38
59 133 10
40 157 44
29 118 23
14 70 27
104 120 28
20 63 14
144 171 31
41 96 44
51 56 25
115 127 25
39 125 21
79 123 13
75 135 18
29 181 43
106 144 49
3 158 22
140 164 18
31 59 20
162 187 44
63 74 17
102 198 13
10 144 19
84 161 8
30 106 11
52 121 15
23 80 34
7 60 47
128 200 16
139 186 18
75 140 31
26 110 6
28 55 9
139 153 31
11 64 26
155 186 21
35 115 24
27 96 5
149 158 16
105 122 13
25 153 15
33 122 8
42 59 42
77 168 5
91 189 24
95 182 12
28 179 14
28 96 39
28 184 49
8 106 49
16 85 20
41 182 29
2 103 24
11 101 8
96 123 24
75 153 33
102 145 23
96 197 41
118 185 25
19 144 18
9 94 46
27 162 31
19 188 16
61 160 46
45 106 27
97 132 32
102 155 26
50 136 44
43 84 38
75 122 25
16 86 21
71 173 40
6 78 43
117 163 32
108 165 45
125 137 29
26 191 24
78 123 19
38 91 17
114 125 12
62 179 47
146 150 30
27 97 8
98 114 14
20 136 24
114 158 42
96 158 44
65 180 39
40 106 18
27 46 24
142 184 48
90 97 22
54 193 34
66 191 7
81 146 27
82 164 28
14 109 46
68 88 49
49 151 39
103 167 20
65 192 45
31 111 47
119 178 8
13 178 24
34 123 30
