200
74 191 24
74 171 19
2 74 50
27 74 42
8 74 45
74 89 33
74 182 46
74 168 34
9 74 9
37 74 11
74 106 48
74 81 30
74 185 38
56 74 30
74 98 46
74 167 14
74 110 12
74 134 15
74 102 38
74 144 32
35 74 29
42 74 14
20 74 24
62 74 18
50 74 9
19 74 48
74 94 41
22 74 41
74 193 22
74 147 43
74 141 42
28 74 15
74 192 48
74 158 42
17 74 7
74 82 9
10 74 8
74 159 35
65 119 12
18 74 11
74 153 6
74 83 25
33 74 19
74 122 30
34 74 13
74 166 37
53 74 33
60 74 23
74 155 49
7 74 32
49 74 29
74 116 15
71 74 18
74 125 37
74 177 20
74 109 9
48 74 24
133 199 27
74 100 11
74 151 16
74 77 47
74 76 42
74 79 25
54 74 39
74 196 34
74 148 14
4 74 30
74 190 8
58 178 32
74 85 29
44 74 9
3 74 28
74 138 16
74 130 35
70 74 50
74 84 42
74 194 8
74 145 32
74 107 30
74 93 47
111 178 18
74 197 9
74 184 21
74 127 20
74 101 43
74 176 45
108 165 32
74 112 39
57 74 25
13 74 17
74 92 25
74 91 36
74 143 19
74 80 43
74 189 25
59 74 16
41 74 28
74 146 44
74 75 21
74 139 19
46 119 28
74 96 48
74 115 41
74 135 38
74 149 16
69 74 33
68 74 35
74 90 18
58 110 29
14 74 12
161 172 47
119 165 35
63 74 34
38 74 42
74 170 40
47 74 20
74 78 33
74 157 10
74 186 36
64 74 22
74 150 29
74 174 43
74 179 18
74 86 13
74 129 41
30 74 18
66 74 46
74 114 47
74 195 12
74 95 30
74 162 48
61 74 34
74 180 34
58 119 11
74 126 25
72 74 42
74 120 5
26 74 37
74 137 19
25 74 18
74 169 43
74 200 21
74 183 27
119 172 50
74 121 18
74 99 49
74 118 19
11 74 32
1 74 7
36 74 49
5 74 26
163 165 27
67 74 49
156 199 24
55 74 6
74 188 20
74 103 6
32 74 6
16 74 45
15 156 41
111 142 38
29 74 34
45 74 22
74 173 31
74 152 18
74 113 33
74 88 40
74 175 22
73 74 17
74 164 20
74 136 15
74 154 47
74 104 43
74 87 19
51 74 9
74 198 28
31 74 39
74 124 18
74 181 39
21 74 22
74 132 14
24 74 42
74 105 38
43 74 22
74 140 37
12 74 19
74 128 40
39 74 35
74 117 30
187 199 19
133 172 34
74 131 16
74 123 49
40 74 30
52 74 39
74 160 7
6 74 10
23 172 20
74 97 13
