100
39 145
36 161
175 200
92 196
13 152
176 191
63 70
141 186
41 51
18 57
34 133
166 185
106 192
25 173
11 125
31 171
60 193
53 105
149 179
99 167
54 138
108 195
40 120
95 139
65 107
7 174
84 134
55 97
43 56
77 159
88 188
75 182
102 131
45 48
29 187
37 104
17 22
49 170
86 177
80 155
59 76
144 153
23 148
147 183
82 100
30 109
12 199
62 129
1 130
111 140
81 178
27 79
98 143
16 71
8 194
78 146
20 190
19 126
103 128
64 117
150 164
91 180
72 181
15 156
46 113
2 89
44 66
52 96
58 121
68 124
47 158
28 35
162 169
38 73
9 122
118 163
50 172
32 114
10 69
21 168
24 127
136 184
61 94
74 160
93 123
101 115
137 197
26 33
14 154
151 198
42 132
6 135
83 189
3 119
87 165
85 157
67 142
5 116
4 110
90 112
