0000000000000000000000100000000000000000000000000000000000000000010000000000000000000000000010000000000000000000100000000000000000000000100000000000000000000000000000000000000000001000101000000000000010000000000010000000000100000000010010000000000000000001000001000000000010000000100000000000000000100000000000000000000000000000000000100000000000000000000000000000000000000000000001110000001000000010000000000000000000000000000000000000000000001000100000000000000000000000000000000000010000000000001000000100000000000
5000
146 245
236 450
151 277
32 453
208 482
49 292
34 319
139 501
49 469
205 240
93 380
131 370
55 304
168 395
77 367
445 516
352 517
95 215
109 289
160 362
32 483
70 315
243 516
226 445
55 370
309 501
43 470
5 493
215 493
206 419
86 514
251 467
14 170
287 499
113 341
203 345
261 437
39 494
276 511
265 444
61 381
196 506
256 516
2 514
213 487
122 335
186 412
161 512
91 186
58 410
6 349
102 438
5 131
20 389
359 477
96 474
47 444
305 502
438 452
421 511
78 161
72 431
219 324
209 340
284 411
197 387
25 455
267 497
23 339
90 509
92 313
311 486
82 281
39 493
21 346
260 464
327 457
76 364
134 175
98 372
193 479
14 216
44 367
157 439
415 468
4 223
170 296
36 410
242 517
44 378
49 280
75 479
110 378
39 454
21 185
84 458
8 406
62 192
83 439
72 495
149 483
5 313
321 475
307 381
13 369
8 278
132 510
91 248
51 448
101 416
39 258
299 450
17 472
116 446
149 222
1 126
140 461
308 475
101 248
110 349
203 430
138 301
64 484
84 254
272 517
325 380
70 266
26 331
123 364
367 510
226 327
266 479
161 437
149 299
66 395
233 446
34 82
11 341
8 445
352 505
61 469
3 291
14 279
6 199
21 46
55 114
105 481
194 367
109 236
225 447
12 416
115 499
216 442
29 465
185 425
240 493
76 275
322 509
262 445
469 499
360 419
35 407
28 319
6 266
363 512
38 347
387 471
200 435
281 443
108 200
130 318
119 467
3 373
95 226
105 327
53 305
114 150
357 506
93 422
85 387
207 418
2 37
6 517
3 513
147 312
82 346
28 410
29 434
77 495
163 430
3 187
3 233
49 100
37 359
265 446
33 463
62 338
109 336
313 409
51 479
34 184
212 407
24 322
11 154
257 492
121 406
209 513
17 421
191 508
35 501
23 391
214 347
130 364
368 506
2 240
338 475
465 515
85 391
96 232
75 514
90 465
121 292
37 493
18 453
120 381
156 458
258 388
36 408
488 514
43 269
84 377
19 247
185 327
107 385
276 462
88 411
96 457
10 278
118 438
38 447
13 498
98 473
308 473
32 502
12 410
404 516
22 368
43 323
181 435
166 367
8 444
283 389
61 192
330 471
1 478
92 187
113 360
352 447
107 482
147 245
74 308
55 494
100 195
234 394
115 225
53 300
54 352
346 481
85 503
46 479
186 422
68 446
88 171
96 200
3 184
73 281
273 444
87 517
109 348
337 507
382 494
217 443
91 312
164 511
15 484
7 216
24 470
297 431
174 384
176 452
80 371
418 497
179 513
3 300
1 475
24 380
25 446
114 431
103 428
62 273
3 222
128 301
258 462
207 493
41 198
332 491
146 289
71 486
134 445
387 498
280 416
21 247
77 297
251 508
75 152
331 512
309 445
270 507
43 304
138 414
298 448
135 440
106 355
151 475
300 478
264 408
234 468
40 129
28 382
29 118
19 218
58 425
115 486
327 373
173 340
55 322
287 509
96 382
34 498
222 433
424 479
8 335
254 352
127 479
32 362
1 429
139 444
475 516
48 417
19 435
232 351
35 355
197 449
96 483
376 484
46 382
27 154
7 172
209 502
330 395
31 471
27 173
215 478
62 239
1 444
138 403
15 346
23 164
41 313
18 217
105 506
151 462
145 456
189 385
119 480
29 168
188 238
185 367
30 510
217 311
76 512
351 409
440 486
2 341
52 365
96 309
144 390
239 506
22 301
31 439
110 288
183 316
18 251
97 280
391 441
47 498
28 399
155 249
83 482
5 431
144 410
164 516
49 404
46 183
6 413
139 496
7 221
120 498
236 505
5 194
102 428
162 373
346 482
27 490
338 494
81 473
3 478
56 287
63 278
310 440
4 456
242 252
310 505
97 176
39 221
45 377
106 399
23 433
159 463
354 477
196 426
139 513
212 512
25 168
127 515
424 511
61 339
222 493
297 493
295 475
190 387
58 288
142 448
12 129
2 138
71 490
485 511
40 474
260 464
81 191
49 384
4 432
8 505
39 387
316 463
71 255
6 120
75 88
9 454
29 424
138 416
150 467
5 286
23 256
3 451
189 387
53 495
82 287
5 49
19 415
163 400
290 493
60 333
224 505
116 397
20 223
278 488
149 208
97 479
36 454
143 489
446 504
220 456
22 182
48 351
247 446
94 422
71 417
273 488
240 423
9 293
213 455
5 148
18 498
67 424
63 165
257 465
220 366
245 309
75 404
164 376
373 426
17 488
131 209
41 275
29 506
345 485
177 378
161 486
113 288
9 75
5 64
58 346
87 291
70 433
141 514
146 516
36 266
74 290
314 506
80 393
219 334
309 516
28 145
198 464
213 365
134 513
37 482
69 424
90 496
49 398
9 434
68 488
21 468
18 244
28 429
15 408
145 259
7 61
3 438
51 402
86 450
3 291
405 512
138 426
12 61
2 251
68 427
248 388
13 65
61 104
46 430
314 494
412 420
23 310
4 50
155 431
90 399
57 433
62 342
237 515
119 365
79 409
1 393
196 473
178 461
144 295
115 218
9 429
309 496
398 515
197 461
111 163
127 504
148 513
178 319
33 435
132 474
171 262
275 435
24 467
24 431
158 385
273 379
104 232
89 283
78 261
139 312
233 314
338 430
50 447
471 497
141 453
163 377
322 482
158 508
170 517
23 391
196 498
267 436
139 215
126 228
180 515
34 388
128 461
5 225
211 330
120 463
248 438
48 308
374 505
138 488
247 506
58 324
22 231
177 478
339 362
56 197
25 159
142 473
99 339
179 499
85 366
138 379
226 474
18 436
179 491
129 496
221 273
20 507
174 195
18 257
2 428
83 177
362 394
148 410
4 274
128 463
34 438
62 463
7 195
209 504
159 456
75 390
315 516
21 101
45 152
110 379
23 473
17 182
353 447
388 492
36 222
136 515
132 412
103 506
380 448
216 334
144 339
42 196
11 396
93 441
29 515
37 207
16 233
81 487
227 386
251 373
50 270
112 424
87 272
13 265
108 473
484 517
22 464
240 444
77 355
75 249
441 464
13 445
44 413
311 493
364 515
192 454
7 366
17 473
22 128
311 509
112 431
419 517
166 415
22 470
52 133
80 391
119 422
165 387
199 437
66 497
36 326
5 294
124 513
70 459
93 383
4 115
95 495
156 353
111 503
289 455
3 200
356 505
265 468
191 421
43 265
360 469
4 374
75 321
6 187
256 344
236 513
364 439
23 420
21 265
132 511
42 402
75 373
326 402
106 341
123 446
171 379
1 168
133 268
31 333
271 517
275 333
214 388
244 405
150 507
330 505
303 448
8 353
372 515
110 264
4 277
409 449
141 304
175 385
124 493
165 517
230 478
31 272
231 395
225 383
13 143
80 388
3 98
75 191
14 472
194 472
407 515
2 277
21 516
21 356
109 422
9 103
250 399
2 444
89 433
34 256
47 494
7 446
14 316
453 483
408 470
36 344
6 377
42 427
89 517
33 471
20 100
133 512
280 517
138 304
83 482
53 507
215 449
43 334
342 515
27 115
12 367
235 497
58 456
324 510
14 152
56 513
196 503
4 194
155 478
146 259
55 487
252 349
2 82
198 460
128 340
53 122
41 228
246 515
90 182
17 395
34 477
193 449
70 483
49 433
24 303
352 483
200 329
88 364
23 203
121 282
15 479
3 249
75 219
183 214
273 513
37 124
26 406
68 495
176 338
243 505
245 420
327 385
286 497
131 404
59 505
208 233
107 412
89 357
38 187
20 474
137 394
40 509
219 510
6 499
296 393
142 242
181 317
253 472
34 260
4 506
52 408
140 517
13 243
95 357
65 245
14 497
41 462
37 359
156 425
149 415
3 419
38 246
283 360
3 283
211 325
397 467
258 452
212 516
70 266
47 436
67 415
137 508
75 498
285 438
247 450
243 508
144 259
27 174
100 333
163 295
166 411
376 505
145 324
17 515
25 453
178 443
159 472
29 422
72 487
18 376
91 389
126 410
74 445
48 512
46 118
2 159
27 214
103 496
30 470
18 182
57 252
123 515
246 304
248 454
16 511
8 326
52 247
132 428
2 410
237 514
81 226
427 517
2 94
49 449
82 324
3 149
204 471
10 517
301 498
26 401
302 509
2 402
383 514
225 411
272 512
171 335
17 327
317 378
122 262
271 308
430 482
354 433
333 460
95 381
74 241
203 457
117 380
309 479
198 486
59 286
47 105
349 460
149 487
126 490
153 485
44 320
68 516
10 112
166 484
8 358
21 367
79 329
20 276
209 443
62 102
224 368
2 444
15 161
61 119
65 509
22 133
92 509
249 279
147 353
171 338
91 245
390 510
18 446
159 427
116 427
55 431
77 445
129 312
1 260
177 467
65 245
15 506
12 385
136 490
26 349
243 435
21 452
83 288
218 498
41 453
21 125
213 356
174 493
295 380
19 181
158 430
91 514
32 279
408 474
161 463
375 471
127 424
109 472
104 376
16 507
176 323
366 507
239 445
349 473
159 512
88 418
20 429
9 358
50 403
307 470
419 493
57 186
89 398
460 500
75 455
83 258
339 470
14 272
172 285
131 319
104 267
85 210
125 337
289 512
163 508
136 501
80 418
85 490
110 426
71 476
11 278
138 322
227 485
64 454
233 345
127 317
350 503
16 177
85 392
47 369
126 230
68 175
299 478
41 304
367 488
176 494
317 442
75 514
379 517
46 513
299 495
99 154
372 506
6 246
1 460
39 454
235 516
25 454
229 509
231 422
229 472
269 510
147 282
85 451
106 160
50 464
48 408
26 431
185 412
145 486
51 356
78 459
280 494
27 507
43 482
335 368
415 494
16 423
242 404
18 333
7 404
242 420
100 339
457 511
115 209
55 509
436 489
13 331
48 494
73 180
129 347
4 117
159 484
71 489
344 515
26 411
96 429
53 131
16 489
35 275
48 448
144 343
314 514
14 369
33 284
45 343
55 371
146 283
214 400
208 324
50 123
164 315
110 404
54 107
38 450
36 376
9 333
214 499
186 380
22 181
48 440
254 495
119 331
86 498
111 262
63 290
1 223
8 390
6 27
72 147
168 470
25 361
125 409
276 431
80 466
54 479
47 365
151 240
14 126
92 389
198 512
65 446
72 502
266 512
80 349
110 156
220 319
1 246
28 310
58 341
207 472
48 382
77 461
329 413
414 492
2 360
95 487
230 512
5 123
226 486
178 448
15 286
7 514
65 489
319 501
92 350
382 503
115 355
2 320
25 470
127 405
270 380
54 382
17 512
322 372
14 41
345 419
131 301
10 425
105 405
57 329
295 472
205 364
473 515
62 193
8 258
183 320
3 8
115 479
21 383
27 409
259 514
19 455
219 430
176 437
90 405
39 288
28 462
114 469
155 472
7 480
166 441
4 162
64 337
2 382
190 323
290 510
117 355
197 404
269 445
129 359
276 481
143 321
511 517
68 379
337 398
2 477
30 298
34 485
55 100
22 497
3 260
43 244
83 503
224 419
18 176
11 404
106 468
169 310
340 500
25 213
9 88
100 313
120 504
52 421
278 496
105 392
182 264
319 411
261 495
221 400
274 466
250 504
17 471
174 408
116 512
264 450
166 453
13 510
40 502
92 457
70 342
104 510
397 425
72 122
220 489
16 478
70 511
126 417
73 192
35 342
394 498
326 415
220 450
202 308
118 426
258 503
3 56
385 495
449 515
378 501
252 366
198 240
208 463
107 371
370 449
93 485
142 411
121 499
25 473
374 471
211 282
311 421
67 190
317 476
35 508
172 495
139 413
28 143
166 435
7 276
14 378
140 461
146 319
236 308
3 131
29 73
266 511
107 515
12 342
7 126
241 501
50 478
4 125
99 288
162 476
163 506
149 356
65 416
23 392
118 450
103 505
332 484
387 437
7 347
112 461
20 358
103 439
55 413
250 509
4 252
68 463
355 488
122 412
99 422
82 309
36 63
83 512
189 332
32 397
84 173
82 488
66 453
194 440
39 369
151 354
27 294
127 290
16 217
4 387
125 501
60 243
260 505
103 335
303 496
11 437
27 417
16 363
134 371
436 455
27 170
204 433
8 175
305 517
58 247
5 279
57 286
8 259
9 497
193 361
135 277
163 465
100 512
43 506
227 323
349 495
22 431
1 48
25 194
104 466
164 516
26 391
177 444
2 400
43 407
215 412
16 271
299 447
27 146
232 384
24 58
112 504
49 487
204 517
25 462
86 405
132 263
428 511
29 330
330 412
197 495
156 374
218 486
77 314
15 100
160 399
290 455
51 498
18 172
21 496
153 255
26 419
4 74
27 360
409 505
292 500
88 424
1 374
325 482
42 330
17 312
117 498
37 291
59 414
357 512
78 284
27 301
108 400
25 509
95 322
386 467
27 349
109 499
54 133
56 481
361 507
20 509
165 463
121 469
52 112
129 493
167 449
300 458
59 135
49 155
60 496
107 438
296 335
234 498
374 509
8 356
257 422
132 192
4 80
108 266
94 311
158 315
79 507
287 504
254 487
438 495
123 431
27 446
61 184
51 250
431 473
283 407
130 137
73 280
84 205
32 253
287 472
6 470
369 473
158 513
418 511
407 499
131 459
273 318
143 489
71 169
11 80
68 135
74 419
38 382
47 393
322 490
17 493
137 368
13 255
297 379
155 417
20 118
14 195
345 435
325 510
207 413
12 412
207 425
204 515
130 367
252 497
13 482
71 501
2 110
469 496
169 476
241 511
54 335
2 249
337 455
96 272
50 280
8 226
90 516
136 479
329 472
336 509
142 372
96 460
99 250
136 514
44 495
33 367
329 516
210 477
268 497
11 149
148 333
122 367
52 88
44 370
145 508
438 508
142 476
62 440
82 467
7 28
27 456
157 317
17 351
40 481
124 294
3 186
33 124
193 433
403 493
81 449
57 397
90 489
70 383
27 478
61 506
97 510
85 484
52 216
162 367
65 425
25 349
95 382
224 477
235 482
265 463
161 367
166 468
27 188
274 480
452 513
73 501
487 500
29 336
220 508
27 480
114 465
30 506
80 400
99 514
138 454
355 512
11 382
170 474
180 436
1 192
65 510
157 452
153 380
83 446
185 503
309 391
5 383
29 516
61 494
5 298
149 287
148 488
213 272
136 451
284 458
433 510
1 378
45 350
221 480
63 447
403 449
84 252
33 322
12 396
79 91
14 36
18 432
131 344
26 406
202 494
282 339
98 318
147 482
5 423
33 327
224 370
15 259
73 403
59 378
1 494
95 322
5 369
10 344
6 338
1 503
14 278
3 445
451 471
39 332
23 442
19 514
121 280
238 417
134 440
21 422
280 496
133 176
11 256
146 495
18 63
20 215
91 459
30 85
156 374
17 195
35 452
42 224
69 450
54 233
24 220
20 447
21 434
36 253
134 368
31 419
112 344
47 291
53 353
16 396
19 193
271 305
99 333
337 381
318 415
160 430
1 397
221 376
445 509
22 476
86 209
69 486
87 339
91 455
88 260
165 306
62 365
126 465
212 449
45 513
54 443
250 389
3 210
202 392
25 54
33 246
135 464
187 346
83 459
192 481
277 475
183 496
16 384
44 238
231 410
60 382
231 488
85 513
226 262
29 49
66 453
32 431
14 485
80 454
3 464
117 483
92 484
43 429
133 258
272 414
119 500
10 426
235 456
288 504
380 403
71 265
13 516
422 482
119 508
17 347
69 490
328 509
236 414
377 514
47 238
86 240
27 509
420 448
274 498
415 501
187 480
192 508
123 517
37 468
179 280
137 181
259 416
302 516
80 308
127 480
442 514
303 514
14 351
261 391
275 439
275 476
70 369
53 355
38 467
350 461
35 361
314 448
61 261
51 288
20 405
140 516
122 329
99 223
90 499
67 475
11 270
176 517
96 379
85 438
10 246
79 377
6 103
65 442
260 474
72 78
147 455
234 397
70 349
30 423
177 453
6 256
50 423
50 253
91 380
193 309
63 162
159 448
21 232
92 305
65 489
127 339
88 507
57 458
109 445
281 474
111 296
141 482
1 486
158 504
107 249
4 431
217 415
2 254
182 481
45 340
35 471
145 505
31 322
1 223
159 483
129 229
188 405
127 443
86 229
37 452
21 221
115 464
118 502
3 324
306 475
27 127
327 490
59 317
9 374
70 363
9 285
256 430
41 435
270 429
68 203
72 273
21 502
64 434
116 389
36 462
136 318
447 504
70 191
431 517
365 516
11 305
9 495
397 409
1 507
284 509
16 332
101 484
226 353
129 450
6 152
176 502
110 441
32 341
112 293
411 424
129 504
218 444
117 476
43 202
42 294
224 375
291 346
37 331
65 383
5 295
276 419
82 379
178 501
17 444
128 371
28 122
149 503
139 301
348 499
127 335
309 396
231 410
359 500
220 338
70 405
137 183
10 430
53 252
67 144
138 441
194 475
92 472
97 252
203 241
119 452
414 471
261 367
5 194
13 212
370 459
205 506
121 315
69 386
98 310
146 263
78 469
7 64
301 484
109 425
6 124
389 508
139 386
81 459
84 489
20 465
308 493
103 498
39 504
77 434
429 516
91 510
232 495
36 383
366 492
13 333
235 465
55 445
62 244
33 344
3 501
30 341
93 514
47 493
6 377
82 411
146 414
185 491
233 514
46 406
28 448
165 305
372 480
28 227
428 509
433 464
1 14
42 144
15 483
46 282
17 367
417 505
221 434
27 386
10 459
259 349
50 426
215 409
150 434
361 511
98 298
131 470
296 473
8 466
28 345
384 480
78 284
1 106
405 418
210 491
61 400
16 490
3 267
29 485
123 363
31 223
225 356
260 507
234 466
170 375
425 478
12 339
77 395
11 381
63 259
149 469
31 207
82 244
325 380
74 234
134 336
103 397
394 444
75 378
10 380
41 441
105 515
108 114
16 66
33 254
34 483
266 468
83 387
193 517
128 367
250 425
125 354
71 365
42 480
10 100
153 263
1 44
166 474
53 381
342 471
109 463
37 188
121 440
171 441
15 252
13 429
11 269
46 498
360 441
67 285
134 413
84 265
40 235
147 504
82 348
1 232
129 245
39 453
2 433
78 467
58 409
36 308
103 344
11 506
122 419
229 486
155 315
93 509
301 508
186 352
67 438
62 459
260 365
287 516
170 471
47 512
98 504
376 494
87 475
91 205
17 461
280 412
195 485
21 71
35 307
104 451
7 226
27 265
272 456
19 503
267 324
72 295
11 160
411 504
1 125
283 419
372 487
352 481
55 497
95 515
45 406
60 369
71 469
338 495
399 503
52 516
44 297
2 457
32 507
242 500
173 490
123 410
118 415
401 502
88 437
342 503
61 254
39 352
204 491
180 498
99 472
80 302
32 167
58 358
7 437
105 512
261 342
17 460
23 340
11 139
2 325
178 436
2 243
261 357
124 397
141 246
2 140
64 419
157 445
131 484
210 433
23 449
70 253
208 311
81 266
272 309
74 167
323 398
33 116
259 407
47 354
256 515
238 466
46 362
24 159
143 399
4 427
132 440
1 104
286 501
245 389
12 459
137 507
25 510
42 493
27 420
39 224
135 302
252 454
165 469
3 505
64 482
176 496
52 185
73 400
257 517
163 510
13 185
103 393
45 492
22 431
34 169
397 513
49 382
30 159
22 486
470 498
239 399
71 255
202 251
206 431
150 482
109 497
16 356
13 498
143 372
120 488
357 496
2 475
9 396
49 201
20 173
29 360
116 492
7 502
14 510
2 305
313 462
284 492
354 475
76 313
235 445
159 190
23 295
38 54
6 398
8 409
126 476
204 371
79 451
103 233
99 340
191 424
77 409
188 229
218 324
33 330
64 494
88 503
338 386
38 419
105 375
16 508
34 423
174 456
141 352
235 516
19 219
20 414
155 260
12 458
39 417
56 504
71 320
77 514
297 465
132 382
5 209
176 507
136 430
42 210
39 512
78 299
59 242
3 308
257 463
235 501
84 350
10 458
52 284
81 462
84 322
284 487
166 337
26 277
320 389
53 275
338 469
201 442
375 455
225 515
17 284
236 446
331 482
50 155
10 226
114 353
96 435
28 374
141 339
137 513
253 408
48 381
192 398
94 499
57 169
191 368
16 515
241 415
170 383
396 469
32 514
8 451
96 371
13 126
164 275
44 475
454 505
140 327
120 446
322 354
10 436
151 218
3 232
355 376
334 454
12 317
41 337
192 315
108 472
39 369
314 514
52 312
396 448
84 290
416 480
174 476
22 490
106 218
229 442
177 431
27 475
310 514
168 470
305 478
50 389
32 342
300 406
104 442
45 330
67 476
377 480
16 433
99 390
17 112
78 244
268 481
362 470
84 437
13 363
111 223
2 501
5 451
36 348
315 479
236 438
155 376
413 496
260 496
286 333
19 389
142 447
164 259
13 153
206 371
207 303
103 129
392 504
102 470
154 517
130 334
62 380
21 371
326 471
130 272
363 498
6 169
42 457
82 511
194 477
12 513
147 448
371 424
321 473
112 449
26 349
30 332
69 465
11 386
205 483
65 331
165 335
23 502
22 346
265 498
65 515
206 503
296 503
55 505
38 239
15 434
3 190
10 451
87 514
360 477
296 473
458 510
22 123
252 508
87 441
201 509
179 514
94 202
168 413
255 267
59 183
68 248
59 179
174 454
6 325
161 255
115 436
329 484
1 403
50 450
65 147
7 17
1 77
48 500
123 491
16 328
25 330
67 383
83 432
162 517
194 265
97 198
451 483
138 199
84 428
96 330
154 182
412 488
35 497
149 194
28 456
1 19
46 425
138 234
274 457
2 458
372 440
2 154
224 486
90 368
26 444
59 288
228 364
304 380
358 491
96 307
461 494
68 318
279 507
351 385
103 443
188 484
158 386
42 203
133 480
192 360
220 470
206 417
141 448
315 468
8 414
135 303
220 477
226 505
304 506
304 456
91 392
211 462
7 278
83 213
2 227
348 445
57 364
198 487
45 500
60 421
339 396
68 454
57 447
29 457
51 442
65 353
25 477
19 451
172 424
42 389
52 449
74 344
173 358
19 475
50 322
34 366
178 352
61 387
201 439
27 83
217 452
87 504
281 487
348 516
14 66
24 477
28 457
164 494
313 422
285 490
28 371
71 167
93 412
301 487
15 435
319 379
470 515
251 405
171 457
24 468
41 515
105 477
51 380
171 422
9 259
126 475
260 431
25 400
416 513
125 219
90 302
9 309
143 258
5 398
177 219
371 439
13 375
239 506
126 422
223 472
78 314
273 422
25 400
129 350
276 513
75 291
178 509
88 369
9 58
263 498
102 516
8 155
246 435
385 456
164 437
206 494
80 511
148 406
106 486
14 425
55 123
77 353
409 503
260 393
102 347
322 398
36 366
80 398
232 482
209 495
74 478
255 457
410 419
6 103
167 488
4 366
40 275
349 495
112 453
10 201
43 111
5 207
217 510
225 465
54 478
14 466
141 324
101 316
329 511
343 479
25 448
43 427
253 479
162 451
216 359
68 378
55 392
5 190
72 483
81 421
82 342
135 504
113 409
9 317
11 372
273 510
61 429
92 475
303 428
12 481
120 477
62 393
45 454
298 379
70 195
48 237
66 384
209 486
225 344
337 498
3 414
26 265
200 316
433 505
258 499
216 464
43 447
14 407
38 364
378 504
39 505
349 501
123 297
80 494
29 477
98 512
21 477
16 293
150 387
488 494
30 112
245 516
76 444
41 308
13 472
275 340
92 484
284 504
38 288
17 335
21 445
26 168
13 295
51 364
204 293
176 507
94 251
12 420
271 395
94 479
5 192
135 499
5 98
7 263
272 471
6 475
49 516
62 494
387 516
87 440
55 472
2 419
82 439
197 449
176 502
110 505
207 484
72 327
145 358
368 507
69 288
368 494
111 324
2 354
374 431
24 450
278 411
127 346
140 331
22 410
129 514
191 400
198 394
37 479
13 357
91 460
361 504
9 136
149 378
5 122
234 333
31 510
1 480
27 122
95 183
318 418
45 516
57 399
96 301
123 398
215 502
45 205
161 300
6 279
55 174
30 478
45 172
220 496
269 466
123 439
170 338
14 514
451 507
171 294
328 438
269 476
170 453
20 235
130 473
268 396
71 309
37 450
199 515
66 335
28 473
100 505
3 283
27 228
426 501
29 200
32 422
418 462
170 334
115 427
14 299
48 488
299 497
250 504
377 512
419 507
386 476
37 471
326 499
111 238
29 206
26 456
70 464
13 339
158 481
42 247
4 345
180 468
266 439
88 405
32 185
79 178
33 272
67 151
312 514
30 373
67 387
68 418
20 383
40 184
49 489
10 493
55 279
31 457
159 412
2 221
320 507
140 315
21 264
444 478
51 276
6 180
288 448
149 401
253 324
32 394
28 198
9 126
46 441
298 516
254 337
57 273
147 430
200 386
284 491
42 431
283 468
134 479
11 494
1 430
35 457
211 242
327 502
4 93
71 255
240 328
63 314
103 160
135 196
333 492
351 505
167 288
60 338
77 322
233 428
73 333
84 239
341 428
17 334
168 238
12 455
52 504
282 377
117 475
240 510
7 242
10 150
26 464
427 499
335 495
115 458
62 230
41 429
405 470
36 480
181 451
84 351
182 513
34 355
96 254
41 428
205 468
263 508
6 414
38 103
89 499
270 484
294 483
18 170
198 342
87 362
199 326
8 328
333 473
173 457
128 376
181 268
151 380
110 302
492 517
194 395
250 451
141 377
222 451
383 491
90 261
345 512
143 236
1 463
48 514
166 497
301 493
223 514
16 169
9 398
55 450
103 482
36 187
235 314
98 490
175 449
79 347
11 247
194 251
45 341
218 406
134 233
167 469
30 493
329 387
41 361
212 422
244 505
192 388
159 420
371 465
189 514
24 267
53 296
80 489
12 276
396 495
443 514
187 413
25 241
51 505
176 376
308 492
46 337
31 516
2 406
29 393
86 467
180 421
299 515
274 468
253 474
24 241
37 332
405 499
167 507
359 498
154 311
27 406
242 474
39 377
16 463
300 469
32 248
235 295
320 401
39 517
68 237
45 472
121 362
254 398
34 443
288 446
34 269
150 397
113 441
254 462
9 367
7 114
229 456
30 210
274 472
107 427
54 195
6 500
47 228
81 501
96 239
65 244
295 510
321 435
128 446
8 325
116 338
1 509
181 442
57 354
329 452
128 254
321 363
39 388
19 430
173 336
2 90
58 279
48 186
223 464
220 447
35 420
18 209
138 457
43 266
157 478
427 498
104 483
309 510
32 136
41 445
49 468
14 440
196 503
77 455
103 477
109 428
27 157
100 320
184 441
16 297
73 442
380 453
40 215
22 516
11 92
48 259
3 504
271 516
39 300
101 243
40 361
284 397
81 513
102 405
72 501
194 454
80 360
52 455
217 454
3 497
4 309
6 451
229 506
16 366
103 367
179 510
99 283
253 375
111 385
353 427
47 512
55 219
301 448
77 504
7 353
65 506
104 514
216 461
220 491
281 472
92 507
225 385
59 455
216 500
1 129
92 416
323 415
56 461
82 207
387 505
68 400
106 317
81 486
91 481
47 164
70 487
55 165
215 404
42 172
48 99
142 410
329 496
68 484
55 513
5 64
15 425
82 437
21 475
79 301
74 417
315 491
203 426
152 480
333 503
315 487
75 488
126 454
296 441
94 435
17 205
355 439
113 304
45 187
48 325
220 484
159 473
24 131
12 47
24 421
32 85
53 276
428 458
187 462
23 338
100 372
39 392
364 485
3 311
6 487
31 377
144 457
405 486
144 483
102 296
73 413
98 348
121 238
240 401
53 146
54 505
33 488
191 384
204 347
19 240
102 214
179 508
212 496
294 458
332 440
7 358
5 335
46 425
2 477
247 448
70 516
187 506
177 272
24 271
87 472
135 337
148 455
116 404
82 474
20 61
139 512
63 516
197 427
102 336
176 505
30 324
5 416
78 476
100 321
76 511
16 484
259 483
70 362
344 492
366 517
16 435
27 175
13 479
79 453
1 214
164 290
103 492
489 496
162 505
8 460
392 511
232 441
4 397
159 424
80 367
57 405
1 131
406 469
43 368
463 516
255 456
271 457
197 396
224 457
130 513
199 408
13 517
18 262
17 477
208 509
38 325
93 211
89 243
95 352
8 207
120 401
102 496
122 194
160 488
216 504
94 478
83 211
129 324
214 416
119 400
180 372
156 311
79 378
144 456
70 239
328 503
68 320
83 409
18 390
2 462
12 363
17 512
80 324
69 490
7 372
227 306
29 472
418 500
2 277
3 421
269 314
436 457
266 381
114 342
494 515
43 507
400 457
174 465
23 421
9 262
59 424
14 316
60 395
128 500
34 276
290 488
150 430
2 480
358 497
464 492
67 290
7 422
108 353
5 307
222 411
235 505
71 389
64 153
12 185
85 388
66 488
16 496
10 24
14 319
181 482
248 517
63 492
346 515
150 261
243 494
65 323
112 417
104 402
410 497
193 389
380 500
5 184
9 81
261 497
43 309
317 508
36 451
38 380
14 366
109 410
240 516
151 256
8 321
215 508
72 171
128 441
204 410
201 510
172 440
100 237
179 377
13 397
273 349
188 396
251 433
135 382
85 428
19 393
14 117
89 411
269 395
181 498
274 482
149 463
134 419
414 478
26 234
92 240
184 399
101 478
12 434
334 510
51 416
23 412
27 420
149 419
253 420
202 513
21 471
296 397
17 146
186 441
76 164
85 516
59 428
376 493
1 457
9 494
324 399
149 399
122 346
251 497
202 496
429 497
1 44
306 425
124 401
379 488
219 459
174 455
194 263
53 420
54 365
81 471
23 37
173 504
249 488
102 485
43 342
296 424
45 304
83 338
163 476
197 385
50 361
283 515
48 499
496 516
86 353
65 510
189 436
258 437
46 469
20 340
25 432
337 517
48 497
8 172
221 505
4 46
107 500
343 505
29 456
112 423
85 412
87 290
224 419
77 375
242 504
101 267
11 452
58 483
74 496
381 485
70 361
246 503
76 457
292 499
248 466
191 366
70 453
16 422
242 413
187 296
171 491
73 354
40 121
137 445
6 116
35 199
423 494
1 321
119 467
259 395
251 338
190 414
91 343
127 371
54 306
129 504
4 334
57 420
63 490
29 334
372 447
111 334
80 370
23 345
27 412
48 243
43 357
75 449
85 327
24 304
33 288
146 426
83 321
364 464
302 483
82 403
380 466
10 247
209 476
25 496
26 324
194 456
285 366
27 360
99 348
286 497
70 426
303 446
17 388
384 511
25 349
96 347
49 200
50 511
229 372
14 456
178 473
378 399
117 292
337 515
138 247
70 246
365 476
34 285
208 418
17 371
227 406
150 311
169 491
16 338
62 242
184 329
38 201
46 470
358 415
81 465
72 350
145 419
416 514
182 400
46 346
269 448
127 448
96 514
13 46
34 433
337 508
84 493
144 255
14 512
64 354
60 367
108 322
368 492
150 513
203 479
44 298
58 408
55 447
207 417
283 485
33 510
57 480
5 498
94 502
155 193
12 412
276 395
193 389
7 189
350 514
311 516
161 509
149 308
178 397
246 501
256 342
404 512
198 507
46 351
126 498
68 413
72 286
445 508
40 312
7 275
136 498
104 435
36 309
74 367
104 362
22 381
95 269
8 133
142 383
1 433
120 393
119 401
212 395
306 363
195 463
8 363
34 242
18 456
120 495
5 326
440 494
462 492
10 370
155 423
56 265
91 352
275 290
75 344
157 263
383 429
91 470
174 367
172 202
62 433
65 422
3 388
19 349
16 428
94 507
272 480
5 280
154 347
58 183
20 367
267 349
71 205
244 459
40 163
275 417
157 437
2 172
78 238
125 514
27 251
263 485
247 368
8 452
45 504
23 476
6 435
24 487
8 513
305 461
90 355
152 331
212 512
2 437
181 482
159 516
60 431
90 418
125 514
94 346
7 303
55 371
308 487
44 93
19 58
76 316
47 411
86 398
86 353
93 335
316 408
120 482
8 471
205 507
290 460
77 335
84 380
114 288
222 516
233 444
225 509
244 456
46 206
3 438
93 248
122 505
190 313
21 423
25 264
266 463
396 445
35 381
85 397
18 432
151 476
291 456
320 504
71 414
256 486
241 449
199 410
79 496
59 463
144 416
63 517
80 189
239 300
37 389
420 505
42 351
180 501
26 190
194 508
228 476
8 80
56 211
289 440
452 478
255 298
144 375
172 451
16 320
10 379
95 406
74 494
16 327
6 340
7 480
18 276
111 272
281 421
23 235
47 87
84 507
201 452
79 467
173 506
60 420
56 474
394 516
33 478
190 349
386 509
269 489
437 481
249 496
103 337
95 299
281 513
2 390
41 302
242 496
70 455
356 391
107 409
112 457
284 372
316 411
285 419
62 453
32 296
46 347
206 408
13 182
107 471
26 259
18 52
72 502
65 360
196 476
72 234
41 216
323 480
37 217
10 456
58 276
100 410
171 466
211 353
316 432
94 312
228 354
4 337
105 335
11 167
103 329
126 316
45 389
188 450
198 348
233 392
22 452
122 431
129 298
317 480
185 493
131 448
1 509
31 487
28 415
68 207
42 371
226 455
115 377
99 517
48 81
160 503
95 506
297 408
67 461
13 407
188 446
265 393
145 359
88 377
393 469
160 423
283 476
259 486
302 426
260 517
16 280
160 501
77 291
11 364
7 501
167 271
338 491
59 325
10 387
1 434
181 449
265 441
32 438
317 370
186 354
43 298
29 294
185 447
92 461
469 509
104 513
61 512
77 440
222 467
153 481
5 484
93 123
1 503
349 487
5 366
27 113
30 244
273 394
70 273
31 77
3 214
194 424
14 447
82 368
30 420
20 261
205 460
9 56
29 349
277 336
48 495
174 397
32 290
13 320
254 515
13 314
2 326
1 433
43 343
1 432
203 494
24 82
106 454
91 382
47 394
107 482
8 495
36 286
279 484
41 453
18 381
57 502
83 396
33 508
153 510
14 361
36 413
172 508
288 495
260 470
36 334
58 139
303 451
174 433
91 514
39 299
219 472
248 501
64 316
37 324
274 510
59 266
193 442
130 433
173 516
453 494
101 467
232 493
117 472
6 401
72 221
35 416
66 466
335 511
176 381
19 504
46 515
294 472
244 462
13 474
43 180
114 517
123 407
151 442
227 507
339 449
264 476
421 502
104 344
98 250
485 512
126 219
173 351
14 443
104 388
31 446
7 281
19 375
51 159
304 464
192 421
446 497
67 392
75 409
10 465
140 492
32 463
50 264
1 391
384 516
65 373
140 501
190 446
303 480
16 502
387 432
82 497
127 201
62 156
483 512
43 466
49 186
325 455
66 186
106 307
14 511
104 488
17 494
174 512
50 500
183 435
464 511
224 503
246 359
178 447
9 279
205 444
148 478
9 475
151 495
223 282
287 403
349 444
81 394
221 438
437 464
2 413
5 190
313 516
34 468
50 463
401 488
72 505
419 517
342 446
99 267
126 467
137 485
44 425
27 283
172 343
109 497
98 199
161 232
7 97
8 79
128 414
102 434
29 305
491 509
6 347
49 514
119 517
16 493
54 327
9 287
122 274
6 255
38 435
158 174
380 422
49 327
66 470
350 496
17 482
461 505
143 301
300 363
42 358
16 481
89 186
25 342
33 514
25 169
343 465
450 467
94 481
121 289
397 512
147 328
20 69
37 250
138 365
15 403
15 307
61 342
27 382
202 489
1 66
319 422
136 426
1 466
89 175
1 302
19 512
179 502
224 379
148 247
337 514
127 452
102 461
98 441
106 233
52 116
58 481
38 457
329 355
48 493
27 290
308 481
17 209
75 498
225 371
232 478
1 435
8 501
175 358
117 306
45 386
153 369
118 335
162 469
234 500
150 258
55 279
187 495
42 442
371 431
186 226
32 235
174 496
88 462
118 313
54 498
10 428
234 357
153 390
299 515
99 451
60 506
204 322
230 394
362 435
292 336
331 393
93 382
218 397
223 484
206 482
197 337
154 497
208 422
266 415
86 233
164 328
177 460
31 486
11 344
82 168
77 280
107 466
137 365
348 475
10 509
76 506
1 425
291 510
25 496
134 503
13 111
287 513
94 315
251 496
136 429
16 393
227 500
1 299
73 452
169 417
73 262
237 397
43 437
190 348
448 506
23 491
179 458
21 191
7 327
12 450
34 333
264 464
148 339
166 390
76 345
71 435
7 426
228 412
25 410
30 382
137 393
20 348
84 478
2 227
159 400
100 389
63 248
39 108
24 432
3 137
13 386
208 420
244 422
36 216
29 281
16 419
96 355
151 193
186 498
234 447
22 260
21 514
428 498
70 183
52 238
155 504
124 502
29 191
90 517
98 361
23 397
93 439
76 353
272 454
238 337
8 391
152 301
21 411
87 253
40 405
206 300
55 394
97 275
74 446
45 178
217 389
315 394
156 432
159 491
75 457
73 172
312 434
68 499
125 390
9 453
43 404
150 408
62 187
12 102
385 463
294 505
300 495
96 425
428 509
198 501
306 470
12 502
4 492
107 511
160 292
2 187
9 310
209 453
225 380
35 132
13 493
33 455
32 282
122 233
224 448
131 470
57 425
164 509
101 508
6 175
16 183
155 448
2 514
241 493
315 494
150 502
19 286
199 460
170 510
31 60
10 224
151 431
89 340
287 404
183 513
5 500
121 137
272 509
283 513
368 403
163 502
25 431
199 461
15 256
208 291
12 375
69 303
267 429
143 430
399 441
51 316
108 470
12 302
249 416
134 472
6 136
31 316
93 458
30 478
43 289
153 303
300 365
17 476
111 386
169 273
59 465
254 485
117 403
131 515
3 496
26 311
173 466
41 265
79 483
29 228
27 479
208 398
11 363
159 456
61 183
112 173
26 503
63 293
93 418
4 188
210 413
205 351
82 449
80 323
28 241
31 306
40 405
20 342
91 437
124 478
408 510
123 301
135 493
275 496
386 473
10 435
125 274
256 501
98 426
5 148
279 398
185 493
450 498
128 498
39 488
11 338
37 435
195 471
457 506
100 314
213 428
110 512
125 477
311 457
328 500
336 405
72 284
7 60
172 373
78 276
26 275
134 332
18 348
355 486
9 485
19 425
13 225
297 513
3 126
215 370
94 503
6 236
145 361
23 206
374 517
242 351
148 407
87 501
7 263
146 415
146 338
160 470
135 469
340 510
3 316
32 254
115 404
26 412
78 513
51 56
17 302
288 360
89 390
15 436
330 506
35 221
237 463
7 351
285 477
174 452
337 505
22 468
37 371
14 176
3 352
6 185
165 427
97 467
17 452
128 305
1 274
7 375
62 315
28 493
12 341
395 449
310 448
71 511
312 509
73 470
92 274
108 490
90 485
166 319
225 342
1 178
319 515
307 481
131 335
9 483
335 421
7 487
67 335
309 514
14 443
283 432
311 512
253 505
32 506
6 490
10 448
225 469
142 422
10 446
5 193
302 407
95 498
35 213
58 454
30 465
261 516
73 418
426 505
76 104
225 489
155 247
264 471
5 72
283 396
47 409
473 515
4 367
108 430
55 118
46 263
6 456
327 377
385 473
89 465
234 404
367 512
37 304
99 387
16 505
230 477
307 508
30 442
11 444
44 257
98 492
46 232
27 473
196 386
462 504
327 432
80 465
139 512
17 477
193 444
136 406
160 498
15 278
98 400
57 299
160 269
5 272
102 517
18 145
29 370
156 446
277 352
2 349
22 330
62 352
10 213
26 92
23 427
413 454
420 515
299 499
18 494
195 271
18 376
125 384
185 511
91 512
215 493
12 400
116 339
142 314
378 506
54 517
82 371
205 453
25 239
205 410
89 366
55 311
337 436
28 163
9 487
68 206
70 465
6 395
30 397
247 478
188 423
1 133
10 389
22 435
286 433
265 438
174 488
29 490
85 288
249 448
119 463
7 463
91 487
40 491
196 450
269 423
264 423
250 333
301 441
174 390
80 257
20 455
32 388
34 477
46 214
53 448
20 502
52 450
138 507
294 496
29 308
2 118
66 402
192 517
13 197
53 78
143 341
218 467
30 417
80 466
47 499
315 500
12 166
157 500
127 455
88 498
479 517
17 254
44 458
443 505
70 252
78 331
176 349
367 498
13 405
303 330
126 359
234 481
83 417
81 275
258 496
241 507
138 354
241 327
130 487
39 165
62 290
29 510
110 382
5 360
168 382
206 355
102 337
168 322
4 367
350 451
154 400
19 309
11 486
21 319
242 510
347 492
424 475
16 499
134 383
38 400
189 419
5 369
48 174
114 480
57 88
102 383
17 430
321 477
58 479
57 400
89 413
19 463
468 508
114 448
362 505
106 507
60 474
189 461
334 446
56 259
280 413
5 455
35 450
129 405
240 492
334 517
17 416
3 86
85 253
354 508
129 370
228 467
82 400
62 269
260 478
169 516
261 455
44 414
339 508
226 330
25 498
40 511
84 507
1 194
92 194
78 362
13 144
7 438
60 304
27 268
210 450
49 369
52 459
213 338
91 503
25 246
29 468
83 348
115 139
50 515
103 355
14 138
134 358
83 488
127 438
179 371
134 510
141 509
3 301
52 291
271 325
140 351
1 223
201 398
267 508
201 473
141 509
324 505
74 501
277 457
28 177
373 484
259 516
408 515
103 394
11 19
305 353
211 511
317 512
58 346
200 443
16 496
447 513
178 473
5 141
30 476
209 499
92 364
283 467
90 341
212 426
243 516
385 486
162 275
14 403
430 480
60 472
349 503
64 413
54 183
143 237
130 419
139 452
241 506
8 182
68 296
80 454
83 297
8 269
26 361
305 446
113 336
50 506
228 345
475 515
67 501
12 413
329 474
210 511
91 183
47 393
182 251
133 480
85 246
97 289
41 242
300 461
270 376
34 492
164 324
13 165
143 487
168 463
56 335
308 467
78 239
50 443
65 498
182 333
49 211
200 415
1 291
13 469
326 393
63 513
99 509
136 395
1 262
35 458
113 480
17 505
63 404
173 441
6 198
119 235
461 507
71 502
8 274
146 513
95 391
20 119
11 249
15 509
54 466
57 405
140 451
5 130
150 386
256 329
3 311
409 512
33 284
374 435
123 496
208 503
179 400
122 254
78 488
71 230
32 256
23 411
337 389
114 267
296 494
47 258
273 432
135 303
245 466
7 28
198 258
29 380
48 105
67 300
22 189
206 377
248 321
187 404
37 397
11 94
214 389
64 232
252 449
5 351
191 418
77 451
258 464
70 143
44 372
29 478
162 222
135 508
110 362
312 515
26 262
1 458
39 300
137 303
37 487
183 469
70 264
12 395
40 507
128 342
62 437
37 506
125 512
1 188
213 501
268 474
322 404
172 445
393 483
149 516
57 371
121 309
93 320
379 509
6 505
175 476
97 293
348 465
270 368
149 364
17 290
7 277
125 436
104 495
297 516
196 485
4 461
112 480
72 91
62 435
76 262
76 194
84 514
45 184
49 369
127 213
302 423
151 499
339 498
130 513
16 355
237 493
164 466
194 516
22 114
50 481
170 326
1 401
35 284
121 346
100 485
199 499
316 486
96 363
306 493
285 356
48 265
49 484
108 214
219 459
22 190
159 270
28 258
122 500
53 203
39 466
65 274
48 213
8 432
111 460
186 303
23 445
71 372
65 310
101 192
22 355
121 297
20 460
77 368
163 487
416 456
102 507
265 513
247 456
32 276
67 400
137 304
21 324
420 478
311 399
1 448
76 420
84 344
263 516
114 451
110 230
236 505
248 343
14 233
48 299
235 516
211 501
167 517
272 448
30 438
8 485
62 275
118 262
134 457
49 311
24 312
146 291
115 457
50 170
83 400
178 287
41 467
282 517
72 184
1 273
7 134
1 428
338 469
221 296
4 175
408 484
342 418
54 124
213 494
355 436
79 494
176 286
48 486
221 516
47 440
330 480
285 486
141 436
298 465
251 325
36 378
132 514
111 517
178 354
308 507
178 389
185 459
197 487
145 489
259 404
5 126
67 207
203 370
179 492
12 232
470 508
15 190
29 502
36 501
75 289
223 454
386 477
130 465
2 441
126 457
413 494
65 306
370 470
53 357
193 415
142 282
149 447
41 317
213 412
238 353
77 444
82 279
63 467
2 408
67 347
68 123
275 346
431 517
510 516
26 507
69 283
307 423
85 321
69 161
114 279
212 427
232 414
72 170
402 513
99 508
72 331
297 363
10 270
16 261
295 410
158 322
362 488
19 405
411 489
65 271
5 412
327 502
1 378
90 511
409 507
415 514
333 352
34 471
4 232
465 506
307 405
340 447
45 514
10 232
295 425
334 415
46 405
113 496
224 440
8 204
84 433
138 503
205 511
110 494
186 502
18 232
99 486
142 478
33 403
341 480
135 511
130 507
211 476
189 475
156 372
25 213
108 460
228 433
13 483
11 350
116 164
41 209
334 479
465 494
132 417
62 257
270 419
17 320
45 461
36 351
180 370
4 74
130 390
102 255
213 474
152 499
111 475
44 307
74 442
384 492
237 512
109 328
66 290
1 396
34 327
228 361
202 411
78 408
12 476
93 435
76 215
