7000
0 1
0 2
1 1
1 3
2 1
2 3
3 0
3 1
4 1
4 3
5 0
5 2
6 0
6 2
7 1
7 2
8 0
8 1
9 0
9 1
10 1
10 2
11 1
11 3
12 0
12 1
13 0
13 2
14 1
14 3
15 1
15 2
16 0
16 1
17 1
17 3
18 1
18 2
19 1
19 2
20 1
20 3
21 1
21 3
22 0
22 2
23 0
23 1
24 1
24 2
25 1
25 2
26 1
26 2
27 0
27 2
28 0
28 1
29 0
29 2
30 1
30 3
31 0
31 2
32 0
32 2
33 0
33 2
34 1
34 3
35 0
35 2
36 0
36 2
37 0
37 2
38 0
38 1
39 1
39 2
40 1
40 2
41 0
41 1
42 0
42 1
43 1
43 3
44 0
44 2
45 0
45 1
46 0
46 1
47 1
47 2
48 0
48 1
49 0
49 2
50 1
50 2
51 0
51 1
52 1
52 3
53 1
53 2
54 1
54 2
55 0
55 1
56 1
56 2
57 0
57 2
58 1
58 3
59 0
59 2
60 0
60 2
61 1
61 3
62 1
62 3
63 1
63 3
64 1
64 3
65 1
65 2
66 1
66 3
67 0
67 2
68 0
68 2
69 1
69 2
70 0
70 2
71 0
71 2
72 1
72 3
73 0
73 1
74 0
74 2
75 0
75 2
76 0
76 2
77 0
77 2
78 0
78 2
79 1
79 3
80 1
80 2
81 0
81 1
82 1
82 2
83 1
83 2
84 0
84 1
85 0
85 1
86 1
86 2
87 1
87 3
88 1
88 3
89 1
89 2
90 0
90 2
91 1
91 2
92 1
92 3
93 0
93 2
94 0
94 2
95 1
95 3
96 1
96 3
97 0
97 1
98 1
98 3
99 0
99 2
100 0
100 1
101 1
101 3
102 1
102 2
103 0
103 1
104 0
104 1
105 0
105 1
106 1
106 3
107 1
107 2
108 0
108 2
109 0
109 2
110 0
110 2
111 0
111 2
112 0
112 1
113 1
113 3
114 0
114 1
115 1
115 2
116 0
116 1
117 1
117 3
118 1
118 2
119 0
119 2
120 0
120 1
121 1
121 3
122 0
122 1
123 0
123 1
124 1
124 2
125 1
125 3
126 1
126 2
127 0
127 2
128 0
128 1
129 0
129 1
130 0
130 2
131 0
131 1
132 0
132 1
133 0
133 2
134 0
134 1
135 0
135 1
136 0
136 2
137 1
137 2
138 0
138 2
139 1
139 3
140 1
140 2
141 1
141 2
142 0
142 2
143 1
143 3
144 1
144 2
145 1
145 3
146 1
146 2
147 0
147 2
148 0
148 1
149 0
149 1
150 0
150 1
151 0
151 1
152 0
152 2
153 1
153 2
154 1
154 2
155 1
155 2
156 0
156 1
157 1
157 3
158 0
158 1
159 0
159 2
160 0
160 2
161 1
161 2
162 1
162 3
163 1
163 3
164 1
164 2
165 1
165 3
166 0
166 2
167 1
167 2
168 1
168 2
169 0
169 1
170 0
170 1
171 0
171 2
172 0
172 2
173 0
173 1
174 0
174 1
175 0
175 1
176 1
176 3
177 0
177 2
178 0
178 1
179 0
179 2
180 0
180 1
181 0
181 1
182 1
182 3
183 1
183 2
184 0
184 2
185 0
185 1
186 1
186 3
187 1
187 2
188 0
188 2
189 0
189 1
190 1
190 2
191 1
191 3
192 1
192 3
193 0
193 2
194 1
194 2
195 0
195 2
196 0
196 1
197 0
197 1
198 0
198 2
199 0
199 1
200 0
200 2
201 0
201 1
202 0
202 1
203 0
203 1
204 1
204 2
205 1
205 3
206 1
206 2
207 0
207 1
208 1
208 2
209 0
209 2
210 0
210 1
211 0
211 2
212 1
212 2
213 1
213 3
214 1
214 3
215 1
215 2
216 0
216 2
217 0
217 1
218 1
218 2
219 1
219 3
220 0
220 1
221 0
221 2
222 0
222 1
223 0
223 2
224 0
224 1
225 0
225 1
226 0
226 2
227 1
227 3
228 1
228 2
229 0
229 2
230 0
230 2
231 1
231 2
232 1
232 3
233 1
233 2
234 1
234 2
235 1
235 3
236 0
236 2
237 1
237 2
238 1
238 3
239 1
239 3
240 1
240 2
241 0
241 2
242 1
242 3
243 1
243 2
244 0
244 2
245 1
245 2
246 1
246 2
247 0
247 1
248 1
248 3
249 0
249 1
250 1
250 2
251 0
251 2
252 1
252 3
253 1
253 3
254 0
254 2
255 0
255 2
256 1
256 2
257 0
257 1
258 0
258 2
259 0
259 1
260 1
260 2
261 0
261 1
262 0
262 1
263 0
263 1
264 0
264 1
265 0
265 2
266 0
266 1
267 1
267 2
268 1
268 2
269 1
269 3
270 1
270 3
271 0
271 1
272 0
272 2
273 0
273 1
274 0
274 2
275 0
275 2
276 1
276 2
277 1
277 3
278 0
278 2
279 1
279 2
280 0
280 1
281 0
281 1
282 0
282 2
283 0
283 1
284 1
284 3
285 1
285 3
286 1
286 2
287 1
287 3
288 1
288 2
289 1
289 3
290 1
290 3
291 1
291 2
292 1
292 2
293 1
293 3
294 0
294 2
295 0
295 1
296 1
296 2
297 0
297 2
298 1
298 3
299 1
299 2
300 0
300 2
301 1
301 3
302 1
302 3
303 0
303 1
304 1
304 3
305 1
305 2
306 0
306 1
307 0
307 2
308 1
308 3
309 1
309 3
310 0
310 2
311 1
311 3
312 1
312 3
313 1
313 2
314 0
314 1
315 0
315 2
316 1
316 2
317 0
317 1
318 1
318 3
319 0
319 1
320 0
320 1
321 0
321 2
322 0
322 1
323 0
323 2
324 1
324 3
325 0
325 1
326 0
326 2
327 1
327 3
328 1
328 2
329 1
329 3
330 1
330 2
331 0
331 1
332 0
332 2
333 1
333 3
334 0
334 2
335 1
335 2
336 1
336 3
337 1
337 2
338 1
338 2
339 1
339 2
340 1
340 2
341 0
341 1
342 1
342 2
343 1
343 2
344 0
344 2
345 0
345 2
346 1
346 2
347 0
347 2
348 1
348 3
349 0
349 2
350 0
350 2
351 0
351 1
352 0
352 2
353 0
353 2
354 1
354 3
355 1
355 3
356 1
356 2
357 1
357 3
358 0
358 1
359 1
359 2
360 1
360 3
361 0
361 1
362 0
362 1
363 1
363 3
364 1
364 3
365 1
365 3
366 0
366 2
367 1
367 2
368 0
368 2
369 1
369 2
370 1
370 3
371 1
371 2
372 1
372 2
373 1
373 3
374 0
374 2
375 1
375 2
376 0
376 2
377 0
377 1
378 1
378 2
379 0
379 1
380 1
380 3
381 0
381 1
382 0
382 2
383 0
383 1
384 1
384 2
385 0
385 1
386 1
386 3
387 0
387 1
388 1
388 2
389 1
389 2
390 1
390 2
391 0
391 2
392 0
392 1
393 0
393 2
394 0
394 1
395 0
395 1
396 1
396 2
397 0
397 2
398 1
398 2
399 1
399 2
400 0
400 1
401 0
401 2
402 1
402 3
403 1
403 3
404 1
404 2
405 1
405 2
406 1
406 3
407 1
407 3
408 1
408 3
409 0
409 1
410 1
410 2
411 0
411 1
412 0
412 1
413 1
413 2
414 0
414 2
415 0
415 2
416 1
416 3
417 0
417 1
418 0
418 1
419 1
419 3
420 0
420 1
421 1
421 3
422 1
422 2
423 0
423 2
424 0
424 2
425 1
425 3
426 1
426 3
427 0
427 1
428 1
428 3
429 0
429 2
430 0
430 1
431 0
431 2
432 1
432 3
433 0
433 2
434 1
434 3
435 0
435 2
436 0
436 2
437 1
437 3
438 0
438 2
439 0
439 1
440 0
440 2
441 1
441 2
442 0
442 2
443 0
443 2
444 1
444 2
445 1
445 3
446 0
446 2
447 1
447 2
448 0
448 2
449 1
449 3
450 0
450 1
451 1
451 2
452 1
452 2
453 0
453 2
454 1
454 2
455 1
455 2
456 0
456 2
457 0
457 1
458 0
458 1
459 0
459 2
460 0
460 2
461 1
461 2
462 0
462 1
463 0
463 2
464 1
464 2
465 0
465 2
466 0
466 2
467 0
467 2
468 1
468 2
469 1
469 3
470 0
470 1
471 1
471 2
472 1
472 3
473 1
473 2
474 1
474 3
475 1
475 3
476 0
476 1
477 1
477 2
478 0
478 1
479 1
479 3
480 0
480 1
481 1
481 2
482 1
482 3
483 1
483 3
484 1
484 2
485 0
485 2
486 1
486 3
487 0
487 1
488 0
488 2
489 0
489 2
490 0
490 1
491 0
491 1
492 0
492 2
493 0
493 2
494 1
494 2
495 0
495 2
496 0
496 2
497 1
497 3
498 0
498 2
499 0
499 2
500 1
500 2
501 1
501 2
502 1
502 3
503 1
503 3
504 0
504 2
505 0
505 1
506 1
506 2
507 0
507 1
508 0
508 1
509 1
509 3
510 0
510 2
511 1
511 2
512 1
512 2
513 0
513 2
514 1
514 2
515 1
515 3
516 1
516 2
517 1
517 2
518 1
518 2
519 0
519 2
520 0
520 1
521 1
521 3
522 1
522 3
523 1
523 3
524 1
524 2
525 0
525 1
526 0
526 2
527 0
527 2
528 0
528 1
529 0
529 2
530 1
530 3
531 0
531 1
532 1
532 2
533 0
533 1
534 0
534 1
535 1
535 2
536 1
536 2
537 0
537 1
538 1
538 3
539 1
539 3
540 0
540 2
541 1
541 2
542 1
542 3
543 1
543 3
544 0
544 2
545 0
545 2
546 1
546 3
547 1
547 2
548 1
548 3
549 1
549 3
550 0
550 1
551 0
551 2
552 1
552 2
553 1
553 2
554 1
554 2
555 1
555 3
556 1
556 2
557 1
557 2
558 0
558 1
559 1
559 2
560 0
560 1
561 1
561 3
562 1
562 2
563 1
563 2
564 1
564 2
565 1
565 3
566 1
566 3
567 0
567 1
568 1
568 3
569 0
569 2
570 1
570 2
571 0
571 2
572 0
572 1
573 1
573 2
574 0
574 2
575 0
575 1
576 1
576 3
577 1
577 2
578 1
578 3
579 0
579 2
580 1
580 3
581 0
581 1
582 1
582 3
583 0
583 1
584 0
584 2
585 1
585 2
586 1
586 2
587 1
587 3
588 0
588 1
589 0
589 1
590 1
590 2
591 1
591 2
592 0
592 1
593 0
593 2
594 1
594 2
595 0
595 2
596 0
596 2
597 1
597 3
598 0
598 1
599 1
599 2
600 1
600 3
601 0
601 1
602 1
602 3
603 1
603 3
604 0
604 2
605 1
605 3
606 0
606 1
607 0
607 1
608 1
608 2
609 1
609 2
610 1
610 2
611 1
611 3
612 1
612 3
613 0
613 2
614 1
614 3
615 1
615 2
616 0
616 1
617 0
617 2
618 1
618 3
619 0
619 2
620 1
620 2
621 1
621 3
622 0
622 2
623 1
623 3
624 1
624 2
625 0
625 1
626 0
626 2
627 1
627 3
628 0
628 2
629 0
629 2
630 1
630 2
631 1
631 3
632 0
632 2
633 1
633 3
634 1
634 3
635 1
635 2
636 1
636 2
637 1
637 2
638 1
638 2
639 1
639 2
640 0
640 2
641 1
641 3
642 1
642 2
643 0
643 2
644 0
644 2
645 1
645 3
646 1
646 2
647 0
647 2
648 0
648 2
649 0
649 2
650 1
650 3
651 1
651 2
652 1
652 2
653 0
653 1
654 0
654 1
655 1
655 2
656 1
656 2
657 1
657 2
658 0
658 1
659 0
659 1
660 1
660 3
661 1
661 2
662 1
662 2
663 1
663 3
664 1
664 3
665 0
665 1
666 1
666 3
667 1
667 2
668 1
668 3
669 1
669 3
670 1
670 2
671 0
671 2
672 0
672 2
673 1
673 2
674 1
674 3
675 1
675 2
676 0
676 1
677 0
677 1
678 0
678 2
679 1
679 2
680 1
680 2
681 0
681 1
682 1
682 3
683 0
683 2
684 1
684 3
685 0
685 1
686 1
686 2
687 1
687 3
688 0
688 2
689 0
689 2
690 0
690 2
691 0
691 2
692 1
692 2
693 1
693 2
694 0
694 1
695 0
695 2
696 0
696 1
697 1
697 2
698 0
698 2
699 1
699 3
700 1
700 3
701 1
701 2
702 0
702 2
703 0
703 1
704 0
704 1
705 1
705 2
706 1
706 3
707 1
707 2
708 0
708 1
709 0
709 1
710 1
710 2
711 1
711 3
712 1
712 2
713 1
713 3
714 1
714 2
715 0
715 1
716 0
716 2
717 1
717 2
718 0
718 2
719 0
719 1
720 1
720 3
721 1
721 2
722 1
722 2
723 0
723 2
724 1
724 3
725 1
725 2
726 1
726 2
727 1
727 2
728 0
728 2
729 1
729 3
730 1
730 3
731 0
731 2
732 1
732 3
733 1
733 3
734 0
734 2
735 0
735 2
736 1
736 3
737 1
737 2
738 1
738 3
739 1
739 2
740 0
740 1
741 0
741 1
742 0
742 1
743 0
743 1
744 1
744 2
745 1
745 2
746 1
746 3
747 0
747 1
748 0
748 2
749 0
749 1
750 1
750 2
751 1
751 2
752 1
752 2
753 0
753 1
754 0
754 2
755 1
755 2
756 1
756 3
757 0
757 2
758 1
758 3
759 1
759 2
760 1
760 2
761 1
761 2
762 0
762 2
763 1
763 2
764 0
764 2
765 1
765 3
766 1
766 2
767 1
767 2
768 1
768 3
769 0
769 2
770 0
770 2
771 1
771 3
772 1
772 2
773 0
773 1
774 1
774 3
775 1
775 2
776 0
776 1
777 0
777 1
778 1
778 3
779 0
779 2
780 0
780 2
781 1
781 3
782 0
782 1
783 1
783 3
784 0
784 1
785 0
785 1
786 1
786 3
787 0
787 1
788 1
788 2
789 1
789 2
790 0
790 1
791 0
791 1
792 0
792 2
793 0
793 2
794 0
794 1
795 0
795 2
796 0
796 2
797 0
797 1
798 0
798 1
799 1
799 2
800 0
800 2
801 0
801 2
802 0
802 1
803 0
803 1
804 1
804 3
805 0
805 2
806 1
806 3
807 1
807 3
808 0
808 2
809 0
809 1
810 1
810 2
811 1
811 3
812 0
812 1
813 1
813 2
814 0
814 1
815 0
815 1
816 1
816 2
817 1
817 2
818 1
818 3
819 0
819 1
820 0
820 1
821 1
821 3
822 1
822 2
823 0
823 2
824 1
824 2
825 0
825 1
826 1
826 3
827 0
827 2
828 1
828 3
829 1
829 3
830 0
830 2
831 1
831 3
832 1
832 3
833 1
833 2
834 0
834 2
835 0
835 2
836 0
836 2
837 0
837 2
838 1
838 3
839 1
839 2
840 1
840 3
841 1
841 2
842 0
842 2
843 1
843 2
844 0
844 1
845 1
845 2
846 1
846 3
847 0
847 2
848 0
848 2
849 1
849 2
850 1
850 2
851 1
851 3
852 1
852 2
853 0
853 2
854 1
854 3
855 1
855 2
856 0
856 1
857 1
857 3
858 1
858 2
859 1
859 2
860 1
860 2
861 0
861 1
862 1
862 2
863 1
863 3
864 0
864 2
865 0
865 2
866 1
866 3
867 0
867 1
868 1
868 2
869 1
869 2
870 0
870 2
871 1
871 2
872 1
872 2
873 1
873 3
874 0
874 1
875 1
875 3
876 1
876 3
877 0
877 1
878 0
878 2
879 0
879 1
880 0
880 1
881 1
881 3
882 1
882 3
883 0
883 2
884 1
884 3
885 1
885 3
886 0
886 1
887 0
887 1
888 0
888 2
889 1
889 3
890 0
890 1
891 0
891 2
892 1
892 2
893 1
893 3
894 0
894 2
895 1
895 2
896 1
896 2
897 0
897 2
898 1
898 2
899 0
899 2
900 1
900 3
901 0
901 1
902 0
902 1
903 0
903 1
904 0
904 2
905 1
905 2
906 1
906 2
907 1
907 2
908 0
908 1
909 0
909 1
910 0
910 2
911 1
911 3
912 0
912 2
913 0
913 2
914 1
914 2
915 0
915 1
916 0
916 2
917 0
917 1
918 1
918 2
919 0
919 2
920 1
920 2
921 1
921 2
922 0
922 1
923 1
923 2
924 1
924 3
925 1
925 3
926 0
926 1
927 0
927 1
928 1
928 3
929 0
929 1
930 1
930 2
931 0
931 2
932 1
932 3
933 1
933 3
934 1
934 2
935 0
935 2
936 0
936 1
937 1
937 2
938 0
938 1
939 0
939 2
940 1
940 3
941 0
941 1
942 1
942 3
943 0
943 1
944 0
944 1
945 0
945 2
946 1
946 3
947 1
947 2
948 0
948 1
949 1
949 3
950 0
950 1
951 0
951 1
952 0
952 1
953 0
953 1
954 0
954 2
955 0
955 1
956 0
956 1
957 0
957 1
958 1
958 2
959 0
959 2
960 1
960 3
961 1
961 2
962 0
962 1
963 0
963 1
964 0
964 1
965 1
965 3
966 0
966 1
967 1
967 2
968 0
968 1
969 0
969 1
970 1
970 2
971 0
971 2
972 1
972 2
973 1
973 2
974 1
974 2
975 0
975 1
976 1
976 3
977 0
977 2
978 1
978 2
979 1
979 3
980 0
980 1
981 0
981 1
982 0
982 1
983 0
983 1
984 0
984 2
985 1
985 3
986 1
986 3
987 0
987 1
988 0
988 1
989 1
989 3
990 0
990 2
991 1
991 3
992 0
992 2
993 0
993 2
994 1
994 3
995 0
995 1
996 1
996 3
997 0
997 1
998 1
998 3
999 0
999 2
1000 0
1000 2
1001 0
1001 2
1002 1
1002 2
1003 0
1003 2
1004 0
1004 2
1005 0
1005 1
1006 0
1006 2
1007 1
1007 2
1008 0
1008 2
1009 1
1009 3
1010 0
1010 2
1011 1
1011 2
1012 0
1012 1
1013 0
1013 2
1014 1
1014 2
1015 0
1015 2
1016 0
1016 1
1017 0
1017 2
1018 1
1018 2
1019 0
1019 2
1020 1
1020 2
1021 0
1021 2
1022 1
1022 3
1023 1
1023 3
1024 1
1024 2
1025 0
1025 2
1026 0
1026 1
1027 1
1027 2
1028 0
1028 2
1029 0
1029 2
1030 0
1030 1
1031 0
1031 1
1032 1
1032 2
1033 1
1033 2
1034 1
1034 3
1035 1
1035 2
1036 1
1036 3
1037 0
1037 1
1038 1
1038 3
1039 1
1039 2
1040 0
1040 2
1041 1
1041 2
1042 1
1042 3
1043 0
1043 2
1044 0
1044 1
1045 0
1045 1
1046 1
1046 2
1047 0
1047 1
1048 1
1048 3
1049 0
1049 1
1050 0
1050 2
1051 0
1051 2
1052 1
1052 2
1053 1
1053 2
1054 0
1054 1
1055 0
1055 1
1056 0
1056 2
1057 0
1057 2
1058 0
1058 1
1059 1
1059 3
1060 1
1060 3
1061 1
1061 2
1062 0
1062 1
1063 0
1063 2
1064 1
1064 2
1065 1
1065 2
1066 1
1066 3
1067 1
1067 2
1068 0
1068 2
1069 0
1069 1
1070 1
1070 2
1071 0
1071 2
1072 0
1072 1
1073 1
1073 2
1074 0
1074 1
1075 1
1075 3
1076 1
1076 3
1077 1
1077 3
1078 1
1078 3
1079 0
1079 1
1080 1
1080 3
1081 0
1081 2
1082 1
1082 2
1083 1
1083 3
1084 1
1084 2
1085 1
1085 2
1086 0
1086 2
1087 0
1087 1
1088 1
1088 3
1089 1
1089 3
1090 1
1090 2
1091 1
1091 2
1092 1
1092 2
1093 0
1093 1
1094 0
1094 1
1095 1
1095 3
1096 0
1096 2
1097 0
1097 2
1098 1
1098 2
1099 0
1099 1
1100 0
1100 2
1101 1
1101 2
1102 0
1102 2
1103 1
1103 3
1104 0
1104 1
1105 0
1105 2
1106 0
1106 2
1107 1
1107 2
1108 0
1108 2
1109 0
1109 1
1110 0
1110 2
1111 1
1111 2
1112 1
1112 2
1113 1
1113 2
1114 0
1114 2
1115 1
1115 2
1116 0
1116 1
1117 0
1117 1
1118 1
1118 3
1119 1
1119 3
1120 1
1120 3
1121 0
1121 1
1122 1
1122 3
1123 0
1123 2
1124 1
1124 2
1125 1
1125 3
1126 0
1126 1
1127 1
1127 3
1128 0
1128 1
1129 1
1129 2
1130 1
1130 2
1131 0
1131 2
1132 0
1132 2
1133 1
1133 3
1134 0
1134 1
1135 0
1135 1
1136 1
1136 2
1137 0
1137 1
1138 0
1138 1
1139 1
1139 3
1140 0
1140 1
1141 0
1141 1
1142 1
1142 3
1143 1
1143 3
1144 1
1144 3
1145 0
1145 1
1146 1
1146 2
1147 1
1147 2
1148 1
1148 2
1149 1
1149 2
1150 0
1150 1
1151 0
1151 2
1152 0
1152 1
1153 0
1153 1
1154 0
1154 2
1155 1
1155 2
1156 0
1156 2
1157 1
1157 3
1158 0
1158 1
1159 0
1159 2
1160 1
1160 2
1161 1
1161 3
1162 1
1162 2
1163 1
1163 2
1164 0
1164 1
1165 0
1165 1
1166 0
1166 1
1167 0
1167 2
1168 0
1168 1
1169 1
1169 2
1170 1
1170 3
1171 1
1171 3
1172 0
1172 1
1173 0
1173 2
1174 0
1174 2
1175 0
1175 1
1176 1
1176 2
1177 1
1177 2
1178 0
1178 1
1179 1
1179 3
1180 0
1180 2
1181 1
1181 3
1182 0
1182 2
1183 0
1183 1
1184 1
1184 3
1185 1
1185 3
1186 0
1186 1
1187 0
1187 2
1188 0
1188 2
1189 0
1189 1
1190 0
1190 1
1191 0
1191 2
1192 0
1192 2
1193 0
1193 2
1194 1
1194 3
1195 0
1195 1
1196 0
1196 2
1197 1
1197 2
1198 1
1198 3
1199 1
1199 2
1200 0
1200 1
1201 1
1201 3
1202 0
1202 1
1203 0
1203 1
1204 1
1204 2
1205 0
1205 2
1206 0
1206 2
1207 0
1207 2
1208 0
1208 1
1209 0
1209 1
1210 1
1210 2
1211 0
1211 1
1212 1
1212 3
1213 0
1213 1
1214 0
1214 2
1215 1
1215 2
1216 1
1216 2
1217 1
1217 3
1218 0
1218 2
1219 1
1219 3
1220 1
1220 2
1221 0
1221 1
1222 1
1222 3
1223 1
1223 3
1224 1
1224 3
1225 1
1225 3
1226 1
1226 3
1227 1
1227 2
1228 0
1228 2
1229 1
1229 2
1230 1
1230 2
1231 1
1231 2
1232 0
1232 1
1233 0
1233 2
1234 0
1234 2
1235 0
1235 2
1236 1
1236 3
1237 1
1237 2
1238 0
1238 1
1239 0
1239 2
1240 1
1240 3
1241 0
1241 1
1242 1
1242 3
1243 1
1243 3
1244 1
1244 2
1245 0
1245 1
1246 0
1246 2
1247 0
1247 1
1248 1
1248 2
1249 1
1249 3
1250 0
1250 1
1251 1
1251 3
1252 1
1252 2
1253 0
1253 2
1254 1
1254 2
1255 0
1255 1
1256 1
1256 3
1257 1
1257 2
1258 0
1258 1
1259 0
1259 2
1260 0
1260 1
1261 1
1261 2
1262 1
1262 2
1263 0
1263 1
1264 0
1264 1
1265 0
1265 1
1266 0
1266 2
1267 0
1267 2
1268 1
1268 2
1269 0
1269 1
1270 0
1270 1
1271 1
1271 3
1272 1
1272 2
1273 0
1273 1
1274 0
1274 1
1275 1
1275 2
1276 0
1276 2
1277 0
1277 2
1278 1
1278 2
1279 1
1279 3
1280 0
1280 2
1281 0
1281 1
1282 0
1282 1
1283 1
1283 2
1284 0
1284 2
1285 0
1285 1
1286 0
1286 2
1287 1
1287 3
1288 1
1288 3
1289 1
1289 3
1290 1
1290 3
1291 1
1291 3
1292 0
1292 2
1293 0
1293 2
1294 0
1294 1
1295 0
1295 1
1296 1
1296 2
1297 1
1297 2
1298 0
1298 1
1299 0
1299 1
1300 0
1300 1
1301 0
1301 1
1302 0
1302 1
1303 1
1303 3
1304 1
1304 3
1305 1
1305 3
1306 0
1306 1
1307 0
1307 1
1308 0
1308 2
1309 1
1309 2
1310 1
1310 3
1311 0
1311 1
1312 0
1312 2
1313 0
1313 1
1314 0
1314 1
1315 1
1315 2
1316 1
1316 3
1317 0
1317 2
1318 1
1318 3
1319 0
1319 2
1320 0
1320 2
1321 0
1321 1
1322 0
1322 1
1323 0
1323 1
1324 1
1324 3
1325 0
1325 1
1326 1
1326 2
1327 1
1327 3
1328 0
1328 2
1329 1
1329 2
1330 0
1330 1
1331 0
1331 2
1332 0
1332 1
1333 0
1333 2
1334 1
1334 2
1335 0
1335 1
1336 0
1336 1
1337 0
1337 1
1338 1
1338 3
1339 0
1339 1
1340 0
1340 1
1341 1
1341 3
1342 0
1342 1
1343 0
1343 1
1344 1
1344 2
1345 0
1345 2
1346 0
1346 1
1347 0
1347 1
1348 0
1348 1
1349 0
1349 1
1350 1
1350 2
1351 0
1351 2
1352 1
1352 2
1353 1
1353 2
1354 1
1354 3
1355 0
1355 1
1356 1
1356 3
1357 1
1357 3
1358 1
1358 2
1359 0
1359 2
1360 0
1360 1
1361 0
1361 1
1362 1
1362 3
1363 1
1363 3
1364 1
1364 3
1365 1
1365 2
1366 1
1366 3
1367 1
1367 2
1368 0
1368 1
1369 0
1369 2
1370 1
1370 3
1371 1
1371 2
1372 0
1372 2
1373 0
1373 1
1374 1
1374 2
1375 1
1375 3
1376 0
1376 2
1377 1
1377 3
1378 0
1378 1
1379 1
1379 2
1380 1
1380 2
1381 0
1381 2
1382 0
1382 1
1383 1
1383 2
1384 0
1384 1
1385 1
1385 2
1386 1
1386 3
1387 0
1387 2
1388 0
1388 1
1389 1
1389 3
1390 0
1390 1
1391 0
1391 2
1392 0
1392 2
1393 0
1393 1
1394 0
1394 2
1395 0
1395 2
1396 0
1396 2
1397 0
1397 1
1398 1
1398 2
1399 0
1399 2
1400 0
1400 2
1401 1
1401 3
1402 0
1402 1
1403 0
1403 1
1404 0
1404 1
1405 1
1405 3
1406 0
1406 2
1407 0
1407 1
1408 1
1408 2
1409 1
1409 3
1410 0
1410 2
1411 0
1411 1
1412 0
1412 2
1413 0
1413 2
1414 1
1414 2
1415 1
1415 3
1416 1
1416 2
1417 0
1417 1
1418 0
1418 1
1419 0
1419 2
1420 0
1420 1
1421 0
1421 2
1422 1
1422 2
1423 1
1423 2
1424 0
1424 1
1425 1
1425 2
1426 0
1426 1
1427 0
1427 1
1428 1
1428 2
1429 0
1429 1
1430 0
1430 2
1431 1
1431 2
1432 1
1432 3
1433 0
1433 1
1434 1
1434 2
1435 1
1435 2
1436 0
1436 2
1437 1
1437 2
1438 1
1438 2
1439 0
1439 2
1440 1
1440 2
1441 0
1441 2
1442 0
1442 1
1443 1
1443 3
1444 1
1444 3
1445 1
1445 3
1446 0
1446 1
1447 1
1447 2
1448 1
1448 3
1449 0
1449 1
1450 0
1450 2
1451 0
1451 1
1452 0
1452 2
1453 0
1453 2
1454 0
1454 2
1455 0
1455 2
1456 1
1456 2
1457 0
1457 2
1458 1
1458 3
1459 0
1459 1
1460 1
1460 3
1461 1
1461 3
1462 1
1462 3
1463 1
1463 2
1464 0
1464 2
1465 0
1465 1
1466 0
1466 2
1467 1
1467 2
1468 0
1468 2
1469 1
1469 2
1470 0
1470 1
1471 1
1471 3
1472 0
1472 2
1473 0
1473 2
1474 1
1474 2
1475 1
1475 2
1476 1
1476 3
1477 1
1477 2
1478 0
1478 2
1479 0
1479 1
1480 0
1480 2
1481 1
1481 3
1482 0
1482 1
1483 1
1483 2
1484 1
1484 3
1485 1
1485 2
1486 1
1486 2
1487 1
1487 3
1488 0
1488 1
1489 1
1489 3
1490 0
1490 1
1491 1
1491 2
1492 1
1492 2
1493 0
1493 2
1494 1
1494 3
1495 0
1495 1
1496 0
1496 2
1497 1
1497 2
1498 1
1498 2
1499 0
1499 1
1500 1
1500 3
1501 0
1501 1
1502 0
1502 1
1503 0
1503 1
1504 0
1504 2
1505 1
1505 2
1506 1
1506 2
1507 0
1507 2
1508 0
1508 2
1509 0
1509 1
1510 0
1510 1
1511 0
1511 1
1512 1
1512 3
1513 0
1513 1
1514 1
1514 2
1515 1
1515 3
1516 0
1516 2
1517 1
1517 2
1518 1
1518 3
1519 0
1519 2
1520 0
1520 2
1521 0
1521 1
1522 1
1522 2
1523 1
1523 3
1524 1
1524 3
1525 1
1525 3
1526 0
1526 2
1527 1
1527 3
1528 0
1528 2
1529 0
1529 1
1530 0
1530 2
1531 1
1531 2
1532 0
1532 1
1533 0
1533 1
1534 0
1534 1
1535 1
1535 2
1536 1
1536 3
1537 0
1537 1
1538 0
1538 2
1539 1
1539 3
1540 1
1540 3
1541 1
1541 3
1542 0
1542 1
1543 0
1543 2
1544 0
1544 1
1545 1
1545 2
1546 1
1546 2
1547 0
1547 1
1548 0
1548 1
1549 0
1549 1
1550 0
1550 2
1551 1
1551 3
1552 1
1552 3
1553 1
1553 3
1554 1
1554 2
1555 0
1555 1
1556 1
1556 3
1557 1
1557 2
1558 0
1558 2
1559 1
1559 2
1560 0
1560 1
1561 0
1561 2
1562 0
1562 1
1563 1
1563 2
1564 0
1564 2
1565 1
1565 2
1566 1
1566 2
1567 1
1567 2
1568 1
1568 2
1569 1
1569 2
1570 0
1570 2
1571 0
1571 1
1572 1
1572 3
1573 0
1573 2
1574 1
1574 3
1575 1
1575 3
1576 1
1576 3
1577 0
1577 2
1578 1
1578 2
1579 1
1579 3
1580 1
1580 2
1581 1
1581 2
1582 0
1582 1
1583 0
1583 1
1584 0
1584 2
1585 0
1585 1
1586 1
1586 3
1587 0
1587 1
1588 0
1588 1
1589 1
1589 3
1590 1
1590 2
1591 0
1591 1
1592 1
1592 3
1593 1
1593 2
1594 1
1594 3
1595 1
1595 2
1596 1
1596 2
1597 1
1597 2
1598 0
1598 2
1599 0
1599 1
1600 1
1600 2
1601 0
1601 1
1602 1
1602 3
1603 0
1603 1
1604 1
1604 3
1605 1
1605 3
1606 1
1606 2
1607 1
1607 2
1608 1
1608 3
1609 0
1609 1
1610 0
1610 2
1611 0
1611 2
1612 1
1612 3
1613 1
1613 3
1614 1
1614 3
1615 1
1615 2
1616 0
1616 2
1617 0
1617 2
1618 0
1618 1
1619 1
1619 2
1620 1
1620 3
1621 1
1621 2
1622 1
1622 2
1623 0
1623 1
1624 1
1624 2
1625 0
1625 2
1626 1
1626 2
1627 1
1627 2
1628 0
1628 1
1629 1
1629 3
1630 0
1630 1
1631 1
1631 2
1632 1
1632 3
1633 1
1633 2
1634 1
1634 3
1635 0
1635 1
1636 0
1636 2
1637 0
1637 2
1638 1
1638 2
1639 1
1639 3
1640 0
1640 2
1641 0
1641 2
1642 1
1642 3
1643 1
1643 3
1644 0
1644 1
1645 0
1645 1
1646 0
1646 2
1647 0
1647 2
1648 0
1648 2
1649 1
1649 3
1650 0
1650 2
1651 1
1651 2
1652 0
1652 2
1653 1
1653 2
1654 1
1654 2
1655 1
1655 3
1656 1
1656 3
1657 0
1657 2
1658 1
1658 3
1659 0
1659 2
1660 1
1660 3
1661 1
1661 3
1662 0
1662 2
1663 1
1663 3
1664 0
1664 1
1665 0
1665 2
1666 0
1666 1
1667 1
1667 2
1668 1
1668 3
1669 0
1669 2
1670 1
1670 3
1671 0
1671 2
1672 1
1672 3
1673 0
1673 1
1674 0
1674 1
1675 1
1675 2
1676 1
1676 2
1677 1
1677 2
1678 1
1678 2
1679 1
1679 3
1680 1
1680 3
1681 0
1681 2
1682 1
1682 2
1683 1
1683 3
1684 1
1684 2
1685 0
1685 1
1686 1
1686 2
1687 1
1687 2
1688 1
1688 3
1689 0
1689 1
1690 0
1690 2
1691 0
1691 2
1692 1
1692 3
1693 1
1693 2
1694 0
1694 1
1695 0
1695 2
1696 0
1696 1
1697 0
1697 2
1698 0
1698 2
1699 0
1699 2
1700 1
1700 2
1701 0
1701 2
1702 1
1702 3
1703 1
1703 2
1704 1
1704 2
1705 0
1705 2
1706 1
1706 2
1707 0
1707 2
1708 0
1708 1
1709 1
1709 2
1710 0
1710 2
1711 1
1711 2
1712 0
1712 2
1713 0
1713 1
1714 0
1714 1
1715 0
1715 1
1716 1
1716 2
1717 1
1717 2
1718 1
1718 2
1719 0
1719 1
1720 0
1720 2
1721 1
1721 2
1722 1
1722 2
1723 1
1723 3
1724 0
1724 1
1725 1
1725 2
1726 0
1726 1
1727 1
1727 2
1728 1
1728 3
1729 0
1729 1
1730 1
1730 2
1731 0
1731 1
1732 0
1732 2
1733 0
1733 1
1734 1
1734 3
1735 0
1735 1
1736 0
1736 1
1737 0
1737 2
1738 0
1738 2
1739 1
1739 2
1740 1
1740 2
1741 0
1741 2
1742 1
1742 3
1743 1
1743 2
1744 0
1744 1
1745 0
1745 1
1746 0
1746 1
1747 0
1747 2
1748 1
1748 3
1749 1
1749 3
1750 0
1750 2
1751 1
1751 2
1752 1
1752 3
1753 1
1753 3
1754 0
1754 1
1755 1
1755 3
1756 1
1756 2
1757 1
1757 2
1758 1
1758 2
1759 0
1759 1
1760 0
1760 2
1761 0
1761 2
1762 1
1762 2
1763 0
1763 2
1764 1
1764 3
1765 0
1765 2
1766 0
1766 2
1767 1
1767 2
1768 0
1768 2
1769 1
1769 2
1770 1
1770 3
1771 1
1771 2
1772 1
1772 2
1773 0
1773 1
1774 1
1774 3
1775 0
1775 2
1776 0
1776 1
1777 0
1777 2
1778 1
1778 2
1779 0
1779 1
1780 1
1780 2
1781 0
1781 1
1782 1
1782 3
1783 0
1783 2
1784 0
1784 2
1785 1
1785 2
1786 0
1786 2
1787 0
1787 2
1788 1
1788 3
1789 0
1789 1
1790 0
1790 1
1791 0
1791 1
1792 1
1792 2
1793 1
1793 2
1794 1
1794 2
1795 0
1795 1
1796 0
1796 1
1797 0
1797 1
1798 0
1798 1
1799 1
1799 2
1800 0
1800 2
1801 0
1801 1
1802 0
1802 2
1803 0
1803 2
1804 0
1804 1
1805 0
1805 1
1806 0
1806 1
1807 0
1807 2
1808 0
1808 2
1809 1
1809 3
1810 1
1810 2
1811 0
1811 1
1812 0
1812 1
1813 0
1813 1
1814 1
1814 3
1815 1
1815 3
1816 0
1816 2
1817 1
1817 2
1818 0
1818 2
1819 0
1819 1
1820 1
1820 2
1821 0
1821 1
1822 0
1822 1
1823 1
1823 2
1824 0
1824 2
1825 0
1825 2
1826 1
1826 2
1827 1
1827 3
1828 0
1828 2
1829 0
1829 2
1830 1
1830 3
1831 0
1831 2
1832 0
1832 1
1833 0
1833 2
1834 1
1834 2
1835 1
1835 3
1836 0
1836 1
1837 1
1837 2
1838 0
1838 1
1839 0
1839 1
1840 1
1840 2
1841 0
1841 1
1842 0
1842 2
1843 0
1843 2
1844 1
1844 2
1845 0
1845 1
1846 1
1846 3
1847 1
1847 3
1848 1
1848 3
1849 0
1849 1
1850 1
1850 2
1851 1
1851 3
1852 0
1852 1
1853 1
1853 2
1854 1
1854 2
1855 1
1855 2
1856 0
1856 2
1857 1
1857 3
1858 0
1858 2
1859 0
1859 2
1860 1
1860 2
1861 1
1861 2
1862 1
1862 3
1863 1
1863 2
1864 0
1864 1
1865 1
1865 2
1866 0
1866 1
1867 1
1867 2
1868 1
1868 3
1869 0
1869 1
1870 1
1870 3
1871 0
1871 2
1872 0
1872 2
1873 0
1873 2
1874 0
1874 1
1875 0
1875 2
1876 1
1876 2
1877 1
1877 2
1878 1
1878 3
1879 1
1879 3
1880 1
1880 2
1881 1
1881 3
1882 0
1882 2
1883 1
1883 3
1884 0
1884 2
1885 1
1885 3
1886 1
1886 2
1887 0
1887 2
1888 1
1888 3
1889 0
1889 1
1890 1
1890 3
1891 1
1891 2
1892 1
1892 3
1893 1
1893 2
1894 0
1894 1
1895 1
1895 3
1896 0
1896 2
1897 0
1897 1
1898 0
1898 2
1899 0
1899 1
1900 0
1900 2
1901 1
1901 3
1902 1
1902 3
1903 1
1903 3
1904 0
1904 2
1905 1
1905 2
1906 0
1906 1
1907 0
1907 2
1908 1
1908 3
1909 1
1909 3
1910 1
1910 3
1911 0
1911 2
1912 0
1912 1
1913 0
1913 1
1914 1
1914 2
1915 0
1915 1
1916 1
1916 3
1917 1
1917 3
1918 0
1918 1
1919 0
1919 2
1920 0
1920 2
1921 1
1921 2
1922 1
1922 3
1923 0
1923 2
1924 1
1924 3
1925 0
1925 1
1926 0
1926 2
1927 0
1927 1
1928 1
1928 2
1929 0
1929 2
1930 0
1930 1
1931 1
1931 3
1932 1
1932 2
1933 0
1933 1
1934 1
1934 2
1935 1
1935 3
1936 1
1936 2
1937 1
1937 3
1938 1
1938 3
1939 0
1939 1
1940 1
1940 2
1941 1
1941 3
1942 1
1942 3
1943 0
1943 2
1944 1
1944 2
1945 0
1945 2
1946 1
1946 3
1947 0
1947 1
1948 1
1948 3
1949 0
1949 1
1950 1
1950 3
1951 1
1951 3
1952 1
1952 3
1953 0
1953 2
1954 0
1954 1
1955 1
1955 3
1956 0
1956 1
1957 1
1957 2
1958 1
1958 3
1959 1
1959 2
1960 1
1960 3
1961 1
1961 2
1962 0
1962 1
1963 1
1963 3
1964 1
1964 3
1965 0
1965 1
1966 1
1966 3
1967 1
1967 2
1968 0
1968 2
1969 1
1969 3
1970 1
1970 3
1971 0
1971 1
1972 1
1972 3
1973 0
1973 2
1974 0
1974 2
1975 1
1975 2
1976 0
1976 2
1977 0
1977 1
1978 1
1978 3
1979 1
1979 2
1980 1
1980 3
1981 0
1981 1
1982 1
1982 2
1983 0
1983 2
1984 1
1984 2
1985 0
1985 2
1986 1
1986 3
1987 1
1987 2
1988 0
1988 2
1989 1
1989 3
1990 0
1990 2
1991 1
1991 2
1992 0
1992 2
1993 0
1993 2
1994 1
1994 3
1995 1
1995 2
1996 1
1996 3
1997 0
1997 1
1998 1
1998 2
1999 1
1999 3
2000 0
2000 1
2001 0
2001 2
2002 1
2002 3
2003 0
2003 2
2004 0
2004 2
2005 0
2005 1
2006 0
2006 2
2007 0
2007 1
2008 1
2008 2
2009 1
2009 2
2010 1
2010 2
2011 0
2011 1
2012 0
2012 1
2013 0
2013 2
2014 0
2014 1
2015 0
2015 2
2016 0
2016 1
2017 0
2017 2
2018 1
2018 2
2019 0
2019 2
2020 0
2020 2
2021 1
2021 2
2022 0
2022 2
2023 1
2023 3
2024 1
2024 2
2025 1
2025 3
2026 1
2026 3
2027 1
2027 3
2028 1
2028 2
2029 0
2029 1
2030 0
2030 2
2031 1
2031 2
2032 1
2032 3
2033 1
2033 3
2034 0
2034 2
2035 0
2035 1
2036 0
2036 1
2037 0
2037 2
2038 1
2038 3
2039 0
2039 2
2040 0
2040 1
2041 0
2041 2
2042 1
2042 3
2043 0
2043 2
2044 1
2044 2
2045 1
2045 3
2046 1
2046 2
2047 1
2047 3
2048 1
2048 2
2049 0
2049 2
2050 0
2050 1
2051 1
2051 2
2052 0
2052 1
2053 1
2053 2
2054 1
2054 2
2055 1
2055 3
2056 0
2056 2
2057 0
2057 2
2058 0
2058 1
2059 0
2059 1
2060 1
2060 3
2061 1
2061 2
2062 1
2062 3
2063 1
2063 3
2064 1
2064 3
2065 0
2065 2
2066 0
2066 1
2067 0
2067 1
2068 0
2068 2
2069 0
2069 2
2070 1
2070 3
2071 1
2071 3
2072 0
2072 2
2073 1
2073 3
2074 0
2074 2
2075 1
2075 3
2076 1
2076 2
2077 1
2077 2
2078 1
2078 3
2079 1
2079 3
2080 0
2080 1
2081 0
2081 1
2082 0
2082 1
2083 1
2083 2
2084 0
2084 2
2085 1
2085 3
2086 1
2086 2
2087 1
2087 3
2088 0
2088 1
2089 0
2089 1
2090 1
2090 3
2091 1
2091 2
2092 0
2092 1
2093 1
2093 3
2094 1
2094 2
2095 0
2095 1
2096 0
2096 2
2097 0
2097 1
2098 1
2098 3
2099 0
2099 2
2100 1
2100 2
2101 1
2101 2
2102 0
2102 1
2103 1
2103 2
2104 0
2104 1
2105 0
2105 2
2106 1
2106 3
2107 0
2107 2
2108 0
2108 2
2109 1
2109 3
2110 1
2110 3
2111 1
2111 2
2112 0
2112 1
2113 0
2113 1
2114 1
2114 3
2115 1
2115 2
2116 1
2116 2
2117 0
2117 2
2118 0
2118 1
2119 0
2119 1
2120 0
2120 1
2121 0
2121 2
2122 0
2122 1
2123 1
2123 2
2124 1
2124 2
2125 1
2125 2
2126 1
2126 3
2127 0
2127 1
2128 1
2128 3
2129 0
2129 1
2130 0
2130 2
2131 1
2131 3
2132 0
2132 2
2133 0
2133 1
2134 1
2134 2
2135 1
2135 3
2136 1
2136 3
2137 1
2137 3
2138 1
2138 2
2139 1
2139 2
2140 0
2140 1
2141 0
2141 2
2142 1
2142 3
2143 1
2143 2
2144 0
2144 2
2145 1
2145 2
2146 1
2146 2
2147 1
2147 3
2148 1
2148 3
2149 1
2149 3
2150 0
2150 1
2151 0
2151 2
2152 1
2152 3
2153 0
2153 1
2154 1
2154 3
2155 0
2155 2
2156 1
2156 3
2157 1
2157 3
2158 0
2158 1
2159 1
2159 2
2160 0
2160 1
2161 0
2161 2
2162 0
2162 2
2163 0
2163 1
2164 0
2164 2
2165 1
2165 2
2166 0
2166 2
2167 1
2167 3
2168 1
2168 3
2169 0
2169 1
2170 0
2170 1
2171 0
2171 1
2172 1
2172 3
2173 1
2173 3
2174 1
2174 2
2175 1
2175 3
2176 1
2176 3
2177 0
2177 2
2178 0
2178 1
2179 1
2179 3
2180 0
2180 1
2181 1
2181 2
2182 0
2182 2
2183 1
2183 3
2184 0
2184 2
2185 1
2185 3
2186 0
2186 2
2187 1
2187 3
2188 0
2188 1
2189 1
2189 2
2190 0
2190 1
2191 1
2191 3
2192 0
2192 1
2193 1
2193 2
2194 0
2194 1
2195 1
2195 2
2196 1
2196 3
2197 0
2197 2
2198 0
2198 1
2199 0
2199 1
2200 1
2200 3
2201 1
2201 3
2202 1
2202 2
2203 1
2203 3
2204 0
2204 1
2205 1
2205 3
2206 0
2206 2
2207 0
2207 1
2208 1
2208 3
2209 1
2209 3
2210 0
2210 1
2211 0
2211 2
2212 1
2212 2
2213 0
2213 2
2214 0
2214 1
2215 0
2215 1
2216 1
2216 3
2217 1
2217 2
2218 0
2218 1
2219 0
2219 1
2220 0
2220 2
2221 1
2221 3
2222 0
2222 1
2223 1
2223 3
2224 1
2224 2
2225 1
2225 3
2226 1
2226 3
2227 0
2227 1
2228 1
2228 2
2229 0
2229 1
2230 0
2230 1
2231 0
2231 1
2232 1
2232 3
2233 0
2233 2
2234 0
2234 1
2235 0
2235 1
2236 0
2236 2
2237 1
2237 2
2238 1
2238 3
2239 0
2239 2
2240 1
2240 3
2241 0
2241 1
2242 0
2242 2
2243 1
2243 3
2244 1
2244 3
2245 1
2245 2
2246 1
2246 3
2247 0
2247 1
2248 1
2248 2
2249 0
2249 2
2250 1
2250 2
2251 1
2251 3
2252 1
2252 3
2253 1
2253 3
2254 0
2254 2
2255 0
2255 2
2256 0
2256 1
2257 0
2257 1
2258 1
2258 3
2259 0
2259 2
2260 0
2260 2
2261 1
2261 3
2262 1
2262 3
2263 1
2263 2
2264 1
2264 3
2265 1
2265 2
2266 1
2266 2
2267 1
2267 3
2268 1
2268 3
2269 0
2269 2
2270 0
2270 1
2271 1
2271 3
2272 0
2272 2
2273 1
2273 2
2274 0
2274 2
2275 1
2275 2
2276 1
2276 2
2277 1
2277 2
2278 1
2278 2
2279 0
2279 1
2280 0
2280 2
2281 1
2281 3
2282 1
2282 2
2283 0
2283 2
2284 1
2284 2
2285 0
2285 1
2286 0
2286 2
2287 1
2287 3
2288 0
2288 1
2289 1
2289 2
2290 0
2290 1
2291 0
2291 2
2292 0
2292 2
2293 1
2293 3
2294 0
2294 2
2295 1
2295 2
2296 0
2296 1
2297 1
2297 3
2298 1
2298 2
2299 0
2299 1
2300 0
2300 2
2301 0
2301 2
2302 0
2302 2
2303 0
2303 2
2304 0
2304 2
2305 1
2305 2
2306 1
2306 2
2307 1
2307 3
2308 1
2308 2
2309 0
2309 2
2310 1
2310 3
2311 1
2311 3
2312 0
2312 2
2313 0
2313 2
2314 1
2314 3
2315 1
2315 3
2316 0
2316 1
2317 0
2317 1
2318 1
2318 2
2319 1
2319 3
2320 1
2320 3
2321 1
2321 2
2322 1
2322 2
2323 1
2323 2
2324 0
2324 2
2325 0
2325 2
2326 1
2326 3
2327 0
2327 2
2328 0
2328 2
2329 0
2329 2
2330 0
2330 2
2331 1
2331 2
2332 1
2332 3
2333 0
2333 2
2334 0
2334 1
2335 0
2335 2
2336 1
2336 2
2337 0
2337 1
2338 0
2338 2
2339 0
2339 2
2340 1
2340 2
2341 0
2341 1
2342 0
2342 2
2343 1
2343 2
2344 0
2344 2
2345 0
2345 1
2346 0
2346 2
2347 0
2347 1
2348 0
2348 1
2349 1
2349 2
2350 0
2350 2
2351 0
2351 2
2352 1
2352 2
2353 1
2353 2
2354 1
2354 2
2355 1
2355 2
2356 0
2356 2
2357 0
2357 1
2358 0
2358 2
2359 1
2359 2
2360 0
2360 2
2361 0
2361 2
2362 0
2362 1
2363 1
2363 2
2364 1
2364 2
2365 1
2365 3
2366 1
2366 3
2367 1
2367 3
2368 1
2368 2
2369 1
2369 2
2370 0
2370 1
2371 1
2371 3
2372 1
2372 3
2373 1
2373 2
2374 1
2374 2
2375 0
2375 2
2376 1
2376 3
2377 0
2377 2
2378 1
2378 3
2379 0
2379 1
2380 1
2380 3
2381 0
2381 2
2382 0
2382 2
2383 0
2383 2
2384 1
2384 3
2385 1
2385 2
2386 1
2386 2
2387 1
2387 2
2388 0
2388 1
2389 0
2389 2
2390 1
2390 3
2391 0
2391 1
2392 0
2392 2
2393 0
2393 2
2394 0
2394 1
2395 0
2395 1
2396 1
2396 2
2397 1
2397 3
2398 1
2398 3
2399 0
2399 1
2400 0
2400 2
2401 0
2401 2
2402 0
2402 2
2403 1
2403 2
2404 0
2404 1
2405 1
2405 3
2406 1
2406 3
2407 1
2407 3
2408 0
2408 2
2409 0
2409 2
2410 1
2410 2
2411 1
2411 2
2412 0
2412 1
2413 1
2413 3
2414 1
2414 3
2415 0
2415 2
2416 1
2416 2
2417 0
2417 2
2418 0
2418 2
2419 1
2419 2
2420 1
2420 2
2421 1
2421 2
2422 1
2422 2
2423 1
2423 2
2424 0
2424 1
2425 1
2425 3
2426 0
2426 1
2427 0
2427 2
2428 0
2428 2
2429 0
2429 2
2430 1
2430 2
2431 0
2431 1
2432 1
2432 2
2433 1
2433 3
2434 1
2434 2
2435 1
2435 3
2436 0
2436 1
2437 1
2437 3
2438 0
2438 2
2439 1
2439 2
2440 1
2440 2
2441 0
2441 2
2442 0
2442 1
2443 0
2443 1
2444 1
2444 3
2445 1
2445 2
2446 1
2446 3
2447 0
2447 1
2448 1
2448 3
2449 1
2449 3
2450 1
2450 2
2451 0
2451 2
2452 0
2452 2
2453 1
2453 3
2454 0
2454 1
2455 1
2455 3
2456 1
2456 3
2457 1
2457 3
2458 1
2458 3
2459 0
2459 2
2460 0
2460 2
2461 1
2461 2
2462 1
2462 2
2463 0
2463 1
2464 1
2464 2
2465 1
2465 3
2466 0
2466 2
2467 0
2467 2
2468 1
2468 3
2469 0
2469 2
2470 0
2470 2
2471 1
2471 3
2472 1
2472 2
2473 0
2473 1
2474 1
2474 2
2475 1
2475 2
2476 0
2476 2
2477 0
2477 2
2478 1
2478 2
2479 1
2479 2
2480 0
2480 2
2481 1
2481 3
2482 0
2482 1
2483 0
2483 2
2484 1
2484 2
2485 1
2485 3
2486 1
2486 2
2487 0
2487 1
2488 0
2488 2
2489 1
2489 3
2490 1
2490 2
2491 1
2491 3
2492 1
2492 3
2493 0
2493 1
2494 0
2494 1
2495 1
2495 2
2496 1
2496 2
2497 1
2497 3
2498 0
2498 2
2499 1
2499 2
2500 1
2500 2
2501 1
2501 3
2502 0
2502 1
2503 1
2503 2
2504 1
2504 2
2505 1
2505 2
2506 1
2506 3
2507 0
2507 1
2508 0
2508 1
2509 1
2509 2
2510 0
2510 1
2511 1
2511 3
2512 0
2512 1
2513 1
2513 3
2514 0
2514 1
2515 1
2515 3
2516 0
2516 1
2517 0
2517 1
2518 0
2518 1
2519 0
2519 2
2520 0
2520 2
2521 0
2521 2
2522 0
2522 1
2523 0
2523 2
2524 0
2524 2
2525 1
2525 3
2526 1
2526 2
2527 0
2527 2
2528 1
2528 3
2529 0
2529 2
2530 1
2530 3
2531 0
2531 2
2532 0
2532 2
2533 1
2533 2
2534 1
2534 3
2535 0
2535 2
2536 1
2536 2
2537 1
2537 3
2538 0
2538 2
2539 0
2539 1
2540 0
2540 1
2541 1
2541 3
2542 0
2542 1
2543 0
2543 2
2544 1
2544 3
2545 0
2545 2
2546 0
2546 2
2547 0
2547 1
2548 0
2548 1
2549 1
2549 3
2550 1
2550 3
2551 0
2551 1
2552 1
2552 3
2553 0
2553 2
2554 0
2554 1
2555 1
2555 2
2556 0
2556 2
2557 1
2557 3
2558 1
2558 2
2559 0
2559 1
2560 1
2560 3
2561 1
2561 3
2562 0
2562 1
2563 0
2563 1
2564 0
2564 2
2565 1
2565 3
2566 0
2566 2
2567 0
2567 2
2568 1
2568 2
2569 0
2569 2
2570 0
2570 2
2571 0
2571 2
2572 0
2572 2
2573 0
2573 2
2574 1
2574 2
2575 0
2575 1
2576 1
2576 3
2577 0
2577 2
2578 1
2578 2
2579 1
2579 3
2580 1
2580 2
2581 1
2581 3
2582 0
2582 2
2583 0
2583 2
2584 1
2584 2
2585 0
2585 2
2586 1
2586 2
2587 0
2587 1
2588 0
2588 1
2589 1
2589 3
2590 1
2590 3
2591 0
2591 1
2592 1
2592 2
2593 0
2593 1
2594 0
2594 2
2595 0
2595 2
2596 0
2596 2
2597 0
2597 1
2598 0
2598 1
2599 1
2599 3
2600 0
2600 2
2601 0
2601 2
2602 0
2602 2
2603 1
2603 2
2604 1
2604 3
2605 1
2605 2
2606 0
2606 2
2607 1
2607 3
2608 1
2608 3
2609 0
2609 2
2610 0
2610 1
2611 0
2611 1
2612 1
2612 2
2613 0
2613 2
2614 0
2614 2
2615 0
2615 1
2616 1
2616 2
2617 0
2617 2
2618 1
2618 3
2619 1
2619 3
2620 0
2620 1
2621 1
2621 3
2622 0
2622 1
2623 0
2623 2
2624 1
2624 2
2625 1
2625 2
2626 0
2626 2
2627 0
2627 2
2628 0
2628 2
2629 0
2629 1
2630 0
2630 1
2631 1
2631 3
2632 1
2632 3
2633 0
2633 1
2634 0
2634 2
2635 1
2635 3
2636 0
2636 2
2637 0
2637 1
2638 1
2638 2
2639 1
2639 3
2640 1
2640 2
2641 1
2641 3
2642 0
2642 2
2643 1
2643 2
2644 0
2644 2
2645 0
2645 2
2646 0
2646 2
2647 0
2647 2
2648 0
2648 2
2649 1
2649 3
2650 0
2650 2
2651 0
2651 1
2652 0
2652 1
2653 0
2653 2
2654 0
2654 1
2655 0
2655 2
2656 0
2656 2
2657 1
2657 2
2658 1
2658 2
2659 0
2659 2
2660 1
2660 3
2661 0
2661 2
2662 0
2662 2
2663 0
2663 2
2664 0
2664 1
2665 0
2665 1
2666 1
2666 2
2667 1
2667 3
2668 0
2668 2
2669 0
2669 1
2670 1
2670 3
2671 0
2671 1
2672 0
2672 2
2673 0
2673 2
2674 1
2674 3
2675 1
2675 2
2676 0
2676 2
2677 0
2677 1
2678 0
2678 1
2679 1
2679 2
2680 0
2680 2
2681 1
2681 3
2682 1
2682 2
2683 0
2683 2
2684 1
2684 3
2685 0
2685 2
2686 0
2686 1
2687 1
2687 2
2688 1
2688 3
2689 0
2689 1
2690 0
2690 2
2691 0
2691 1
2692 0
2692 1
2693 1
2693 3
2694 1
2694 2
2695 1
2695 3
2696 0
2696 1
2697 1
2697 3
2698 0
2698 2
2699 1
2699 2
2700 0
2700 2
2701 1
2701 2
2702 1
2702 2
2703 1
2703 2
2704 1
2704 3
2705 0
2705 1
2706 0
2706 1
2707 0
2707 1
2708 1
2708 3
2709 1
2709 2
2710 0
2710 2
2711 1
2711 2
2712 1
2712 2
2713 1
2713 2
2714 0
2714 1
2715 0
2715 1
2716 1
2716 3
2717 1
2717 2
2718 1
2718 2
2719 0
2719 1
2720 1
2720 2
2721 0
2721 2
2722 1
2722 3
2723 1
2723 2
2724 0
2724 2
2725 0
2725 1
2726 0
2726 2
2727 0
2727 2
2728 0
2728 1
2729 1
2729 2
2730 0
2730 2
2731 0
2731 1
2732 0
2732 2
2733 0
2733 2
2734 1
2734 3
2735 0
2735 1
2736 1
2736 2
2737 1
2737 2
2738 1
2738 3
2739 0
2739 1
2740 0
2740 1
2741 0
2741 1
2742 0
2742 2
2743 1
2743 2
2744 1
2744 3
2745 0
2745 2
2746 0
2746 1
2747 1
2747 3
2748 0
2748 1
2749 0
2749 2
2750 1
2750 2
2751 0
2751 1
2752 1
2752 3
2753 1
2753 2
2754 0
2754 2
2755 0
2755 1
2756 0
2756 2
2757 0
2757 1
2758 0
2758 1
2759 0
2759 2
2760 1
2760 2
2761 0
2761 2
2762 0
2762 1
2763 0
2763 1
2764 0
2764 2
2765 0
2765 2
2766 1
2766 2
2767 1
2767 2
2768 1
2768 2
2769 1
2769 2
2770 0
2770 2
2771 0
2771 1
2772 0
2772 2
2773 0
2773 1
2774 1
2774 2
2775 1
2775 2
2776 0
2776 1
2777 1
2777 2
2778 0
2778 1
2779 1
2779 2
2780 1
2780 3
2781 1
2781 2
2782 1
2782 2
2783 1
2783 2
2784 1
2784 2
2785 0
2785 2
2786 1
2786 3
2787 1
2787 2
2788 0
2788 2
2789 0
2789 2
2790 1
2790 2
2791 1
2791 3
2792 0
2792 1
2793 1
2793 2
2794 0
2794 1
2795 0
2795 2
2796 1
2796 3
2797 0
2797 1
2798 1
2798 3
2799 1
2799 2
2800 1
2800 3
2801 1
2801 2
2802 0
2802 1
2803 0
2803 1
2804 1
2804 3
2805 1
2805 2
2806 1
2806 2
2807 1
2807 3
2808 1
2808 3
2809 1
2809 3
2810 1
2810 3
2811 1
2811 3
2812 0
2812 2
2813 1
2813 3
2814 0
2814 1
2815 0
2815 2
2816 0
2816 2
2817 1
2817 2
2818 0
2818 1
2819 1
2819 3
2820 1
2820 2
2821 0
2821 1
2822 1
2822 3
2823 1
2823 2
2824 0
2824 1
2825 1
2825 2
2826 1
2826 2
2827 1
2827 3
2828 1
2828 2
2829 0
2829 2
2830 1
2830 2
2831 0
2831 2
2832 0
2832 1
2833 1
2833 2
2834 0
2834 1
2835 1
2835 3
2836 1
2836 3
2837 1
2837 2
2838 1
2838 2
2839 0
2839 2
2840 0
2840 2
2841 1
2841 3
2842 0
2842 1
2843 0
2843 2
2844 1
2844 2
2845 1
2845 2
2846 1
2846 3
2847 1
2847 3
2848 1
2848 2
2849 1
2849 3
2850 1
2850 2
2851 0
2851 1
2852 0
2852 2
2853 0
2853 2
2854 1
2854 2
2855 0
2855 2
2856 1
2856 2
2857 0
2857 2
2858 0
2858 1
2859 1
2859 3
2860 1
2860 2
2861 1
2861 2
2862 1
2862 2
2863 1
2863 3
2864 1
2864 2
2865 0
2865 1
2866 0
2866 2
2867 0
2867 1
2868 0
2868 1
2869 1
2869 2
2870 0
2870 1
2871 1
2871 3
2872 0
2872 1
2873 1
2873 2
2874 0
2874 1
2875 0
2875 2
2876 0
2876 2
2877 1
2877 3
2878 0
2878 1
2879 0
2879 2
2880 0
2880 2
2881 1
2881 3
2882 0
2882 2
2883 1
2883 2
2884 1
2884 3
2885 0
2885 2
2886 1
2886 2
2887 0
2887 2
2888 0
2888 2
2889 1
2889 2
2890 1
2890 3
2891 0
2891 2
2892 1
2892 3
2893 1
2893 3
2894 0
2894 2
2895 0
2895 1
2896 0
2896 2
2897 1
2897 2
2898 0
2898 2
2899 1
2899 3
2900 0
2900 2
2901 0
2901 2
2902 1
2902 2
2903 0
2903 2
2904 0
2904 2
2905 0
2905 2
2906 1
2906 2
2907 1
2907 2
2908 1
2908 2
2909 1
2909 3
2910 1
2910 3
2911 0
2911 1
2912 0
2912 2
2913 0
2913 1
2914 0
2914 2
2915 1
2915 2
2916 1
2916 3
2917 1
2917 2
2918 1
2918 3
2919 0
2919 2
2920 1
2920 2
2921 1
2921 2
2922 0
2922 1
2923 0
2923 2
2924 0
2924 2
2925 1
2925 3
2926 0
2926 2
2927 1
2927 2
2928 0
2928 1
2929 0
2929 2
2930 1
2930 3
2931 1
2931 2
2932 0
2932 2
2933 1
2933 3
2934 0
2934 2
2935 1
2935 3
2936 1
2936 2
2937 1
2937 3
2938 0
2938 2
2939 0
2939 1
2940 0
2940 2
2941 1
2941 2
2942 0
2942 2
2943 0
2943 2
2944 1
2944 2
2945 0
2945 1
2946 1
2946 3
2947 1
2947 3
2948 0
2948 1
2949 1
2949 3
2950 1
2950 2
2951 0
2951 1
2952 0
2952 1
2953 1
2953 2
2954 1
2954 3
2955 0
2955 1
2956 1
2956 3
2957 0
2957 2
2958 0
2958 2
2959 0
2959 2
2960 1
2960 2
2961 0
2961 2
2962 0
2962 2
2963 0
2963 1
2964 1
2964 3
2965 1
2965 2
2966 1
2966 2
2967 0
2967 2
2968 0
2968 2
2969 1
2969 3
2970 0
2970 2
2971 1
2971 3
2972 1
2972 2
2973 1
2973 3
2974 1
2974 3
2975 1
2975 2
2976 0
2976 2
2977 1
2977 2
2978 0
2978 1
2979 0
2979 2
2980 1
2980 2
2981 1
2981 3
2982 0
2982 2
2983 0
2983 1
2984 0
2984 1
2985 1
2985 2
2986 1
2986 3
2987 0
2987 1
2988 1
2988 3
2989 0
2989 1
2990 0
2990 2
2991 0
2991 1
2992 0
2992 1
2993 0
2993 1
2994 0
2994 2
2995 1
2995 3
2996 1
2996 2
2997 0
2997 2
2998 1
2998 3
2999 1
2999 3
3000 1
3000 2
3001 1
3001 2
3002 1
3002 3
3003 1
3003 2
3004 0
3004 2
3005 0
3005 2
3006 0
3006 2
3007 1
3007 2
3008 1
3008 2
3009 0
3009 2
3010 1
3010 3
3011 0
3011 1
3012 1
3012 3
3013 1
3013 2
3014 0
3014 1
3015 1
3015 3
3016 0
3016 1
3017 1
3017 2
3018 0
3018 1
3019 0
3019 1
3020 1
3020 3
3021 1
3021 3
3022 0
3022 2
3023 1
3023 3
3024 1
3024 3
3025 0
3025 1
3026 0
3026 1
3027 0
3027 2
3028 1
3028 3
3029 1
3029 3
3030 1
3030 2
3031 0
3031 2
3032 1
3032 2
3033 1
3033 3
3034 0
3034 1
3035 1
3035 2
3036 1
3036 3
3037 1
3037 3
3038 0
3038 2
3039 0
3039 2
3040 0
3040 1
3041 1
3041 3
3042 0
3042 2
3043 0
3043 1
3044 0
3044 1
3045 1
3045 3
3046 0
3046 1
3047 0
3047 2
3048 0
3048 1
3049 0
3049 1
3050 0
3050 1
3051 0
3051 2
3052 1
3052 2
3053 0
3053 2
3054 1
3054 2
3055 0
3055 2
3056 0
3056 2
3057 0
3057 1
3058 0
3058 2
3059 0
3059 1
3060 1
3060 2
3061 1
3061 3
3062 0
3062 2
3063 1
3063 2
3064 1
3064 3
3065 0
3065 2
3066 1
3066 3
3067 0
3067 1
3068 1
3068 2
3069 1
3069 2
3070 0
3070 2
3071 1
3071 2
3072 0
3072 1
3073 1
3073 2
3074 1
3074 3
3075 0
3075 1
3076 1
3076 3
3077 1
3077 3
3078 1
3078 2
3079 1
3079 2
3080 0
3080 1
3081 0
3081 2
3082 1
3082 2
3083 0
3083 1
3084 1
3084 3
3085 0
3085 2
3086 1
3086 3
3087 0
3087 2
3088 1
3088 3
3089 0
3089 1
3090 0
3090 1
3091 0
3091 1
3092 0
3092 1
3093 1
3093 3
3094 0
3094 2
3095 1
3095 2
3096 1
3096 3
3097 0
3097 1
3098 0
3098 1
3099 0
3099 2
3100 1
3100 2
3101 0
3101 1
3102 1
3102 2
3103 0
3103 2
3104 1
3104 2
3105 1
3105 2
3106 0
3106 1
3107 0
3107 1
3108 0
3108 2
3109 1
3109 2
3110 0
3110 2
3111 1
3111 3
3112 0
3112 2
3113 1
3113 2
3114 1
3114 3
3115 1
3115 2
3116 1
3116 2
3117 1
3117 3
3118 0
3118 2
3119 0
3119 1
3120 1
3120 3
3121 0
3121 2
3122 1
3122 2
3123 0
3123 2
3124 1
3124 3
3125 0
3125 1
3126 0
3126 2
3127 1
3127 3
3128 0
3128 2
3129 1
3129 3
3130 0
3130 2
3131 1
3131 2
3132 1
3132 2
3133 1
3133 3
3134 1
3134 3
3135 1
3135 2
3136 0
3136 2
3137 0
3137 1
3138 1
3138 2
3139 1
3139 3
3140 1
3140 3
3141 1
3141 2
3142 0
3142 1
3143 1
3143 2
3144 1
3144 2
3145 1
3145 2
3146 1
3146 3
3147 0
3147 1
3148 1
3148 3
3149 0
3149 2
3150 0
3150 2
3151 1
3151 2
3152 1
3152 3
3153 0
3153 1
3154 1
3154 2
3155 1
3155 3
3156 1
3156 2
3157 1
3157 2
3158 1
3158 2
3159 0
3159 1
3160 0
3160 1
3161 0
3161 1
3162 1
3162 2
3163 0
3163 1
3164 1
3164 2
3165 1
3165 3
3166 0
3166 2
3167 0
3167 2
3168 0
3168 1
3169 1
3169 2
3170 0
3170 2
3171 1
3171 2
3172 1
3172 2
3173 0
3173 1
3174 0
3174 1
3175 1
3175 2
3176 0
3176 2
3177 0
3177 2
3178 0
3178 2
3179 0
3179 2
3180 1
3180 3
3181 1
3181 3
3182 0
3182 2
3183 0
3183 2
3184 1
3184 2
3185 1
3185 2
3186 1
3186 2
3187 0
3187 1
3188 0
3188 1
3189 1
3189 2
3190 0
3190 1
3191 0
3191 2
3192 1
3192 3
3193 0
3193 2
3194 0
3194 1
3195 1
3195 3
3196 0
3196 1
3197 1
3197 2
3198 1
3198 3
3199 1
3199 2
3200 1
3200 2
3201 0
3201 1
3202 0
3202 1
3203 1
3203 2
3204 0
3204 1
3205 0
3205 2
3206 0
3206 2
3207 0
3207 2
3208 0
3208 1
3209 1
3209 2
3210 1
3210 2
3211 1
3211 3
3212 0
3212 1
3213 1
3213 3
3214 0
3214 2
3215 1
3215 3
3216 1
3216 2
3217 0
3217 1
3218 0
3218 2
3219 0
3219 2
3220 1
3220 3
3221 0
3221 2
3222 0
3222 1
3223 0
3223 1
3224 0
3224 2
3225 0
3225 2
3226 1
3226 3
3227 0
3227 2
3228 0
3228 1
3229 0
3229 1
3230 1
3230 2
3231 1
3231 2
3232 0
3232 2
3233 0
3233 1
3234 0
3234 2
3235 1
3235 3
3236 0
3236 2
3237 0
3237 1
3238 1
3238 3
3239 0
3239 1
3240 0
3240 1
3241 1
3241 2
3242 1
3242 2
3243 1
3243 3
3244 0
3244 1
3245 1
3245 3
3246 0
3246 2
3247 1
3247 2
3248 0
3248 1
3249 0
3249 2
3250 1
3250 2
3251 0
3251 2
3252 1
3252 3
3253 1
3253 3
3254 0
3254 2
3255 1
3255 2
3256 1
3256 2
3257 0
3257 1
3258 0
3258 1
3259 0
3259 1
3260 0
3260 2
3261 1
3261 2
3262 0
3262 2
3263 0
3263 2
3264 1
3264 2
3265 0
3265 1
3266 0
3266 1
3267 1
3267 2
3268 1
3268 2
3269 1
3269 3
3270 1
3270 2
3271 0
3271 1
3272 0
3272 1
3273 0
3273 2
3274 0
3274 1
3275 1
3275 2
3276 0
3276 2
3277 0
3277 1
3278 0
3278 1
3279 1
3279 3
3280 1
3280 3
3281 1
3281 3
3282 0
3282 1
3283 1
3283 3
3284 0
3284 1
3285 1
3285 3
3286 0
3286 2
3287 1
3287 3
3288 1
3288 3
3289 0
3289 1
3290 0
3290 2
3291 0
3291 1
3292 0
3292 2
3293 0
3293 1
3294 1
3294 2
3295 1
3295 2
3296 1
3296 2
3297 0
3297 2
3298 0
3298 2
3299 1
3299 2
3300 0
3300 1
3301 1
3301 2
3302 1
3302 2
3303 1
3303 2
3304 0
3304 2
3305 0
3305 1
3306 1
3306 3
3307 0
3307 2
3308 0
3308 1
3309 0
3309 2
3310 0
3310 2
3311 0
3311 1
3312 0
3312 1
3313 1
3313 2
3314 1
3314 2
3315 1
3315 3
3316 0
3316 1
3317 0
3317 2
3318 1
3318 3
3319 0
3319 2
3320 1
3320 2
3321 1
3321 2
3322 1
3322 3
3323 1
3323 3
3324 1
3324 3
3325 1
3325 2
3326 1
3326 3
3327 0
3327 2
3328 1
3328 3
3329 1
3329 2
3330 0
3330 1
3331 0
3331 1
3332 1
3332 2
3333 0
3333 1
3334 1
3334 2
3335 1
3335 2
3336 0
3336 1
3337 0
3337 1
3338 1
3338 2
3339 1
3339 2
3340 1
3340 2
3341 0
3341 1
3342 1
3342 2
3343 1
3343 2
3344 0
3344 2
3345 1
3345 2
3346 1
3346 3
3347 0
3347 1
3348 1
3348 2
3349 0
3349 1
3350 0
3350 2
3351 1
3351 3
3352 1
3352 3
3353 1
3353 2
3354 1
3354 2
3355 1
3355 3
3356 1
3356 3
3357 1
3357 2
3358 0
3358 2
3359 1
3359 2
3360 0
3360 1
3361 0
3361 2
3362 1
3362 2
3363 0
3363 1
3364 1
3364 2
3365 0
3365 2
3366 0
3366 2
3367 0
3367 2
3368 1
3368 3
3369 0
3369 1
3370 0
3370 2
3371 1
3371 3
3372 0
3372 2
3373 1
3373 2
3374 0
3374 1
3375 0
3375 1
3376 0
3376 1
3377 1
3377 3
3378 1
3378 3
3379 1
3379 2
3380 0
3380 1
3381 1
3381 2
3382 1
3382 2
3383 1
3383 2
3384 1
3384 3
3385 1
3385 3
3386 0
3386 1
3387 0
3387 2
3388 1
3388 2
3389 1
3389 3
3390 0
3390 1
3391 1
3391 3
3392 0
3392 2
3393 0
3393 2
3394 0
3394 1
3395 1
3395 2
3396 0
3396 2
3397 0
3397 2
3398 1
3398 2
3399 0
3399 1
3400 1
3400 3
3401 0
3401 1
3402 1
3402 2
3403 1
3403 3
3404 0
3404 1
3405 0
3405 2
3406 0
3406 1
3407 0
3407 2
3408 1
3408 2
3409 0
3409 2
3410 0
3410 1
3411 0
3411 1
3412 1
3412 2
3413 0
3413 1
3414 0
3414 1
3415 0
3415 1
3416 1
3416 2
3417 0
3417 1
3418 1
3418 3
3419 1
3419 3
3420 1
3420 2
3421 0
3421 1
3422 0
3422 1
3423 1
3423 3
3424 1
3424 3
3425 0
3425 2
3426 1
3426 2
3427 0
3427 1
3428 1
3428 2
3429 0
3429 2
3430 0
3430 2
3431 1
3431 3
3432 1
3432 3
3433 1
3433 2
3434 0
3434 2
3435 0
3435 1
3436 1
3436 2
3437 0
3437 2
3438 1
3438 3
3439 0
3439 1
3440 0
3440 1
3441 1
3441 2
3442 1
3442 3
3443 0
3443 1
3444 1
3444 3
3445 1
3445 3
3446 0
3446 2
3447 0
3447 2
3448 0
3448 1
3449 0
3449 2
3450 1
3450 2
3451 1
3451 2
3452 0
3452 2
3453 1
3453 3
3454 0
3454 2
3455 1
3455 2
3456 1
3456 3
3457 0
3457 1
3458 0
3458 2
3459 0
3459 1
3460 0
3460 1
3461 1
3461 2
3462 1
3462 2
3463 1
3463 3
3464 0
3464 2
3465 0
3465 2
3466 1
3466 3
3467 1
3467 2
3468 0
3468 1
3469 1
3469 2
3470 1
3470 3
3471 1
3471 2
3472 0
3472 2
3473 1
3473 2
3474 0
3474 2
3475 0
3475 1
3476 1
3476 2
3477 0
3477 1
3478 0
3478 1
3479 0
3479 1
3480 1
3480 2
3481 1
3481 3
3482 0
3482 1
3483 1
3483 2
3484 0
3484 1
3485 1
3485 3
3486 1
3486 2
3487 1
3487 3
3488 1
3488 2
3489 0
3489 1
3490 0
3490 1
3491 0
3491 2
3492 0
3492 2
3493 0
3493 1
3494 1
3494 2
3495 0
3495 1
3496 0
3496 2
3497 1
3497 2
3498 1
3498 2
3499 1
3499 3
