7000
-11283 7648
2982 -9162
-2500 9457
-10822 -2573
-5720 8718
-10171 721
8687 8643
-803 3246
10894 4752
-2267 -6101
3910 -1890
4463 -2533
11603 11956
1029 11887
8883 11903
3149 -7410
514 -2751
-9204 6553
-8796 -5371
-8256 -5042
-4998 -10141
-10380 -2395
-2650 -8926
-4688 3426
6529 -1523
-8428 4941
10312 9047
-2089 -6983
5476 8764
11511 5561
-2487 -5125
8551 5212
-7087 9770
3063 -365
-9764 -3576
10559 -11074
8190 -9110
-3023 -8068
1193 -7233
-797 -2824
-594 -9047
9764 8141
-70 -2031
-1457 -3377
-839 11261
-7329 4268
-11853 -11116
1940 -8501
5900 7937
4430 633
2664 7277
-11006 -6851
-6112 -8174
-795 1433
-901 -5639
2492 9835
6124 -977
-1610 304
7581 -7593
2796 10870
-7396 -10843
628 -10073
-4064 10843
9031 -10803
11780 4060
-4364 -6526
2471 3117
2339 2724
-1567 1934
-7 -3823
-2667 9152
-7956 2631
-7043 -5972
498 -4552
-7669 -7644
-10368 -11118
-1052 -3080
6904 -7617
-4769 -4813
7444 -1178
7150 7701
253 2654
-10298 7911
-7029 -3436
6869 -1197
8814 -3678
-8491 -10021
11199 883
8936 -9372
-26 2024
9936 -803
-4591 6056
-7253 -11947
3626 -1633
-11654 9719
10602 235
-9960 8610
-10635 -10895
50 -5413
11469 3639
-3939 -5687
7321 -5496
-3215 1495
1731 -441
-9052 -3140
2035 -7748
1162 -6498
10490 -11180
5220 -7551
1047 -6732
-8228 -2754
3195 -4845
7985 8735
-4484 1248
-7747 -8240
7420 3391
-10943 7012
-1744 9754
-860 -11742
-4940 -6637
3725 -1997
-3246 -1163
9403 9540
932 -2248
-9260 8054
-6160 5175
-5269 -6316
-1306 -4786
6784 11841
-1004 3799
1691 -2957
5205 -10104
-6158 3068
8243 206
6523 -7470
608 11913
11754 3156
7307 3501
6458 -3806
2263 -2824
6244 -5358
5564 -4782
604 -4778
-4691 -10184
-1340 -3084
6937 5778
-9584 -5972
-8796 -4948
10306 5713
10847 10584
-3362 -1986
523 -9974
-1410 7110
888 4861
11185 -211
5159 -7293
1358 -5959
-4543 1406
-3392 -1026
-11353 -5866
-976 5346
10559 7911
-8475 11360
7005 -6156
-115 2196
3954 8930
10309 5932
-11798 6097
11443 8241
4504 -3678
3039 2527
9035 9474
-22 3681
963 3429
9361 -11640
-6089 8064
4305 -1275
-5306 -336
-3216 -1811
11285 -1853
-5886 11915
3696 3309
-2950 -4113
177 9559
-11186 7162
-7851 -136
1947 8635
-10840 -9424
-9691 4174
7484 7107
-11220 -2423
-334 -11453
-6968 -5875
6363 -6259
-2894 1908
-11685 10787
2961 -7446
-2554 2970
5746 6465
-5918 5403
-11278 10671
-4930 6647
8908 -200
-10987 -5428
1226 6142
-9112 11386
-5851 -7079
482 -3596
-2267 -5417
-65 -8412
8964 2692
-8472 239
-6733 11703
11089 7386
2817 -4699
8296 -6422
-11839 9871
-6283 10894
1938 2795
-3387 10157
9860 10292
5678 -9727
2426 7656
2078 3911
2134 5159
4053 11404
2199 11922
-10079 -1215
-11507 -6377
4104 -8540
-4548 -2883
-7146 3947
9106 11423
10827 -6420
-6342 -962
-2178 -11376
-5754 7010
-3550 -10663
1546 10699
-2998 -327
-102 727
-7148 10177
11139 -8330
-7707 -7329
-2339 11986
-10649 4765
3816 5419
-6098 4269
4997 -9240
-7769 -6847
3178 -8603
4284 989
975 -721
-5486 3559
-9330 10117
2387 11740
-9333 3815
-10662 10220
-6824 8942
9931 -2127
2849 -7654
11565 -11761
-10230 -10811
-10551 10656
-2823 -4586
3159 -1350
-10644 5459
-7587 4232
-11886 7775
-7536 2521
1332 9375
8383 3441
-8028 -9811
11514 5073
10885 7669
11901 3625
11752 1791
-4313 -8643
-6370 -8143
-11936 3058
-1221 -3003
8428 -5729
-1399 7036
11014 8101
-10245 1736
-10380 7814
4309 -3845
6903 9815
1170 -8417
2147 8810
4198 7754
-4207 7343
9079 -8386
4200 -2974
6819 8770
6585 1668
-10086 -8114
-5276 -11323
-7077 -10385
-5728 3018
-11404 7804
-10778 -11885
-9007 -1572
-3240 6573
-2688 5760
-5435 -7450
5836 6831
9849 2239
10043 -1696
1933 -1676
3248 10793
-5719 -2939
-9051 11134
-6585 -10867
-5698 -3501
-6093 3062
5110 -2364
4040 4432
3578 -9222
513 10999
-10486 -11131
9998 4106
7960 -6533
-9947 -8749
-11465 -8203
-636 4437
-2012 -2330
1681 -8271
7402 -1197
-5655 -138
6672 -5045
-2147 10914
7117 -6834
-11623 -5319
-8001 -3238
11509 5307
-6856 -3793
-3931 -9762
-3160 -7203
-6117 -308
7142 -1093
-6765 10716
-1954 1266
6573 -10652
2797 9041
7155 -5123
327 9963
-10623 -11950
1395 6076
-5144 9987
11605 432
-11436 -5994
3387 -10956
4431 3350
-1665 2241
-2543 8290
-2718 7991
-5979 434
-1218 -931
7278 -9130
8086 906
4256 -7475
-10068 -5887
-2530 1318
-9310 -5704
-6138 -5832
7115 -10396
-7879 -11956
-863 -10971
-6798 11520
-5759 -6658
8329 -10731
4435 4057
-9889 7561
6310 -3351
3659 9161
8484 -46
-11918 -10091
-4749 2683
-1414 -4561
-8618 -5053
-615 -114
3817 -7965
-5126 -4324
4722 10345
8788 2099
4782 989
5550 10390
-3443 6229
-6696 -9594
5912 9153
-1830 6342
-5039 6599
9051 -10215
11204 7038
5780 9836
4065 -4653
-2599 -1322
10475 -3969
10663 -9255
-3855 7107
-5674 9953
5343 177
10013 -5610
10615 10686
8 11523
-3493 6332
-3587 7055
2162 94
10047 -144
-673 -11402
5364 -11567
10605 3366
2890 -3976
-10308 -9647
4703 -3103
3549 -6390
6886 4472
-4227 -8559
-8478 -8421
-139 -7821
11797 -4203
1851 7008
-10463 10042
-4785 -5529
-10354 -9653
6212 2534
11307 -2799
10620 -4527
8731 945
8305 8875
7269 7963
1493 -1094
10747 8013
10900 -3656
6456 6480
11360 -1187
-2484 -368
-9595 -1217
-9180 -3393
4839 -5349
-1715 -2356
6013 -5957
-790 9181
-10720 9391
-10112 -3970
5187 -6958
-10351 -6548
11897 969
-3326 -5085
11394 1754
11287 -4409
-2153 -9279
1249 260
7218 -9601
4149 10901
-11870 5298
-10735 8942
11048 -103
4513 11001
-8280 7905
8517 -3959
-1912 -1474
375 7473
1124 -5527
-2821 6090
-6193 8656
8009 -8900
-5157 -1711
6023 -6490
-7964 3771
11245 -1161
7040 -1788
-8230 10922
7578 -289
9541 7911
-9974 -11104
-5946 10488
2259 2634
-4147 -8596
10385 -3158
-2080 9132
-9421 11578
7841 -10529
-9633 -2738
1226 -10450
1084 -5148
1745 7919
-11077 -2170
-11302 -5193
-4771 1468
-350 -2402
-5492 5296
-3746 8461
-1961 3897
169 3535
5706 11990
5535 979
2800 6825
-9579 -6401
-11698 4104
-917 -8697
-946 -7744
11632 11478
11820 -2174
-3153 -1486
-8664 -3635
-10388 11293
-3749 -8160
5209 11566
-7662 2483
1961 -8689
11215 -35
1873 -11501
-3488 -6482
-6127 3504
-16 3254
3172 -10793
-1629 7709
4751 7466
-7501 1916
1770 3714
-10548 -2101
-5957 -8859
-465 6503
-5648 -11989
7699 8954
4420 -6000
7916 11456
-3522 6616
-9069 11136
-8347 -10352
-5207 9959
-9948 -2924
-11878 -6409
409 11570
11378 2924
9540 -10013
-9502 -771
11475 -8395
-6354 3465
6741 10376
-4786 -5455
-5025 -4547
-7472 8590
6955 -1329
-2100 10665
-7060 2025
-5491 10150
8878 5075
10530 7179
-79 -9085
-6027 -4671
6000 -1593
-259 -5507
7533 4992
3494 3859
-8934 9517
5048 -9249
6686 8388
-1059 -2298
3891 8545
2053 1893
7237 -10316
2175 -1274
-10791 1493
-10742 6650
3038 -10350
1000 -8895
5793 3373
5266 10624
-8940 -5802
7076 11043
536 5853
-855 -7731
6081 -11553
-8801 7851
11224 10423
9399 -5280
11082 5286
4329 4734
10939 -11142
7226 -9907
-9813 383
8234 9418
8193 8704
-2336 6703
11989 6441
11527 9011
-8505 -2737
-996 -2302
-2685 -2484
-254 -3335
-391 -8085
-2788 -3378
9819 778
10141 6040
8777 6426
-8728 -4121
6605 -2711
6398 6117
-2202 -7105
10483 2367
3497 4272
10665 2164
8590 7014
-11487 2856
-5919 -3767
-10236 -6017
1122 -5681
-8400 -2254
-6879 2259
4776 10523
-5538 -7259
10467 120
-4240 1477
-7495 -1219
-6900 9049
-11656 -5186
-7446 5788
4663 -1769
-9380 -8977
-9098 3753
5230 -6697
-7916 7082
4131 -6974
160 11073
4861 11105
1227 -10473
-7450 361
4466 8448
3145 -10053
-5135 9525
4851 -9401
8474 -80
11538 -9854
8679 8346
9059 -7235
-4036 -3269
-1322 -11051
-8576 -9528
-6930 5833
6266 8113
-6319 -5712
-2410 -6645
1881 -4511
7780 919
-11971 -8397
-5926 8691
2876 5470
1935 11112
-4824 10219
-4865 7086
-11950 8049
-8969 2817
-11215 -9800
-6843 4518
9988 -11665
10778 10513
-8732 -8487
-3926 6244
2646 -10414
-1232 -5495
3648 -3098
-7617 -11937
-11602 3778
-2643 -3467
-306 1876
8120 11076
-9491 -8771
2618 7992
11091 5110
-5399 -2025
6155 7602
11069 6773
8649 -10907
10335 773
-9896 3325
-11318 -6423
-11885 595
2620 7190
2793 3076
9849 3156
-2063 -6255
-7380 4915
8241 -3831
10254 1275
1870 -845
-8035 2766
-5842 -8249
-11406 -3337
9944 11569
4484 -11502
3333 -5095
-6370 -4716
5561 -4208
-6974 -3407
11656 2876
6214 4810
-4379 -3808
-3310 -9139
-2234 -8337
1054 -9366
1926 -6986
10745 -10398
1274 3986
-8796 -11756
-3916 -10890
8029 10092
-6781 -11509
-9228 771
-8109 71
-10821 6829
11168 4831
4939 8639
-7529 -9291
-7735 7361
6871 -9748
-10871 1507
1930 13
7194 9553
-2737 9488
6480 -1227
10518 -9671
-5033 8799
-6899 7473
9332 -8312
-8677 4696
2250 -1919
-11759 -1969
-3196 5900
-3923 3225
377 5441
-1266 -2271
10936 -3557
-8254 10933
-1204 -11128
-1097 5210
11462 4508
8085 3384
-8825 -10259
530 6194
9751 -7608
-6541 -7973
-7453 -9056
-2619 -4616
-9124 -7909
11293 6514
4773 -6115
309 4308
11917 1610
9583 -9279
6688 -11969
4585 -3489
11750 5560
74 -8942
3409 3132
-7441 4680
6290 6549
-4180 6132
-6453 11555
-3396 8620
2532 8722
-6016 10409
1893 7363
44 3979
10880 -8621
-3105 -8527
-8434 11865
-8837 -10753
-7475 -5871
-4632 10836
6199 -1118
5097 9961
-6934 -194
9074 10728
-10593 5604
-4357 9020
-2891 9830
8666 1649
-3119 6966
5279 -10743
-11290 8993
7722 -7259
863 7915
4935 -9953
-8136 8488
10137 6809
2127 -5834
4577 -11427
-8420 6929
2541 2456
-10723 -2316
269 -3789
277 4597
11758 -9932
3766 10903
-10330 5617
-898 -1499
4307 11111
-1427 5229
9018 7583
180 718
10650 -8789
-7692 11820
5437 380
-1879 1073
-184 -6027
11256 -4962
-546 3170
-3888 2689
-11830 3545
3365 -4772
-5153 3725
-4798 -2322
8350 196
-5510 11310
-2480 10508
-1198 8856
-753 2918
-7691 11503
3580 -5820
8143 -11207
-11755 9012
8675 -4685
3193 -7161
4369 3839
-6757 3731
3234 -274
6095 1281
-840 5612
2624 -7886
-571 -5536
698 -5387
9226 -3336
7419 8839
-9113 11132
765 9719
3683 -1585
-9472 -8064
1600 5470
10857 -11725
3413 -6964
-4155 7202
-6687 4012
2083 11683
-1621 -11612
8028 -6736
-206 -705
782 -9053
4017 7917
-3471 1571
-5935 3326
3361 3725
-3338 2914
-10002 -2620
3677 -10683
7736 5123
1392 -387
2310 6775
10453 -9689
-1414 7457
-10723 -281
2901 2874
-1909 4911
10386 8395
-9134 -6734
-1510 -8719
6408 -1363
-9172 -9280
-9913 6806
10033 11907
5170 7485
4232 -8396
3483 -9032
6103 9911
-11626 -7791
5423 11022
6181 10019
10279 -598
8083 -3153
11901 11748
-8780 3902
2165 2390
-10181 1139
513 5045
3065 11794
-392 -4825
8330 -855
604 233
4135 -9049
-11791 5072
6563 -8796
-1841 9572
9366 2088
-6913 -100
1307 -4432
4665 146
-9548 -620
5693 1306
-10454 10648
8221 -10161
601 861
-1313 10635
3419 11287
-11786 4532
-5504 -10098
11757 -3745
-2394 -7843
6004 -5118
-6331 8956
7944 -1932
1572 3500
8384 -1741
191 6773
10871 -1596
9440 9723
3193 5490
2799 -1225
3510 4489
8341 6610
-8703 -6188
-961 8405
-10002 7355
5079 2385
-8228 -9992
11570 21
4862 8228
2839 2954
-9494 -1601
10358 5633
1340 -793
3179 -3745
2089 -9545
-9918 -8556
-5136 -1605
4911 -11323
-1276 5011
-10644 -205
998 -501
4598 10504
-8049 2722
-11630 -2495
4100 1790
-1113 -9316
-2328 982
-1187 10722
-11576 9122
7626 11356
2430 -8970
11465 -7097
-9239 8626
-6295 -1051
-2033 -3468
-2543 -313
-9435 -1530
-886 -6212
3182 -7085
2534 -1262
-9888 -8198
9249 11922
-3391 11810
-123 9670
-11201 -3050
9614 413
-7850 -9486
10748 -11064
7262 -9340
-9262 -2683
-2845 7705
5727 3696
7099 -4553
5318 -9124
6963 -10009
9073 -11120
8460 -4577
7612 -2048
-10105 2724
-6420 -3007
-7912 -2481
11957 799
10808 3714
-2834 -4388
9317 -10824
1224 -1154
-3878 -5515
8874 -1330
4163 -7459
-8258 -10178
-1892 729
-5118 -5278
-4102 10447
-11954 11807
-5675 -9577
11259 -3358
10817 2762
-940 7289
-8371 -6500
11778 -636
-11436 697
505 3975
-1552 -6058
9416 -5474
-8236 -834
-8476 -6156
1008 -8624
9613 -11668
-366 -3635
-7610 13
6071 -5188
-10662 -3968
4803 -3734
10243 -5493
2118 -1518
1186 6466
-10102 5571
-5936 10882
-4423 -2961
6929 4272
-8359 3116
-8962 8193
-9711 7300
1766 8647
-2218 3930
3164 -10568
-1529 714
-4986 -9361
-830 10258
6452 -2857
-10509 -8387
5034 4216
8498 7485
6053 977
1691 -6275
-3636 1639
11898 5026
-8235 11482
8221 -2631
-6847 -8220
-4057 1674
2651 10961
-5236 -11492
-1132 8802
1829 4654
-4488 7301
-10284 -885
9457 11881
1907 540
11501 6372
-5864 9327
6130 -4710
-9364 -5166
-820 592
1829 5584
5817 1768
2660 1128
7500 -9886
-7566 10271
-3333 6148
-11666 5790
-6383 6522
-106 4179
6299 9003
10132 2635
-873 -7430
-6053 5471
11971 -9550
3341 2395
8917 67
4246 -2491
-11847 -6004
-8639 -8035
3817 369
-6192 -5496
3398 -6749
-9145 6276
6343 -11808
-2299 7794
-1799 6400
-2788 -5145
5514 3312
-9160 437
7538 -725
7002 -817
-625 -3240
-11035 11182
5934 6605
11750 8632
296 8156
8593 -247
-972 6368
7186 -8617
11857 11367
10549 -5216
11821 -407
-9391 -4886
-1042 -11213
11812 6565
-1286 11989
-8606 7487
6854 -4428
9644 -8491
8898 -148
5386 3631
-3196 527
7444 7590
7579 1607
9094 10542
-2970 9062
-5553 -8646
8794 -9227
-858 2124
3003 2081
9671 11910
1518 1437
-11979 -10790
-7853 1320
9966 -3402
629 -2006
-4131 6255
8336 -2363
2273 -1817
3254 -9398
8189 6373
7693 11153
-2555 11066
-1073 9715
4322 -676
3039 7329
9146 6276
-3675 916
7641 10871
10376 -11466
-10533 10471
8538 -10898
11574 -6908
-2589 -8186
-2815 6437
7705 5176
-4399 -372
11838 -5083
-3555 -9581
8831 -4195
11456 -2474
-11013 8352
3141 -3676
-9205 4432
4804 9930
3014 -9142
6724 -1695
-6243 -7969
10795 35
8739 -11285
2962 -9010
-1442 1625
-11908 7207
-4350 2255
-3950 -5561
1530 3646
3682 -1045
682 10475
-7837 11734
1360 6639
1846 2767
5374 -3441
9002 -8956
-602 819
2216 10049
-8876 6064
5799 -11410
-6049 5872
8992 2377
-5818 8771
-5727 -8618
9789 -1620
-22 4728
10792 -10854
10265 3606
9831 -9937
-314 3711
-482 -10641
7611 66
-2039 -912
-5640 -10068
8923 572
4530 -10535
8824 -1121
-4832 8134
-6775 2336
2403 1821
-2734 2599
-667 6166
7090 -11592
10479 -5337
6810 927
9413 9474
11810 -6239
-8412 3768
-6719 2566
-8733 -9736
9680 -10811
-4500 6835
8114 -9313
-6787 4964
-11555 5697
9817 4875
7441 3339
1428 5955
5119 -850
8037 -11787
9100 8234
1551 8801
2498 -8353
-1228 4893
8584 5830
-11785 10602
11805 5093
5232 158
8392 -10728
7530 5762
2116 9532
2425 4603
10433 -2267
-1221 6847
-292 7055
-7213 9567
-8295 -3133
8896 2359
11892 -1606
-6209 -3427
5694 -11406
6605 7745
2801 5867
3434 -8983
-117 -4578
-7289 -6817
-8423 11437
-2864 234
11992 11545
7643 472
6691 -2270
11606 -11135
4065 2817
9634 -6169
5606 -5091
-5325 5373
5271 9559
10383 2116
-4738 9224
-8711 2110
-5279 2211
-8732 -7371
814 -7069
-795 4543
2455 429
-2897 7394
4618 9816
278 5104
7315 3293
-11016 6851
1921 5901
10796 -6483
7265 4466
212 9059
6875 6483
11587 9675
1320 -10240
-5091 6393
646 -7193
2029 7918
736 3840
-899 -1959
-8794 -1347
-11374 -5049
3641 3642
-10387 2607
-9801 3585
11504 579
-4420 -5636
7947 -8024
9371 6135
-11536 -5814
9456 -233
-2840 -5415
-9352 6762
-7342 11003
-4992 -10990
-7014 -8288
-2423 7859
-1673 -332
-565 6455
-222 -3258
-10021 -5927
-5282 4232
3574 318
8606 5951
2162 5865
-6550 -7183
-1639 -11698
2957 3977
-10256 6220
-10804 -1578
-1896 -2083
-8386 5349
11567 -11579
6762 -7110
-6808 -810
-5139 -10403
-4975 7196
-8774 -10506
941 -8182
1884 -7763
7342 11668
7130 -9504
10666 -10529
9284 208
7404 -3894
2400 1607
-10141 -728
8491 -9601
-9622 9748
-7253 -6203
-5084 -7804
-8364 6333
-10579 11725
1332 -11853
-933 6399
-4001 -1679
-11428 -8955
3510 -2475
10631 -11381
-6067 4297
4022 7767
-7972 11708
6108 -5734
7414 8996
-5951 -7867
10342 -3531
3265 5372
9669 -3436
-11555 -9013
-8721 -1633
7367 -11820
-8816 -2782
10650 554
4086 -6637
-361 -10638
2426 -7717
-5082 8176
-9809 3350
3522 7684
-10466 6637
-7192 4390
-11379 1131
-11769 720
-8789 10198
6374 -3094
-6797 -10069
5753 6021
659 -3171
-7561 8501
-9632 3166
3886 -5508
-3706 5183
-8630 -7279
5701 1031
7052 -1460
4632 -6419
2920 -11747
-3265 -3223
-8731 10961
4496 11078
-6710 -2542
-3573 -7004
-8464 5300
11719 -11307
11407 9832
1055 2555
1516 -6707
-6137 -10151
1045 397
-7753 -2532
7832 -10988
10648 -8364
-6196 -2791
-5346 -11255
6314 4670
-2821 9423
9820 -3614
-6146 783
-124 4865
-1229 -9127
11918 -10258
9866 9121
1791 3116
539 6284
-9898 6018
6802 3484
8349 5311
-2438 -3229
1839 -8735
6209 10214
-1330 -8870
-3506 10499
4518 5923
9407 -1230
-6541 1000
-4581 9395
6130 -9071
7285 -10364
7586 -10361
-8860 122
6045 7002
-8232 8000
9352 -1601
10996 851
10274 -2832
1548 3566
-1927 -1714
2188 -9077
4079 -2272
-10273 -9951
-11904 4599
-5802 6617
-9801 -11605
-3523 1217
-2932 5063
2492 -6163
8436 -2096
399 11728
4679 949
7566 -5343
4948 -1602
-2819 -2256
7671 -7567
1730 1634
-3730 -1024
-1104 8266
9215 5046
-10741 8232
-10186 4274
-6882 -3139
11058 7389
-9375 -5802
-6826 -4534
-800 11076
4474 7389
3621 2707
6981 -8123
11262 11331
-7073 5484
11286 -10768
3654 -197
-11625 5167
556 -6677
-9384 2926
-11049 10559
10243 11702
5186 -8797
7917 4726
-4923 -2742
-7909 -7906
2935 -5021
-7947 8740
7651 675
377 -3701
850 10383
3461 -10734
1476 -1775
10033 10639
-3660 -8605
-5345 7733
-8760 -1672
5373 -7861
-6596 2497
-1231 739
-2514 -8433
-7424 7352
-3957 4563
296 7054
-9078 -7301
-3163 -10301
-798 1074
1814 2964
11749 -5887
-1239 8151
714 6356
1763 -2909
-10210 -5315
-3617 -11376
-450 8006
-11323 591
6479 877
-9380 -1559
-8268 -5525
8434 -9876
3543 11221
10597 8559
4918 -7429
-8021 9313
10542 -10263
175 -893
6419 -5475
3703 -4050
-3272 -6925
-3484 3039
-10469 3990
1655 5013
-3276 -8968
10214 -2843
8318 7072
-11123 -6393
1670 10380
-1772 -6942
-10932 -3256
-8269 5481
-2449 -9610
805 3948
11372 -2191
8936 5823
4203 -6211
1153 -6021
9630 -2707
-8188 2514
-476 9851
2151 -5654
-8197 -8608
-2431 1613
7824 -7851
2225 -8586
11294 11143
2009 -11904
-9755 6478
-484 -2877
11485 1800
-3414 5905
1756 -10921
7507 -7038
6533 9943
10199 9460
4290 3499
-6377 10345
-498 3973
9878 -6090
5363 1478
8869 8157
-6452 -11364
-8824 -11677
-3176 -10225
8922 8753
726 -955
7045 6595
8073 2912
-11421 -10358
9722 -9346
9023 -537
-11114 -3311
-64 -3281
4236 -8198
-3145 11396
-2308 2375
-734 1562
-10908 -7536
8425 2425
-6089 -7995
11276 9738
-5936 -8100
7496 -4242
-6618 1517
3431 -8546
4082 572
3349 8864
4860 11977
-10067 11592
-8045 -554
4797 -10793
-662 -2289
11188 2687
3259 -6814
-3679 -882
-1211 -8695
-8640 -10436
11343 5776
-4570 10277
918 82
-2769 -5166
11981 8211
-9094 -6093
2789 -2634
1423 1923
7700 1044
11321 9517
9599 3884
-9051 4427
991 -8795
3241 2299
-4933 7031
9306 10629
11673 -732
-10249 11835
-3719 637
5065 4726
-1522 -11902
-2201 -1939
-9322 -6012
-4993 10022
-11106 5968
6155 4656
-5294 -3533
-8260 9855
-10110 -9964
11903 3098
-9110 -10698
-8720 4546
10866 -191
4847 -147
3680 2949
804 2675
639 -1675
-4773 -8080
6778 3032
-7578 -164
707 5915
6414 -3418
-6367 1604
4280 -8110
10137 -6720
2801 -4991
8023 10189
-10705 2163
8430 -10921
2340 -9366
-11323 -11327
7789 -78
6798 -3393
-8384 2336
877 10017
532 7817
-6738 4313
2031 1451
-779 11777
-207 2184
-5929 -11685
-2022 -1192
11561 -4491
308 -2180
-6845 -9919
-11371 23
153 4245
6781 11566
-11603 -1028
-2572 11153
-3644 -8063
10243 -339
10259 5237
5261 1605
5850 -7202
-7120 1845
-3225 -5069
-4574 2282
-10345 -11567
11906 -931
-6169 5052
6657 6631
-2186 26
1871 3185
8606 1084
3366 8233
-7800 -10626
11909 1739
6791 3076
9707 -112
139 4152
-7689 -1934
-3370 -7409
-3994 -3577
2203 -8862
-10601 2430
5506 3812
-4276 -10557
2709 1715
-4002 3293
-11054 8872
-449 -670
9532 -11049
-1480 3069
6881 10126
-8683 3420
5487 -11759
3052 1891
-10763 8731
-9402 8702
7752 8391
11461 6001
4479 4531
7951 10482
10241 456
2347 4846
-1577 -9963
6666 3596
340 -10390
-4743 -5276
-9807 1052
-11886 -700
-1156 7181
379 4230
2193 -6345
-10294 8610
-7000 -11983
5612 -5986
7038 8408
9460 5431
964 -5881
-10111 -7791
2488 5643
2253 -9850
-10185 -10907
-4894 7371
-4131 -5099
10882 1317
-7198 2680
-10823 5192
10836 -4539
-2741 -2215
1474 8748
-4119 -645
6096 2918
4587 -10402
-1435 6365
11558 470
-5362 -4369
6936 10882
-7630 2459
-3104 -10840
-2110 -6195
4950 -7356
-1721 -986
-1808 8918
1287 -565
-11799 656
3115 8820
-8012 4589
-11136 6304
-2012 358
-1696 5467
-2385 6799
-7716 -2301
-3309 -5936
-3109 -11885
4474 -5474
-130 -3119
-3829 -6521
11988 -1002
-7801 -8057
-10710 -7348
1636 -3034
-2920 10497
-4323 1815
-4934 7407
-1928 1882
-3236 23
-8080 94
7794 1940
4975 -5958
-4808 -6395
-8562 3351
10758 9238
11472 -1606
-1629 8651
8745 -4302
-6595 2014
-8325 -4497
11244 514
-3865 -554
-9792 -8971
10577 -7319
-3970 -2073
6727 3473
5840 -8280
1129 9765
10632 -2618
-3172 -7243
4215 9838
-5158 10908
981 2324
-6150 4506
-786 10979
9097 -6509
9479 11878
-7122 -4403
-2242 903
11811 6889
9213 -4132
-8639 -6587
-5567 6564
-1425 -3391
-3270 9323
-1727 -1878
-2781 1266
8507 -5305
9438 -1292
7880 -1494
-8058 4956
-8347 -3912
-1235 8650
-10528 -8794
-10413 8060
-1366 9397
-10689 -10782
628 10143
3099 -1887
5799 -3263
-11913 -10130
7276 -6689
2749 -5763
-3160 2659
-1441 -9208
7704 -6548
8435 -5982
9598 -10723
-9205 -9027
-4068 9815
-3931 -189
-2848 3613
-1173 -7121
-2021 6523
-858 7339
-6062 -11369
-8397 -5680
-3848 -7328
7869 -7977
-11942 -1220
-8693 11127
5650 6378
1717 10918
-10287 2340
8372 8556
-3884 -4193
-522 11926
1498 -2886
-2013 11925
6303 7131
6401 -8545
-10885 -4960
1516 -8283
477 -4533
4811 -5033
7920 -3748
-3673 3165
10297 8826
-5371 11909
-4869 -9817
6100 -8399
-1285 6701
11734 10449
2197 7018
10184 -241
-9419 11602
11511 11623
9792 8320
5071 312
-7365 7455
5904 -2971
-9989 -9398
9992 -7225
6827 -7242
-6865 -7008
-3680 11245
11910 -8075
-3882 5321
-8644 5834
-3232 9618
5195 -8518
3760 -8246
3254 -6841
-6087 -887
8963 -8203
1877 -4000
-9834 6279
-3898 -8667
5185 -335
8933 -4534
11376 -260
1147 217
8421 1436
-5436 10996
-5275 -2327
-10994 -8388
9075 4087
-8974 10454
-11066 -2374
2591 2681
4117 10688
10036 -6482
-9161 -6921
3309 7808
247 -2866
-1672 1644
-4018 -8792
11825 -331
-11371 -3988
-10822 -4081
11003 2612
-10772 -5528
-8746 10497
141 -2868
-13 812
-1495 -5799
9787 6686
-10768 -49
-2661 -9788
-3316 -4892
-3390 -9398
-618 -10342
11154 -7868
1667 4955
11642 847
-1248 2066
-11854 10024
-2917 -6852
4602 -2067
409 -6937
2805 6322
-11278 3137
4336 1751
4169 -6567
4591 3894
-11098 -11131
1550 -710
7999 -2774
-9449 -3847
-7336 8964
11068 -6033
-952 -3807
7701 -3511
2994 -4275
5337 -7774
10549 10139
-1986 4475
1792 1780
-7813 -3306
7113 414
4277 5120
-9396 -8818
4945 7729
6220 4916
9392 5625
7405 3578
-6885 4845
-5612 -4051
-9172 3835
-1005 6034
2116 2428
-7344 9992
3617 10775
2706 -5020
-10218 3631
-7683 -5810
-9997 -7585
-1619 -10484
912 -2750
-742 5319
4446 5970
-10990 6679
10310 -6093
255 -3110
11047 31
10868 2561
-5311 5530
10849 -9735
4057 -3204
9883 4599
-10692 1998
-5460 -3148
3531 -6809
9370 10632
4162 -10569
8656 -8910
-466 6162
10762 5073
7071 10491
-1639 -6659
1820 -11621
-10253 -10102
9024 721
9631 -1493
-8007 -10859
3932 -4399
-3243 2034
-8694 6335
-5956 6680
-5134 986
-1707 2164
4009 2937
1796 7643
-43 11714
1748 6379
-714 7982
3014 7718
-8705 6914
-9078 -6498
-9787 -8947
-4590 -8241
-8307 154
6533 -6200
2534 6511
2582 -1502
-8768 355
-7205 9210
-6157 8741
-5334 11294
11449 1413
7965 -9252
-4116 4204
-5706 -6095
-6451 4740
-1951 4311
1404 280
11575 350
2115 8782
-6387 -7644
-11848 -626
7073 11538
-4278 -5759
10422 10886
-11518 -10602
-11304 -4001
-1136 -4532
528 -8430
9408 11579
11117 -3722
-9833 9891
9129 1019
-11973 4055
-8409 -6915
11799 -901
9331 11798
11377 8044
-11766 5228
3472 -570
-1941 -3346
-7402 -5695
962 -2946
3847 -7128
-6926 -2849
-10893 7141
721 -7742
-8313 3172
-6518 3100
-9147 -2418
5365 8495
-3975 -1015
4216 -7014
-2507 -11409
7152 -11437
-2961 1273
4726 -2593
-5011 6540
-3387 -11557
924 7388
2403 877
-286 11427
-10865 4618
5891 -975
-3920 -115
6655 826
-735 4657
397 726
-1603 -4106
3534 -4906
-9524 8583
-9910 4940
5055 3580
4758 7478
487 4214
-4940 -2658
7117 -452
5358 -6112
-2696 6683
-11623 9740
1321 -2255
-10085 3197
7411 -7431
10442 -3845
4297 3678
-9791 -5964
-999 -7894
-5634 -4586
-6841 10394
1591 1312
-8744 4011
-7856 4599
8277 5307
-11623 11757
-8003 -8353
-939 -6899
-5293 11036
348 5614
9977 -1943
-6542 -5727
11386 -5557
5314 -4147
-852 1581
-8480 -1308
-696 40
-6006 -1599
-3542 3471
9551 -4860
-10770 10848
3347 8283
9864 -10117
11777 -4973
-5365 6536
-8135 710
4534 -1876
7089 -74
-10922 7673
4308 -4401
2870 -1518
6491 6748
1284 6046
6756 3288
-5164 -8620
9047 -1102
-9127 4408
-9161 5765
-7283 1887
-8987 7208
1254 1915
-5203 6550
-3522 -9732
-10834 5438
9846 -7834
-1952 -2063
4302 -10775
-6335 -2049
-4316 8309
3211 11956
-9689 -7565
-1003 -5250
-1437 -2939
5002 2304
1431 1394
-3443 10859
7521 8011
7967 2576
10141 -2530
8132 -8073
11013 -5259
7564 -2991
4385 -1322
-181 8821
-4832 10277
853 2013
-4895 10396
-6822 -9542
2801 -260
-3251 930
-2252 827
9648 -8462
-7091 6683
-8697 11497
10246 6486
-4028 1922
-2534 -9809
-10740 1612
2791 6295
-3109 -3323
-10006 -7962
7459 -2140
-8627 -11620
-1894 10380
-8190 2089
4053 -691
-7338 -757
4080 11614
7576 -3850
-6342 -6142
-6114 -8570
-6951 -870
-2959 -11355
398 7753
-8510 9847
-9461 -4240
8442 875
7017 -5869
2440 -11139
9 -9930
9637 -715
-8468 -544
-10743 1010
-5602 10006
-10881 10369
4591 -11991
11130 -4874
3156 -7066
7781 -1498
2394 -5303
-6666 4910
-3268 11638
10360 -8198
8189 -4134
9361 -3812
-10878 -10327
177 843
-6147 -10249
-3511 -1755
-1745 -4450
648 -6386
10872 -1390
-5554 727
-11406 -11118
-11961 11760
-10361 6569
-8324 -9411
-2213 6989
-1375 -1583
-3326 5616
-6343 -6288
5758 -1460
1572 -8192
-2761 -8509
6272 11513
6502 -8033
9969 -103
-6071 6013
-301 -192
-2005 -552
-9096 -1015
9524 -6020
-5533 -9152
5538 -687
1142 5445
11458 3681
-4226 -2848
3752 6654
-7669 1671
-7692 -351
-9855 -10682
11369 -10229
-3674 -758
-4792 4410
-7258 9768
4775 1409
3433 -1267
1618 -4037
-2719 2667
1249 -11527
638 11381
3791 -357
-10478 -6401
-8162 -10621
11888 10392
2781 -127
-3146 -5959
-5486 11245
10979 6431
6789 -3058
9811 935
-11909 -1273
17 -5346
5473 -4396
-10355 -4945
4543 11038
5821 10928
-2339 9168
10104 -3453
5079 750
-6096 -522
4918 -5251
-10549 10611
10001 -6841
-6121 1962
-11131 -11367
3172 -3791
4541 -6114
6989 -9947
-3199 7803
6414 56
-7249 510
-2472 -1376
1095 7146
-10937 -7494
1609 2923
-1223 1379
9182 1094
1502 -66
576 4955
6684 -8305
-3451 5250
-745 1975
5250 -9040
-10419 -8865
-10312 5769
5835 -8266
1573 -6688
-3345 3872
9474 -5492
-7819 4108
-1148 -1285
10503 -7143
-1264 7773
-4391 -5547
235 731
4955 7667
-1160 -8617
-1077 -2983
4268 -6649
1792 10368
6493 -8568
2115 -1076
-1807 -8128
-3796 5716
-2685 10898
-2233 1041
-7690 9539
8259 9916
-6484 -11751
827 7191
-3320 6642
710 -7646
-6897 3063
4456 2904
443 2314
230 11575
-11678 -1796
-8987 -3672
-10314 1945
-9943 8551
-11615 -10984
1888 -7011
-9325 -3606
-3533 -11543
1691 -8287
311 -8616
-10561 7466
-4017 1476
460 4724
-11735 -2034
5992 4768
-4663 -11590
8229 5862
-2830 -5076
-894 6222
7698 648
5372 6360
-8394 -4241
-9009 10193
-9783 1706
7920 2117
-7194 10773
5347 -11093
-11741 11657
6017 8413
-1006 -2151
344 5768
7474 -8771
-10889 -8101
-6874 3343
-2436 -4932
-4589 11175
7940 -7273
9776 -7225
-993 7706
-4830 -1797
10250 -3768
-7111 -1733
-6665 7670
-7197 8776
-4402 639
-7865 8103
4162 9956
-106 7301
-11070 -11569
-1302 9884
5555 4862
1990 6843
-7835 5383
1487 -9926
-7883 -7645
-2946 4056
3625 -10531
-8767 1335
-6549 -9878
4721 8373
1757 207
-10485 6223
-2220 942
-4998 -9759
8642 -4789
6124 -4206
2084 -11863
8236 -848
-1407 -674
-7249 -11890
832 9675
-7786 11227
-4016 6116
-10322 6273
-6136 -9081
9930 -3981
4656 -3716
-3958 -6548
-4223 -1067
-646 2835
9303 -2626
-9252 3023
-104 5002
8984 8240
-11956 9658
-4206 -328
1395 -8735
-11922 -1931
4910 10561
1584 -2289
-7291 -720
-8960 10151
7810 8869
9197 -10944
7679 -6292
8224 8746
7659 10732
-1373 9902
10622 64
10216 8263
5484 7441
-6385 3896
-10189 -3669
-415 -3547
-2279 251
10153 5660
5724 2664
10928 11321
6762 -5417
-9665 9777
-1447 1932
-5479 11574
177 -4664
-10324 -1134
-3799 -1577
-898 7364
-1133 3642
-1419 1074
-3006 -10328
-10255 4426
-9091 -5413
6548 -5278
6856 8862
-4226 -9621
-1263 -926
-2001 -11866
-10547 390
5169 7848
-1262 4702
-9980 10548
-7762 9343
-7316 4710
-5988 -10560
-10779 6572
7315 4602
802 2066
7120 -1475
-23 -6143
-3486 -11936
-4998 -2528
1089 8054
2978 -9733
-2687 4378
6796 -1873
3349 4837
10980 -6363
6300 8339
-10868 -9709
-6115 -6318
-4403 -10427
-3157 -6516
8390 -4839
-10028 -7944
2308 4029
721 -2506
567 6896
-1566 -779
11558 -11514
6031 -345
5537 -1243
9187 -7031
-11413 1810
-4316 -5066
-314 11973
-1104 3693
-3207 9966
-10663 4749
6344 3227
-10259 9396
11207 -539
-5605 -10585
-10910 8676
369 -5056
-3374 4757
9858 -1531
-4758 -2708
-105 170
-709 11903
-10488 298
9327 9792
-3201 -10792
-3901 3145
-4676 3204
5912 -3106
-3276 2549
2805 -9925
10223 294
-10086 -9160
-8305 7576
11073 -4828
8032 -9337
443 3044
5945 2700
625 7766
-8060 -10144
7656 -1054
8982 4001
-9182 6838
-4528 -2397
-5441 -4530
-7582 -5805
-1924 7589
-6085 3566
-4620 -622
-4975 -10575
5766 10520
-918 -3939
8821 -1013
7170 3292
-10881 -9426
-1344 -266
888 1116
-11692 6635
5507 -5153
-9445 8073
9086 -8291
-11583 -688
10466 -9486
9753 -11197
-313 -2752
-9739 2287
7440 -10975
7049 -217
8508 10878
-11918 -11152
8638 -11749
-10946 -5028
-7780 -10946
-1233 7192
-6168 -7493
8062 -2119
-1349 3505
-3009 -9332
-9081 -10553
3581 -128
11074 9015
4208 2701
-10547 -301
2773 6705
10562 -1603
-11287 5395
-4300 -7962
8442 1794
10809 -1530
-4584 -6918
7220 -2394
-9452 11033
636 7858
1605 11509
-7823 -2448
-4242 -10438
-320 9014
-4284 8870
-11265 -7888
-6921 -669
-8527 3021
2882 -5182
7630 6882
-5320 3808
-1174 10400
-7271 7988
-3876 -3516
-4185 9392
-414 3244
8426 3939
11173 -6028
9836 8260
-6660 -9383
-5371 10136
-2004 1128
10521 -3456
-7053 -7155
11447 5641
22 872
-9484 -1600
10983 2394
882 3600
4728 -11056
2864 -5035
-190 -6176
169 -10341
11565 2076
-3676 -7975
-10369 -7975
-11575 10024
-9080 11918
4953 -11146
-5674 -11963
-10656 -4095
-6171 -4789
1116 -8818
5146 -8927
-7303 -1929
2199 5635
5133 -3246
3561 -6837
10932 -11741
4882 8062
-5232 5216
2495 -5275
7557 477
-6464 -7918
11164 -6965
1802 4111
-3852 -5733
-1795 -10899
4115 9625
-3252 -9210
10039 8352
-4270 -2883
9848 2858
6969 -159
5892 -7629
6528 -50
-10027 -9528
-6738 11775
8127 -9711
594 1383
4593 105
264 11532
-7513 -7700
8102 -6317
-3846 8049
7824 -8202
-6265 -996
-2732 -10293
10398 4097
3629 6680
-2732 -8421
2739 -3275
-11676 -1429
9983 9588
-10936 5209
3855 -5112
9209 4938
11970 6790
-3212 -2571
6198 -7910
9691 -7465
-5405 1532
7094 -11735
4847 -3708
-8998 2822
-9613 -4636
7207 2264
-10174 9424
-5241 -9009
-10541 -4520
4607 -9703
1412 6139
-8961 4167
-9155 -7754
-10018 -4639
-2063 -1754
10763 9008
1880 9997
-8052 8228
-2719 -4863
-9382 4310
-64 3767
-8406 5726
-7832 -446
-9806 -1487
-11484 8247
-4828 -11174
4389 -1932
-6594 2540
6307 -8970
-3048 1128
-1574 -8366
10205 -10783
7030 6651
5825 11283
-1567 -3338
-5878 -10407
-7729 8967
10095 5842
-2209 3838
2621 -11527
6178 -4386
-4021 5620
-8958 -666
11425 -5624
-2943 -8033
-1876 -4295
-8133 1168
1047 -3659
8397 7324
1296 7909
-8575 -9163
3139 -5874
1907 -9441
1736 8887
10055 1072
-5083 -7494
-3170 3667
-11576 -8962
6477 -4516
10742 8364
-6157 11174
8413 654
2078 -4852
347 -1657
5676 11246
-8560 -11057
3925 7316
4032 5058
4584 -8103
-9109 -1608
-6460 -2443
-4100 3695
3293 -7013
-6422 -6192
-1860 4601
9660 5389
1493 11222
1182 -11411
1855 -4843
8538 2183
-9196 8520
3064 4336
-9290 4389
9779 3603
2826 1492
-1256 -8368
1211 3510
5693 2558
11079 -11379
3716 9882
2272 -6589
-10192 6558
-8051 -9901
6622 -6438
-9948 10892
1451 4925
-4657 -3152
-1387 -10797
5738 -6743
-1301 4089
-1990 11736
6175 -8133
-7026 -11437
-4363 4409
-7562 -1440
238 4180
-10923 5374
-9463 -3913
3649 5292
1426 1568
-1005 11473
3883 -3696
5136 9189
-1369 10410
-3784 -10314
2579 -10798
-4090 10174
94 7409
6883 8305
-353 10265
7806 8365
6775 -10919
9586 -11041
10191 2266
793 -11856
-7617 11527
8184 9512
7777 -1237
-9954 -1244
516 11988
-11381 -4854
-7121 5718
-5926 -9413
8940 -11141
-9005 6718
-8308 4395
5991 -10885
-10873 3336
-8191 3933
10003 -8738
6152 8731
-8224 -10924
-5643 -11288
-3683 -7785
6670 -8261
-11598 -9848
-1781 329
-9419 -11735
8818 -10593
9518 -4289
3930 -9340
5125 -3085
11347 -10527
8375 10191
10872 7243
-7330 3413
-2006 7935
-577 -8520
5860 -10261
1347 6465
-4992 -5526
-3717 7429
3024 11223
2636 153
-8089 750
-9270 9316
-7578 -1997
-8462 1951
-7477 9610
5391 -4104
-3327 -2426
2580 -10327
-11077 -4533
-2201 -9564
11561 2296
4599 4675
-2285 1708
-5812 2815
-5242 11916
-10596 -3469
-8002 3234
-798 -6202
-8851 3040
-7715 -7270
-9330 1854
5021 -11529
-11797 -4794
-8263 1984
5218 2792
8994 -11861
2901 -4167
11437 -9527
11733 4407
3936 1600
-6746 10159
144 10898
-1690 -11858
11719 -7163
11330 882
-10761 11968
-4727 8853
10806 6971
5482 3581
-2832 5950
-6160 128
-7291 -9146
-10028 11851
171 2685
11890 11237
-6560 -3016
-6950 2571
8874 6066
6194 -6568
-4066 7527
7730 -3256
5941 7225
6814 -3418
6787 -9833
-757 -8495
-2562 2527
9447 -10988
6867 7757
-11365 -3548
-10773 3
-3774 -4371
2557 9437
-6284 521
-3048 2666
-2006 5253
1362 -6321
10222 -10323
-10327 -5877
10601 10954
8743 2016
2537 -6473
-9491 6181
11786 9147
3468 7844
6167 8614
-2844 -2677
-1632 -8665
-10681 8835
3660 -1630
-8163 2293
11440 -9021
-4865 -11678
-8645 -4693
7723 -11883
8548 5297
2484 9486
-11116 -5012
-7306 7945
-4966 1032
-1062 -4015
9060 -1800
1683 11538
4835 -10221
-8059 -4022
9035 -9111
-5408 6740
8124 10151
2518 6479
8632 -4794
-4333 6852
5425 3769
-8144 -7359
4822 522
-7614 9663
8166 5867
-699 -8522
1669 3329
10533 -5250
-9371 -9418
5130 3511
-4385 -9270
-6934 5492
-11711 5365
-1888 -1104
-4433 6092
-11342 -2137
-11908 1425
5288 -2331
11602 11877
5369 -1761
-7478 1181
-2285 3585
-9677 -11890
2380 6018
7795 -9721
53 -11372
-11602 -8780
10893 5235
6417 3896
-7833 6070
-5960 3218
9588 10021
-8095 7362
-7087 -5928
3060 3402
8989 10417
-2313 1120
7190 -5642
-9212 7593
5966 -9528
-4890 -7356
1636 7420
10822 7031
5448 -4032
-5153 -735
6377 -10971
6916 394
10274 11278
6986 2209
-9630 10864
6247 -9025
1410 -4187
4922 3123
-2446 9809
-10555 -2687
-2318 1893
-4102 4191
-3408 -8654
-6031 -3153
7340 -6567
-10043 -9967
8128 -4212
6900 9505
11750 4913
-9105 -1505
10511 -5178
8331 8927
-3847 2693
-1012 5610
-9822 1639
11144 9095
-2008 -9519
11376 9740
-2918 -11203
-8482 -2767
-5812 8968
2578 -5655
-7294 -9195
-6642 -8472
6343 -9136
-7228 8799
8354 6390
9510 1725
-10694 8089
-2096 -2815
363 -8205
5029 9867
-7356 477
-9276 9051
3793 -11183
1260 4336
-778 3125
-5940 -4308
-865 4799
3019 -5669
-6146 11062
8465 2394
1577 8575
1263 -6540
9665 -5427
-9736 -6237
11037 11922
-5943 10818
10232 -2094
4489 1621
10196 -9222
-4114 -753
6180 7825
2062 -4701
-4975 -8774
-7944 -4290
6737 3577
5198 8886
6460 3605
-4358 6115
-1940 7146
11847 -7085
3859 -9665
2308 -3455
-7032 -7559
-4445 2619
6576 8239
-2706 10890
-6388 -2040
9125 3159
-1176 3504
-6959 7824
-3383 9504
476 7608
-4200 5623
-4865 -4516
6556 -9258
-769 -5603
9459 -6508
-2684 -6311
3816 10394
6002 10390
-4365 6035
-10551 -5366
2624 -3380
9335 3213
-9722 11472
6136 7384
5778 -9778
-8520 2292
8328 -3796
-9162 8008
-11388 -10887
-2101 -9926
-9750 4139
11875 8111
-5889 5138
7783 -4474
8271 -2468
10476 1089
-11977 10159
-8437 11513
4004 -3186
-11298 -617
-5755 4728
-9203 11949
-2770 6400
-7489 5887
4399 7458
7323 -501
-3688 5803
-6420 -2500
7229 5531
5832 8771
-3171 -10925
-5165 10368
6178 4728
-5229 -6129
-11932 5444
-8297 9837
3368 9649
-6421 7272
-6549 4356
3076 3437
8517 8383
2512 994
6790 -11623
-9460 4731
-2733 3275
10899 -4536
-9244 4408
8197 2794
11177 -9739
-10733 -5828
-5452 2689
-7772 -3928
-7204 -3178
8066 3814
8574 -5420
-8566 -4964
3055 4649
10478 3325
6366 4979
8907 -695
-4225 -9359
-1525 -11175
4947 -991
6308 -1059
5709 -8096
-11421 -7520
499 4719
5415 9626
7337 -1141
316 4941
-5933 -10537
11596 -4738
1186 9460
-5332 -7369
89 3377
1355 -6164
7305 -2132
-7074 -1222
111 9071
-2161 -11556
-9369 -4266
-11987 11055
2784 827
-6991 10133
-617 -7093
8667 -915
-9986 -11354
10911 3260
-7878 7802
7209 -8218
-9045 2579
712 -3670
-11115 -6362
7629 -6775
6482 -2809
-6069 9960
5762 -1710
-9929 6108
-8687 -2154
-6177 7455
-2169 8806
-3933 -7397
10206 9879
7840 6537
8248 -4742
-10850 2947
-5453 2274
-9730 -5074
1880 8110
-3508 1815
11695 -8742
-3279 -1622
6364 -1119
-4418 8616
10890 7450
525 -4537
-648 7274
9089 801
-9543 1269
2891 2865
-4336 -7814
-4430 -4632
-434 -6241
-10779 -9869
-5495 -11936
-737 10509
-11778 5097
7962 861
-8675 3805
-8789 -5440
-11682 -6128
4350 -1900
1836 1823
332 -856
-6305 -1365
-2226 4467
8624 -1379
6819 -6547
1027 -1523
-3423 3554
5729 4709
-5917 10448
-11814 10714
3533 -6463
7842 -3062
-9609 -8910
10434 -3181
-7088 -8293
-1003 5063
-3512 2812
1878 -10688
5151 -8069
-11131 -11490
8753 -1522
5055 -448
-8742 -6274
-11337 -9600
-413 -864
-11905 598
9019 1623
-1466 -10057
11931 1677
2126 3858
-10132 7851
-5451 2686
3903 7551
8501 4563
6538 3266
-1675 7618
-9295 -11981
-4192 1835
9686 -8662
11349 1170
9073 6566
11481 -4980
8599 1468
-9438 8599
-8933 -8234
-10069 -6205
2867 4300
5822 -9654
-4572 -1936
-6917 8267
10087 801
9752 -2727
11313 9823
-4380 11964
4264 5438
-3444 -4693
6629 10154
6773 10847
0 -7909
10988 3702
1878 601
917 -1878
-7316 27
-5072 -5304
3810 -7552
-6399 7718
-3627 4886
8588 8943
-9896 -9658
11536 6935
-7314 8317
1973 -1094
8998 2040
10110 8866
1752 3007
-11950 -6328
3986 -2236
-9523 1711
10380 5044
-6139 -5664
-8056 -11560
-8426 5389
8748 -1315
7643 -6733
8969 -4614
-6325 2584
7628 -5259
-11276 253
-11813 -848
-6590 10460
-11775 4696
11429 -7639
254 -11256
-1840 -3631
8890 5753
-6359 5901
6750 5702
4515 10237
-2933 -5420
1411 -7813
-7069 3414
-7045 -9642
3748 -7375
-1277 -4305
-10359 7395
-5633 3101
-8873 -7578
3391 11099
2865 9955
7598 3509
-11237 3004
-7661 2084
-9480 -7316
-10417 -5116
694 -11665
-11116 6934
5242 11676
3537 2794
5798 -10343
779 -885
8201 -5783
10899 -2108
2125 -8894
-4180 7631
7307 -3468
-6262 -11152
9495 -5612
6849 -10408
4543 11315
-1775 988
-10234 7769
-3401 8717
-537 -10099
9604 -229
6193 10141
-8901 -3317
-2632 -2819
-4159 -8627
4748 -2152
10869 4645
3096 5819
6400 -3178
1319 -2230
5899 -6433
9605 5609
2588 -9949
102 -9318
2315 -104
6276 6696
9874 2968
-5198 3258
-9691 10489
-4098 -9272
7573 -1923
-11593 6566
-6671 -7137
-1833 -2135
-5103 3245
6503 -9724
-8565 6085
-3709 -9960
235 10079
4997 3365
-10502 -9408
-11895 -2943
-6188 352
-10429 1757
8194 6842
-4803 3713
-1792 7553
11271 -7659
-5419 -8130
11425 -11560
-264 -2319
4428 1656
8499 1698
5412 1121
9027 967
-8627 9861
-6343 5236
-4796 -5675
8346 7447
-9103 9794
11493 -2627
-4101 2653
3620 -4216
2429 3849
9086 10007
-4035 -2977
10776 11402
9196 -2905
5884 -9091
-11744 4168
8384 -9243
-1445 -6258
-4265 11533
2862 -8765
-8167 -10190
-1447 -11353
-8444 5759
-9927 -5134
2730 -3869
10127 2469
-2002 -4175
940 -8783
-7325 4375
-3728 -6284
-395 -10124
3611 -8970
839 11519
-1988 -1926
6453 1812
-10947 4064
8791 -8732
3368 7851
-6328 -10462
7432 8129
8000 -4204
6482 -10005
-169 11892
4308 -2591
11323 9136
5340 3719
-2181 -9599
-6080 -3647
7851 -2532
889 -3458
-3702 654
-3245 6268
3756 11783
3502 -1124
-10723 7779
-11426 -10590
1122 8715
-173 -1583
-2237 3950
10570 -10050
-9833 3071
-4195 -9244
-5023 11372
-9963 -4368
-1083 10042
-11977 4872
8823 -6424
4474 -5506
-8577 -10200
7444 -71
-11443 823
5191 5701
4095 10645
3518 -2069
8493 -3390
9248 6863
-5063 -9030
9101 10995
-170 -7652
-1705 3851
2496 8221
-10642 -5566
9308 3146
10361 1488
-10518 -7685
6680 6665
-2669 11523
3374 902
-9123 -9102
2668 6944
-10442 -410
-2251 -7619
-3305 -5214
232 -1257
1132 6103
7006 -5802
-3257 -10613
5910 4203
4966 -1491
9110 -1735
-7302 5079
-6336 4645
10748 6767
922 -11055
10020 11187
-3742 4710
-6201 9791
-11526 616
5695 3536
8181 2206
8973 -8531
7586 328
-11867 883
5593 -6524
-4667 -4948
5564 -8242
-131 3144
5350 7848
-4731 -5687
-6367 -3350
-4233 4868
-11744 -10867
-3815 -2488
-11083 9035
179 8986
5186 -529
6568 -10185
1887 5566
-10434 -5719
4587 3328
5817 251
9286 3829
1167 1048
-1929 -962
-11147 -3210
-8776 5307
-11379 510
3839 9036
9287 7558
11739 -8078
-9126 9148
-10110 -11884
3094 5690
-11350 -6856
-7366 -1878
-10914 4119
30 -1177
9255 8928
6076 8289
-8526 1695
-7738 1496
-8352 8332
10210 -9920
-2391 -1545
-2723 10215
7495 -3571
-213 -502
-2550 8960
10808 9610
-5942 -601
10521 3915
5460 -8013
6580 -6581
10152 -3930
4785 -10811
-8123 5224
2834 -55
656 -2731
-6646 -3264
11629 -4479
11060 -6212
10495 634
-11445 4795
10371 -5294
5349 -5649
8380 -320
3584 -6679
11159 -832
7397 6410
7396 -5123
9918 -9547
2841 6318
-319 8885
-9205 9137
-4168 -4269
-5453 2834
9244 -10739
3862 5674
-3573 3300
9619 8620
5505 6911
4048 -7421
42 8912
11746 2499
-1591 -2497
8171 -2874
-6174 -6007
2979 10172
-5083 9778
-5552 3751
1015 -6653
9505 5789
-8286 -1143
4017 487
-6495 11770
-10294 -5477
-3256 6210
9961 -7618
2624 -1845
-7986 11250
-394 -4126
-4614 -2692
-2462 6701
-178 3598
10160 6051
-1669 -3349
5194 8245
7496 4351
-8478 3237
-5929 -5017
-11718 10192
-2143 -2689
-8740 -4277
-7626 4580
1178 8181
533 -8156
-11746 -6977
-11994 64
-10608 -974
-3663 -3996
-8625 10536
3469 -2924
-11457 8129
-4637 -7645
-2622 -8864
-9280 -1886
2860 3698
-8046 10751
9288 -7148
10072 3404
11885 -8133
3778 7930
-5146 -8021
10259 1459
5509 7660
6412 3627
-10776 4208
7612 10917
-7402 5307
1237 -9631
6005 4710
6169 7830
3491 -1732
-5360 8166
374 -7116
-6385 -8771
-2078 -4210
2193 7955
-665 7917
-3747 6199
-8284 8803
4970 7800
-3268 -8172
5295 -5872
10434 1463
9771 10499
-6416 -9641
4193 -1192
-9995 -11951
7752 8957
5481 -11401
5274 9170
10986 -6599
-5098 1515
-11156 -1520
2712 4487
-4791 -6651
-3960 1743
-1497 -9645
-6816 3777
-10376 3872
5387 -11160
-1033 -2074
-6561 1127
-7779 -9887
-11982 -515
10160 6456
10234 7786
-11658 -3449
2610 -4129
6203 -7593
-8721 898
-10785 -1421
-2288 2125
-8933 -9201
4987 -6315
9765 -4919
9400 9391
-4984 -462
-1360 -5894
-7667 -11501
1626 -11864
-9065 -5589
256 -10561
3480 6149
3540 3822
4285 -10261
-4508 -5491
-4992 5760
5976 -9591
3180 313
10874 1553
7702 1262
5085 9127
-7388 7404
1248 9510
-3622 10907
8498 7445
8110 7494
9047 -5628
-6891 2332
11811 1870
9274 713
-10576 7872
-7131 -7030
-2827 -1845
-9339 -7126
754 -4667
-7351 -4888
-6758 5671
-6385 -10867
-7092 -8726
-4108 -8364
10561 -9864
4990 -497
5516 -2832
8072 10068
-4091 11801
-11021 -10826
7904 357
-8721 -2541
406 1523
-2020 6880
-9712 -2292
-712 -6194
6347 4534
-3712 7773
8130 8170
-11063 -7279
8802 5079
11959 -5415
8059 -4522
-11068 -776
5662 -5559
-1684 -10617
-7139 -9324
4955 4562
9641 11594
-5010 -8699
-1573 -11784
560 472
-6031 -5544
4162 -1293
10617 9957
2519 233
11827 -6967
-4018 -6440
6224 5156
5628 -640
6185 -5660
6953 2313
270 4913
5146 -3529
-10496 2823
-9263 -5478
-10986 3041
-4033 685
-6345 1055
3720 -7974
-1239 -5067
8596 195
3018 -10929
4759 -6767
-10160 -3799
4485 2040
-3448 10033
-6359 8405
-1472 8052
8248 3102
2383 -4526
11645 -4724
-8524 -8656
-11048 763
-11148 1728
10134 10584
-6637 -4850
-7952 -4595
9122 -2755
-7832 5775
-2431 -6924
8039 -6964
-8693 -3049
-1633 3562
-8412 5868
-10816 2363
-5470 9234
3009 11982
-7258 -431
-7748 -303
3352 940
4502 7461
1330 1468
3831 -9738
7324 -1493
-1828 5670
6454 100
-756 11573
865 6967
2780 11055
523 1321
-11059 -1396
3242 1667
7690 9897
10349 -2892
2817 -11693
-7012 1012
-67 4741
6062 -7215
8612 8360
10027 -5628
-3525 -7784
11029 911
-604 4546
-5559 3636
-8378 8016
3231 -921
-9633 -8474
2455 6381
-2518 -10296
-11207 9540
2438 -9979
1615 -1893
10261 -9953
11226 9404
-6230 -3146
9527 -6955
5251 -11225
-9117 6042
-4021 1459
3705 10937
-8890 -5120
-2524 6556
9702 -10202
-5509 -8458
8035 -9923
-3965 9603
-11414 -1670
960 6309
-11429 -10305
-4861 0
-10554 4499
-1309 -6828
5103 -7805
-5408 8615
10637 -7734
2043 2436
-1093 -4823
5176 3189
8040 8423
-3251 -27
7832 10953
-7920 -11535
-7270 -3413
6201 5011
-10186 3971
-7160 -11176
-7599 -4295
4323 -9006
8311 -2038
1573 -9219
-632 -5999
-11010 -6703
-11026 -4433
3609 8708
-1004 -11699
8705 7025
-9063 -8286
5505 -8739
2739 -3397
10452 -4506
8939 210
8918 2110
-2161 11928
6953 -9788
6074 1833
-10572 -11894
-3644 8800
-1658 -2711
-2921 3945
6407 1013
941 -1716
11504 20
1853 4678
-4924 988
-10140 5502
-8566 -10944
-3242 -10948
11961 -10146
11862 2708
3081 10470
3148 215
-1555 -8154
-2008 4010
2954 10944
9892 -10445
8591 -11120
-2180 -8962
7432 2876
-3443 4964
-1470 -350
-4712 5242
-4186 1171
-11617 6413
5885 -448
-9410 -2241
-5469 579
5895 188
-890 8011
-1253 -1954
-3126 -3484
-10249 9561
-10009 -5373
7967 2934
-3865 -5798
-5986 -1315
-9327 4676
6630 2100
-5936 -1297
-10858 -1211
-6584 -10279
1565 -6309
107 3041
-4708 -9023
1699 -1802
4255 -5692
-7341 7993
-9204 -104
10735 -9114
3424 -11384
-2777 9980
-7355 11652
-1807 10841
-4885 -877
-8871 -7334
7791 11254
-8721 -5965
5701 -1263
-11595 2710
2714 -2542
-1384 -10444
11321 3893
11579 2683
-2290 -1892
8209 -9428
11044 -4240
7302 -3763
6305 -10298
-8742 2530
6775 9863
-899 -7580
9825 5030
-2810 2060
6300 -7743
11506 7140
-5438 -3566
-6448 -4868
3084 -3557
11490 -11063
-4445 -9724
136 703
-8798 -11012
-6152 9067
-634 5026
10247 -1424
4982 5292
-4707 838
-10914 6192
6895 3277
-2289 -2582
11649 -3524
8902 -11915
1340 4728
10372 -2498
-3336 1285
7829 -6398
-9676 -7491
-10425 7826
11350 6903
6818 6780
11508 586
-3437 -2330
3967 -2950
9348 11380
7223 9997
-5823 -5861
-764 3137
-9917 -6235
-7174 -7277
9960 -10024
974 3816
-3197 4598
-2595 2801
-8662 9200
337 4777
-11364 9805
-5083 -4744
2768 11590
3406 -6695
11645 -9523
-676 10853
8053 1659
6436 477
-10282 -3731
8475 -6896
-6486 -83
7130 -6809
4685 -11632
10837 8380
10391 -9816
-10645 11332
-3063 374
-7271 -7758
8193 -2822
9984 -6259
6243 -7819
-4551 11434
-9603 4660
3992 7452
7827 6526
-2636 -6080
8902 6266
-525 954
-9125 6290
5724 -877
5889 -1091
-8544 -5456
-11982 236
-6668 2084
-8702 -4655
5962 -8716
3358 -4901
5778 -10086
-11178 690
-6499 -3542
4130 8970
-11406 -11955
4611 -1882
10950 -10388
3290 7128
5215 -858
-1901 7693
-11235 1264
10586 1389
-1345 5589
-7471 494
-11234 7245
-2726 -8827
9685 10441
6134 -1857
-3121 -11572
-961 308
5897 -7209
-8055 -2199
9797 -5226
2053 11167
-9608 10558
-415 8367
-8291 -7607
-8267 7054
-2263 9582
11781 28
-5254 -4830
4349 -8325
-6883 7779
4498 4922
-881 6189
-1244 -11362
9296 3198
3227 -9194
-2376 -6166
2491 -11891
-8022 4141
9063 -5620
-161 -1113
-828 6758
9957 8851
-6045 -2915
9433 2510
-2401 -1236
5377 3733
-9705 1662
2776 8535
3645 5593
2796 -9635
902 -1860
-4370 9464
-10700 -8967
-1052 -5899
-7914 8663
5198 -8599
2544 5078
-3065 -2640
4500 -8147
-5963 -1970
11289 -10598
4498 4666
1329 -8073
4673 -2804
8234 3224
-5865 -3795
11943 6978
9300 -11935
10886 8366
1032 -8380
4453 4306
7462 2019
5243 6310
10105 7672
-2650 5414
-5702 3933
299 6173
-2905 1176
-5834 2694
4713 10589
-4899 9045
-4717 -7595
-1009 -6768
-11053 5616
11789 8679
9855 -6138
-9184 -3945
-2534 -11386
8431 10326
-6273 -1251
8371 5944
11912 -2702
-11381 -8869
3359 -1855
5801 -7320
-6706 -3349
-2028 -3615
5218 -2912
-9208 6635
-9337 5197
-2066 -624
2479 8290
3610 9112
-814 10145
-2112 7498
-10762 3784
10419 7340
889 3319
-3943 11838
-8128 3406
518 9431
7928 1267
8765 -4374
-8158 -3345
-11037 9995
1314 -8215
-8405 -672
-4078 4494
-1925 -3733
-5000 -11511
4237 -1967
5664 -2197
192 11065
-7633 8918
9590 7851
-345 -1899
5633 -1954
-1465 -9074
11393 10747
-945 -2831
2248 -3795
1066 10463
-6666 11548
-1447 8350
10304 -11167
8593 -7169
-5916 -979
-4162 212
4360 51
10866 -7620
-7520 -5815
2517 -11588
-11107 -10818
5987 -7119
-8450 6141
-6705 -4524
-4927 -1075
8695 -9630
3797 -11279
11219 -6286
5104 -8431
-3903 -11476
5969 7520
396 -9749
10824 -5287
3269 -7147
6778 2324
-8611 -9222
-6006 -11761
11237 858
8730 988
-10737 -6324
11612 -11917
7416 -6926
-9251 34
-9257 -1574
1335 9088
10298 490
1479 362
6687 -6603
6873 -5322
249 7833
8219 1733
-3307 11995
9436 10967
-11810 -48
-763 7621
-2225 1043
-6366 -11985
-8170 5280
7013 -8885
-8880 7310
-6629 -9586
9986 -5870
-1491 10290
11685 -9004
9342 1610
7242 -6541
3426 -8121
-3783 4948
2886 9730
3600 1284
11574 6877
-4234 11031
993 -8090
2631 5695
-1816 -123
-5071 -2396
-479 -9919
-11204 9507
4737 -7388
-6419 5462
-1552 -6339
-34 3193
-3668 -5662
8411 1221
-11140 2582
-89 11197
-6585 8921
2383 -1048
-7388 1823
-5368 -7416
1431 6482
8055 11177
2111 8053
-7602 -4071
-1345 9528
10929 -1015
-3190 -5191
607 420
7255 76
11605 7316
-3370 5103
9526 0
9880 -5407
6423 -11672
4863 5922
-6694 -824
1253 8093
-3410 4822
9925 7900
-7900 8320
1728 -9979
9651 6420
-694 -1345
2169 4198
-643 -3654
-8477 8264
4164 6346
3018 9234
-7213 -9490
-3911 -8070
9415 3716
-7914 10389
-2043 7992
-4256 501
7199 -8185
5419 -3736
1227 4917
-987 1229
-4946 10794
9535 1698
-10042 10734
11587 4430
-967 -8610
346 -8671
-1941 1222
-2451 -5863
5009 22
1720 6380
5114 -1277
-6059 -1834
10444 5547
2218 -9490
11064 -8131
-1994 -9123
-9145 -6579
-1311 374
-2003 -2095
3929 -11671
-5218 5912
3754 2935
-11067 -7740
-5215 2302
-8881 -6668
-7394 1612
-3707 4802
-4825 -10311
4223 -1284
-4220 -6484
2576 -3832
-6135 2173
-9194 1136
3100 -7236
-391 8503
6814 -2564
3848 9796
-4632 6865
-11050 -5464
-7989 -2910
4398 11171
-6407 110
-8966 6508
9072 3979
-2127 -11592
-6810 9400
-3216 7078
-9988 8302
7473 -2865
-3328 1597
8457 -9750
-2081 8652
-8597 -3790
-1543 -2694
-9772 8664
5318 9411
-276 9790
11739 760
-10863 9029
-6033 8527
-669 5176
7871 -3304
320 -345
-10108 -958
-11101 10864
-11624 -6592
3973 9114
-5641 -5289
-10465 7026
10683 -4903
5249 -2792
4102 -481
11345 4788
-11732 -9785
-6899 -10297
3586 3052
10079 4431
-9335 10480
-1272 -1464
2297 -9092
-1880 30
-9815 -11830
10128 8084
11137 812
5243 2267
747 2799
-4615 -864
9956 5733
5764 -10225
10055 -7821
3905 2254
3066 3072
5691 -7292
-10092 -5811
6675 -5614
-11347 -6880
-5105 -6971
2792 -6041
8296 10298
1723 10702
-6347 -8321
2132 -11368
4982 5823
-1055 -6961
2284 7892
-1934 9722
8373 10569
9624 -7025
3346 8420
-7788 -4612
-10787 -4779
92 4302
195 -4382
-2456 -8281
-7203 -11711
6736 3492
11912 5912
-10876 6549
-11680 2980
7283 4567
-9301 -10656
-6938 -11374
11085 8920
764 4470
-10382 8169
2718 -6608
-9589 5837
10756 -5024
-3680 11013
-10739 7810
5082 -9135
-1605 -8255
4424 4308
-10917 5928
118 769
6145 -3136
2501 4155
317 -10963
8451 3767
374 6474
11134 -9050
-3330 10890
-11 9343
-479 11015
3170 -1833
797 4341
8108 8837
3663 -6756
-4158 -2628
-1870 -8462
-5806 -2668
1683 -371
2204 -2894
-7235 -6635
-3824 -8962
4070 -2513
5494 189
8652 3359
-6380 -5635
-6358 -8121
11016 -10665
-5652 1574
-10888 11180
-1694 4304
4493 -3609
-7321 -502
6138 2459
-10580 11737
10755 -10032
11606 3203
2383 -8255
-559 -1696
5657 2874
-3376 11562
-2021 -1148
1237 8478
6510 3454
6657 7340
3595 -7471
9519 1791
-4665 4814
4728 -7890
-9390 5679
2158 6605
-10059 3724
11064 9155
-4978 -3930
5722 -5431
-10597 11237
-7127 2098
7777 -6482
1439 2470
6195 -11149
-8656 -7379
11661 -4494
-10277 -11566
-10803 -11960
-2410 11684
-6519 2651
-5121 4487
3636 -1079
8458 1903
-6398 -7468
7035 6682
-6995 -3159
-2844 -11626
-2629 -5125
-9612 -1834
3266 1051
3307 -4878
346 -10404
5086 -5339
-8498 2397
-2024 -6488
11613 3787
-5973 -8528
9931 1777
-6655 -5512
-3916 -2380
8071 -5011
7408 7979
2468 -2377
-6164 3898
-778 11894
1671 7045
910 11596
-2328 -7119
130 674
-9005 -7936
-10666 8817
715 2974
2869 3754
-10799 -856
452 5251
-722 7773
8447 -4852
1140 3121
-11938 8241
11216 -11365
-3119 -3408
4264 -8548
-2151 -7220
-2994 -9733
2585 -1876
5349 11229
7822 9577
-9294 9498
-906 5157
-2057 -5369
590 7145
-4878 -568
2796 -9328
-8909 -3776
1353 8431
5929 -10301
3458 2803
-8172 11653
7150 6567
-7487 -4428
-2108 -7736
11512 8214
4646 -4574
-2876 11632
2435 -6825
6830 -11335
-5903 8420
848 10557
-6293 -6103
-2317 -6426
-11000 7593
-7577 6
6831 -9821
9157 4694
1466 -6708
-5265 5180
-11635 -8301
2727 -1795
9388 3511
3517 1927
11748 -654
-5700 -5060
11768 -6176
-11708 3809
-110 -67
-1862 11269
3133 10281
-560 8603
9257 6769
-11829 11291
-5819 8311
120 -10983
11402 7225
6846 -9745
8378 6491
-3094 -11389
-6158 -8221
-7512 2490
10801 11625
-10608 1140
8365 -4333
-2079 -1196
7687 -6877
-6266 5699
-2272 3850
6341 1053
678 7736
8876 -5329
-9663 9978
-11174 9996
-5225 -6651
-702 6184
-10387 7030
8083 -1283
-9020 4047
9376 -7103
-5081 8295
6643 6389
-1040 -6169
-706 -11978
-7360 6884
-8168 3099
7498 -10013
5116 11630
8277 8104
2493 -2980
9149 -2851
3181 11754
6638 1473
4925 -3599
1612 -8839
-8821 -6269
-2725 8789
-121 11864
3067 -3788
-3894 4778
-6604 -7833
11432 -11093
8284 5955
-576 -2109
-11250 -7280
-7496 6326
-10466 4471
-9602 10660
-6493 -3640
2733 4391
10698 4504
-6965 -3385
11017 11446
6125 -2932
7755 -10595
-9255 8549
-189 2354
6746 6756
-11260 7472
-10857 -7998
-7797 6732
-10016 -10171
-8766 -2169
-11070 -10100
455 -9554
-4310 -5882
-1355 6420
-2419 10942
6026 3180
1351 -7707
10229 -10351
-8451 4019
-1574 149
-6031 6161
-581 8308
7603 -6742
10275 2410
10118 -4894
3245 3642
-8014 3261
3762 1766
7927 -1984
-10292 -1835
-8930 -2134
-4544 1901
-7147 6335
10330 5712
9325 7395
9514 -8108
10092 -5118
7306 2516
-4650 10509
-762 -7680
-2368 626
6690 5094
841 -11678
-8138 -4690
9808 6451
9319 -5952
4814 9847
5880 1133
1759 8491
1937 -4692
4722 6274
-10964 5635
-439 10411
4716 645
10845 -300
-1433 5648
2140 -10623
3667 -1164
-7438 8695
-2682 -4693
3456 6822
7467 1312
-1612 -9513
-3161 -1418
-41 7288
-8452 -5995
-2690 -9699
2744 2876
-9698 9726
11390 8779
-6644 276
-1694 45
7685 -2598
8594 6950
-5001 -7378
-10254 -2208
-286 -4670
-1802 2005
2633 6135
6532 -10768
1718 1268
-8218 -3439
11169 -3662
5870 -11262
4284 7903
-9909 7569
2056 9489
-8609 694
1963 -6216
-10007 7293
-10956 9069
-8683 1032
8935 6225
-2147 -10291
8133 2017
2712 -653
6869 767
8060 3313
-735 9708
10740 -234
6812 -6145
4436 -11667
1684 3010
-3664 -9438
10205 1336
4649 6870
-4930 2533
3120 1893
-8390 -3274
2941 -9109
472 8116
-5555 7501
8837 -8191
-3414 1069
-3954 11082
976 65
-3339 1657
-10767 -998
-9114 -9335
4837 7804
-4348 6568
7637 11441
10523 -4473
4890 -1785
-3442 -8467
9465 3175
-510 -6231
2388 5087
11656 -11591
-11384 6956
-11430 3312
5097 -8033
-4501 4467
7642 -1605
8189 -6500
-11587 -10282
-9874 8163
3471 -2830
6494 -5982
-2015 9180
-1999 8640
-10245 6085
-937 -9055
7338 11028
7543 -7713
10896 11045
5379 10546
-7726 2873
11513 11802
-5887 -2923
11978 10260
9641 8526
-4592 4759
3804 -7172
-5718 -3620
-6845 7544
-7346 7947
-10870 9718
-8330 -4817
1343 -8805
-1916 4059
-11231 7358
-10978 8889
4433 6974
2921 -5707
-3425 10833
-3650 -8916
-5722 5587
-9999 9408
4766 -5670
-2559 -9983
-4957 11159
-4867 9547
8732 69
-8985 -3184
8771 5360
-2769 -1465
7135 -7941
6277 10961
-10121 1221
11120 6542
6611 -9089
273 2313
-7674 -6762
8227 -9576
5517 7371
-6332 -6802
-8023 -7550
-2092 8482
-5923 11581
2246 8717
-3480 -8815
6743 -4102
-11825 -5536
-338 -492
8394 -7812
-4646 -7907
-7488 -9604
-6321 -9766
-6933 -5427
9881 1987
-7524 3401
3894 3530
-11343 -9840
-5748 7726
-5330 8732
-6498 8035
-1814 -8722
-10710 5751
9504 1968
-5499 8784
-6625 -1870
-9597 -798
-9883 -2341
-10728 1441
-10163 -9978
-4081 10342
662 -7668
-4452 -5375
7598 -9595
10745 2820
5161 -462
-2255 7879
5858 -6076
-4770 2511
10179 2862
-8589 -11653
9248 2568
5388 -7265
8079 6336
2568 8277
-2705 -9100
-11964 -6595
-9457 853
507 -3189
-6109 -9376
4993 11428
6116 1892
10521 10511
-7963 -532
-7127 9608
10814 -7550
11091 10624
-8353 4234
-4014 3799
-6043 2529
1392 981
-1513 3195
804 410
-7961 1615
-591 9423
-1657 -5654
9806 -1766
4647 25
1006 2908
6104 10087
10498 -2145
-3760 -6873
4296 3172
-9179 -643
2761 4835
5212 -7600
-10861 -5900
-4340 9659
-11804 7807
3032 568
3741 10268
-11263 2668
7855 7091
-3044 -11585
5837 -5082
-3093 7799
3606 11720
289 4138
2406 -4657
-7325 1559
9002 2182
-1767 11887
5321 -9525
-5676 7853
7574 -7535
-11674 6943
11600 -6251
-8162 8851
-11033 2706
-2593 -8570
6448 3243
-11096 5051
-586 2031
-9326 3834
-10437 -7147
3998 2661
5367 6383
-2953 -1293
4888 -9613
-3016 -7285
-9668 -2597
-6783 -6908
2407 8477
11138 -288
-7023 -2326
3972 6101
-4066 -5256
893 909
-3858 -3253
10162 -10534
-7363 -4035
4675 -5469
7796 880
6981 -5758
11367 10882
143 -5520
8774 5787
-4674 -6857
-10892 -3889
9358 6601
7833 1646
7757 3311
2545 8696
-2217 -7615
-1754 10035
4892 3192
7081 2061
9014 11674
1673 4277
7940 -10228
-6925 994
-8961 8918
7305 4172
7364 666
3079 390
417 6592
11221 -1308
11537 5130
6476 7875
4793 -1497
-5669 -8354
-9373 5335
6078 -477
-7070 -6544
-7853 9161
2643 -8155
-4031 7216
-9065 3415
-11770 -10628
-3964 9359
-9836 10846
5742 -2530
-43 2059
-10566 -245
7813 1067
4482 9753
-8734 788
10499 -11695
10893 -5037
-7567 2200
4611 -4272
-4870 -10805
11872 -6605
-4710 2230
3370 -11059
-10754 -2290
7327 855
3407 9569
-2194 9856
-8662 6378
-983 2013
4244 10905
9964 10337
-627 -8393
-9248 -10407
-7977 -10410
-8266 8924
-3655 1686
3700 4112
3369 -6879
-5568 -1746
10139 -6176
4584 -2056
818 5419
-2696 -5023
-7061 -5588
-9700 10378
-5609 -10968
1066 1863
-8039 -8227
10635 -3692
-9111 -1676
7051 -11958
5546 -6204
-4582 -8284
7604 8128
9991 -3444
23 3526
-7218 -9247
-11275 -7353
7311 11703
-5907 -10370
6654 9830
-5958 7104
-10549 7861
-11387 -5691
-3290 8046
-3399 -4832
-4887 -6741
5111 5082
3264 7373
2829 2361
-10223 561
6605 -10238
-6284 5263
-10447 11114
-5855 -9724
-3158 822
8195 2165
-4527 6577
7490 -1410
-11648 6336
11599 2212
-1327 1771
-11847 -4214
-5388 -6290
8808 -2480
-9057 -2419
-4181 -6205
-542 -7690
9902 -3138
5261 -625
5191 1969
-8612 6598
-9078 -1827
4246 -248
6453 -6381
-2423 11426
-2564 -6733
7710 -7375
-9697 -10105
-4703 -11997
2176 -7540
8140 -8006
-2740 -4515
-3941 -6486
1571 -6101
1828 -4673
2778 -10016
10365 -6619
2511 -6586
-2944 10871
3738 -242
7080 -4689
11142 -6274
10947 -5170
3186 -7035
-1654 7524
-2462 -10113
-9336 5118
-5712 10291
-3333 -11993
6268 -4783
-10306 4647
34 5203
728 6193
-4658 -10080
-3198 -8393
-6684 -527
-872 8907
2042 4995
-9994 8705
-1908 5941
-486 6979
-5059 3128
-11873 10913
-11792 4984
-2243 6124
11472 9569
-6274 7531
-1824 8268
-3599 -5702
-9182 3298
2563 -11846
4830 9245
3722 11881
9450 5402
934 8859
-5479 -133
6187 1580
5230 11711
-11557 -4744
-1989 -1873
-2106 581
5984 10270
7481 -4947
5080 4153
6085 4482
4193 3768
-8864 -6667
-8893 -9359
9940 2878
1500 2892
-7839 9927
2432 9039
1521 3882
8002 4704
-11371 7361
4720 -10044
-923 -6172
-9416 6836
4763 -10404
-7795 7772
6 955
5659 -1902
-9616 6353
-4750 -9263
3787 991
7827 8910
-7314 1692
9816 907
1862 4865
-6767 -8464
3169 -2904
168 -1125
-2116 -11097
-8007 -323
-2367 -8079
-8986 8266
1131 5243
2059 -8331
11588 8410
-9535 3445
-2542 -9927
10250 9889
-5968 10062
6328 -567
-6162 10285
-6616 5047
1457 -2951
-6396 10728
-9007 -9648
-7537 -10766
-9180 10789
-11356 8022
6307 -3380
8428 -3895
6847 -2496
1576 -8579
-6228 -7077
-6195 -3124
-2265 -8786
5160 -6554
-9935 -10288
2184 -8927
11775 2535
-11114 10216
5646 -7184
-10661 11435
8573 11156
-5711 10744
-9384 2296
-11575 -4017
-6552 -8634
-7202 2046
9231 7173
6608 4963
4119 422
11166 -6821
-9118 -1597
5615 -6479
3113 -10155
202 -6252
-1425 558
5873 3551
-3974 5188
-361 -11411
-1009 9219
-3698 -3273
1429 -2386
8638 -5346
-6256 -6149
10052 7073
-613 -7353
6764 -6618
-3837 -5683
9309 11301
-1687 -9233
2931 1193
-7342 4246
-11671 -8495
4200 -1996
8614 770
-6806 -11248
-10549 446
-10031 4278
5471 -8357
-955 -8876
5371 3036
-5384 -3580
-4702 5035
-4283 550
1348 -6828
11106 -3037
11395 11900
-8776 1358
4746 -3297
7229 9665
3052 4341
4891 3416
-10244 -2293
5330 -7017
6918 9079
10437 -7461
11111 7322
4987 2852
7193 -6065
-9481 -2248
4893 648
-8018 9117
6196 -9433
5247 2233
9555 -10539
-1391 -5323
11740 -3367
5615 -3699
-4699 -11783
-8900 738
-10524 -44
-2629 4953
-3844 7531
-1206 3070
-6437 -11195
3246 -4522
-4305 -8703
-9793 -2076
2472 -1438
6743 8921
4805 -9421
844 -6349
5896 6181
-10703 7656
-4359 -3510
5939 -10274
-64 11615
8888 -7503
-5276 10276
4977 -3719
-9900 9792
5449 2510
-6373 5586
-4212 -11840
-11455 -10588
-6443 5537
4165 6094
-10165 -7946
-5739 5086
7948 -6042
-11980 10366
-10206 -11709
10649 -8258
-2147 4393
10839 11709
7656 -11821
-5259 10795
-5189 -10635
9001 -6867
6576 -6887
3146 -11225
3618 4539
4249 -3412
3586 -5236
-4032 -2939
-1574 2287
-9154 1161
-8048 11004
10229 -9034
-1925 4798
-8210 4472
9708 8435
11374 -7751
-10390 3113
4626 6012
-5368 -9990
-7376 -5061
10211 -11158
3982 -10611
-7399 -4620
371 4505
7970 8655
-3020 7341
5331 -1492
6905 6839
-6349 2540
-1152 -7163
11783 -4862
-9720 807
-9462 6983
-2676 -7910
9754 -10265
-5104 -8131
-10671 -10368
5532 -10512
3727 -1459
-2618 6499
-1835 -1776
-10038 10842
-9107 -10641
6772 10578
-9299 -506
11370 -3050
4861 -3729
-10228 -738
-2514 -9178
-8020 -6150
4791 9501
8431 10411
-10917 -11331
-2381 6116
-9845 -7337
-8075 10633
-8163 2120
-8270 -8544
-6397 -5706
-4117 7041
-6373 5473
-11941 4466
-156 -7422
-6407 -3052
-5172 7372
4269 5122
-10828 -5241
-283 10407
4232 -9413
-2231 -8815
-4590 -8522
11927 -6496
2221 9379
2502 10806
4399 7708
6115 -367
10132 4157
-1324 5535
2057 2074
8923 7536
5268 2682
1840 -198
8258 -3488
3856 11316
3825 4648
10183 -5808
-8234 -4680
-569 -10365
-1399 -11695
-246 115
3956 9457
9125 -654
-5655 1209
-7369 -5869
-10902 -7713
6430 2822
-2518 7971
8438 9604
7413 -10850
11505 7063
8624 -295
6516 2486
-10199 -6117
-8940 10901
6872 -585
-10189 -2194
1397 616
7679 -4336
4631 -4468
6954 -5300
-11770 10159
9413 -11650
235 -11446
1992 -358
-974 -2874
7562 -11409
3878 10308
3960 4962
3122 -3529
3179 -9664
9110 -1473
1831 -6924
10150 8192
-7601 -1470
130 5949
-10912 4410
-8291 8965
-6630 8797
-10622 -5781
1057 -7096
-3288 -4124
-5946 11176
-5478 10441
3203 6692
3657 -10753
7902 -2554
8687 -6279
1375 -11293
-3769 2224
1752 3682
2475 2663
9355 -8156
7261 4488
-7394 2384
-9016 -5019
-4664 11835
2411 8368
50 -10646
-1310 -775
8931 -2079
-6919 387
3123 -5398
-10769 9983
10170 2994
11714 6722
-5720 5548
6675 -11900
2331 6782
7169 -4213
9963 8072
6407 9667
1013 -1090
-8164 -11314
-5214 3836
-3736 -3315
10098 -705
5270 -4290
-715 2697
716 836
-2278 -5564
4878 -4005
-8193 9595
-911 -2536
3593 -10723
3366 -9245
-294 1117
2305 11256
-4820 -6254
10611 3707
1302 -6479
9367 1788
-511 -7259
4504 10975
444 7514
6770 9605
-4211 10713
2772 6489
1320 -4713
-6501 9270
4881 -10526
-9501 7552
3418 9048
-7005 8734
7799 -8476
-2966 16
4729 10341
-7612 -3677
-2204 -6541
-2445 1118
10518 -11051
-7785 3239
-68 7481
7498 -5505
4198 11350
3028 7461
-2354 -11239
-709 3293
-2696 4124
7363 -10195
-6028 5278
11135 -6842
6544 2972
10785 -4504
3743 8798
443 -6010
-10134 -9840
-8387 -5448
11078 -450
7644 -6752
-9724 -5746
10602 -3974
1124 -4642
10652 238
10078 -8088
-1888 4269
-5071 1879
-8631 -1781
7880 3722
8048 1568
-6210 -4682
-5272 -5206
1646 5341
9610 8105
9984 -4383
6164 7359
-11433 5594
7162 -6411
11445 -4802
10008 9293
2987 -6941
-3398 -8040
423 -7733
3092 10729
4323 6567
-978 -3718
8520 8855
6500 -1913
-9206 10074
-6114 -2420
-10154 11042
10123 11517
6436 2836
-6555 -3847
1054 -1329
3594 5194
-3621 -3479
-5900 4096
3490 -7158
7027 -10833
-1669 6696
10896 5066
-6747 11016
4210 -900
-4731 -899
-5348 11248
6406 -10098
8931 3216
-10264 125
-5543 8237
7253 -5320
-6572 10479
-11730 1918
-1166 2733
-831 1425
4993 -957
1434 -4947
-1536 -10233
-3905 7308
6139 -4956
6874 9125
210 -2625
-4050 -2729
3686 8574
-1521 1422
-7 -9476
-4784 -9156
-2464 877
10354 -5501
8126 11102
-1831 -11466
-8040 -10927
-702 -846
10323 -1875
-11031 7717
8946 -8584
2437 -5621
-5075 -6880
6346 10070
8997 -822
-1668 -2327
-4202 3735
11805 -6538
3474 -4972
10945 -11326
6207 -4973
3043 408
1230 -4648
7327 9205
1292 -7397
-2287 -8902
1874 2605
-1932 -5202
10527 4473
-5233 1040
-6040 407
9612 2013
9411 4366
1268 10555
1512 6188
-11391 9859
-2684 9684
10724 -2156
-2563 -1505
-3518 -7735
101 -137
-11044 -7496
-1684 -9882
7741 4993
2677 -11539
2047 10134
-11991 -1707
-9442 -4920
5410 6475
-1971 -4832
-3066 -10069
-3414 -5133
5024 -4985
-3471 3419
5126 -5170
10442 467
-6942 -433
5265 -2374
795 -6355
11488 5780
-10765 -7201
-10620 11616
-5138 -1727
-2194 7836
-8269 4444
-7171 8026
2733 6411
191 -11180
6381 -7022
6638 -7949
10029 -4823
1011 11495
4292 -5521
-1547 -10087
-4851 8309
-7842 -2293
-9667 6249
-2551 6085
-10908 8497
8344 11571
-5093 9423
-7862 -8585
4894 6832
9478 -10459
-4709 11945
6030 4590
1439 9347
9271 3467
1242 11224
8161 -9686
4870 4630
3089 6160
6105 -9649
-2592 -11250
-8598 -11340
-2807 -588
-164 -6293
4331 379
5361 -580
-6740 -9396
7398 7660
-7262 7462
-6802 -4189
5129 -6666
1312 -4571
-5303 54
-635 -2748
-496 69
7729 -10961
6775 -8610
1151 5637
-304 2604
-7528 -2599
-3005 11161
2261 -7315
7384 -9349
8310 5944
-2906 -2364
-8002 5258
8214 11670
-2269 -6941
-6454 -4773
-88 9691
-7040 -11885
-5829 6449
-8814 508
6118 -539
-561 -452
7745 11001
-3774 6429
4121 -11796
11681 -11327
-5776 10709
11570 4800
-5691 -9936
10388 2097
1098 6246
675 7953
8102 -9124
8803 -8230
7292 5301
10454 -1984
11921 -8572
-11021 -8538
-2784 1833
10139 -2781
257 1974
-10205 -4727
-10028 6569
8906 -1261
10185 82
-8621 -1340
-3525 3020
-6153 882
2856 -10986
3713 -5222
11791 -7973
9587 260
-342 -2773
-4113 2656
-6029 1346
-2228 -6264
5250 -175
-5397 -2465
10790 -10337
10597 -9171
-11944 -9481
-489 6384
-7730 -10406
4671 -2702
-2877 -10950
1767 6998
-5335 5110
-2633 -1789
11622 534
6918 -7738
6496 -2035
-5089 -4708
3658 5734
732 -7114
-576 3975
-5765 -2630
-3517 -1830
9568 834
2869 -2396
7104 -1729
-7463 -9576
5042 11229
3556 -2373
-5355 3672
5502 9264
10450 9096
-11845 -11774
1503 2613
-541 -11661
-11242 -9535
260 9086
1110 3885
1150 10500
7949 6224
-6351 11607
-2220 -9864
9525 11742
-9630 8602
5688 39
3925 -6699
-5551 148
6724 -7004
6611 1094
-10958 -3159
-3253 -9346
5948 5522
5914 -2984
10035 -8900
-9400 8997
4353 -3086
-4180 3186
-6697 9502
6848 6281
11803 -10664
2000 7922
-5174 7526
-4876 -9414
500 603
4141 6103
3606 8848
-3129 9030
8046 -387
-8662 910
-8437 -2410
11824 -11814
-769 8497
2600 2232
-11080 -1944
-11327 -4616
5355 -2847
4110 -4559
7321 9321
-9487 2162
10659 1884
4116 7970
-10266 -831
-5447 -307
3506 147
-5059 5730
3051 11431
1594 -4053
-6290 2664
-10986 -9684
10515 -8768
9075 1925
2425 4642
10373 5418
-4849 -4447
-8852 1461
-4478 8914
-6598 4208
-1328 9324
11601 1603
6245 8240
-1658 6079
-10878 8710
-10523 -8352
5619 -1478
-6038 8239
5915 -4520
-6123 -6164
-2405 -5406
-11837 -86
-9148 931
-9635 6726
8556 5843
-2435 10563
-3084 -5139
11304 -9763
3521 3972
-4058 -6104
-7387 9574
-4653 -7904
2100 -805
-11368 3173
8312 3105
-1220 -10996
-2968 -4506
10962 -10876
-8802 -5817
-2073 -8704
9509 7525
10698 10298
-1755 -750
11747 -656
5162 4519
-3747 -7032
-1201 -10549
7253 -5374
-899 -5565
-4215 2731
-3482 -9586
10243 -5717
10236 -4743
127 -6707
5256 5241
-10615 1812
-7729 8322
11405 -6071
3657 3211
9280 1117
-5860 -1540
8247 1440
6681 -1328
-3493 8695
-5369 4979
11050 -5433
8997 -2482
3599 -10970
-510 -349
-1789 -11819
1148 -1683
-10378 -8339
1318 3382
8816 -4888
7370 9444
-8414 2236
-2938 -1284
1104 5351
-7034 -4726
1418 11812
-3547 -6386
11274 -8293
-5737 -6970
-9559 -3804
5089 -5812
-11163 7831
-557 -5450
5614 -9475
3862 9577
-5870 -4756
79 5156
-8961 1537
-7701 -4063
-11894 7152
-954 1378
11205 -8547
6124 2662
-7419 5393
10902 -2415
-4304 3623
-8038 -8268
-3772 8990
10720 -11868
-8416 4080
-6743 8253
1998 3896
-6664 3852
7827 -8084
4704 6901
3891 -8887
-8756 1553
5985 2586
11191 -359
4256 2662
6866 -11909
-8346 9567
-4468 7061
-4301 -11785
-1690 916
3502 -3701
-4061 -1055
-4069 7381
-7642 5829
-3396 -8892
-4306 -3622
3759 4604
5521 -5301
-9002 -10938
345 -5360
-741 -4969
10799 -5684
2577 -6115
10089 3693
8650 -2562
7863 -9832
-9123 671
-6031 3661
8983 6290
-11975 4936
-11403 9798
1843 -2685
5599 7695
-5527 1267
-2290 960
4622 -3058
-9349 8010
1298 -9124
-6922 10719
-1756 -10590
-6285 9332
-10599 -3848
-4809 -3638
6696 -1714
-10076 -10183
7307 2653
1724 11326
-9916 -8015
-5347 8356
205 7532
-11170 -3103
5169 3593
-2128 -1042
-4047 4105
3431 -773
8789 8792
-5148 -10266
-5798 -11975
3430 3276
6869 -10860
-254 4227
8332 7858
-8632 -8382
-5174 -7012
5630 2344
-2671 4156
7432 4993
-4206 3956
8183 -7492
-3351 -7892
4275 -6095
1459 -2017
-4714 -1209
-5365 -675
-5668 4893
-8849 4159
11651 505
-8398 -3235
9330 -9797
167 -7655
8864 -2156
2831 -2106
6999 -7886
-45 10117
-10974 7837
-11073 -6740
-4890 -7928
3583 -3183
5339 10556
662 7110
-2996 -452
10921 -9800
5638 -6141
1233 -2369
10297 10771
-1955 9470
-8027 -6059
-1170 9191
9643 4918
-2719 -10650
4791 431
3153 4294
-3066 -32
-9855 7066
-1126 5188
2731 7627
545 2374
-1024 -4454
5237 2449
-6744 1396
-1780 -2932
-9998 4906
10447 8793
-4772 -8587
11313 11195
-4001 -9611
-61 -7753
-9501 4878
-8162 -9206
-2112 -4787
1580 7410
-4349 3995
3542 9307
-6919 11914
-8019 -11468
-4699 -7808
5014 4072
9211 -1012
-8774 -10480
-2475 -5869
-3528 -10194
-10460 -7048
6869 8620
-4428 5507
-9932 -8156
-9520 1311
-143 486
-6707 1258
-11804 10901
6301 3519
139 5800
11660 1872
-10380 7635
9298 -78
-565 10315
11925 9399
8652 -2896
6767 4498
10651 -5918
-8142 2893
10528 -1694
1773 5320
3987 -6384
-4135 -3471
6719 3749
8248 -9272
3191 -9275
168 1817
-3863 9686
3359 1200
-7584 -6641
10464 -5014
-8764 5654
-2927 4469
-1744 5473
-7642 -1067
11106 -8892
-10092 2172
-9165 -10831
3845 -7309
-964 -8537
-1359 -5884
11709 -5220
-6640 7385
-4277 1055
3579 -7430
6261 -2850
10511 -9891
6780 -5394
-11630 2783
-8004 5315
1052 -2604
-4011 -5657
1087 -4802
8004 -5062
-3305 5580
-11326 -10413
-1549 -5820
-11487 -6044
-9001 9291
-3300 -2272
7074 5291
10706 -6248
-181 -4641
3406 -6323
495 -9817
4214 -3409
-1052 7095
9368 11183
-4826 9180
3781 6171
-11164 5993
668 2990
-807 -10738
2500 2373
-9469 -8816
-8351 -5701
2881 8208
2731 -10606
4951 3150
6140 -344
-11434 8987
-11712 -6909
3725 2448
8149 4706
-914 6668
-5626 -5725
-9227 -10711
-11407 37
9376 -11340
6249 -6967
-9415 11345
-4051 -361
-7381 -48
-6125 -3209
2272 4838
5228 6443
-5783 -2002
8970 -6316
6013 9819
-10181 5953
6353 1049
-4610 6859
11697 -11608
6051 -10140
143 -7575
2243 11636
9807 4504
-10457 10406
-11807 -9177
-4388 -9824
-9432 9270
-7410 -5597
1172 5299
5287 8869
-1373 -7401
-5807 1690
-11219 -10986
9163 -11090
-8360 -5759
11356 -3510
-8809 5047
-2268 -5377
778 -4978
-7020 -9874
9212 -11990
-11433 -6594
706 458
-3969 11945
-4992 6296
-26 8770
2100 3782
-1656 9349
9692 -2613
9207 -7271
8081 5187
-5484 327
6624 5112
2234 5341
9475 -4252
1602 6573
-9186 -4300
-11923 2393
-7580 4043
4370 10644
3756 5980
11674 -2507
-6759 -1538
-8111 -7337
11989 5482
8228 6109
-10152 -5379
-4023 -5469
-11450 8570
-11077 1501
3039 5258
-947 11965
5800 5898
7 9821
-3200 11765
-5235 -3608
-178 -6181
8034 1490
7101 9754
-9719 -4080
-10330 -10537
-8710 -792
-557 10588
-2197 -11898
-6079 4398
5889 8835
6589 820
5252 7079
5969 -3135
4279 -11825
-10414 -10781
10680 -10867
-3617 6377
3564 -9821
10994 8591
-4022 -402
-3537 -10805
10982 3965
-2747 -691
11910 2754
9483 3172
-1345 -587
9530 3071
3473 -1471
628 919
-4884 -4890
5581 8422
11528 5357
8881 11110
49 -9965
1389 4208
-6031 -11732
-651 -4109
-8999 -4332
-1107 -11633
-4990 -6853
5963 -8411
6729 11368
3928 -4132
4216 -1910
-6019 -11943
4628 -626
611 3433
-10286 -5074
1837 8627
8347 -3615
8099 6721
-8983 3556
-3852 4642
-5268 1381
5166 9993
3067 -8011
-4639 7724
11691 -7212
-2285 552
4461 -2346
-6989 -9348
-10729 8064
6057 -6675
3039 4458
535 4909
-121 11334
239 5180
-7879 4649
-1997 6510
2926 -10671
5698 -1027
-5485 9546
-2456 -2840
2526 -3672
-9205 7714
715 8830
-3340 11781
10452 -9117
10496 10766
8665 -6712
9552 5657
9682 -8794
-4509 10661
-7492 8275
-8056 -432
9901 9757
8875 604
-7668 11790
-5800 8472
-5266 -8495
7156 10692
-6967 -345
1129 8340
6449 9952
-10909 -8864
8655 -3286
-110 -5449
2296 5362
-4054 -8264
8961 3342
-11682 -1337
-11289 4901
1766 -7728
11015 -4926
10727 -8573
-2287 -9767
6383 -11984
-3678 9166
-10855 -10908
-3810 7651
-3731 2175
7453 6985
-3558 -8486
6253 -7087
7071 6956
4474 6121
-5030 658
8661 11226
-1754 -8173
3158 6419
-2905 -11999
7086 2155
9463 -3186
-9659 -4426
-5084 -8150
7729 -3705
230 5629
48 -11838
11838 425
2932 -11316
-2854 11750
-4529 -9360
-5863 4141
-7846 -1849
-7830 7173
-7012 10978
11403 704
-372 -969
-1071 6472
4185 8000
141 3277
-5478 11771
7296 4938
4268 9777
10833 693
-1662 -10147
4972 -6878
-2878 11900
3529 -7549
-7672 5185
-10475 8909
7038 3491
4184 1832
331 -8215
3093 -5618
-5518 -10721
6270 10463
-3648 5425
2686 10892
2735 1044
3228 -9378
-5593 10402
4020 379
-11453 -1761
225 -2047
-7824 1633
-877 625
2021 -887
-10618 -355
11109 6728
7459 5316
7077 9014
11413 9710
11343 6933
7911 3039
4279 -3421
4128 -695
-7423 9414
-3082 8796
6162 -11487
-9197 6398
1332 -7970
-11361 2000
-5421 -10709
-11404 -2702
468 -8914
-5710 8561
8048 -8933
-3332 7669
-3639 -11953
-1953 -9786
8848 2235
5289 -7471
4386 2198
-10759 -779
10065 -4473
-142 3245
-3198 -9024
6810 2832
-5419 6859
2330 4399
-6597 3534
-4666 -3486
8311 -1975
-5220 11245
-8269 -9130
315 3152
-10363 -8057
456 -10317
-2203 -927
4413 2332
-4659 -2432
-2029 11173
8303 8922
-426 -9876
-6285 -7852
6521 7245
8524 -3963
-6647 1898
-4683 598
-123 -4186
-1460 -7797
6025 8454
-4658 -863
8460 10253
-2568 -202
-2452 -8990
9941 6410
-10596 8267
-4416 -593
-9399 4028
-5243 6858
5111 -10197
10751 2370
-11360 -2119
8529 -11947
-8566 2561
-3506 10885
3265 11230
6088 -5609
3807 6661
9383 -828
-2947 1510
-1809 2467
5380 -3191
-2428 -11838
-11420 -1813
7422 -2174
9187 995
-1823 -6958
-8820 10414
881 11905
-3448 9068
-8906 -1646
3811 -2826
-5000 -7952
-9299 -2011
8969 423
11189 -9549
-9806 1778
10846 -9834
11832 -7051
9878 7324
3628 3099
-5110 2175
2950 5353
-3254 -1346
-3124 9248
-7082 9446
-4849 -3563
11239 3193
6293 -11376
-1903 4903
10608 10761
-107 -10261
7509 -5239
-3037 5037
8601 9822
1015 5276
5004 -3560
-8463 -9955
9069 8163
6776 -209
5800 -7722
759 4141
-2315 -4394
-9670 5317
-8878 -7111
-5067 10751
6914 -10403
10612 -1480
9554 10261
2754 6678
-11424 2283
7953 -8448
3912 -10406
-9157 -11993
10748 -187
2020 10795
9408 3728
10407 -6619
9254 -2689
11490 7750
-6156 -9619
-9964 -552
739 -2203
1350 8552
-280 -926
-7897 5209
-7899 -4853
-603 9454
-7425 -11876
780 -6514
-8718 9232
-6136 -7669
8947 -8804
-2013 3383
-8236 9412
7218 -5500
-5728 2729
9244 11895
9128 1715
-9736 -1913
11069 -4194
-7577 10933
8698 6409
261 5310
8391 -4001
-4248 9934
-1 -5036
-7301 -3730
7924 5709
4995 -8209
-2970 9378
2688 -1577
-5930 -10776
-9063 5720
10756 5252
-8983 -983
-7044 -8939
5500 -5133
-2511 -8750
-10679 9981
-9109 10754
-4474 -3048
-8653 11447
-430 10774
8065 -8361
1846 11006
-7756 11147
9480 3596
2702 -2891
6291 5407
4854 8753
-7879 8180
-4893 -10033
-9039 4954
4453 10063
2011 38
-2929 10694
-4454 11355
-8460 -9097
-5629 5112
3145 2848
8154 5415
3478 5972
6010 -474
11168 11151
-10858 6677
-4126 4580
9692 -8996
-196 -1892
-7308 7410
1382 -557
1383 -4240
3743 -11196
-6225 6161
11093 -10632
7980 -5090
7335 -51
-7813 2543
-3452 -7818
410 10329
-9878 -10968
-5129 6083
-5067 11619
-5062 -389
793 2809
5704 5877
-1695 11447
10129 -8785
7754 -2423
8506 3622
3241 -7521
8263 551
3360 444
6674 -169
-11968 -9267
6052 6143
8567 -6567
-10541 8852
4725 9973
10524 7842
8287 -4059
4580 5872
3491 10862
5005 9102
4021 2744
-11948 2349
675 -3487
11329 4411
-8822 1088
7313 10964
10178 -8948
6403 8051
-11147 810
3511 6036
9523 10488
-2899 -5174
-6614 -4454
3770 8130
5078 -9432
5835 -11296
-458 -11597
5633 8905
7393 -11894
5420 5885
10340 898
-9028 3398
830 10599
-10247 -550
499 5488
2393 11182
-11428 10704
-4590 7854
8752 7549
10947 -10859
-9458 -10882
11784 -8204
-1692 -9437
8619 4759
3816 11359
7565 -6483
-2032 -6136
-4996 7040
6274 -8960
5165 -5274
-2711 -1462
-6573 -1871
-1582 9331
-3815 -7539
-1676 619
8011 -9344
6656 -8342
-1617 3039
-4853 7030
9253 -446
-9778 -6019
1559 -10505
-11124 -4379
2075 8441
-4784 -6469
-9860 -4640
-11670 -4149
-4595 -1715
7735 4798
-3303 -1519
6250 11844
8637 -8039
2508 2667
-7660 8312
461 6628
8344 -1069
-5867 -1156
3027 3310
3154 -10569
-6960 70
3089 -10443
6755 1973
-8953 -11390
459 9111
-10267 -157
-3467 -4856
-3777 -5585
-5655 9034
7477 -7097
-9422 -2278
-1668 -10778
-8241 -10809
10967 2063
7271 7785
-1722 -5581
-2615 6694
-2143 -319
2949 -10831
9961 -7021
5831 4958
7373 9572
5709 -6400
11981 533
-7579 7985
-8657 2070
1253 -3931
10953 376
5686 -7186
-5110 -6574
1327 6451
-6984 -10114
-6451 5650
-8072 9924
-2208 -8347
-8723 3367
-10553 -4935
11509 8229
-3032 -9788
8254 -7106
1108 1570
11846 9937
-6284 -4807
-8174 -10568
3503 -10295
-6524 1576
-11716 7402
2508 9210
-11132 5194
-3483 -9063
1871 -6008
-4577 7248
-5543 -3867
-5796 4703
-457 6605
4167 -863
-6409 9139
-6555 5070
-11079 8785
4385 300
-4520 590
5645 9027
3984 -6367
7230 -5059
-2550 -3487
-8558 -7542
-4680 -1059
1711 -437
-1379 5693
-3072 10136
-4503 11603
-4662 -4065
7905 -1961
9855 -10906
-11965 801
1590 7299
1344 -2215
-351 -529
-133 -4089
8154 -7722
10035 -5383
4289 10030
11183 10731
6030 -3598
6166 -3498
4380 -11969
4058 -5721
1444 -11077
4812 -2555
-937 -6853
-5584 -9397
996 6399
-10249 -7486
7807 2108
-8181 -6563
-5640 6463
-9370 5531
-736 -11020
8769 -380
-6779 1982
9820 -8015
-10475 4208
10771 -7684
-2148 2443
8326 -528
11900 8959
-9339 10376
-358 771
-8786 -6213
-10421 -10355
6391 -6903
9698 -6228
7108 -6588
-3900 -7176
5552 11522
293 -4265
10478 -8597
7304 6962
-2217 9457
-4037 -7349
2290 9733
-5261 -11241
-10764 -2195
-6812 9867
6816 -1885
-9199 -9690
-7147 3108
10810 5978
4063 5540
-5134 3775
-6323 -1916
11783 -500
2738 -9672
7362 1945
5406 11743
6073 1432
7325 -1662
-5789 3949
5865 8368
9221 -8730
6402 10728
1026 659
402 7377
8809 5020
-7034 -425
4726 9654
6375 3592
-322 6248
5329 -4507
-5518 -2171
-9900 -491
5511 -6065
6490 -4493
-2500 -3712
-7656 3457
10058 -4730
9589 247
-2418 11585
-76 -10834
4899 6927
-11773 -9260
1325 -9824
1281 -675
5757 8366
8613 -1524
-1109 -4891
3725 -7785
-3064 -2664
277 8382
-6206 -5314
-5989 3543
-262 -11313
-838 -10955
-3847 8664
-4449 11665
-2682 -1972
-10706 4518
10184 3144
7040 9339
-8652 8069
7025 1140
9805 3979
3996 50
-2374 -9176
-2046 2550
5695 -8153
-5492 -9029
-5450 -918
-2411 129
4460 -7552
-7602 1647
-11175 -1477
-4027 6107
-2612 -6208
3589 -7902
-9173 10941
11071 -10622
6174 3678
-5325 4180
-6009 218
-6677 7877
-2085 7624
-3527 4349
3642 -1988
-611 -1140
4818 7993
525 10075
-10645 -9774
-5651 1034
8658 -8712
-1413 -5883
-7872 -2225
3365 3422
11767 -1942
-369 -10380
8506 -11398
-784 -7655
4719 1063
-7299 -11570
2147 -8364
-138 4682
-6625 9081
-7813 7026
-6777 -11051
6706 -5779
-7194 -3689
3611 6153
-2869 6374
11409 1672
11105 -3113
-10491 8094
7497 6772
-903 6890
-10579 8595
-3100 -5312
-38 -7924
-9949 595
-4060 7918
4364 -4268
-11041 9706
4597 4751
-1698 8042
-1706 2372
10648 -9153
9748 -7729
-3999 -10681
-2950 -885
-10592 -10994
-3745 -11738
-8132 1140
3864 -10769
7922 1478
-9560 -5818
-4852 192
-1430 6852
-5846 1488
-1226 10984
477 -3037
1806 7483
9313 -7021
-1191 -11582
-126 7764
2968 694
2183 -6197
5534 -11202
2591 -8668
-4503 -6263
1636 -6579
-6161 6179
2295 -11772
819 10127
-4324 10244
-9798 -8235
5256 -3278
9541 -7615
2195 8971
3502 283
-408 -11193
-9672 2547
-792 11344
7932 4780
-8058 -4470
438 -11932
-8903 -8189
-8824 2690
-1883 -6673
-9220 3040
-2737 -2814
-7595 -8639
-1109 -564
496 -3437
-11978 -4226
-7268 -5768
793 4847
8239 11665
-2480 -6389
3380 10910
-11827 -37
-3827 -11274
3852 9288
-3408 6996
195 6033
-6050 354
