1000
618441 536922
-670652 756937
-951203 -88976
-96750 102377
-49403 267613
-202790 492478
328782 -572207
-401320 -225835
-533681 -451907
298806 -554354
-933347 -292249
-396171 -911579
-211258 458880
60941 -128449
-856581 -816717
-782661 221946
219834 -400346
531242 -745577
-789282 -735078
253598 55273
205238 -586518
-744 -586907
218162 -21929
-773666 -909358
-75880 -863969
342543 231454
65679 -775283
-342788 994967
4008 -630209
-102231 13927
-619140 -329843
509423 767799
360641 283292
456800 465940
421301 -745291
746282 -465698
162807 -564679
387797 299387
-898057 -669564
14818 -36779
922190 -775855
-118693 -536899
147425 422861
-545630 309847
708214 -38273
321360 -1676
-630583 -382311
630183 -916015
-512115 572942
-218439 -480829
-931027 -427476
591995 342931
-409362 919802
646182 -681895
563868 -846410
-942364 -390570
-701824 -249330
-643739 -903600
-159056 -302555
-278376 414653
-440682 274482
280690 319614
333456 897704
-311250 -533840
-170161 -640039
-287689 198053
823414 316756
-967320 440876
-962684 359843
-10988 292247
468924 522485
479547 403048
-329024 -439913
-260184 -256589
956538 -150017
-783460 847228
996529 254102
255982 -871081
-221410 788278
825505 -633771
-603979 441959
-12913 942771
635549 -7957
-658468 -55897
-167324 154615
-837866 701060
963353 -81680
-563446 -125895
440735 403129
535636 672445
585760 88240
727938 -698338
240306 -247120
258711 233614
-508314 -26262
212079 -607656
-22795 522791
875178 849761
737558 -490727
822994 -875170
87799 609537
442651 -319957
474645 -771452
115915 708880
-211151 936778
-221369 -191939
-898589 26229
-924115 -371701
-707641 529364
-168399 -902679
-459141 544660
-948648 -691089
-854588 -787436
-822881 -328294
642868 185586
812757 411525
695021 -63720
-361090 20943
-288460 -253130
-263866 749902
-322034 724266
34965 -268929
157548 -315787
-888299 -166271
935646 248346
48629 839915
275474 -2131
-422544 36583
253913 -972364
224698 -182455
-853845 -255631
677767 388902
-672076 252763
90512 171759
-335972 173237
546968 995951
-148018 235075
402049 -321465
689470 -511294
-282047 80795
734376 480872
-484983 237515
326146 -763557
-944229 -347734
437230 -609383
-119048 352463
323350 315263
-183784 -202071
441346 -416844
668306 236738
-396650 613850
-170578 -397944
-163957 844940
508545 -456236
913732 272472
-191540 688589
-965993 704238
367242 -277503
604741 569708
-217071 -610887
611134 630361
540168 997894
-468372 434155
-342452 -464176
-728634 -142120
-225609 -23621
-918005 581159
-104247 -120504
936546 835841
514366 -123682
328134 -725476
328291 132451
961252 301987
273026 -616517
304372 -286762
-913191 -363472
-527353 -18023
-872117 131523
-590582 -956816
-337544 656052
-164678 913604
-657882 807430
-66295 993868
89466 295800
241136 -603990
-889328 -117992
-288269 140128
253763 -956026
424065 563915
431345 965348
899408 -211139
-673456 -59833
-499960 -413178
-899115 787288
-123602 -509261
-677117 368331
931796 493248
836086 -197113
273469 176925
785318 474749
618712 619933
-480122 -577106
-875175 920795
592444 211000
111657 686067
-427576 -130788
145460 -675347
-107486 -998068
952835 492504
447211 655373
133496 -468542
162024 38627
140622 245981
-747856 -307999
497528 -138467
-610687 -803630
719419 -491662
-504356 -982714
-91030 74288
383154 577621
-505512 -229263
-42263 -847550
79397 254941
-793652 679980
-128198 652880
-313854 82214
662888 -673769
-265680 -810843
-177116 -272775
-882608 860270
-716629 -814857
338708 396944
974653 -31789
-677117 -160253
686967 464624
695961 -755823
824266 826472
-619992 -471315
-980669 -79701
720931 -11288
78965 928057
-131771 70496
-771998 -557805
-374534 -501612
-879083 398648
490181 -650561
-410261 691457
-897991 -831001
-402939 812782
-182242 -278915
-637131 -637936
632183 -532738
-866051 768065
-836788 -632211
-435369 -932446
920390 -901215
-822407 -915608
575248 279156
873518 852740
-547595 801038
-41696 -371829
960109 857509
656623 330424
178972 -238684
580541 -238466
327679 -851638
-878021 443123
-675613 659717
237749 416561
162576 695887
595909 -150216
-679893 -662898
552210 -205506
-79762 -976623
-74639 937504
863331 -911930
-960121 689965
-351975 738727
5261 -541754
-899399 -421077
-299764 -559800
731310 -735112
430851 -209436
-63606 390634
731122 499255
764571 -804651
-724969 -173687
466714 -813182
-631415 637221
547487 -725403
-9289 -517625
-462314 506706
-148272 764447
-793970 3590
-561854 837376
429155 -816901
512547 -619238
-561439 -129776
-962715 -106599
-336730 385354
-9222 -350307
886924 204801
-954888 -37282
-61910 287338
573741 97677
-367469 660501
-42006 679494
-813836 -639592
661182 938289
-182527 -681152
-960984 636513
-241863 291375
355117 21454
-609404 -579821
-29664 -353103
-268664 525469
174676 407669
-21393 719115
-369481 630825
343367 -565686
895949 -432778
882160 -534977
-3112 -872754
-449292 108896
516826 204410
-803046 -992503
-827137 430609
-287696 -222472
346843 706756
59827 -973185
-459694 352567
-601843 848821
222025 -780772
-980153 -610588
-963134 -391291
-677074 579653
844731 -656536
534409 628351
-441678 -169727
404513 -631864
-751506 -538019
590323 -951213
485926 -799136
-52338 -328411
-612128 -312599
-550085 458443
-661252 -281827
-47445 -450498
-146716 436666
522119 523069
-448982 80699
-451603 831507
710858 630259
-641436 -253082
-625528 199463
-447981 -89656
-532729 -483579
774679 -921785
-94304 -665269
-848533 -840163
159602 120372
95774 139622
238464 -142270
714596 977854
-429838 318526
528146 83706
-258910 637369
722663 454280
566351 -462286
655165 -926588
-541232 51954
828924 663988
565491 -920600
58370 387530
640913 625911
-957776 584801
-875324 68901
-936437 -848837
393508 -708498
-964403 -359532
655618 -970396
611903 -308803
456449 -724455
-420149 868629
264482 -917813
255997 -483233
-894115 -388866
102167 713783
716736 768839
280999 -75271
181566 274354
369691 -554740
526995 502471
-49303 -769872
-760819 946002
298131 200187
-826139 640946
-121385 621665
827708 -601695
-114654 651456
-560228 -813713
524099 642169
891753 -493357
-730057 -699303
875841 -891094
813413 294060
298897 886262
914872 396244
391701 -703186
885838 769826
-507963 153992
-83988 -523899
-29650 -870156
964757 -192517
266733 -185026
435776 -464084
-492006 678870
353755 671053
673549 774370
261697 -178052
778891 530023
557713 -243979
-954605 474085
-509979 -750968
525193 -766088
528896 819818
-850122 654489
-665690 443554
671794 379846
38052 -162725
466640 741128
-940977 411414
-333832 -704958
-829496 481105
-410301 856452
-961881 -169000
943219 -631143
-52753 227361
754802 456526
-61352 971154
515117 1999
71034 -914087
-508242 592754
29344 234136
-313849 180745
797476 955913
-598207 -201407
614218 -676397
892567 -323837
931135 -393740
59883 -398722
-408845 -962428
667409 -131668
946617 -718923
42106 -341465
-864494 -313613
-269631 195556
-765336 -69825
-922021 520302
-491319 135689
202632 228586
473253 -935481
-672192 15446
991742 -525611
-53290 -630161
123682 236705
-214972 -736512
-56002 -692370
31294 177615
-948330 146419
-196452 311313
986603 674763
-678903 -684685
273450 370912
-249907 -605105
-688860 -407694
191694 125665
-173142 -279531
781551 -173987
-886776 -778076
-630630 829928
-232567 -781126
-252688 503970
151091 663392
-104040 352126
-710493 -291118
-783381 52312
429193 372559
218696 -231740
-27699 82685
630904 580550
-993211 204328
405048 -619474
-848985 137384
581136 -929131
931548 80615
-517431 -583463
-587074 55454
210163 389862
298127 -716678
-96260 353536
218479 510216
-259941 -74767
-568219 372307
-864188 867623
-352618 -603695
124464 -152473
196948 -271654
375651 -592035
269700 -814864
-174072 996843
-569159 721114
389578 -603977
-858053 905379
718258 394554
502050 -497861
478219 49765
-71817 748419
-886143 380027
994127 -577217
566344 832886
-853897 -701168
-83925 -627659
514184 77204
417713 -470974
538136 -610149
-103457 257007
626488 970327
-25082 -59005
-432466 583836
97524 397683
911053 -189190
824229 -785019
39470 277738
-640745 -727106
-852769 -570981
785436 789780
847128 -566424
972292 -262243
-377686 -680009
-373308 971005
842799 933901
454846 910691
-434883 -188594
-95639 -869692
-166026 562259
455141 685139
-295421 856551
927856 -470393
-295561 608673
778743 -133712
953355 -547707
-150515 770290
-339633 100100
-459086 -67212
-783591 -317948
-120701 867445
-398588 -344094
-556048 423469
324610 -616243
-375072 -50927
-383197 968335
-820466 -50940
-906679 -557173
-443568 580311
-393560 907970
-43940 828908
506001 -289865
-403862 -287353
-973017 254212
-849002 -647303
-977214 -455025
-166509 258141
762951 -949257
-911773 -332832
14097 983035
364892 288644
-877191 585998
940383 -712166
-680776 529359
258542 -139988
-39927 -1373
-243803 235705
929925 -423676
-355708 -538666
919390 -492027
612845 -201002
799014 -553395
928479 89140
-192361 269534
-106714 919864
773961 -938858
-866229 946630
-909970 855435
-311385 206102
655482 -767890
-635980 767883
511187 359894
-674606 -432120
381134 -419111
-605908 767083
-158754 129695
18006 -520546
333910 81033
-615281 -787264
-253047 119652
645995 -134117
-224171 -773766
722341 -373113
787752 -126919
656407 614751
-593466 823300
-16049 609340
536882 127268
91141 -287113
46883 -589890
26936 -713124
827467 -956064
739286 -991921
-552457 298600
203922 387474
-876384 -935282
414467 -404199
-777415 242716
-297379 939525
16512 391622
357188 830920
-91922 731392
10667 596056
845507 -907504
-237821 964424
145679 -93484
505469 -416053
-555787 -168490
-569263 -594862
-8767 -894102
-830953 278148
11603 -775392
548068 606445
348360 31241
427882 400899
-891903 -180008
585635 -422003
527055 541106
117754 -154050
-223339 703579
328498 -977557
-72723 -931115
-426412 -872224
-211103 729475
27662 97144
-152454 -334231
844304 -544197
16138 375445
677414 800890
-581467 -331288
-967354 433618
925546 223378
417676 -14379
-338341 -6593
-239956 -616809
-798805 64761
61338 993147
-327317 52249
-243559 294099
490181 631142
-253388 916860
930302 -702695
575149 397736
273697 -50401
714371 -511537
-270264 -611714
-567314 366538
863143 323216
210488 -410318
-258667 985514
-826379 138200
521210 -63457
-486811 -611017
694154 -832116
-639578 364895
707976 -913930
-914608 103300
-815433 -524153
488293 -512511
-547997 -964305
852052 -615260
-390150 579367
-674979 434768
846427 -502810
-397501 332317
-773229 -429110
-624178 947648
670052 735673
-482208 128657
-664807 -116678
473180 -471603
133446 300074
-176945 301727
586663 -167012
-508305 -985141
-249968 378607
-435177 611548
418005 -212393
187925 -220336
-667815 -220764
-486613 561915
609916 -40745
165228 554452
112323 535147
-809864 537118
970559 822342
963610 879090
989002 -864790
-980099 563656
-855845 156570
-725437 -824110
898008 379456
-391699 696962
544583 714912
-719083 448835
-691546 -140459
144081 -966885
413961 516576
121674 -392217
843872 -935786
-73537 -654434
6256 -235029
481858 417703
28305 -890209
-982514 346850
895865 390683
307358 72878
157405 -904384
19349 575308
-588787 219436
-355230 -603864
294521 -915462
976757 906807
-806650 -234933
606244 663063
391799 -291627
-595738 691455
-120460 -352509
459321 -948781
536270 398377
-561390 -484678
-88143 635670
-158214 -285633
320949 240711
116084 587163
-529223 315584
101505 481678
340924 -543085
774843 -249874
-466224 383198
-238729 181960
-185548 -490628
-417727 118483
-941083 562430
108646 592874
329057 -168222
-812673 339338
293452 -851878
-89191 15151
-287387 -815388
-502131 479353
207407 174009
-745606 471815
29448 -364394
-416983 -463536
52182 -794318
510340 532394
-298567 -834793
700488 576603
-955856 -241433
423729 -237854
-245922 897056
448941 -504592
173218 340882
-671367 796277
187622 953445
45322 -595047
136482 121616
-512042 -960845
473132 935798
727207 645460
-603238 -776510
558286 -11466
173591 -969872
-719856 422016
366226 -359068
179717 184770
-310004 -262481
690002 66299
-285027 783042
-309280 -214962
-867548 229580
-79694 -76709
804634 -358441
967969 762558
-683738 -671076
814590 -137001
246960 -416164
391190 730803
883024 -885367
123734 -582827
587418 -229196
-66994 392727
-453277 -847270
658314 -458977
-886215 -800059
-626223 614981
-535174 -648359
-434063 -57
789744 -626758
-358553 -872872
734376 -557329
-266406 381224
-686533 -409812
-723612 845868
-986918 -914530
314998 730775
301227 865713
21242 -175750
-734580 598499
382930 -185156
595975 473175
-464237 825899
-366280 314502
-293420 -993267
-299059 -887679
-763335 524225
-565740 560976
653897 -201480
-661771 702263
-737535 326650
-721633 265636
-781075 937774
-867592 799438
563323 823823
-681499 186885
-825849 -810724
419108 -359418
115888 -136163
-380643 769286
-652149 -278260
178608 -189302
-736855 251455
653953 624023
26427 119528
-905562 536026
-820747 -927682
-75274 -365621
481756 19370
-263032 602007
-540607 642175
709628 686201
-376467 372083
872004 -103745
-165389 -918909
933214 23364
-223385 329289
-105625 -423471
-988343 512676
162740 228247
-416639 -244864
-613463 863696
637838 888295
729260 -172801
30981 -636986
-197837 459701
390852 -563709
973711 -478995
-396123 477277
274730 590538
193640 -263794
618012 -959640
560987 419956
-448878 -325782
-445777 417995
261160 626335
338128 -477517
-949779 -386262
30551 -513753
-999683 -864159
75341 -237591
46497 -284953
820344 269403
176913 772110
269236 -974877
978606 -769981
-524066 993977
-752272 440150
-449669 990567
882982 524419
-255886 -16230
-219002 -272779
585404 644957
952432 870870
530979 484096
-422501 -491694
-895175 -582495
219727 866828
-8235 -889008
916647 -823426
54912 -57865
-633801 -522457
745703 -74553
927588 498853
875266 444198
655335 -295965
215853 132608
85293 96092
-98883 752197
-8637 876059
93954 -593989
831655 548842
-109326 -65496
-897141 -429930
930264 836794
321575 127711
677458 -438925
-148671 -847800
-151595 -492088
-705937 -851157
947653 590176
664810 -53777
-614790 693367
-931669 954383
-857554 -119908
-903542 26520
-544440 -317587
664883 -482056
-514622 325855
508149 636054
442235 -771213
51608 -324922
-865324 620959
879064 229333
-589251 624919
-485119 -21255
460608 644076
-260710 -859615
-550794 401154
-844350 179779
447819 470780
-771589 875722
133133 649972
510533 -667638
-777323 -989739
-720899 32308
-884676 975207
297909 524487
-294379 267049
925721 840533
840696 66259
289014 233430
388499 -772275
-262095 332177
386115 897326
-695964 306217
-763089 -627351
-620836 133380
425255 -448394
-666795 565095
717563 -187327
-709526 882613
-681569 -329467
-217111 37999
-49406 50858
498869 -726359
327452 527981
-153312 814022
-13062 369200
-448964 -276499
-44544 729491
-998473 523881
210653 -159660
571913 665462
-588240 -463513
-371251 -554611
-133727 -35708
-551728 -533004
-798300 -184500
-239788 233924
711149 -69848
137327 -27249
841478 612377
-50622 277893
792792 -497175
-899686 672515
-301998 -648495
267410 679207
-648780 -465260
-138903 -505816
953734 -339965
-575735 -141256
846300 102569
-310249 -778262
