2000 4000
1 1 77 99992626
1 1 931 99970050
1 1 1367 99991976
1 1 1078 99972425
1 1 688 99985728
1 1 469 99982108
1 1 1082 99970388
1 1 594 99994647
1 1 1233 99977506
1 1 197 99973458
1 1 350 99997916
1 1 437 99973058
1 1 650 99989779
1 1 220 99997543
1 1 751 99999909
1 1 54 99989262
1 1 1150 99991801
1 1 730 99979545
1 1 1469 99997478
1 1 1419 99983750
1 1 1170 99970402
1 1 600 99993387
1 1 1406 99976900
1 1 1333 99979752
1 1 980 99991618
1 1 935 99974452
1 1 640 99977328
1 1 284 99979860
1 1 1312 99998830
1 1 148 99993381
1 1 1143 99969794
1 1 79 99997235
1 1 274 99993558
1 1 340 99971739
1 1 80 99968850
1 1 822 99978728
1 1 1308 99983493
1 1 628 99997673
1 1 1106 99982619
1 1 1037 99983416
1 1 550 99983448
1 1 728 99991267
1 1 151 99980431
1 1 25 99980664
1 1 50 99978112
1 1 870 99976042
1 1 1225 99975352
1 1 511 99991675
1 1 543 99968441
1 1 464 99968443
1 1 326 99974804
1 1 673 99971386
1 1 809 99977799
1 1 1079 99988087
1 1 780 99994863
1 1 98 99990848
1 1 516 99975860
1 1 805 99987057
1 1 883 99989758
1 1 1266 99985883
1 1 957 99989578
1 1 1090 99971642
1 1 1346 99990463
1 1 92 99992578
1 1 457 99998801
1 1 471 99983725
1 1 879 99976211
1 1 1376 99971591
1 1 1390 99984136
1 1 1468 99985849
1 1 341 99969431
1 1 236 99977980
1 1 318 99986788
1 1 44 99972530
1 1 1145 99976261
1 1 127 99975142
1 1 379 99990922
1 1 651 99991384
1 1 1077 99968206
1 1 793 99984035
1 1 846 99979789
1 1 1191 99970658
1 1 452 99985844
1 1 697 99997338
1 1 1164 99976167
1 1 804 99987027
1 1 299 99970346
1 1 632 99989287
1 1 525 99992376
1 1 727 99985465
1 1 577 99993515
1 1 1441 99975108
1 1 1127 99995328
1 1 257 99978309
1 1 129 99967835
1 1 479 99992055
1 1 1446 99975708
1 1 1045 99997455
1 1 1010 99998752
1 1 1205 99988735
1 1 518 99997378
1 1 639 99974822
1 1 1331 99969150
1 1 654 99986236
1 1 138 99988414
1 1 237 99971929
1 1 584 99977014
1 1 1124 99973473
1 1 65 99969065
1 1 8 99983431
1 1 429 99986845
1 1 841 99998555
1 1 1081 99986541
1 1 363 99997607
1 1 802 99988157
1 1 648 99984127
1 1 761 99993146
1 1 1068 99997398
1 1 433 99971884
1 1 1118 99990646
1 1 275 99986245
1 1 432 99995173
1 1 89 99969455
1 1 711 99996776
1 1 1250 99991238
1 1 723 99981407
1 1 1365 99989645
1 1 701 99986410
1 1 619 99976623
1 1 706 99978779
1 1 256 99999666
1 1 1433 99968551
1 1 968 99970475
1 1 24 99983558
1 1 653 99982219
1 1 470 99998672
1 1 1220 99975901
1 1 982 99985775
1 1 1163 99985563
1 1 921 99991619
1 1 554 99987541
1 1 1110 99981136
1 1 1424 99968991
1 1 219 99984509
1 1 1418 99968848
1 1 213 99969568
1 1 517 99983335
1 1 535 99984321
1 1 858 99993911
1 1 678 99984410
1 1 1315 99997360
1 1 255 99993092
1 1 1131 99987540
1 1 986 99983307
1 1 1139 99975234
1 1 659 99968030
1 1 664 99988309
1 1 1311 99972510
1 1 1495 99974668
1 1 560 99981745
1 1 1289 99975041
1 1 1426 99999016
1 1 1280 99986178
1 1 1413 99979479
1 1 766 99984827
1 1 295 99989043
1 1 57 99971187
1 1 1046 99988366
1 1 530 99989050
1 1 1240 99984779
1 1 955 99983274
1 1 571 99978980
1 1 643 99993349
1 1 1176 99971467
1 1 714 99978315
1 1 1349 99972065
1 1 1264 99991855
1 1 773 99977830
1 1 1450 99984234
1 1 1465 99983926
1 1 491 99979479
1 1 19 99969589
1 1 636 99973995
1 1 1019 99977386
1 1 819 99980253
1 1 552 99989700
1 1 642 99981468
1 1 1249 99968831
1 1 1210 99967844
1 1 519 99999515
1 1 1028 99967635
1 1 1239 99999526
1 1 716 99996683
1 1 1277 99972813
1 1 1445 99976775
1 1 232 99990632
1 1 1253 99993834
1 1 1320 99991811
1 1 83 99991791
1 1 253 99976529
1 1 1219 99988813
1 1 1107 99979591
1 1 1007 99995549
1 1 1223 99982235
1 1 346 99969330
1 1 1204 99997712
1 1 1439 99975065
1 1 1152 99973982
1 1 1428 99976322
1 1 808 99989777
1 1 113 99982207
1 1 948 99967929
1 1 750 99986706
1 1 816 99998016
1 1 1391 99987734
1 1 771 99972415
1 1 949 99967832
1 1 94 99995816
1 1 251 99970037
1 1 292 99979810
1 1 1117 99979756
1 1 1358 99970030
1 1 1247 99975383
1 1 167 99978273
1 1 319 99988421
1 1 1229 99985828
1 1 588 99968441
1 1 573 99970098
1 1 1499 99986735
1 1 477 99983184
1 1 748 99996344
1 1 106 99999726
1 1 1226 99988365
1 1 947 99988025
1 1 51 99993515
1 1 270 99981504
1 1 385 99999699
1 1 1464 99995639
1 1 1321 99979906
1 1 1420 99985612
1 1 667 99993537
1 1 1440 99979961
1 1 1310 99979868
1 1 265 99985823
1 1 936 99989983
1 1 964 99974484
1 1 141 99988330
1 1 246 99989659
1 1 1064 99973180
1 1 393 99990287
1 1 795 99999622
1 1 1303 99980576
1 1 269 99978725
1 1 1146 99979055
1 1 329 99999633
1 1 27 99970169
1 1 831 99982118
1 1 679 99999811
1 1 187 99969424
1 1 1125 99983244
1 1 1326 99988610
1 1 954 99978032
1 1 1258 99997573
1 1 430 99978816
1 1 1472 99987571
1 1 960 99969531
1 1 920 99992333
1 1 586 99988652
1 1 436 99975137
1 1 529 99990104
1 1 582 99975612
1 1 1017 99984900
1 1 612 99970403
1 1 680 99995638
1 1 1257 99991099
1 1 97 99987778
1 1 23 99999543
1 1 626 99991175
1 1 286 99985950
1 1 758 99990423
1 1 974 99973122
1 1 715 99968913
1 1 296 99976326
1 1 218 99982480
1 1 1480 99988039
1 1 1098 99981302
1 1 1395 99971450
1 1 855 99977223
1 1 893 99996327
1 1 526 99983684
1 1 1344 99999236
1 1 427 99996110
1 1 1074 99994845
1 1 1066 99982012
1 1 616 99970317
1 1 733 99981084
1 1 1108 99972983
1 1 1101 99989027
1 1 1434 99985657
1 1 849 99981750
1 1 494 99986004
1 1 568 99996747
1 1 1299 99972609
1 1 224 99997917
1 1 373 99984353
1 1 566 99992928
1 1 1058 99975507
1 1 661 99988474
1 1 755 99995922
1 1 435 99999986
1 1 580 99985642
1 1 441 99984138
1 1 1075 99996705
1 1 68 99967429
1 1 781 99981357
1 1 1011 99995850
1 1 1436 99968521
1 1 1493 99987803
1 1 490 99980617
1 1 386 99984034
1 1 1276 99970752
1 1 776 99979069
1 1 143 99990350
1 1 374 99973713
1 1 147 99971126
1 1 1393 99991564
1 1 818 99982603
1 1 370 99990876
1 1 1128 99983376
1 1 1130 99987530
1 1 349 99978409
1 1 1171 99970615
1 1 196 99994660
1 1 271 99989224
1 1 12 99976200
1 1 880 99967792
1 1 404 99968434
1 1 1023 99967886
1 1 450 99969500
1 1 119 99968798
1 1 291 99995496
1 1 278 99976365
1 1 376 99987334
1 1 1457 99995597
1 1 409 99994130
1 1 1380 99995973
1 1 466 99976115
1 1 131 99997223
1 1 1375 99982372
1 1 736 99967606
1 1 268 99980726
1 1 1015 99990562
1 1 1198 99995624
1 1 1209 99969223
1 1 1186 99984805
1 1 1262 99978348
1 1 179 99984518
1 1 1197 99993912
1 1 366 99999028
1 1 1408 99975128
1 1 1033 99978679
1 1 37 99978761
1 1 729 99986771
1 1 899 99996806
1 1 406 99999304
1 1 1156 99997511
1 1 348 99986569
1 1 1095 99984084
1 1 1231 99973456
1 1 78 99989274
1 1 904 99987982
1 1 859 99974150
1 1 894 99984944
1 1 1327 99984848
1 1 624 99985835
1 1 1190 99999415
1 1 125 99967821
1 1 1455 99973544
1 1 1401 99998801
1 1 787 99994878
1 1 1188 99996559
1 1 248 99978846
1 1 114 99985785
1 1 1284 99979360
1 1 462 99984024
1 1 306 99977338
1 1 212 99970369
1 1 351 99972984
1 1 1491 99974084
1 1 161 99999832
1 1 1199 99979073
1 1 1259 99981671
1 1 689 99971044
1 1 674 99983606
1 1 1047 99972657
1 1 1353 99969787
1 1 1377 99968441
1 1 1134 99976832
1 1 312 99998781
1 1 660 99987873
1 1 186 99971377
1 1 454 99969179
1 1 1221 99991586
1 1 434 99983371
1 1 1072 99986787
1 1 916 99982451
1 1 226 99970831
1 1 1273 99985569
1 1 987 99972426
1 1 277 99990150
1 1 100 99967805
1 1 288 99996072
1 1 789 99981123
1 1 709 99972141
1 1 613 99971915
1 1 1055 99981107
1 1 1071 99999560
1 1 913 99968239
1 1 428 99978842
1 1 1029 99985100
1 1 515 99980265
1 1 132 99978116
1 1 1486 99975403
1 1 843 99975393
1 1 549 99992078
1 1 365 99997354
1 1 1246 99974779
1 1 512 99994607
1 1 966 99971950
1 1 1020 99971498
1 1 536 99970010
1 1 923 99968368
1 1 115 99986381
1 1 1274 99990696
1 1 812 99984975
1 1 1121 99974277
1 1 1049 99993848
1 1 690 99982510
1 1 36 99992428
1 1 668 99992162
1 1 1141 99983744
1 1 413 99979126
1 1 873 99976625
1 1 10 99974268
1 1 798 99974712
1 1 534 99987194
1 1 735 99975650
1 1 1115 99976308
1 1 173 99994223
1 1 263 99979452
1 1 1431 99987752
1 1 652 99975617
1 1 298 99981037
1 1 1157 99986644
1 1 135 99970025
1 1 915 99969311
1 1 489 99994543
1 1 999 99989693
1 1 504 99977575
1 1 332 99978682
1 1 1196 99984481
1 1 593 99983839
1 1 364 99983386
1 1 666 99995672
1 1 90 99996574
1 1 971 99980251
1 1 1482 99984077
1 1 1357 99989194
1 1 803 99969256
1 1 1051 99989145
1 1 900 99997305
1 1 95 99974354
1 1 590 99997032
1 1 397 99979282
1 1 1423 99998948
1 1 1154 99967443
1 1 522 99986278
1 1 759 99988956
1 1 1261 99995640
1 1 700 99993594
1 1 514 99972231
1 1 1494 99990138
1 1 1364 99985892
1 1 1026 99969966
1 1 634 99990216
1 1 885 99975776
1 1 1297 99972595
1 1 557 99991800
1 1 943 99983420
1 1 307 99970247
1 1 355 99976751
1 1 1160 99992242
1 1 1044 99983752
1 1 168 99974197
1 1 1305 99985844
1 1 109 99991410
1 1 595 99999514
1 1 449 99969738
1 1 1030 99983316
1 1 1022 99971125
2 1 371 -2
2 371 493 -2
2 493 811 -2
2 811 645 -2
2 645 287 -2
2 287 399 -2
2 399 190 -2
2 190 886 -2
2 886 775 -2
2 775 694 -2
2 694 1126 -2
2 1126 739 -2
2 739 426 -2
2 426 951 -2
2 951 1027 -2
2 1027 685 -2
2 685 1330 -2
2 1330 556 -2
2 556 878 -2
2 878 330 -2
2 330 419 -2
2 419 249 -2
2 249 401 -2
2 401 641 -2
2 641 778 -2
2 778 1099 -2
2 1099 845 -2
2 845 1306 -2
2 1306 336 -2
2 336 756 -2
2 756 1414 -2
2 1414 874 -2
2 874 144 -2
2 144 358 -2
2 358 402 -2
2 402 1332 -2
2 1332 1399 -2
2 1399 1232 -2
2 1232 394 -2
2 394 214 -2
2 214 570 -2
2 570 468 -2
2 468 198 -2
2 198 305 -2
2 305 1184 -2
2 1184 377 -2
2 377 698 -2
2 698 589 -2
2 589 1201 -2
2 1201 1479 -2
2 1479 777 -2
2 777 769 -2
2 769 847 -2
2 847 591 -2
2 591 942 -2
2 942 1109 -2
2 1109 354 -2
2 354 456 -2
2 456 1355 -2
2 1355 1236 -2
2 1236 396 -2
2 396 538 -2
2 538 1120 -2
2 1120 1427 -2
2 1427 1498 -2
2 1498 718 -2
2 718 1251 -2
2 1251 1004 -2
2 1004 712 -2
2 712 961 -2
2 961 301 -2
2 301 1360 -2
2 1360 108 -2
2 108 169 -2
2 169 1313 -2
2 1313 1224 -2
2 1224 1119 -2
2 1119 172 -2
2 172 1100 -2
2 1100 208 -2
2 208 1271 -2
2 1271 551 -2
2 551 545 -2
2 545 574 -2
2 574 337 -2
2 337 532 -2
2 532 1040 -2
2 1040 676 -2
2 676 1400 -2
2 1400 1466 -2
2 1466 1462 -2
2 1462 29 -2
2 29 1451 -2
2 1451 734 -2
2 734 1343 -2
2 1343 262 -2
2 262 1474 -2
2 1474 983 -2
2 983 110 -2
2 110 1444 -2
2 1444 627 -2
2 627 43 -2
2 43 1069 -2
2 1069 1175 -2
2 1175 745 -2
2 745 876 -2
2 876 1144 -2
2 1144 1238 -2
2 1238 835 -2
2 835 881 -2
2 881 230 -2
2 230 1404 -2
2 1404 823 -2
2 823 1304 -2
2 1304 1260 -2
2 1260 41 -2
2 41 618 -2
2 618 621 -2
2 621 658 -2
2 658 1227 -2
2 1227 1490 -2
2 1490 929 -2
2 929 962 -2
2 962 922 -2
2 922 705 -2
2 705 1207 -2
2 1207 63 -2
2 63 239 -2
2 239 784 -2
2 784 856 -2
2 856 243 -2
2 243 116 -2
2 116 14 -2
2 14 610 -2
2 610 726 -2
2 726 882 -2
2 882 737 -2
2 737 188 -2
2 188 313 -2
2 313 615 -2
2 615 994 -2
2 994 1340 -2
2 1340 1096 -2
2 1096 788 -2
2 788 145 -2
2 145 768 -2
2 768 71 -2
2 71 448 -2
2 448 234 -2
2 234 630 -2
2 630 603 -2
2 603 794 -2
2 794 335 -2
2 335 272 -2
2 272 1155 -2
2 1155 1328 -2
2 1328 814 -2
2 814 122 -2
2 122 69 -2
2 69 216 -2
2 216 75 -2
2 75 460 -2
2 460 1323 -2
2 1323 5 -2
2 5 840 -2
2 840 200 -2
2 200 925 -2
2 925 850 -2
2 850 137 -2
2 137 475 -2
2 475 1067 -2
2 1067 851 -2
2 851 474 -2
2 474 96 -2
2 96 423 -2
2 423 872 -2
2 872 142 -2
2 142 662 -2
2 662 48 -2
2 48 1382 -2
2 1382 1291 -2
2 1291 1296 -2
2 1296 225 -2
2 225 136 -2
2 136 857 -2
2 857 384 -2
2 384 907 -2
2 907 501 -2
2 501 1136 -2
2 1136 1111 -2
2 1111 1412 -2
2 1412 484 -2
2 484 1008 -2
2 1008 293 -2
2 293 163 -2
2 163 866 -2
2 866 914 -2
2 914 1295 -2
2 1295 1091 -2
2 1091 1097 -2
2 1097 1070 -2
2 1070 1292 -2
2 1292 537 -2
2 537 908 -2
2 908 1411 -2
2 1411 1483 -2
2 1483 972 -2
2 972 356 -2
2 356 415 -2
2 415 117 -2
2 117 598 -2
2 598 609 -2
2 609 290 -2
2 290 782 -2
2 782 140 -2
2 140 304 -2
2 304 888 -2
2 888 1018 -2
2 1018 996 -2
2 996 207 -2
2 207 33 -2
2 33 1208 -2
2 1208 22 -2
2 22 150 -2
2 150 1174 -2
2 1174 1448 -2
2 1448 837 -2
2 837 1132 -2
2 1132 339 -2
2 339 228 -2
2 228 838 -2
2 838 99 -2
2 99 1278 -2
2 1278 233 -2
2 233 102 -2
2 102 989 -2
2 989 1255 -2
2 1255 871 -2
2 871 677 -2
2 677 31 -2
2 31 87 -2
2 87 411 -2
2 411 1287 -2
2 1287 496 -2
2 496 1403 -2
2 1403 602 -2
2 602 762 -2
2 762 702 -2
2 702 1073 -2
2 1073 1345 -2
2 1345 502 -2
2 502 478 -2
2 478 1477 -2
2 1477 892 -2
2 892 264 -2
2 264 930 -2
2 930 869 -2
2 869 1243 -2
2 1243 656 -2
2 656 1458 -2
2 1458 1371 -2
2 1371 315 -2
2 315 185 -2
2 185 617 -2
2 617 414 -2
2 414 743 -2
2 743 1290 -2
2 1290 1285 -2
2 1285 61 -2
2 61 1388 -2
2 1388 154 -2
2 154 675 -2
2 675 760 -2
2 760 1335 -2
2 1335 1470 -2
2 1470 1489 -2
2 1489 342 -2
2 342 719 -2
2 719 717 -2
2 717 721 -2
2 721 1133 -2
2 1133 687 -2
2 687 1453 -2
2 1453 832 -2
2 832 390 -2
2 390 842 -2
2 842 827 -2
2 827 725 -2
2 725 1235 -2
2 1235 327 -2
2 327 710 -2
2 710 567 -2
2 567 1384 -2
2 1384 1397 -2
2 1397 369 -2
2 369 884 -2
2 884 1242 -2
2 1242 303 -2
2 303 1153 -2
2 1153 774 -2
2 774 1185 -2
2 1185 889 -2
2 889 605 -2
2 605 1372 -2
2 1372 1359 -2
2 1359 338 -2
2 338 887 -2
2 887 392 -2
2 392 1105 -2
2 1105 192 -2
2 192 280 -2
2 280 1063 -2
2 1063 1417 -2
2 1417 445 -2
2 445 599 -2
2 599 629 -2
2 629 528 -2
2 528 1325 -2
2 1325 1053 -2
2 1053 1112 -2
2 1112 320 -2
2 320 1449 -2
2 1449 81 -2
2 81 597 -2
2 597 16 -2
2 16 505 -2
2 505 1363 -2
2 1363 205 -2
2 205 158 -2
2 158 1244 -2
2 1244 1061 -2
2 1061 440 -2
2 440 88 -2
2 88 977 -2
2 977 1087 -2
2 1087 861 -2
2 861 875 -2
2 875 696 -2
2 696 410 -2
2 410 1392 -2
2 1392 579 -2
2 579 1293 -2
2 1293 52 -2
2 52 60 -2
2 60 1193 -2
2 1193 499 -2
2 499 1168 -2
2 1168 1422 -2
2 1422 345 -2
2 345 425 -2
2 425 1429 -2
2 1429 352 -2
2 352 184 -2
2 184 38 -2
2 38 380 -2
2 380 1161 -2
2 1161 1309 -2
2 1309 611 -2
2 611 206 -2
2 206 742 -2
2 742 897 -2
2 897 824 -2
2 824 1062 -2
2 1062 1202 -2
2 1202 1256 -2
2 1256 344 -2
2 344 1398 -2
2 1398 995 -2
2 995 1389 -2
2 1389 1496 -2
2 1496 963 -2
2 963 211 -2
2 211 2 -2
2 2 1350 -2
2 1350 260 -2
2 260 107 -2
2 107 165 -2
2 165 1038 -2
2 1038 1282 -2
2 1282 865 -2
2 865 1180 -2
2 1180 1373 -2
2 1373 1086 -2
2 1086 1348 -2
2 1348 64 -2
2 64 1467 -2
2 1467 740 -2
2 740 596 -2
2 596 175 -2
2 175 1383 -2
2 1383 507 -2
2 507 267 -2
2 267 241 -2
2 241 156 -2
2 156 174 -2
2 174 1275 -2
2 1275 693 -2
2 693 958 -2
2 958 669 -2
2 669 1385 -2
2 1385 934 -2
2 934 1269 -2
2 1269 941 -2
2 941 1050 -2
2 1050 378 -2
2 378 70 -2
2 70 1094 -2
2 1094 447 -2
2 447 285 -2
2 285 565 -2
2 565 527 -2
2 527 1405 -2
2 1405 359 -2
2 359 898 -2
2 898 93 -2
2 93 362 -2
2 362 665 -2
2 665 1089 -2
2 1089 981 -2
2 981 1369 -2
2 1369 282 -2
2 282 1114 -2
2 1114 1005 -2
2 1005 182 -2
2 182 813 -2
2 813 1043 -2
2 1043 395 -2
2 395 1473 -2
2 1473 1314 -2
2 1314 498 -2
2 498 829 -2
2 829 381 -2
2 381 1267 -2
2 1267 314 -2
2 314 1378 -2
2 1378 561 -2
2 561 1381 -2
2 1381 1060 -2
2 1060 828 -2
2 828 1237 -2
2 1237 495 -2
2 495 1351 -2
2 1351 259 -2
2 259 508 -2
2 508 1270 -2
2 1270 201 -2
2 201 209 -2
2 209 1452 -2
2 1452 1080 -2
2 1080 646 -2
2 646 76 -2
2 76 1461 -2
2 1461 247 -2
2 247 1298 -2
2 1298 361 -2
2 361 1248 -2
2 1248 46 -2
2 46 497 -2
2 497 826 -2
2 826 160 -2
2 160 1410 -2
2 1410 1167 -2
2 1167 7 -2
2 7 1286 -2
2 1286 1169 -2
2 1169 1024 -2
2 1024 592 -2
2 592 84 -2
2 84 1442 -2
2 1442 1329 -2
2 1329 333 -2
2 333 997 -2
2 997 465 -2
2 465 1162 -2
2 1162 1035 -2
2 1035 959 -2
2 959 891 -2
2 891 245 -2
2 245 585 -2
2 585 1300 -2
2 1300 1334 -2
2 1334 625 -2
2 625 575 -2
2 575 1147 -2
2 1147 221 -2
2 221 322 -2
2 322 752 -2
2 752 30 -2
2 30 389 -2
2 389 1456 -2
2 1456 111 -2
2 111 720 -2
2 720 939 -2
2 939 227 -2
2 227 223 -2
2 223 1092 -2
2 1092 821 -2
2 821 149 -2
2 149 1245 -2
1 1 371 1
1 371 493 1
1 493 811 1
1 811 645 1
1 645 287 1
1 287 399 1
1 399 190 1
1 190 886 1
1 886 775 1
1 775 694 1
1 694 1126 1
1 1126 739 1
1 739 426 1
1 426 951 1
1 951 1027 1
1 1027 685 1
1 685 1330 1
1 1330 556 1
1 556 878 1
1 878 330 1
1 330 419 1
1 419 249 1
1 249 401 1
1 401 641 1
1 641 778 1
1 778 1099 1
1 1099 845 1
1 845 1306 1
1 1306 336 1
1 336 756 1
1 756 1414 1
1 1414 874 1
1 874 144 1
1 144 358 1
1 358 402 1
1 402 1332 1
1 1332 1399 1
1 1399 1232 1
1 1232 394 1
1 394 214 1
1 214 570 1
1 570 468 1
1 468 198 1
1 198 305 1
1 305 1184 1
1 1184 377 1
1 377 698 1
1 698 589 1
1 589 1201 1
1 1201 1479 1
1 1479 777 1
1 777 769 1
1 769 847 1
1 847 591 1
1 591 942 1
1 942 1109 1
1 1109 354 1
1 354 456 1
1 456 1355 1
1 1355 1236 1
1 1236 396 1
1 396 538 1
1 538 1120 1
1 1120 1427 1
1 1427 1498 1
1 1498 718 1
1 718 1251 1
1 1251 1004 1
1 1004 712 1
1 712 961 1
1 961 301 1
1 301 1360 1
1 1360 108 1
1 108 169 1
1 169 1313 1
1 1313 1224 1
1 1224 1119 1
1 1119 172 1
1 172 1100 1
1 1100 208 1
1 208 1271 1
1 1271 551 1
1 551 545 1
1 545 574 1
1 574 337 1
1 337 532 1
1 532 1040 1
1 1040 676 1
1 676 1400 1
1 1400 1466 1
1 1466 1462 1
1 1462 29 1
1 29 1451 1
1 1451 734 1
1 734 1343 1
1 1343 262 1
1 262 1474 1
1 1474 983 1
1 983 110 1
1 110 1444 1
1 1444 627 1
1 627 43 1
1 43 1069 1
1 1069 1175 1
1 1175 745 1
1 745 876 1
1 876 1144 1
1 1144 1238 1
1 1238 835 1
1 835 881 1
1 881 230 1
1 230 1404 1
1 1404 823 1
1 823 1304 1
1 1304 1260 1
1 1260 41 1
1 41 618 1
1 618 621 1
1 621 658 1
1 658 1227 1
1 1227 1490 1
1 1490 929 1
1 929 962 1
1 962 922 1
1 922 705 1
1 705 1207 1
1 1207 63 1
1 63 239 1
1 239 784 1
1 784 856 1
1 856 243 1
1 243 116 1
1 116 14 1
1 14 610 1
1 610 726 1
1 726 882 1
1 882 737 1
1 737 188 1
1 188 313 1
1 313 615 1
1 615 994 1
1 994 1340 1
1 1340 1096 1
1 1096 788 1
1 788 145 1
1 145 768 1
1 768 71 1
1 71 448 1
1 448 234 1
1 234 630 1
1 630 603 1
1 603 794 1
1 794 335 1
1 335 272 1
1 272 1155 1
1 1155 1328 1
1 1328 814 1
1 814 122 1
1 122 69 1
1 69 216 1
1 216 75 1
1 75 460 1
1 460 1323 1
1 1323 5 1
1 5 840 1
1 840 200 1
1 200 925 1
1 925 850 1
1 850 137 1
1 137 475 1
1 475 1067 1
1 1067 851 1
1 851 474 1
1 474 96 1
1 96 423 1
1 423 872 1
1 872 142 1
1 142 662 1
1 662 48 1
1 48 1382 1
1 1382 1291 1
1 1291 1296 1
1 1296 225 1
1 225 136 1
1 136 857 1
1 857 384 1
1 384 907 1
1 907 501 1
1 501 1136 1
1 1136 1111 1
1 1111 1412 1
1 1412 484 1
1 484 1008 1
1 1008 293 1
1 293 163 1
1 163 866 1
1 866 914 1
1 914 1295 1
1 1295 1091 1
1 1091 1097 1
1 1097 1070 1
1 1070 1292 1
1 1292 537 1
1 537 908 1
1 908 1411 1
1 1411 1483 1
1 1483 972 1
1 972 356 1
1 356 415 1
1 415 117 1
1 117 598 1
1 598 609 1
1 609 290 1
1 290 782 1
1 782 140 1
1 140 304 1
1 304 888 1
1 888 1018 1
1 1018 996 1
1 996 207 1
1 207 33 1
1 33 1208 1
1 1208 22 1
1 22 150 1
1 150 1174 1
1 1174 1448 1
1 1448 837 1
1 837 1132 1
1 1132 339 1
1 339 228 1
1 228 838 1
1 838 99 1
1 99 1278 1
1 1278 233 1
1 233 102 1
1 102 989 1
1 989 1255 1
1 1255 871 1
1 871 677 1
1 677 31 1
1 31 87 1
1 87 411 1
1 411 1287 1
1 1287 496 1
1 496 1403 1
1 1403 602 1
1 602 762 1
1 762 702 1
1 702 1073 1
1 1073 1345 1
1 1345 502 1
1 502 478 1
1 478 1477 1
1 1477 892 1
1 892 264 1
1 264 930 1
1 930 869 1
1 869 1243 1
1 1243 656 1
1 656 1458 1
1 1458 1371 1
1 1371 315 1
1 315 185 1
1 185 617 1
1 617 414 1
1 414 743 1
1 743 1290 1
1 1290 1285 1
1 1285 61 1
1 61 1388 1
1 1388 154 1
1 154 675 1
1 675 760 1
1 760 1335 1
1 1335 1470 1
1 1470 1489 1
1 1489 342 1
1 342 719 1
1 719 717 1
1 717 721 1
1 721 1133 1
1 1133 687 1
1 687 1453 1
1 1453 832 1
1 832 390 1
1 390 842 1
1 842 827 1
1 827 725 1
1 725 1235 1
1 1235 327 1
1 327 710 1
1 710 567 1
1 567 1384 1
1 1384 1397 1
1 1397 369 1
1 369 884 1
1 884 1242 1
1 1242 303 1
1 303 1153 1
1 1153 774 1
1 774 1185 1
1 1185 889 1
1 889 605 1
1 605 1372 1
1 1372 1359 1
1 1359 338 1
1 338 887 1
1 887 392 1
1 392 1105 1
1 1105 192 1
1 192 280 1
1 280 1063 1
1 1063 1417 1
1 1417 445 1
1 445 599 1
1 599 629 1
1 629 528 1
1 528 1325 1
1 1325 1053 1
1 1053 1112 1
1 1112 320 1
1 320 1449 1
1 1449 81 1
1 81 597 1
1 597 16 1
1 16 505 1
1 505 1363 1
1 1363 205 1
1 205 158 1
1 158 1244 1
1 1244 1061 1
1 1061 440 1
1 440 88 1
1 88 977 1
1 977 1087 1
1 1087 861 1
1 861 875 1
1 875 696 1
1 696 410 1
1 410 1392 1
1 1392 579 1
1 579 1293 1
1 1293 52 1
1 52 60 1
1 60 1193 1
1 1193 499 1
1 499 1168 1
1 1168 1422 1
1 1422 345 1
1 345 425 1
1 425 1429 1
1 1429 352 1
1 352 184 1
1 184 38 1
1 38 380 1
1 380 1161 1
1 1161 1309 1
1 1309 611 1
1 611 206 1
1 206 742 1
1 742 897 1
1 897 824 1
1 824 1062 1
1 1062 1202 1
1 1202 1256 1
1 1256 344 1
1 344 1398 1
1 1398 995 1
1 995 1389 1
1 1389 1496 1
1 1496 963 1
1 963 211 1
1 211 2 1
1 2 1350 1
1 1350 260 1
1 260 107 1
1 107 165 1
1 165 1038 1
1 1038 1282 1
1 1282 865 1
1 865 1180 1
1 1180 1373 1
1 1373 1086 1
1 1086 1348 1
1 1348 64 1
1 64 1467 1
1 1467 740 1
1 740 596 1
1 596 175 1
1 175 1383 1
1 1383 507 1
1 507 267 1
1 267 241 1
1 241 156 1
1 156 174 1
1 174 1275 1
1 1275 693 1
1 693 958 1
1 958 669 1
1 669 1385 1
1 1385 934 1
1 934 1269 1
1 1269 941 1
1 941 1050 1
1 1050 378 1
1 378 70 1
1 70 1094 1
1 1094 447 1
1 447 285 1
1 285 565 1
1 565 527 1
1 527 1405 1
1 1405 359 1
1 359 898 1
1 898 93 1
1 93 362 1
1 362 665 1
1 665 1089 1
1 1089 981 1
1 981 1369 1
1 1369 282 1
1 282 1114 1
1 1114 1005 1
1 1005 182 1
1 182 813 1
1 813 1043 1
1 1043 395 1
1 395 1473 1
1 1473 1314 1
1 1314 498 1
1 498 829 1
1 829 381 1
1 381 1267 1
1 1267 314 1
1 314 1378 1
1 1378 561 1
1 561 1381 1
1 1381 1060 1
1 1060 828 1
1 828 1237 1
1 1237 495 1
1 495 1351 1
1 1351 259 1
1 259 508 1
1 508 1270 1
1 1270 201 1
1 201 209 1
1 209 1452 1
1 1452 1080 1
1 1080 646 1
1 646 76 1
1 76 1461 1
1 1461 247 1
1 247 1298 1
1 1298 361 1
1 361 1248 1
1 1248 46 1
1 46 497 1
1 497 826 1
1 826 160 1
1 160 1410 1
1 1410 1167 1
1 1167 7 1
1 7 1286 1
1 1286 1169 1
1 1169 1024 1
1 1024 592 1
1 592 84 1
1 84 1442 1
1 1442 1329 1
1 1329 333 1
1 333 997 1
1 997 465 1
1 465 1162 1
1 1162 1035 1
1 1035 959 1
1 959 891 1
1 891 245 1
1 245 585 1
1 585 1300 1
1 1300 1334 1
1 1334 625 1
1 625 575 1
1 575 1147 1
1 1147 221 1
1 221 322 1
1 322 752 1
1 752 30 1
1 30 389 1
1 389 1456 1
1 1456 111 1
1 111 720 1
1 720 939 1
1 939 227 1
1 227 223 1
1 223 1092 1
1 1092 821 1
1 821 149 1
1 149 1245 1
1 77 324 99994015
1 77 1438 99972575
1 77 254 99974422
1 77 467 99975577
1 77 754 99986283
1 77 635 99989109
1 77 1039 99987493
1 77 1057 99980731
1 77 862 99992531
1 77 523 99997839
1 77 1032 99994273
1 77 1416 99974055
1 77 159 99994291
1 77 746 99979207
1 77 807 99999791
1 77 699 99986715
1 77 644 99972285
1 77 1443 99981370
1 77 1138 99970535
1 77 405 99999362
1 77 973 99967392
1 77 1148 99982343
1 77 1181 99981788
1 77 607 99971149
1 77 171 99989498
1 77 367 99979145
1 77 74 99978863
1 77 867 99978513
1 77 240 99990269
1 77 3 99983443
1 77 620 99982675
1 77 649 99971167
1 77 431 99968483
1 77 681 99980014
1 77 1354 99980894
1 77 587 99979879
1 77 157 99997970
1 77 443 99986260
1 77 979 99974677
1 77 581 99988555
1 77 984 99984653
1 77 383 99974186
1 77 302 99979253
1 77 686 99977538
1 77 547 99991329
1 77 1034 99989696
1 77 724 99989633
1 77 1379 99973235
1 77 492 99986379
1 77 170 99968457
1 77 11 99971855
1 77 663 99988366
1 77 222 99986155
1 77 250 99976409
1 77 1272 99989330
1 77 128 99982890
1 77 1012 99971498
1 77 576 99980962
1 77 839 99967654
1 77 1230 99992034
1 77 991 99991082
1 77 58 99979246
1 77 1356 99993885
1 77 1001 99994413
1 77 316 99995890
1 77 1265 99982682
1 77 1151 99998285
1 77 601 99994368
1 77 998 99981334
1 77 682 99996119
1 77 1318 99976662
1 77 1463 99989796
1 77 472 99981353
1 77 744 99982304
1 77 903 99994549
1 77 928 99971927
1 77 708 99999459
1 77 895 99982715
1 77 118 99984459
1 77 45 99988772
1 77 927 99978129
1 77 444 99992305
1 77 1059 99986475
1 77 103 99992706
1 77 1402 99989824
1 77 323 99988556
1 77 753 99991461
1 77 1025 99995438
1 77 297 99997351
1 77 713 99974547
1 77 189 99971606
1 77 217 99988680
1 77 563 99989463
1 77 905 99977671
1 77 1437 99978476
1 77 1279 99989935
1 77 906 99970468
1 77 967 99994780
1 77 1116 99975803
1 77 1009 99999388
1 77 1475 99987153
1 77 1454 99989239
1 77 242 99975298
1 77 1500 99997951
1 77 66 99999486
1 77 555 99996202
1 77 1000 99978874
1 77 533 99969052
1 77 1415 99974994
1 77 1083 99982833
1 77 1361 99967908
1 77 215 99975909
1 77 121 99980518
1 77 343 99978539
1 77 902 99999953
1 77 486 99981972
1 77 541 99995895
1 77 800 99990871
1 77 1212 99998191
1 77 104 99970575
1 77 1042 99976906
1 77 749 99992788
1 77 1487 99982166
1 77 1002 99985915
1 77 294 99990365
1 77 130 99988440
1 77 199 99997399
1 77 1366 99996060
1 77 578 99998418
1 77 194 99984428
1 77 266 99968128
1 77 202 99986547
1 77 1234 99999643
1 77 559 99972012
1 77 1140 99975983
1 77 1481 99988629
1 77 638 99972965
1 77 524 99976576
1 77 49 99976413
1 77 1421 99992011
1 77 360 99971524
1 77 1228 99984922
1 77 1447 99979942
1 77 416 99970413
1 77 372 99976355
1 77 252 99970542
1 77 191 99972250
1 77 1137 99969790
1 77 308 99988073
1 77 289 99991283
1 77 853 99977542
1 77 420 99996039
1 77 1211 99999210
1 77 790 99989725
1 77 796 99997952
1 77 311 99979699
1 77 1307 99997715
1 77 1217 99991575
1 77 1088 99971317
1 77 300 99980462
1 77 483 99971924
1 77 631 99971969
1 77 176 99971571
1 77 20 99991485
1 77 183 99969227
1 77 1352 99986669
1 77 1189 99974902
1 77 1484 99997853
1 77 13 99982133
1 77 1471 99969114
1 77 510 99972980
1 77 937 99976859
1 77 321 99976084
1 77 970 99986925
1 77 47 99985767
1 77 932 99970167
1 77 124 99996575
1 77 990 99998387
1 77 1142 99968798
1 77 1172 99981047
1 77 1319 99981805
1 77 1459 99968024
1 77 91 99986627
1 77 1103 99990605
1 77 657 99972064
1 77 864 99971621
1 77 485 99991979
1 77 1322 99977257
1 77 785 99981650
1 77 463 99970172
1 77 1338 99975520
1 77 633 99971229
1 77 799 99995136
1 77 35 99997204
1 77 403 99989614
1 77 531 99995571
1 77 1213 99976377
1 77 6 99980211
1 77 513 99991791
1 77 1036 99990991
1 77 801 99991622
1 77 331 99973423
1 77 1294 99994328
1 77 833 99969220
1 77 770 99974680
1 77 933 99989859
1 77 792 99974145
1 77 572 99967928
1 77 1302 99989171
1 77 1216 99980530
1 77 473 99996661
1 77 830 99986360
1 77 1031 99991516
1 77 500 99967934
1 77 763 99975038
1 77 85 99999001
1 77 1129 99982467
1 77 1336 99996965
1 77 482 99977198
1 77 926 99997076
1 77 946 99976817
1 77 1337 99975937
1 77 952 99977774
1 77 836 99991327
1 77 72 99990961
1 77 671 99988317
1 77 731 99967367
1 77 1432 99991436
1 77 1241 99969470
1 77 783 99968246
1 77 564 99971634
1 77 166 99993827
1 77 509 99981425
1 77 309 99975800
1 77 39 99975073
1 77 1409 99993215
1 77 890 99985064
1 77 388 99997812
1 77 817 99990154
1 77 1254 99984105
1 77 310 99983030
1 77 772 99985954
1 77 558 99971767
1 77 520 99967607
1 77 1021 99997837
1 77 940 99975388
1 77 1218 99981455
1 77 487 99995299
1 77 334 99968940
1 77 153 99979861
1 77 1149 99973731
1 77 791 99970604
1 77 1488 99984072
1 77 542 99998108
1 77 1200 99969400
1 77 1407 99993070
1 77 1425 99995964
1 77 1183 99991251
1 77 123 99988184
1 77 18 99982976
1 77 655 99994162
1 77 328 99969454
1 77 353 99981271
1 77 695 99994257
1 77 992 99979661
1 77 105 99981996
1 77 1065 99988071
1 77 1342 99985922
1 77 238 99991197
1 77 34 99985175
1 77 503 99971355
1 77 1166 99968451
1 77 26 99989632
1 77 786 99972029
1 77 40 99981052
1 77 1339 99983470
1 77 1006 99980376
1 77 707 99977835
1 77 738 99969806
1 77 133 99981220
1 77 672 99983666
1 77 422 99984940
1 77 417 99976096
1 77 204 99971625
1 77 1222 99970480
1 77 779 99996229
1 77 1485 99998038
1 77 164 99989184
1 77 1195 99996540
1 77 481 99973103
1 77 1316 99978743
1 77 764 99985351
1 77 919 99996780
1 77 112 99972818
1 77 1093 99980022
1 77 244 99975058
1 77 1123 99997043
1 77 1085 99984452
1 77 281 99982274
1 77 1206 99993991
1 77 1014 99976014
1 77 424 99994949
1 77 825 99977165
1 77 1048 99996669
1 77 1182 99970282
1 77 126 99981113
1 77 203 99987548
1 77 1283 99972820
1 77 421 99983254
1 77 1194 99998562
1 77 62 99993107
1 77 854 99986131
1 77 4 99995885
1 77 17 99997987
1 77 765 99985983
1 77 683 99986884
1 77 461 99967616
1 77 1215 99998454
1 77 670 99971041
1 77 1476 99987279
1 77 1113 99994438
1 77 521 99985961
1 77 918 99971198
1 77 408 99992218
1 77 975 99988164
1 77 848 99970395
1 77 1135 99983527
1 77 896 99979421
1 77 1122 99994106
1 77 1179 99995064
1 77 439 99979338
1 77 1435 99977029
1 77 1396 99986963
1 77 614 99974902
1 77 944 99992246
1 77 953 99975503
1 77 453 99999947
1 77 608 99976718
1 77 391 99994223
1 77 909 99984097
1 77 1341 99984031
1 77 985 99998394
1 77 231 99996854
1 77 181 99968743
1 77 637 99990198
1 77 152 99991474
1 77 1158 99979478
1 77 139 99981619
1 77 1368 99973265
1 77 1177 99970469
1 77 442 99983151
1 77 583 99989843
1 77 860 99974004
1 77 162 99970296
1 77 1013 99972099
1 77 177 99975727
1 77 368 99978130
1 77 101 99990080
1 77 438 99998210
1 77 757 99979882
1 77 976 99979515
1 77 458 99979648
1 77 747 99975318
1 77 1362 99971444
1 77 732 99972165
1 77 647 99974178
1 77 488 99992047
1 77 1374 99970417
1 77 917 99972348
1 77 28 99974581
1 77 965 99978445
1 77 544 99978701
1 77 877 99992010
1 77 15 99973995
1 77 146 99982863
1 77 1165 99980954
1 77 1054 99999332
1 77 606 99990096
1 77 1173 99972606
1 77 553 99997872
1 77 1370 99984187
1 77 1492 99979339
1 77 67 99988825
1 77 375 99994242
1 77 1478 99967710
1 77 767 99984341
1 77 382 99995167
1 77 258 99984832
1 77 988 99975471
1 77 325 99997306
1 77 506 99988511
1 77 901 99976625
1 77 852 99977293
1 77 347 99989011
1 77 235 99973440
1 77 622 99992141
1 77 912 99977020
1 77 956 99979456
1 77 407 99975568
1 77 317 99976220
1 77 73 99993172
1 77 868 99977126
1 77 569 99990285
1 77 283 99994832
1 77 938 99982703
1 77 1102 99990637
1 77 459 99976502
1 77 1159 99971236
1 77 863 99973072
1 77 178 99972471
1 77 562 99988559
1 77 1387 99990642
1 77 945 99996116
1 77 1104 99996895
1 77 53 99998839
1 77 1497 99992725
1 77 1268 99990619
1 77 210 99974712
1 77 540 99995754
1 77 9 99981444
1 77 810 99987955
1 77 180 99993345
1 77 279 99975190
1 77 806 99997482
1 77 1430 99994057
1 77 86 99995114
1 77 546 99984095
1 77 1252 99999750
1 77 32 99980367
1 77 1347 99980489
1 77 1288 99998129
1 77 1263 99982598
1 77 273 99986860
1 77 1301 99973465
1 77 815 99988681
1 77 1386 99983651
1 77 82 99996135
1 77 1187 99985591
1 77 418 99993922
1 77 56 99981243
1 77 357 99974865
1 77 993 99969436
1 77 539 99992161
1 77 978 99991729
1 77 1076 99970998
1 77 59 99998043
1 77 195 99981985
1 77 1460 99972421
1 77 834 99974851
1 77 398 99973016
1 77 797 99969148
1 77 950 99971507
1 77 691 99989557
1 77 704 99982541
1 77 722 99969790
1 77 844 99999630
1 77 820 99986246
1 77 1178 99989373
1 77 684 99992074
1 77 387 99998937
1 77 910 99992790
1 77 1203 99970100
1 77 451 99974762
1 77 193 99974121
1 77 476 99991515
1 77 1214 99972165
1 77 134 99972504
1 77 1041 99973117
1 77 623 99973001
1 77 446 99997506
1 77 969 99976525
1 77 55 99981977
1 77 229 99985216
1 77 1192 99998522
1 77 412 99988172
1 77 924 99978661
1 77 480 99968057
1 77 455 99993524
1 77 1317 99996143
1 77 1394 99980873
1 77 1003 99998959
1 77 1052 99997550
1 77 1056 99983341
1 77 703 99972230
1 77 261 99985997
1 77 155 99972309
1 77 1324 99974641
1 77 400 99967891
1 77 120 99991196
1 77 692 99982659
1 77 1281 99989339
1 77 604 99972861
1 77 42 99991082
1 77 1084 99976954
1 77 548 99975123
1 77 276 99995772
1 77 741 99995065
1 77 1016 99968483
1 77 21 99980561
1 77 911 99969686
2 77 931 81872900
2 931 1367 47107534
2 1367 1078 19106
2 1078 688 9971470
2 688 469 56985082
2 469 1082 41898158
2 1082 594 85494658
2 594 1233 63621605
2 1233 197 84268126
2 197 350 38204840
2 350 437 8000234
2 437 650 62653702
2 650 220 31254268
2 220 751 64081755
2 751 54 31099051
2 54 1150 59830922
2 1150 730 40825832
2 730 1469 81216350
2 1469 1419 17091422
2 1419 1170 15829791
2 1170 600 11555090
2 600 1406 34640148
2 1406 1333 21534610
2 1333 980 4507750
2 980 935 26611954
2 935 640 63931418
2 640 284 4964733
2 284 1312 26970110
2 1312 148 22959399
2 148 1143 70534770
2 1143 79 2658266
2 79 274 54157647
2 274 340 48845800
2 340 80 16555046
2 80 822 25496902
2 822 1308 57903065
2 1308 628 98548308
2 628 1106 84123830
2 1106 1037 99184635
2 1037 550 20578550
2 550 728 3397496
2 728 151 67472990
2 151 25 5613398
2 25 50 28476150
2 50 870 65896918
2 870 1225 90531620
2 1225 511 2167620
2 511 543 55927594
2 543 464 59858456
2 464 326 37542077
2 326 673 15849299
2 673 809 62292202
2 809 1079 51729375
2 1079 780 7478333
2 780 98 77608950
2 98 516 77156767
2 516 805 4745713
2 805 883 74257046
2 883 1266 41204810
2 1266 957 87338310
2 957 1090 46324556
2 1090 1346 62465800
2 1346 92 4386270
2 92 457 91296907
2 457 471 35705182
2 471 879 76713180
2 879 1376 42397625
2 1376 1390 3330872
2 1390 1468 95665534
2 1468 341 92014987
2 341 236 90602957
2 236 318 25765177
2 318 44 91574486
2 44 1145 80637513
2 1145 127 66648890
2 127 379 93388470
2 379 651 14763908
2 651 1077 28078490
2 1077 793 25042304
2 793 846 29747244
2 846 1191 37073704
2 1191 452 21309634
2 452 697 29194414
2 697 1164 57596170
2 1164 804 13372426
2 804 299 7901590
2 299 632 62105600
2 632 525 529937
2 525 727 10101540
2 727 577 8937545
2 577 1441 34179500
2 1441 1127 43001060
2 1127 257 55053526
2 257 129 32411042
2 129 479 81688637
2 479 1446 93822166
2 1446 1045 77976558
2 1045 1010 36124620
2 1010 1205 84589271
2 1205 518 75301530
2 518 639 29848361
2 639 1331 42679490
2 1331 654 4333535
2 654 138 16547702
2 138 237 50573722
2 237 584 34212750
2 584 1124 40437100
2 1124 65 66769504
2 65 8 79037606
2 8 429 50155440
2 429 841 33738354
2 841 1081 78563690
2 1081 363 9068666
2 363 802 17943382
2 802 648 31703840
2 648 761 14879403
2 761 1068 96340538
2 1068 433 79065547
2 433 1118 47364674
2 1118 275 20938150
2 275 432 20547318
2 432 89 62961590
2 89 711 24625700
2 711 1250 4084205
2 1250 723 99050526
2 723 1365 213859
2 1365 701 18410630
2 701 619 55055990
2 619 706 56859662
2 706 256 94424582
2 256 1433 33737235
2 1433 968 59944834
2 968 24 43649332
2 24 653 13986683
2 653 470 23496672
2 470 1220 5905508
2 1220 982 20565647
2 982 1163 19014310
2 1163 921 21593234
2 921 554 45385578
2 554 1110 5760615
2 1110 1424 75696510
2 1424 219 9007357
2 219 1418 94057828
2 1418 213 78427639
2 213 517 33547028
2 517 535 32336144
2 535 858 2946120
2 858 678 67421292
2 678 1315 65046818
2 1315 255 41826720
2 255 1131 63724815
2 1131 986 23356876
2 986 1139 89253980
2 1139 659 77737661
2 659 664 61771846
2 664 1311 39084626
2 1311 1495 79360162
2 1495 560 52881450
2 560 1289 94655988
2 1289 1426 2220262
2 1426 1280 66009532
2 1280 1413 89682622
2 1413 766 1457410
2 766 295 63964170
2 295 57 73341022
2 57 1046 39321620
2 1046 530 49213868
2 530 1240 23902792
2 1240 955 73000928
2 955 571 43162978
2 571 643 11341280
2 643 1176 4618870
2 1176 714 31999222
2 714 1349 20587962
2 1349 1264 37114234
2 1264 773 44193825
2 773 1450 92763050
2 1450 1465 13351214
2 1465 491 44259138
2 491 19 794387
2 19 636 12715598
2 636 1019 67416086
2 1019 819 86280915
2 819 552 26208206
2 552 642 87178244
2 642 1249 33301844
2 1249 1210 12365318
2 1210 519 22796541
2 519 1028 19910398
2 1028 1239 66438394
2 1239 716 96720614
2 716 1277 31074299
2 1277 1445 63758517
2 1445 232 53024460
2 232 1253 79307504
2 1253 1320 74328904
2 1320 83 45567671
2 83 253 71243970
2 253 1219 46326500
2 1219 1107 78120646
2 1107 1007 79203290
2 1007 1223 1767520
2 1223 346 93469682
2 346 1204 60325078
2 1204 1439 58358678
2 1439 1152 95357855
2 1152 1428 31275446
2 1428 808 19499602
2 808 113 59917055
2 113 948 3590038
2 948 750 27964122
2 750 816 43082152
2 816 1391 79320568
2 1391 771 10469944
2 771 949 21343220
2 949 94 60458648
2 94 251 69070311
2 251 292 59648306
2 292 1117 82640822
2 1117 1358 61154134
2 1358 1247 55632934
2 1247 167 8466334
2 167 319 19920880
2 319 1229 8211508
2 1229 588 1333165
2 588 573 4914941
2 573 1499 32959845
2 1499 477 38302007
2 477 748 50804140
2 748 106 22602946
2 106 1226 41202758
2 1226 947 25654774
2 947 51 34499430
2 51 270 71448470
2 270 385 68407144
2 385 1464 31944236
2 1464 1321 47710454
2 1321 1420 22508998
2 1420 667 97254550
2 667 1440 55983599
2 1440 1310 62239546
2 1310 265 61170008
2 265 936 4505330
2 936 964 22452630
2 964 141 25106010
2 141 246 98117664
2 246 1064 81850220
2 1064 393 20500958
2 393 795 11711526
2 795 1303 1814442
2 1303 269 98749965
2 269 1146 40717953
2 1146 329 30248768
2 329 27 28154899
2 27 831 26219388
2 831 679 35954509
2 679 187 70673248
2 187 1125 59471292
2 1125 1326 69751798
2 1326 954 1048570
2 954 1258 391610
2 1258 430 42425751
2 430 1472 69255660
2 1472 960 49531862
2 960 920 7960840
2 920 586 34189133
2 586 436 11265977
2 436 529 7348485
2 529 582 4981778
2 582 1017 17938140
2 1017 612 34321694
2 612 680 21433115
2 680 1257 21342518
2 1257 97 56091956
2 97 23 57524558
2 23 626 92083900
2 626 286 44924985
2 286 758 61987036
2 758 974 21899185
2 974 715 43128010
2 715 296 68826118
2 296 218 78668181
2 218 1480 29408500
2 1480 1098 71908222
2 1098 1395 26698564
2 1395 855 47640790
2 855 893 95119386
2 893 526 71543099
2 526 1344 12480675
2 1344 427 56891414
2 427 1074 11847575
2 1074 1066 60948970
2 1066 616 34568420
2 616 733 98201286
2 733 1108 5323590
2 1108 1101 12280782
2 1101 1434 29716628
2 1434 849 48021230
2 849 494 94217997
2 494 568 49997802
2 568 1299 2117540
2 1299 224 10926482
2 224 373 15060522
2 373 566 74627950
2 566 1058 45907638
2 1058 661 21917288
2 661 755 19706425
2 755 435 2269286
2 435 580 2846351
2 580 441 42989030
2 441 1075 58572300
2 1075 68 52182922
2 68 781 66534818
2 781 1011 67960518
2 1011 1436 89263888
2 1436 1493 42271177
2 1493 490 4635520
2 490 386 23695655
2 386 1276 89254310
2 1276 776 37450220
2 776 143 1680726
2 143 374 21718690
2 374 147 18013300
2 147 1393 30693909
2 1393 818 38548940
2 818 370 31096030
2 370 1128 47241110
2 1128 1130 4374140
2 1130 349 16405450
2 349 1171 1864718
2 1171 196 68132369
2 196 271 47776954
2 271 12 48465450
2 12 880 61259750
2 880 404 30680648
2 404 1023 56950240
2 1023 450 19960848
2 450 119 55430543
2 119 291 52394847
2 291 278 97605172
2 278 376 23182590
2 376 1457 16167662
2 1457 409 65975030
2 409 1380 6815784
2 1380 466 68047950
2 466 131 42593658
2 131 1375 39626990
2 1375 736 94293515
2 736 268 81643788
2 268 1015 61282570
2 1015 1198 52091712
2 1198 1209 97881990
2 1209 1186 27210878
2 1186 1262 79937026
2 1262 179 22186710
2 179 1197 5444178
2 1197 366 9700618
2 366 1408 42233074
2 1408 1033 43663030
2 1033 37 11533940
2 37 729 81406302
2 729 899 3453790
2 899 406 76066988
2 406 1156 13543021
2 1156 348 7383730
2 348 1095 17300314
2 1095 1231 71931035
2 1231 78 7634174
2 78 904 14805590
2 904 859 64690934
2 859 894 2024741
2 894 1327 24267790
2 1327 624 25248365
2 624 1190 91277794
2 1190 125 76183630
2 125 1455 32227020
2 1455 1401 14565202
2 1401 787 32178455
2 787 1188 91350853
2 1188 248 22681840
2 248 114 6721190
2 114 1284 91417887
2 1284 462 82858885
2 462 306 68781790
2 306 212 7001590
2 212 351 13476740
2 351 1491 40400084
2 1491 161 47530573
2 161 1199 41788762
2 1199 1259 805808
2 1259 689 30563940
2 689 674 90959382
2 674 1047 36176750
2 1047 1353 28409615
2 1353 1377 3105619
2 1377 1134 61500732
2 1134 312 87965706
2 312 660 539564
2 660 186 10243730
2 186 454 13352870
2 454 1221 13486260
2 1221 434 71453268
2 434 1072 3589104
2 1072 916 19334186
2 916 226 57746882
2 226 1273 74474270
2 1273 987 50259550
2 987 277 27745612
2 277 100 76124905
2 100 288 30752616
2 288 789 80079296
2 789 709 2174929
2 709 613 7548398
2 613 1055 48938089
2 1055 1071 67791101
2 1071 913 21392764
2 913 428 67810118
2 428 1029 39533430
2 1029 515 71502113
2 515 132 86507379
2 132 1486 24593995
2 1486 843 49361622
2 843 549 59415142
2 549 365 40974536
2 365 1246 24980438
2 1246 512 12208758
2 512 966 12375394
2 966 1020 34028680
2 1020 536 76890570
2 536 923 30289018
2 923 115 7725782
2 115 1274 3200486
2 1274 812 53746972
2 812 1121 39013186
2 1121 1049 37680542
2 1049 690 15011038
2 690 36 82760705
2 36 668 24960886
2 668 1141 32698280
2 1141 413 43472044
2 413 873 28111722
2 873 10 8745937
2 10 798 50700348
2 798 534 57923682
2 534 735 90445366
2 735 1115 23978750
2 1115 173 91753986
2 173 263 26837690
2 263 1431 88153230
2 1431 652 6277541
2 652 298 45426093
2 298 1157 79838790
2 1157 135 79015430
2 135 915 82642082
2 915 489 78278836
2 489 999 59108891
2 999 504 92339102
2 504 332 84440848
2 332 1196 52070680
2 1196 593 58475782
2 593 364 438905
2 364 666 61594117
2 666 90 14935590
2 90 971 67682870
2 971 1482 68897708
2 1482 1357 74729995
2 1357 803 92148514
2 803 1051 30324310
2 1051 900 87666195
2 900 95 15478122
2 95 590 52029631
2 590 397 74484900
2 397 1423 11412758
2 1423 1154 69349638
2 1154 522 52801460
2 522 759 39427460
2 759 1261 71117420
2 1261 700 58919310
2 700 514 77935394
2 514 1494 39081261
2 1494 1364 59295274
2 1364 1026 64527398
2 1026 634 54401686
2 634 885 80852994
2 885 1297 27225
2 1297 557 28512288
2 557 943 80244490
2 943 307 59424090
2 307 355 27806729
2 355 1160 52573658
2 1160 1044 3385338
2 1044 168 29747270
2 168 1305 60175860
2 1305 109 55811774
2 109 595 15622846
2 595 449 14266110
2 449 1030 58299030
2 1030 1022 4262378
1 1500 1553 99985086
1 1553 1604 99971412
1 1604 1565 99989265
1 1565 1606 99999796
1 1606 1600 99972425
1 1600 1566 99993051
1 1566 1579 99983557
1 1579 1538 99972597
1 1538 1641 99983661
1 1641 1590 99993984
1 1590 1569 99980192
1 1569 1594 99969221
1 1594 1526 99981400
1 1526 1629 99999725
1 1629 1504 99982419
1 1504 1620 99986305
1 1620 1563 99972966
1 1563 1525 99980217
1 1525 1599 99989958
1 1599 1550 99984736
1 1550 1634 99982563
1 1634 1598 99994807
1 1598 1592 99969588
1 1592 1508 99973793
1 1508 1613 99974976
1 1613 1637 99991038
1 1637 1587 99979526
1 1587 1644 99994359
1 1644 1556 99983765
1 1556 1625 99973046
1 1625 1518 99971442
1 1518 1534 99987893
1 1534 1596 99992348
1 1596 1571 99993768
1 1571 1522 99989970
1 1522 1511 99980216
1 1511 1649 99984744
1 1649 1631 99998595
1 1631 1582 99998660
1 1582 1612 99976983
1 1612 1561 99976551
1 1561 1502 99990509
1 1502 1549 99986694
1 1549 1573 99999884
1 1573 1607 99984157
1 1607 1510 99987280
1 1510 1597 99978510
1 1597 1624 99988127
1 1624 1532 99972125
1 1532 1521 99978593
1 1521 1503 99978091
1 1503 1551 99994263
1 1551 1515 99998918
1 1515 1530 99976304
1 1530 1529 99994334
1 1529 1546 99972897
1 1546 1540 99978306
1 1540 1635 99972466
1 1635 1588 99982647
1 1588 1586 99984573
1 1586 1622 99997503
1 1622 1619 99996622
1 1619 1535 99980271
1 1535 1643 99982315
1 1643 1557 99986793
1 1557 1639 99988714
1 1639 1601 99975561
1 1601 1630 99970329
1 1630 1555 99976622
1 1555 1618 99974003
1 1618 1585 99985321
1 1585 1536 99997258
1 1536 1568 99999024
1 1568 1558 99994223
1 1558 1541 99978736
1 1541 1516 99987078
1 1516 1589 99984648
1 1589 1609 99986435
1 1609 1646 99990940
1 1646 1617 99984132
1 1617 1564 99990208
1 1564 1628 99981315
1 1628 1559 99999203
1 1559 1513 99996184
1 1513 1575 99993486
1 1575 1560 99993150
1 1560 1501 99970314
1 1501 1648 99979229
1 1648 1636 99983951
1 1636 1627 99973254
1 1627 1615 99979848
1 1615 1614 99999906
1 1614 1544 99979337
1 1544 1583 99985537
1 1583 1633 99992668
1 1633 1572 99972372
1 1572 1543 99975328
1 1543 1626 99992882
1 1626 1580 99991791
1 1580 1533 99988528
1 1533 1537 99982996
1 1537 1577 99970116
1 1577 1621 99979434
1 1621 1552 99983077
1 1552 1602 99997312
1 1602 1642 99994396
1 1642 1567 99980310
1 1567 1591 99981707
1 1591 1554 99985809
1 1554 1647 99980188
1 1647 1506 99996982
1 1506 1570 99968775
1 1570 1519 99970120
1 1519 1531 99987639
1 1531 1517 99981797
1 1517 1507 99967418
1 1507 1512 99994544
1 1512 1593 99985081
1 1593 1548 99971823
1 1548 1505 99991086
1 1505 1603 99988831
1 1603 1584 99994450
1 1584 1527 99992561
1 1527 1605 99967870
1 1605 1514 99974702
1 1514 1509 99991911
1 1509 1623 99975152
1 1623 1638 99984776
1 1638 1520 99967927
1 1520 1562 99968152
1 1562 1576 99980987
1 1576 1524 99970259
1 1524 1640 99992722
1 1640 1578 99979407
1 1578 1611 99995393
1 1611 1547 99981377
1 1547 1542 99986254
1 1542 1528 99971085
1 1528 1645 99977520
1 1645 1632 99984500
1 1632 1574 99977263
1 1574 1539 99991477
1 1539 1545 99985171
1 1545 1616 99968257
1 1616 1610 99988909
1 1610 1595 99987605
1 1595 1608 99980329
1 1608 1523 99998550
1 1523 1581 99984295
1 1581 1500 99997305
2 1541 1558 -4
2 1541 1581 -8
2 1581 1558 1
2 1558 1568 -8
2 1558 1523 -16
2 1523 1568 1
2 1568 1536 -16
2 1568 1608 -32
2 1608 1536 1
2 1536 1585 -32
2 1536 1595 -64
2 1595 1585 1
2 1585 1618 -64
2 1585 1610 -128
2 1610 1618 1
2 1618 1555 -128
2 1618 1616 -256
2 1616 1555 1
2 1555 1630 -256
2 1555 1545 -512
2 1545 1630 1
2 1630 1601 -512
2 1630 1539 -1024
2 1539 1601 1
2 1601 1639 -1024
2 1601 1574 -2048
2 1574 1639 1
2 1639 1557 -2048
2 1639 1632 -4096
2 1632 1557 1
2 1557 1643 -4096
2 1557 1645 -8192
2 1645 1643 1
2 1643 1535 -8192
2 1643 1528 -16384
2 1528 1535 1
2 1535 1619 -16384
2 1535 1542 -32768
2 1542 1619 1
2 1619 1622 -32768
2 1619 1547 -65536
2 1547 1622 1
2 1622 1586 -65536
2 1622 1611 -131072
2 1611 1586 1
2 1586 1588 -131072
2 1586 1578 -262144
2 1578 1588 1
2 1588 1635 -262144
2 1588 1640 -524288
2 1640 1635 1
2 1635 1540 -524288
2 1635 1524 -1048576
2 1524 1540 1
2 1540 1546 -1048576
2 1540 1576 -2
2 1576 1546 1
2 1546 1529 -2
2 1546 1562 -4
2 1562 1529 1
2 1529 1530 -4
2 1529 1520 -8
2 1520 1530 1
2 1530 1515 -8
2 1530 1638 -16
2 1638 1515 1
2 1515 1551 -16
2 1515 1623 -32
2 1623 1551 1
2 1551 1503 -32
2 1551 1509 -64
2 1509 1503 1
2 1503 1521 -64
2 1503 1514 -128
2 1514 1521 1
2 1521 1532 -128
2 1521 1605 -256
2 1605 1532 1
2 1532 1624 -256
2 1532 1527 -512
2 1527 1624 1
2 1624 1597 -512
2 1624 1584 -1024
2 1584 1597 1
2 1597 1510 -1024
2 1597 1603 -2048
2 1603 1510 1
2 1510 1607 -2048
2 1510 1505 -4096
2 1505 1607 1
2 1607 1573 -4096
2 1607 1548 -8192
2 1548 1573 1
2 1573 1549 -8192
2 1573 1593 -16384
2 1593 1549 1
2 1549 1502 -16384
2 1549 1512 -32768
2 1512 1502 1
2 1502 1561 -32768
2 1502 1507 -65536
2 1507 1561 1
2 1561 1612 -65536
2 1561 1517 -131072
2 1517 1612 1
2 1612 1582 -131072
2 1612 1531 -262144
2 1531 1582 1
2 1582 1631 -262144
2 1582 1519 -524288
2 1519 1631 1
2 1631 1649 -524288
2 1631 1570 -1048576
2 1570 1649 1
2 1649 1511 -1048576
2 1649 1506 -2
2 1506 1511 1
2 1511 1522 -2
2 1511 1647 -4
2 1647 1522 1
2 1522 1571 -4
2 1522 1554 -8
2 1554 1571 1
2 1571 1596 -8
2 1571 1591 -16
2 1591 1596 1
2 1596 1534 -16
2 1596 1567 -32
2 1567 1534 1
2 1534 1518 -32
2 1534 1642 -64
2 1642 1518 1
2 1518 1625 -64
2 1518 1602 -128
2 1602 1625 1
2 1625 1556 -128
2 1625 1552 -256
2 1552 1556 1
2 1556 1644 -256
2 1556 1621 -512
2 1621 1644 1
2 1644 1587 -512
2 1644 1577 -1024
2 1577 1587 1
2 1587 1637 -1024
2 1587 1537 -2048
2 1537 1637 1
2 1637 1613 -2048
2 1637 1533 -4096
2 1533 1613 1
2 1613 1508 -4096
2 1613 1580 -8192
2 1580 1508 1
2 1508 1592 -8192
2 1508 1626 -16384
2 1626 1592 1
2 1592 1598 -16384
2 1592 1543 -32768
2 1543 1598 1
2 1598 1634 -32768
2 1598 1572 -65536
2 1572 1634 1
2 1634 1550 -65536
2 1634 1633 -131072
2 1633 1550 1
2 1550 1599 -131072
2 1550 1583 -262144
2 1583 1599 1
2 1599 1525 -262144
2 1599 1544 -524288
2 1544 1525 1
2 1525 1563 -524288
2 1525 1614 -1048576
2 1614 1563 1
2 1563 1620 -1048576
2 1563 1615 -2
2 1615 1620 1
2 1620 1504 -2
2 1620 1627 -4
2 1627 1504 1
2 1504 1629 -4
2 1504 1636 -8
2 1636 1629 1
2 1629 1526 -8
2 1629 1648 -16
2 1648 1526 1
2 1526 1594 -16
2 1526 1501 -32
2 1501 1594 1
2 1594 1569 -32
2 1594 1560 -64
2 1560 1569 1
2 1569 1590 -64
2 1569 1575 -128
2 1575 1590 1
2 1590 1641 -128
2 1590 1513 -256
2 1513 1641 1
2 1641 1538 -256
2 1641 1559 -512
2 1559 1538 1
2 1538 1579 -512
2 1538 1628 -1024
2 1628 1579 1
2 1579 1566 -1024
2 1579 1564 -2048
2 1564 1566 1
2 1566 1600 -2048
2 1566 1617 -4096
2 1617 1600 1
2 1600 1606 -4096
2 1600 1646 -8192
2 1646 1606 1
2 1606 1565 -8192
2 1606 1609 -16384
2 1609 1565 1
2 1565 1604 -16384
2 1565 1589 -32768
2 1589 1604 1
2 1604 1553 -32768
2 1604 1516 -65536
2 1516 1553 1
2 1553 1500 -65536
2 1553 1541 -131072
2 1541 1500 1
1 1802 1672 99993302
2 1802 1722 99983950
2 1722 1775 99976554
2 1775 1699 99996186
2 1699 1771 99993171
2 1771 1679 99968480
2 1679 1820 99987806
2 1820 1780 99988487
2 1780 1685 99979757
2 1685 1884 99993256
2 1884 1705 99974398
2 1705 1836 99998968
2 1836 1738 99971688
2 1738 1693 99981071
2 1693 1793 99986185
2 1793 1713 99981024
2 1713 1694 99980120
2 1694 1757 99973123
2 1757 1807 99986844
2 1807 1766 99994772
2 1766 1704 99987633
2 1704 1858 99975260
2 1858 1786 99983395
2 1786 1706 99994628
2 1706 1832 99991567
2 1832 1833 99971317
2 1833 1876 99982080
2 1876 1656 99973947
2 1656 1874 99992005
2 1874 1837 99971461
2 1837 1707 99970296
2 1707 1870 99998743
2 1870 1850 99984807
2 1850 1650 99979841
2 1650 1843 99976801
2 1843 1865 99973831
2 1865 1787 99970967
2 1787 1660 99978803
2 1660 1733 99983884
2 1733 1889 99984136
2 1889 1896 99977168
2 1896 1762 99977815
2 1762 1654 99973106
2 1654 1769 99973150
2 1769 1681 99967732
2 1681 1677 99995001
2 1677 1750 99976608
2 1750 1747 99994515
2 1747 1898 99970518
2 1898 1857 99986640
2 1857 1695 99989603
2 1695 1663 99995313
2 1663 1752 99969287
2 1752 1789 99985754
2 1789 1785 99976499
2 1785 1810 99973824
2 1810 1763 99983393
2 1763 1830 99973621
2 1830 1881 99990111
2 1881 1882 99994623
2 1882 1894 99985622
2 1894 1709 99974721
2 1709 1847 99981053
2 1847 1717 99986275
2 1717 1682 99980727
2 1682 1667 99997239
2 1667 1719 99972110
2 1719 1805 99984145
2 1805 1712 99993796
2 1712 1716 99981960
2 1716 1794 99978099
2 1794 1691 99989916
2 1691 1871 99996087
2 1871 1792 99971511
2 1792 1767 99985555
2 1767 1702 99979261
2 1702 1849 99976207
2 1849 1652 99974644
2 1652 1817 99995336
2 1817 1662 99982934
2 1662 1869 99987678
2 1869 1893 99999677
2 1893 1697 99983757
2 1697 1700 99986278
2 1700 1748 99987538
2 1748 1861 99993909
2 1861 1670 99981928
2 1670 1718 99998411
2 1718 1723 99985156
2 1723 1852 99999298
2 1852 1878 99997847
2 1878 1726 99970553
2 1726 1844 99988226
2 1844 1641 99999081
2 1641 1688 99980925
2 1688 1658 99980284
2 1658 1753 99970206
2 1753 1824 99994985
2 1824 1666 99979466
2 1666 1758 99967984
2 1758 1840 99968755
2 1840 1689 99986328
2 1689 1791 99969900
2 1791 1880 99999291
2 1880 1678 99982395
2 1678 1671 99997439
2 1671 1764 99999800
2 1764 1897 99979408
2 1897 1813 99971539
2 1813 1742 99988535
2 1742 1842 99992406
2 1842 1834 99989668
2 1834 1886 99991561
2 1886 1715 99993089
2 1715 1756 99985776
2 1756 1696 99975596
2 1696 1846 99977643
2 1846 1854 99989159
2 1854 1703 99990426
2 1703 1724 99989661
2 1724 1646 99995472
2 1646 1899 99978773
2 1899 1806 99976447
2 1806 1799 99980066
2 1799 1818 99986019
2 1818 1828 99979445
2 1828 1868 99993168
2 1868 1853 99968348
2 1853 1744 99982323
2 1744 1811 99975949
2 1811 1888 99982060
2 1888 1741 99967579
2 1741 1680 99990333
2 1680 1783 99995162
2 1783 1684 99974094
2 1684 1720 99992415
2 1720 1643 99987444
2 1643 1855 99991657
2 1855 1867 99970105
2 1867 1838 99971534
2 1838 1674 99984470
2 1674 1890 99969018
2 1890 1649 99998757
2 1649 1879 99979251
2 1879 1841 99982063
2 1841 1821 99991764
2 1821 1808 99978343
2 1808 1777 99974267
2 1777 1803 99996714
2 1803 1714 99988583
2 1714 1770 99975330
2 1770 1784 99986607
2 1784 1891 99987356
2 1891 1851 99984804
2 1851 1776 99994352
2 1776 1856 99973490
2 1856 1728 99988751
2 1728 1812 99976669
2 1812 1863 99990863
2 1863 1848 99990264
2 1848 1816 99987792
2 1816 1648 99987037
2 1648 1754 99994828
2 1754 1782 99995467
2 1782 1655 99979960
2 1655 1892 99973830
2 1892 1683 99988081
2 1683 1825 99968894
2 1825 1795 99971450
2 1795 1800 99999789
2 1800 1657 99980783
2 1657 1845 99989422
2 1845 1860 99970994
2 1860 1645 99974389
2 1645 1665 99995146
2 1665 1647 99968444
2 1647 1779 99999016
2 1779 1735 99999086
2 1735 1761 99975879
2 1761 1859 99996363
2 1859 1711 99994343
2 1711 1804 99971373
2 1804 1774 99990871
2 1774 1676 99982201
2 1676 1772 99973762
2 1772 1873 99970345
2 1873 1864 99987905
2 1864 1731 99969760
2 1731 1814 99996960
2 1814 1653 99980954
2 1653 1675 99995217
2 1675 1781 99974219
2 1781 1773 99997259
2 1773 1701 99988112
2 1701 1760 99998915
2 1760 1809 99968952
2 1809 1835 99980925
2 1835 1673 99980884
2 1673 1737 99991854
2 1737 1661 99980561
2 1661 1815 99967333
2 1815 1796 99980417
2 1796 1751 99984049
2 1751 1642 99971624
2 1642 1877 99976189
2 1877 1668 99992289
2 1668 1788 99977695
2 1788 1826 99993462
2 1826 1686 99991116
2 1686 1872 99996936
2 1872 1745 99991786
2 1745 1759 99993491
2 1759 1664 99976443
2 1664 1687 99977137
2 1687 1801 99975570
2 1801 1778 99988851
2 1778 1651 99974808
2 1651 1692 99997915
2 1692 1743 99990730
2 1743 1819 99990885
2 1819 1866 99969196
2 1866 1895 99977378
2 1895 1734 99977263
2 1734 1755 99998923
2 1755 1798 99995774
2 1798 1659 99983070
2 1659 1708 99974440
2 1708 1900 99972250
2 1900 1698 99994532
2 1698 1831 99971452
2 1831 1729 99980764
2 1729 1797 99967631
2 1797 1885 99982413
2 1885 1669 99968927
2 1669 1746 99996632
2 1746 1739 99990838
2 1739 1823 99970384
2 1823 1730 99972469
2 1730 1887 99990652
2 1887 1765 99978906
2 1765 1768 99979763
2 1768 1736 99978457
2 1736 1740 99972904
2 1740 1721 99985868
2 1721 1862 99972476
2 1862 1749 99974828
2 1749 1839 99981610
2 1839 1790 99972884
2 1790 1732 99985016
2 1732 1883 99977458
2 1883 1875 99969892
2 1875 1725 99996409
2 1725 1710 99985868
2 1710 1690 99978671
2 1690 1822 99988928
2 1822 1644 99998706
2 1644 1727 99975551
2 1727 1829 99987071
2 1829 1827 99998804
2 1827 1640 99994344
2 1918 699 73
2 1991 50 28
2 1933 1080 90
1 386 1930 30062
1 1238 1970 10601
1 1471 1985 3393
2 1903 589 22
1 594 1966 2238
1 1490 1989 6305
1 1313 1985 6696
2 1955 1342 10
1 365 1973 6520
2 1945 117 94
1 138 1984 10458
2 1977 1559 13
1 1772 1989 10543
2 1976 742 61
1 1753 1953 32393
2 1995 1805 70
1 363 1904 9394
2 1930 1111 76
2 1982 113 29
1 404 1912 6568
2 1990 1578 15
2 1997 168 52
1 1058 1916 9185
1 1414 1942 32662
2 1948 1214 24
1 624 1955 21505
2 1986 715 15
2 1953 1538 41
2 1932 750 53
1 371 1995 27184
2 1961 77 86
2 1904 997 63
1 212 2000 29399
1 203 1974 12167
2 1973 970 99
1 303 1975 17846
2 1946 191 30
2 1935 1488 56
1 1269 1956 3987
2 1914 369 25
1 964 1933 14546
1 478 1961 109
1 618 1990 6278
1 535 1968 20927
2 1936 1060 69
1 1740 1902 16000
1 1552 1935 1789
2 1925 232 86
1 184 1982 27678
2 1913 63 76
2 1963 460 26
1 803 1947 31186
1 329 1981 25300
2 2000 1588 2
2 1904 458 73
2 1913 371 78
2 1966 1901 44
2 1949 1363 6
2 1980 106 97
2 1950 109 88
2 1929 30 98
1 576 1963 18052
1 1029 1943 31133
1 910 1974 17502
2 1964 801 48
2 1909 513 96
2 1909 1780 54
1 247 1932 15931
2 2000 1809 53
1 585 1940 12926
1 316 1902 24035
1 1056 1930 145
2 1936 335 65
2 1953 339 76
1 1163 1985 11606
1 1543 1975 3233
2 1986 1417 96
2 1906 1483 33
1 1235 1905 20695
1 356 1918 2795
2 1909 1313 49
2 1967 1651 65
1 350 1920 29908
1 958 1982 23345
1 922 1950 17241
2 1953 771 78
2 1944 1258 4
1 1239 1905 9332
2 1981 454 34
1 992 1958 28817
1 245 1989 20557
2 1976 1140 44
1 199 1931 19773
2 1999 640 56
1 1821 1989 28905
2 1974 870 64
1 1793 1928 5432
2 1952 496 71
2 1948 1366 94
1 1825 1904 22773
1 1737 1935 11494
2 1985 1813 59
1 720 1976 10008
1 555 1932 19765
2 1989 19 97
1 1830 2000 25874
1 237 1922 2380
2 1930 733 95
1 132 1941 30682
1 1200 1969 30545
2 1917 263 76
1 1679 1907 8829
1 1490 1984 13700
1 1848 1972 22988
1 1148 1906 3043
2 1947 1821 9
2 1903 95 26
2 1935 1749 90
1 1019 1991 31848
1 718 1949 4883
2 1999 1316 49
2 1964 1640 11
1 497 1967 27797
2 1964 879 70
2 1942 446 96
1 791 1985 28843
2 1955 916 5
1 831 1932 9217
2 1993 476 3
2 1988 378 68
2 1947 1543 59
1 287 1918 22500
2 1955 1065 37
2 1949 245 2
1 945 1935 3378
2 1950 816 46
1 655 1998 31999
2 1983 1378 78
1 106 1956 20070
2 1960 59 74
1 645 1908 8008
2 1972 1117 8
1 355 1926 12472
1 1354 1918 32515
2 1917 1803 13
1 884 1908 19955
1 320 1978 5271
2 1969 545 38
1 1840 1942 25010
1 45 1925 10385
1 1010 1999 7604
1 212 1974 5927
1 775 1924 11574
2 1944 280 71
2 1969 775 53
2 1944 730 60
1 1860 1966 21657
2 2000 1257 20
2 1996 131 38
1 1295 1979 27586
2 1967 291 48
2 1992 1838 33
1 1226 1957 15919
2 1905 1388 6
1 1334 1964 31108
2 1912 1813 34
1 905 1931 12849
2 1914 1343 84
1 884 1964 31853
1 208 1981 29706
1 1136 1940 7846
1 923 1995 13700
2 1990 245 30
2 1994 562 6
2 1987 523 51
1 1782 1982 25215
2 1909 1893 77
1 436 1953 12079
1 1580 1990 12528
2 1979 1884 96
2 1972 92 77
1 1590 1905 28307
1 1594 1923 3814
1 222 1911 29360
2 1960 1821 61
1 1846 1978 10309
2 1950 1446 99
2 1944 1195 12
2 1909 732 5
2 1924 913 72
2 1967 732 41
1 863 1944 7032
2 1953 429 54
1 851 1948 29013
1 329 1935 8474
2 1996 376 55
1 1733 1967 15354
2 1952 1491 99
2 1920 1416 55
1 1189 1954 30176
1 894 1995 26848
2 1972 451 96
1 339 1932 7179
1 478 1967 18234
2 1993 924 70
2 1914 212 80
1 134 1955 11821
2 1931 116 22
1 1401 1965 13314
1 280 1988 32640
2 1998 43 48
2 1909 636 11
2 2000 646 50
2 1953 457 34
1 786 1918 29180
1 1703 1986 26542
1 1744 1912 7836
1 1410 1949 11435
1 973 1965 9803
1 1777 1994 28153
1 1502 1972 7432
1 889 1935 27042
2 1922 281 85
1 940 1957 29987
2 1956 529 41
1 996 1933 31216
1 1569 1935 2730
1 1008 1921 16878
2 1970 1 33
1 1506 1952 5110
1 942 1957 16605
1 854 1998 8280
1 1228 1994 9305
1 432 1940 15702
1 981 1982 26772
2 1905 674 4
1 970 1922 6448
2 1913 1296 79
2 1984 1001 14
2 1990 1109 4
1 1415 1991 27275
2 1992 195 12
2 1954 1324 7
1 108 1985 23080
2 1929 340 49
2 1949 227 46
2 1936 850 71
1 1805 1933 14368
2 1983 182 14
2 1932 1552 61
1 171 1967 30503
2 1925 1077 10
2 1965 458 23
1 511 1915 17140
1 1495 1916 16206
1 125 1947 15043
1 231 1982 12098
2 1926 600 55
1 1058 1913 7391
2 1908 983 31
2 1976 1030 97
2 1989 1538 44
2 1997 299 98
2 1979 1292 61
2 1967 171 9
2 1960 928 63
1 527 1950 9795
2 1936 1466 40
2 1980 923 80
2 1967 238 79
2 1931 1589 37
1 1463 1993 19119
2 1991 1576 13
1 859 1945 30048
2 1916 538 39
2 1940 801 60
2 1964 713 60
2 1971 1578 56
2 1936 703 91
2 1978 1030 35
1 579 1981 4118
2 1910 1598 1
2 1914 406 99
1 48 1966 4281
1 142 1990 13964
2 1942 1457 45
1 1387 1902 28408
1 1273 1945 11865
2 1933 174 42
1 1341 1909 25446
2 1921 1062 61
1 255 1986 14248
2 1991 1109 67
1 12 1943 22649
2 1994 851 73
1 106 1924 27816
2 1917 167 83
1 1169 1915 20726
1 792 1987 30486
1 1005 1993 9370
1 1423 1972 16760
2 1961 168 61
2 1948 814 26
1 680 1968 24063
1 1074 1971 30253
2 1927 1146 19
2 1936 1850 80
1 1766 2000 20120
1 1858 1910 137
2 1903 1484 6
1 257 1969 6813
1 782 1955 29541
2 1909 1672 34
1 326 1961 11099
2 1956 1043 33
2 1946 1093 59
1 644 1952 9909
2 1996 1603 37
2 1937 1323 26
2 1980 1535 78
1 1899 1917 24297
2 1959 1095 95
2 1916 496 8
1 777 1987 31189
2 1920 426 98
2 1994 1407 33
2 1903 1513 33
2 1963 1147 34
1 1404 1949 1247
2 1983 479 69
1 691 1950 32015
1 693 1905 11556
1 660 1905 8836
1 1763 1971 14436
2 1989 940 51
2 1946 1162 62
2 1934 1448 9
2 1917 1737 76
1 1373 1969 2902
1 156 1998 415
2 1971 159 33
1 623 1920 21147
1 330 1991 6472
2 1989 1562 42
1 200 1972 4517
1 413 1965 534
1 545 1952 32409
1 1814 1995 12877
1 702 1955 12580
1 1628 1957 32231
2 1975 217 65
1 1864 1981 10082
1 1695 1936 21380
2 1958 91 18
2 1951 1625 4
2 1940 149 13
1 1424 1965 29142
1 249 1924 5712
2 1978 749 82
2 1927 1567 51
1 622 1968 20587
1 538 1944 16106
1 139 1991 23084
2 1998 1485 26
2 1979 1174 96
2 1979 1000 14
1 432 1912 21050
1 513 1954 14717
2 1985 1888 6
1 56 1994 22863
1 1374 1970 26509
2 1963 725 10
1 1412 1953 20904
1 224 1904 17051
2 1958 834 70
1 523 1914 13438
1 155 1974 28019
2 1903 637 84
1 729 1954 9225
2 1944 1263 57
1 406 1905 14295
1 858 1906 21133
1 786 1969 2131
2 1979 861 1
1 200 1995 2212
1 1455 1985 31796
2 1983 1014 54
1 1226 1973 22221
1 1391 1933 29419
1 1116 1910 18363
1 825 1974 15925
1 1321 1944 10125
2 1979 361 56
2 1977 1121 47
1 1400 1969 12399
2 1908 1529 10
2 1905 705 30
1 1005 1962 16943
2 1969 654 24
2 1923 683 51
1 1584 1930 20998
2 1940 583 89
1 1217 1995 17769
1 1623 1924 9036
1 1453 1958 12767
2 1935 965 0
2 1923 686 47
2 1956 518 20
1 1626 1921 13127
2 1953 775 28
2 1918 58 21
1 1392 1920 25269
1 848 1905 7375
2 1920 971 22
1 591 1977 1424
2 1903 1380 34
1 1309 2000 24649
1 164 1920 20301
1 477 1964 32661
2 1919 708 4
2 1928 966 47
1 886 1931 23931
2 1947 656 95
1 7 1944 6851
2 1986 261 42
2 1964 1007 38
1 1489 1934 8662
1 781 1960 7936
1 792 1982 4422
2 1902 558 0
1 1424 1916 21813
2 1984 726 30
1 1076 1971 16301
1 745 1933 2
1 367 1997 18154
2 1911 902 17
1 923 1994 14811
2 1992 271 38
2 1940 249 72
2 1948 599 21
1 453 1916 17696
1 603 1995 10178
2 1998 1248 3
2 1955 1704 99
1 1216 1961 16909
2 1980 745 82
1 901 1952 19251
2 1982 1023 40
2 1955 1858 74
1 1247 1942 8315
1 830 1951 20392
2 1904 1449 24
2 1955 240 86
1 1686 1968 22928
1 156 1950 30568
2 1958 931 26
1 1863 1995 4398
2 1982 1424 25
1 771 1943 20579
1 1191 1984 15966
1 625 1918 27493
1 884 1978 24399
2 1906 753 17
1 594 1965 9448
1 553 1916 25306
1 317 1953 4347
2 1933 1539 99
2 1952 967 52
1 1812 1963 19356
2 1955 1720 14
2 1967 1791 82
2 1916 1268 35
1 1076 1964 1278
1 351 1910 28880
1 864 1949 22839
1 1251 1978 12785
1 1601 1978 2447
2 1966 956 55
1 179 1948 31547
2 1947 1742 83
1 1487 1965 32546
1 1130 1930 29119
1 537 1996 13920
1 601 1959 24015
2 1919 754 18
2 2000 491 65
2 1937 1591 7
2 1915 1245 10
1 103 1910 3278
2 1913 697 86
1 1061 1950 24084
2 1913 363 60
2 1917 1745 29
2 1969 312 81
1 457 1995 15812
1 1790 1995 31733
1 1557 1967 7563
1 1881 1981 8968
2 1953 1297 77
2 1979 869 69
2 1972 959 21
2 1904 1740 2
1 1423 1955 23815
2 1992 1577 90
1 1684 1971 21728
2 1976 1245 10
1 720 1927 29499
2 1919 535 81
1 740 1960 21846
2 1958 382 52
2 1921 1690 46
1 1139 1928 1592
2 1933 1737 45
2 1965 1491 86
1 1864 1958 21950
1 1016 1916 11066
2 1924 1246 98
1 1783 1910 3257
1 1524 1965 31790
1 1900 1943 12068
2 1935 1226 3
2 1935 54 32
1 823 1911 27883
2 1974 1149 84
2 1982 1892 19
1 518 1956 8130
1 1353 1940 3364
2 1907 465 79
2 1929 375 29
1 509 1994 14379
2 1917 7 25
2 1921 1560 62
2 1924 805 28
1 558 1917 11417
1 1861 1962 271
2 1908 577 82
1 1468 1941 5832
2 1973 1612 50
2 1983 1631 19
1 960 1907 12288
1 176 1912 1891
1 701 1935 31556
2 1923 998 24
2 1951 1617 60
2 1967 1797 98
2 1928 206 0
2 1987 1374 15
1 1296 2000 14041
1 1356 1975 21981
2 1973 1535 80
1 771 1988 28649
1 1498 1974 20526
2 1976 1619 25
2 1929 175 10
1 1325 1977 7910
1 1701 1995 9397
1 1703 1920 30051
1 1732 1917 16955
1 2 1991 7144
1 471 1928 751
2 1909 1450 56
2 1974 681 90
2 1977 1383 78
1 1192 1908 28829
2 1925 1540 64
1 1302 1975 3735
2 1940 121 24
2 1987 1124 38
1 1517 1978 11445
1 1680 1982 7544
2 1976 1612 5
2 1971 1127 31
1 1449 1936 436
1 1239 1976 17640
1 1818 1912 23984
1 327 1951 23719
1 1758 1968 589
2 1994 1306 38
2 1941 1333 22
1 493 1946 17070
1 724 1976 23951
2 1971 975 81
1 1598 1960 23689
2 1937 992 13
1 1822 1936 3533
2 1972 384 98
1 127 1909 5639
1 1520 1911 31463
1 1270 1936 26775
1 1377 1934 5002
1 572 1906 3089
2 1988 1313 43
1 618 1909 11965
2 1999 275 15
1 991 1987 2841
1 1619 1968 30028
2 1979 1352 49
2 1958 1848 70
2 1944 1367 10
1 1818 1966 32057
2 1987 1470 85
1 775 1982 30938
1 28 1958 13861
1 1538 1943 27876
2 1941 397 1
2 1962 774 52
1 1166 1942 2891
1 574 1954 18894
2 1944 1807 71
2 1948 764 77
1 1655 1972 23475
2 1979 1461 79
2 1933 891 30
2 1983 1233 3
1 1567 1936 25614
1 1787 1962 17826
1 123 1921 22913
2 1946 911 74
1 1848 1956 29772
2 1947 110 73
2 1932 1683 78
1 1584 1983 5549
2 1938 1527 70
2 1917 1590 16
1 1322 1935 7043
2 1950 968 97
2 1904 644 82
1 1441 1933 23856
1 1333 1989 7404
2 1945 973 34
1 714 1930 25734
2 1969 261 95
1 518 1973 23709
2 1952 1026 9
1 143 1984 25789
2 1950 246 13
1 1460 1930 22310
2 1972 984 69
2 1965 856 87
1 508 1991 15082
1 136 1996 13400
1 259 1966 20299
2 1938 1706 8
2 1932 1803 33
1 1046 1949 22339
2 1990 1185 94
2 1971 495 59
2 1978 130 90
1 415 1935 28218
2 1932 1080 52
1 1150 1975 23479
2 1934 874 61
2 1914 681 16
1 678 1949 19109
1 1332 1943 6290
1 807 1945 18836
1 851 1991 2509
2 1907 635 84
1 709 1980 24443
1 1613 1932 27209
2 1963 1121 15
2 1917 1807 72
2 1952 426 30
1 757 1930 7820
2 1943 651 0
2 1972 309 69
2 1910 874 25
1 652 1925 30876
2 1908 478 77
1 1646 1986 18641
2 1939 1704 41
1 1534 1992 29179
1 186 1934 26661
1 19 1931 19212
1 1400 1990 27195
2 1934 1117 93
2 1931 378 96
1 1057 1971 5999
1 1196 1919 19399
2 1915 777 5
1 437 1982 11769
2 1907 121 75
1 299 1921 28230
2 1903 1863 54
1 1256 1987 28112
1 1789 1907 13426
2 1974 350 53
1 914 2000 11359
1 744 1983 23453
1 1407 1948 5653
1 1549 1973 17956
2 1993 735 15
1 1808 1903 368
2 1952 775 94
1 870 1964 29604
2 1975 5 56
1 609 1996 29850
1 752 1922 3199
2 1989 684 75
2 1994 811 54
1 1343 1978 26027
1 185 1983 24009
1 273 1918 5756
2 1986 801 44
1 1146 1957 12406
2 1919 1271 29
1 1102 1985 10102
2 1914 1710 86
2 1981 428 59
2 1905 627 27
2 1935 1586 66
1 1331 1903 21565
2 1970 1279 19
2 1951 261 22
1 1110 1948 19963
2 1981 230 80
1 694 1955 6680
2 1939 1341 80
1 848 1987 17063
2 1915 1867 51
2 1915 191 24
2 1953 1159 48
2 1935 1629 25
2 1948 1661 70
1 1131 1915 10585
1 1005 1929 26250
1 959 1923 1291
1 1763 1937 7602
2 1942 482 6
1 1683 1980 6709
1 1838 1977 5475
1 1224 1989 25384
2 1945 440 77
2 1944 1533 85
2 1955 278 3
1 262 1903 14844
1 755 1972 28493
1 892 1912 28366
2 1977 1627 1
1 1281 1902 1776
1 385 1906 21911
1 123 1972 32062
1 1128 1973 14100
1 391 1970 13829
2 2000 229 55
2 1946 727 39
1 1049 1910 7380
1 1727 1999 19068
2 1924 988 44
1 1014 1923 11916
2 1938 1291 89
2 1917 1815 73
2 1991 734 46
1 118 1904 19051
1 1766 1921 13924
2 1926 91 34
1 633 1903 19719
1 1274 1930 647
2 1980 158 29
1 378 1943 13685
1 908 1983 1194
2 1930 1879 11
1 901 1929 30863
2 1940 943 52
1 214 1916 15685
2 1948 763 82
1 636 1907 18753
2 1972 1772 3
2 1985 103 4
2 1989 109 61
1 539 1923 14300
1 1685 1926 32259
1 340 1909 11240
1 773 1952 26277
2 1989 639 68
2 1948 812 62
1 729 1979 17233
2 1969 847 4
1 28 1964 31955
1 156 1988 12012
2 1998 876 90
2 1941 583 11
2 1979 592 36
2 1937 1710 19
1 110 1917 31273
1 963 1977 16438
2 1986 1872 19
2 1956 1781 39
1 951 1972 20090
2 1934 1361 99
2 1994 1633 89
1 1056 1925 2733
2 1925 79 65
2 1947 666 51
2 1997 138 39
1 470 1974 15496
2 1994 1303 0
1 4 1974 29614
1 1260 1925 28474
2 1925 1580 52
1 280 1999 22666
2 1930 601 66
2 1973 1005 29
2 1919 1073 26
1 1383 1995 20733
1 1353 1925 19553
2 1938 31 11
2 1965 1647 24
1 518 1910 803
2 1999 847 31
1 1764 1961 4086
2 1977 1720 8
2 1981 450 72
1 729 1970 5113
2 1966 567 8
2 1903 1057 87
2 1996 860 88
2 1955 1020 21
2 1986 413 84
1 981 1968 24546
2 1927 277 17
2 1921 591 86
1 1498 1917 30876
1 497 1911 24410
2 1971 533 73
1 173 1913 29909
2 1939 1814 77
1 1209 1924 22471
1 1897 1984 28147
1 1385 1903 29690
2 1968 1516 4
2 1988 1090 86
2 1920 1376 59
1 1144 1915 12558
2 1984 1489 96
1 1298 1908 6343
1 351 1970 9944
1 1641 1969 12402
2 1973 572 31
1 1495 1953 3612
2 1998 236 22
1 54 1921 17864
1 1821 1960 30783
2 1994 221 86
2 1978 347 44
2 1993 325 99
2 1953 1582 73
1 1806 1946 26804
1 1175 1934 12149
1 1518 1917 27915
1 1554 1975 29723
2 1990 1543 81
2 1973 1149 58
2 1968 1093 17
1 568 1903 9622
1 1104 1931 30076
2 1928 462 7
1 177 1908 21727
1 593 1908 30449
1 311 1918 5308
2 1990 733 40
1 430 1914 29723
2 1989 867 47
2 1992 1255 1
2 1951 230 74
