20
29
256 24
243 12
283 18
237 22
234 26
152 11
207 24
298 11
202 17
290 15
205 8
156 5
276 15
182 10
173 9
270 12
253 18
182 23
197 24
201 15
296 21
175 12
272 8
152 24
176 12
151 13
191 5
257 14
173 23
53
184 22
280 8
290 29
186 6
227 28
227 7
172 24
253 16
237 27
226 29
246 24
298 7
290 24
256 7
240 12
237 9
227 26
227 5
261 16
159 15
228 16
175 26
237 16
212 15
205 11
158 16
229 27
260 26
256 6
258 17
209 27
263 26
192 29
206 21
236 6
158 14
169 24
219 5
288 15
268 21
196 10
266 26
244 6
287 15
193 29
298 23
268 6
256 12
184 6
264 13
215 29
195 12
157 7
39
237 25
276 5
226 18
261 15
160 7
174 11
269 11
175 26
287 23
271 16
165 8
237 5
262 24
245 6
297 6
170 18
269 13
208 13
180 18
184 28
276 9
283 22
217 16
191 26
170 27
213 13
264 18
202 5
292 18
251 12
272 5
298 21
238 15
171 27
257 7
177 24
153 24
285 14
287 12
46
217 10
177 20
229 15
211 19
251 14
156 27
212 27
200 5
236 9
193 24
232 9
218 26
199 21
178 14
280 25
167 19
215 19
244 15
200 18
216 9
235 10
260 6
297 25
233 19
283 18
272 27
259 7
267 29
254 9
172 22
179 12
206 5
205 22
224 29
236 15
187 27
217 21
226 12
212 8
223 27
298 22
152 20
210 17
203 9
182 5
295 13
43
151 12
269 15
229 15
185 5
299 5
298 27
164 20
170 29
297 5
189 21
220 7
280 18
211 12
229 14
279 5
179 13
193 20
234 27
202 11
168 24
236 25
162 6
205 16
199 15
192 5
291 6
249 18
162 14
172 8
261 9
267 25
293 16
232 14
178 14
289 9
151 6
219 6
197 6
225 16
203 9
215 29
243 29
174 19
39
244 11
281 8
278 7
163 28
218 7
242 23
195 6
247 14
205 25
284 6
232 8
219 29
215 18
213 10
163 5
209 27
282 15
218 22
245 24
179 25
288 24
204 23
288 5
167 6
152 5
207 9
214 8
202 15
170 23
240 18
211 6
259 5
285 15
229 9
219 13
297 9
197 14
247 23
210 11
40
200 25
189 9
284 23
193 18
270 9
240 14
164 16
242 18
199 21
246 19
205 8
207 12
195 15
244 21
172 21
245 27
249 10
166 23
281 12
260 5
222 9
240 22
287 21
256 11
280 5
282 22
255 16
195 23
218 17
228 12
292 7
177 24
291 29
155 5
210 11
290 15
209 12
163 23
253 16
155 15
48
191 23
233 9
156 25
293 17
156 22
181 5
198 6
297 5
262 25
281 18
193 6
270 28
218 24
160 5
196 6
165 8
204 5
236 5
180 27
242 27
211 19
269 13
263 14
283 6
243 27
284 15
190 13
200 15
220 5
254 24
261 6
157 11
254 6
257 10
157 27
201 12
233 19
223 9
184 13
276 10
294 6
191 28
276 7
219 24
255 18
198 15
187 22
292 5
21
172 28
172 5
172 16
172 28
172 6
172 17
172 6
172 29
172 24
172 12
172 7
172 29
172 18
172 15
172 18
172 26
172 12
172 19
172 18
172 5
172 29
70
151 12
152 11
153 19
154 15
155 10
151 5
152 17
153 9
154 17
155 26
156 5
151 6
152 29
153 12
154 18
155 26
156 25
151 13
152 24
153 12
154 22
155 9
156 17
151 26
152 23
153 14
154 24
155 6
156 23
151 13
152 21
153 24
154 8
155 18
156 21
151 20
152 10
153 9
154 9
155 24
156 5
151 24
152 5
153 13
154 20
155 23
156 18
151 9
152 22
153 22
154 27
156 6
155 5
151 22
152 28
153 5
154 27
155 27
156 22
151 15
152 6
153 27
154 27
155 24
156 20
151 21
152 8
153 5
154 15
155 11
20
261 10
277 6
179 17
201 9
153 12
276 26
284 12
179 9
199 23
194 28
280 5
209 29
152 12
276 28
172 26
263 5
214 20
177 8
178 12
215 21
70
300 30
300 30
300 30
300 30
300 30
300 30
300 30
300 30
300 30
300 30
300 30
300 30
300 30
300 30
300 30
300 30
300 30
300 30
300 30
300 30
300 30
300 30
300 30
300 30
300 30
300 30
300 30
300 30
300 30
300 30
150 30
150 30
150 30
150 30
150 30
150 30
150 30
150 30
150 30
150 30
150 30
150 30
150 30
150 30
150 30
150 30
150 30
150 30
150 30
150 30
150 30
150 30
150 30
150 30
150 30
150 30
150 30
150 30
150 30
150 30
150 30
150 30
150 30
150 30
150 30
150 30
150 30
150 30
150 30
150 30
6
300 28
300 30
300 29
150 6
150 5
150 7
13
200 30
150 5
151 5
152 5
153 5
154 5
155 5
156 5
157 5
158 5
159 5
160 5
161 5
6
200 20
199 15
198 17
197 8
196 6
195 5
70
150 30
150 30
150 30
150 30
150 30
150 30
150 30
150 30
150 30
150 30
150 30
150 30
150 30
300 5
300 5
300 5
300 5
300 5
300 5
300 5
300 5
300 5
300 5
300 5
300 5
300 5
300 5
300 5
300 5
300 5
300 5
300 5
300 5
300 5
300 5
300 5
300 5
300 5
300 5
300 5
300 5
300 5
300 5
300 5
300 5
300 5
300 5
300 5
300 5
300 5
300 5
300 5
300 5
300 5
300 5
300 5
300 5
300 5
300 5
300 5
300 5
300 5
300 5
300 5
300 5
300 5
300 5
300 5
300 5
300 5
3
150 5
200 10
250 15
9
150 5
150 5
150 5
200 15
200 15
200 15
250 30
250 30
250 30
70
300 30
299 30
298 30
297 30
296 30
295 30
294 30
293 30
292 30
291 30
290 30
289 30
288 30
287 30
286 30
285 30
284 30
283 30
282 30
281 30
280 30
279 30
278 30
277 30
276 30
275 30
274 30
273 30
150 30
151 30
152 30
153 30
154 30
155 30
156 30
157 30
158 30
159 30
160 30
161 30
162 30
163 30
164 30
165 30
166 30
167 30
168 30
169 30
170 30
171 30
172 30
173 30
174 30
175 30
176 30
177 30
178 30
179 30
180 30
181 30
182 30
183 30
184 30
185 30
186 30
187 30
188 30
189 30
190 30
191 30
70
300 30
299 29
298 30
297 27
296 30
295 29
294 30
293 27
292 30
291 30
290 29
289 30
288 27
287 30
286 30
285 28
284 27
283 30
282 30
281 29
280 30
279 27
278 30
277 30
276 28
275 30
274 27
273 30
150 30
151 30
152 27
153 29
154 30
155 30
156 28
157 30
158 27
159 29
160 30
161 27
162 30
163 28
164 30
165 30
166 29
167 30
168 27
169 30
170 29
171 30
172 27
173 30
174 28
175 30
176 27
177 30
178 28
179 30
180 27
181 30
182 29
183 30
184 27
185 30
186 28
187 30
188 27
189 30
190 28
191 30
