200 2779 13 30
119 3 1 5 11
95 7 6 7 8 10 11 12 13
117 12 1 3 4 5 6 7 8 9 10 11 12 13
117 6 5 6 8 11 12 13
85 7 3 5 8 9 10 12 13
151 9 3 4 5 6 8 9 11 12 13
77 4 1 2 12 13
29 6 1 5 9 10 11 13
160 10 1 2 4 5 6 7 10 11 12 13
101 6 4 6 7 8 10 12
25 6 1 4 8 10 11 13
105 6 1 3 6 7 11 12
51 7 1 2 5 6 9 10 11
109 5 3 5 6 11 13
109 8 2 6 8 9 10 11 12 13
136 6 1 6 7 11 12 13
103 9 1 3 4 5 6 10 11 12 13
23 7 2 4 6 8 9 11 13
2 7 1 2 7 8 9 11 12
4 6 4 6 7 10 11 12
96 8 1 3 4 8 9 10 12 13
88 8 1 4 5 8 9 10 11 12
183 6 1 2 3 7 9 12
173 7 1 2 4 5 7 8 12
191 9 2 3 5 7 8 10 11 12 13
170 7 2 3 4 5 8 11 13
114 8 1 2 3 6 7 10 11 12
57 9 1 2 4 6 8 9 10 11 13
123 6 1 2 4 6 10 11
123 6 3 4 7 8 10 11
45 159 472 7 1 2 8 10 11 12 13
54 141 485 7 2 3 4 5 6 9 11
41 152 391 8 1 3 4 5 8 9 11 12
106 168 435 9 1 2 3 4 5 7 8 10 12
136 181 496 6 1 2 4 6 9 13
59 135 408 6 2 4 5 6 7 8
36 163 327 7 2 3 4 5 7 8 13
78 102 361 4 7 9 12 13
156 175 454 3 5 7 13
94 200 338 4 6 7 8 13
54 62 448 8 2 3 4 5 6 8 10 11
81 109 414 4 1 4 7 10
3 86 417 3 1 3 7
16 99 390 9 1 2 3 4 6 9 10 11 12
14 154 488 7 4 5 6 7 8 11 12
123 132 461 8 2 5 7 8 10 11 12 13
20 90 479 8 1 3 6 7 8 10 11 12
135 167 480 10 1 2 3 5 6 8 10 11 12 13
51 154 437 6 1 2 4 7 8 13
123 158 367 5 1 2 3 4 11
54 172 307 5 2 3 6 8 9
49 144 332 6 4 6 7 10 11 13
128 170 360 7 1 3 5 6 8 9 13
110 123 452 8 1 3 4 6 7 8 11 12
132 155 497 8 1 3 4 5 6 7 10 13
173 184 457 5 3 5 7 9 12
35 96 306 11 1 2 3 4 7 8 9 10 11 12 13
111 125 400 6 2 3 6 8 10 13
60 114 323 5 3 6 7 8 9
29 81 415 5 4 5 8 9 12
61 168 335 5 1 6 9 11 13
100 180 448 7 1 4 5 8 9 11 13
151 152 353 5 1 3 7 9 11
26 82 426 8 1 3 7 8 10 11 12 13
109 177 383 7 3 4 5 6 9 11 12
13 141 349 4 1 2 9 10
41 151 487 6 2 4 5 8 11 13
46 141 362 7 1 2 3 4 5 11 13
33 99 410 9 1 4 5 6 7 8 9 11 13
149 155 393 7 2 6 7 8 9 10 11
121 129 352 7 1 3 4 5 10 11 13
9 56 310 6 1 8 10 11 12 13
21 193 308 3 5 8 13
11 133 421 8 2 3 4 5 9 10 11 13
140 144 400 0
7 65 448 8 2 3 5 6 7 8 11 12
86 123 382 6 2 4 5 6 9 12
34 90 380 6 1 2 4 5 8 11
150 179 380 9 2 3 4 5 6 7 11 12 13
173 187 471 7 1 2 4 8 10 11 13
42 165 447 9 2 3 5 6 7 8 10 11 13
1 102 387 0
22 45 304 7 1 2 7 9 10 12 13
50 93 459 6 2 3 6 10 12 13
41 108 339 6 2 6 7 8 9 11
86 191 453 6 4 7 8 10 11 13
36 125 369 6 1 2 3 6 7 13
151 165 497 5 6 7 9 10 12
63 196 305 7 3 6 7 8 11 12 13
131 180 392 6 2 4 8 9 10 13
1 166 364 9 1 4 5 6 7 8 9 10 12
39 128 340 7 1 4 7 9 10 12 13
20 160 492 6 2 3 5 7 10 13
14 62 417 7 1 3 4 6 8 9 10
115 196 419 6 4 5 6 7 12 13
72 178 327 4 2 5 10 11
53 72 418 6 1 2 3 4 10 12
63 160 406 11 1 2 3 4 5 6 8 9 10 11 12
3 38 342 5 5 6 7 9 12
130 145 329 5 3 7 8 10 13
46 175 451 6 2 5 7 10 12 13
175 197 394 3 1 8 12
103 178 491 0
185 195 459 0
25 41 316 8 1 2 4 5 9 10 11 12
192 196 392 8 3 7 8 9 10 11 12 13
96 148 407 9 1 2 5 6 7 9 10 11 12
23 54 350 5 1 2 4 7 12
73 197 424 6 1 5 6 9 10 13
31 102 487 3 4 10 11
43 91 322 6 1 2 5 7 8 11
146 183 323 5 1 2 10 11 12
121 153 326 6 1 2 5 10 11 13
159 180 326 4 2 7 9 10
52 68 483 0
181 187 365 7 1 2 6 8 9 10 13
65 128 431 7 1 3 4 7 9 11 12
34 92 352 7 1 5 6 7 9 10 11
42 179 314 6 2 3 5 6 11 13
40 88 436 6 1 2 3 4 8 12
157 160 396 4 6 7 8 13
43 152 379 7 1 2 3 4 5 6 13
53 172 477 4 1 2 12 13
45 109 341 11 1 2 3 4 5 6 8 9 11 12 13
145 146 496 4 1 2 11 12
4 186 396 0
8 163 368 8 3 6 7 8 9 10 12 13
16 59 415 3 5 7 11
10 30 454 7 2 3 4 5 8 12 13
71 181 362 5 3 4 5 6 7
14 129 396 6 1 2 5 7 11 13
36 41 357 5 2 3 5 6 9
37 59 457 6 3 4 5 7 11 13
5 177 387 10 3 4 5 6 7 8 9 10 11 12
66 122 317 6 1 4 8 9 11 13
107 158 473 6 2 3 6 10 12 13
24 69 431 7 2 3 8 10 11 12 13
94 99 376 9 2 4 5 6 8 9 10 11 12
16 117 323 8 2 3 4 5 6 11 12 13
104 149 355 6 5 6 7 8 10 11
189 195 316 8 1 3 4 5 6 7 9 12
169 179 497 3 6 9 13
16 21 331 0
42 145 342 6 4 7 9 10 11 13
123 133 475 9 1 3 5 6 7 9 10 11 12
41 141 314 7 1 5 6 8 9 11 13
135 136 360 7 2 3 4 6 8 10 13
7 112 406 4 1 7 9 11
50 152 318 6 1 3 7 8 9 13
66 109 374 6 1 2 8 11 12 13
104 171 343 6 1 2 3 4 10 13
103 146 366 9 1 2 3 5 6 7 9 10 12
91 173 453 7 2 3 4 5 7 8 10
64 97 472 5 2 8 9 10 11
39 162 359 3 1 4 10
12 74 450 0
4 139 320 7 3 4 5 9 10 12 13
45 194 428 9 2 3 5 6 7 8 9 12 13
35 36 317 8 1 3 5 6 7 8 9 12
20 195 426 7 2 5 8 9 10 11 13
4 126 490 6 2 3 4 5 7 13
13 62 413 6 1 3 4 8 9 13
138 198 483 6 1 6 7 9 10 11
80 105 399 8 2 3 4 6 7 8 10 11
34 140 452 10 1 2 3 4 6 7 8 9 11 13
13 160 452 7 1 2 6 10 11 12 13
69 184 324 10 1 2 4 5 6 7 9 10 11 12
16 50 384 5 1 4 5 8 13
16 156 329 4 6 8 10 11
129 189 300 7 1 4 5 6 7 10 13
5 9 391 5 3 4 7 9 10
103 177 345 0
124 160 497 5 2 7 9 10 11
15 176 422 6 2 3 4 5 8 10
122 158 339 8 1 2 3 7 8 10 11 13
168 176 473 7 6 7 8 9 10 11 12
81 110 388 9 1 3 4 5 6 8 9 12 13
107 140 399 7 1 2 3 4 5 7 9
97 142 379 0
121 149 358 8 2 3 5 6 7 10 11 13
47 143 474 6 1 2 5 7 8 13
49 88 374 0
136 138 377 4 2 6 7 13
19 20 427 5 6 7 9 11 13
54 144 498 3 6 10 11
33 52 436 7 1 3 5 6 8 10 11
20 109 329 6 1 2 5 8 10 13
165 170 318 5 5 6 7 8 13
1 131 316 6 2 4 5 6 11 12
122 127 346 11 1 2 3 4 5 7 8 9 10 12 13
46 138 396 0
56 87 459 3 1 9 10
10 115 411 6 1 3 6 7 8 12
42 55 332 10 2 4 5 6 7 8 9 10 12 13
30 85 358 7 2 5 7 8 9 12 13
6 64 364 3 1 6 9
2 44 484 4 2 6 10 12
93 138 383 7 4 5 6 7 11 12 13
59 144 400 10 1 3 4 5 6 7 8 9 12 13
29 65 465 9 1 2 3 4 7 8 9 10 11
44 102 383 9 1 3 4 5 7 8 9 11 12
38 140 443 7 1 2 3 4 7 11 13
30 124 462 7 2 3 5 6 10 12 13
2 154 332 7 1 2 4 5 6 12 13
47 198 318 8 3 4 5 8 9 10 11 13
63 194 302 6 2 4 6 7 10 12
46 153 305 4 3 5 7 12
67 170 358 7 2 3 5 7 9 11 12
67 175 401 7 2 8 9 10 11 12 13
15 123 337 0
147 173 417 4 5 9 11 13
80 182 327 2 4 12
29 64 411 9 2 4 5 6 7 10 11 12 13
32 182 446 10 1 3 4 5 6 7 8 10 12 13
58 199 407 11 2 3 4 5 6 7 8 9 10 11 13
101 183 362 8 3 4 5 6 9 11 12 13
107 147 382 7 1 3 4 6 7 8 9
12 32 436 9 1 3 4 5 7 8 9 10 11
36 184 332 5 1 4 5 6 9
13 17 399 9 1 4 5 8 9 10 11 12 13
151 156 435 9 1 2 5 6 7 8 9 10 11
21 145 429 8 2 4 6 7 8 9 11 13
22 132 358 10 1 3 4 5 6 8 10 11 12 13
31 99 346 9 1 3 4 5 7 8 10 11 12
21 189 461 4 3 4 9 12
40 148 368 5 1 2 4 7 9
72 157 410 6 1 3 6 7 10 13
54 199 397 9 4 5 6 7 8 10 11 12 13
136 199 403 7 1 3 5 7 9 11 12
31 74 462 7 2 5 6 8 9 11 13
41 127 363 7 2 3 6 7 9 11 12
141 154 486 5 2 3 8 11 13
142 199 406 8 1 3 5 6 7 10 11 12
56 194 325 7 1 3 4 6 7 8 11
11 63 471 0
59 64 424 10 1 2 3 4 8 9 10 11 12 13
136 162 479 5 1 2 5 10 11
9 51 476 5 1 4 6 9 12
54 97 482 8 1 5 6 7 8 9 11 12
79 164 381 6 1 2 5 6 10 11
40 72 313 4 3 8 11 13
89 186 351 9 2 3 5 6 7 8 9 10 13
6 33 360 7 2 3 5 6 7 10 12
130 184 377 7 1 4 5 7 9 11 13
135 151 497 7 2 3 4 6 8 9 10
151 178 467 8 1 2 3 4 6 9 11 12
152 174 439 0
103 199 380 9 1 3 5 6 7 9 10 11 12
11 168 404 6 1 2 7 11 12 13
74 193 471 4 2 6 7 10
76 120 431 8 1 3 4 7 8 9 10 11
32 63 339 5 1 5 9 10 11
97 170 352 5 1 4 9 12 13
80 198 441 7 2 7 8 9 11 12 13
8 31 337 8 1 2 3 5 6 8 11 13
2 141 465 5 5 6 10 11 13
107 118 309 7 2 4 5 6 7 9 10
136 161 400 0
56 117 363 5 2 3 6 7 10
1 59 413 2 2 3
9 185 362 4 3 9 10 13
7 67 426 9 2 3 5 6 8 9 10 12 13
110 157 351 7 2 3 4 7 10 11 12
90 185 468 7 4 5 6 8 9 10 13
34 99 403 3 2 8 10
147 160 322 7 1 2 3 5 7 9 12
62 191 344 5 1 3 5 10 13
42 48 383 7 2 3 4 6 7 9 12
62 71 451 4 1 5 11 13
78 108 327 6 1 6 7 10 12 13
9 119 416 3 4 5 6
19 30 416 7 3 4 5 7 8 9 11
100 183 378 0
100 153 476 9 1 4 6 7 9 10 11 12 13
78 184 445 8 2 3 6 8 9 11 12 13
27 35 376 9 1 2 3 4 5 6 8 12 13
53 77 444 8 1 2 5 6 7 9 12 13
29 107 384 6 5 6 8 9 11 12
2 32 408 0
8 46 300 7 4 6 7 9 10 11 12
29 156 308 5 4 6 8 9 12
161 164 491 6 1 2 4 5 8 10
19 124 339 4 1 7 9 13
78 192 312 8 1 2 3 6 7 8 10 12
12 138 432 6 1 4 6 8 9 13
57 107 376 0
56 57 478 4 2 4 11 12
155 188 393 10 1 2 4 5 7 9 10 11 12 13
83 114 476 7 3 6 7 9 10 11 12
60 105 341 5 3 5 8 11 13
50 103 458 6 1 2 4 8 11 12
121 167 491 0
117 130 419 4 4 5 6 7
4 123 310 9 1 2 3 5 8 9 10 11 13
154 199 459 1 10
152 165 322 4 2 3 5 11
41 59 484 5 1 2 6 7 13
140 184 304 10 3 4 5 6 8 9 10 11 12 13
26 37 357 6 1 2 3 6 9 10
88 94 387 0
79 140 483 6 2 7 8 11 12 13
9 59 473 5 3 4 6 8 9
62 195 304 3 7 9 13
8 104 313 5 1 4 7 8 13
152 179 450 8 1 2 5 6 8 9 10 12
139 141 449 5 1 2 7 8 9
24 105 341 0
90 100 346 6 2 5 9 10 11 12
109 194 486 7 1 4 8 9 10 11 12
38 84 449 9 1 2 3 4 6 8 9 11 12
16 189 346 6 1 3 4 8 10 12
67 180 446 6 1 3 4 9 11 12
72 147 440 7 2 3 4 5 8 10 12
65 114 337 10 1 2 4 5 6 7 8 9 10 11
77 104 458 4 4 6 10 13
117 125 324 8 3 5 6 8 9 10 11 12
40 193 365 7 2 4 5 7 9 12 13
19 173 388 8 2 4 5 6 9 10 11 13
52 100 418 4 3 10 11 13
43 145 494 6 2 3 4 5 7 10
146 165 429 0
13 192 376 3 2 4 6
15 149 485 7 1 2 3 4 8 10 12
131 159 348 6 1 3 6 7 9 12
101 114 338 4 2 3 6 8
64 139 396 10 2 3 5 6 7 8 9 10 11 12
18 122 323 3 3 6 7
65 167 475 10 1 2 3 5 6 7 8 10 12 13
73 121 352 5 4 5 6 11 13
3 175 380 5 1 2 5 11 12
13 152 362 8 1 3 4 6 7 9 10 12
90 126 487 5 2 4 6 10 12
42 56 354 8 1 2 4 6 8 11 12 13
14 104 318 3 3 6 10
3 198 301 7 2 3 7 9 10 11 12
38 166 456 6 3 6 7 8 10 12
59 128 468 0
22 112 342 6 4 5 6 7 9 11
1 91 454 10 1 2 3 5 6 7 9 10 12 13
85 183 406 5 1 3 7 10 12
43 140 444 7 1 4 5 7 10 12 13
55 106 300 6 1 6 7 8 9 11
86 122 304 9 1 2 4 5 6 7 8 11 12
18 36 384 0
115 117 489 6 2 3 6 7 9 13
68 109 414 3 2 3 6
122 199 409 12 1 2 3 4 5 6 7 8 10 11 12 13
62 77 354 9 1 2 3 4 6 7 9 12 13
38 113 303 5 2 6 7 8 9
94 124 479 6 7 8 10 11 12 13
173 192 300 8 1 4 5 8 10 11 12 13
16 179 432 5 3 5 8 12 13
68 112 355 9 1 2 5 6 7 8 11 12 13
42 139 437 0
115 140 433 0
136 140 394 9 1 3 4 5 6 7 8 10 13
26 55 334 4 1 7 12 13
26 146 408 7 1 2 5 6 7 10 11
27 166 369 9 1 4 5 6 7 8 9 12 13
113 170 338 3 1 10 11
40 140 488 5 4 5 7 8 12
59 99 383 0
12 33 326 4 1 2 9 12
28 130 494 4 1 2 7 9
45 55 402 10 1 2 5 6 7 8 9 10 11 13
37 153 327 7 2 4 5 7 10 12 13
152 178 402 1 4
111 200 322 9 1 2 3 4 9 10 11 12 13
25 59 369 6 1 3 6 7 8 9
22 84 356 0
94 192 380 10 1 2 3 7 8 9 10 11 12 13
183 196 313 3 2 5 8
72 97 308 7 5 6 7 10 11 12 13
75 108 384 7 1 2 3 4 5 10 11
5 52 350 7 5 6 8 9 10 11 13
44 90 497 6 1 4 7 8 11 13
8 78 498 5 1 4 6 7 9
65 127 411 6 2 6 7 10 12 13
96 130 304 7 4 5 6 7 10 11 13
93 101 453 3 3 8 13
123 167 390 5 1 6 7 10 11
18 132 456 4 1 3 4 8
62 135 386 6 3 5 7 10 11 12
4 77 397 6 1 6 7 8 10 13
12 61 394 7 1 3 4 6 9 10 11
81 185 471 8 2 6 7 8 9 10 11 13
6 104 443 8 3 5 6 8 9 11 12 13
13 64 428 4 1 6 10 12
82 94 379 0
1 177 464 5 3 5 7 8 11
32 140 418 9 1 2 4 6 7 8 9 10 12
21 88 319 0
52 177 348 7 1 2 4 5 6 11 13
9 46 444 6 3 4 6 9 10 13
6 43 466 3 1 5 11
178 200 402 2 10 13
88 164 471 0
60 151 320 5 3 5 6 9 12
139 149 424 7 3 6 7 9 10 12 13
105 175 493 8 2 3 4 6 8 9 10 13
36 194 329 4 5 8 11 12
100 143 456 8 1 2 3 5 8 10 11 12
142 188 458 3 7 11 13
86 166 337 9 1 2 3 5 6 7 8 10 13
38 180 340 6 1 5 8 10 12 13
86 199 460 6 1 2 3 6 12 13
9 38 487 6 2 3 6 7 8 11
32 95 490 9 1 2 4 5 6 7 8 11 13
22 87 371 8 1 4 5 8 9 10 11 13
101 102 443 6 1 2 3 4 5 12
88 152 444 5 1 7 8 12 13
56 63 413 6 2 3 5 9 11 12
118 157 399 7 2 3 4 5 7 8 10
151 193 482 8 2 4 6 7 8 10 11 12
35 81 463 4 4 5 6 11
49 105 493 5 2 4 6 8 12
77 180 405 8 1 3 4 6 9 10 11 13
135 188 406 3 3 6 11
140 193 373 6 1 4 5 8 11 13
1 113 436 0
20 93 371 8 3 4 7 9 10 11 12 13
23 109 492 4 2 3 4 13
43 163 407 5 1 2 6 8 11
38 46 371 6 2 5 6 7 12 13
7 126 436 10 2 3 5 6 7 8 9 10 12 13
2 178 373 8 4 5 7 8 9 10 12 13
62 121 473 0
131 141 360 6 1 5 6 7 8 11
149 168 394 7 1 3 5 9 10 11 12
26 182 349 5 2 4 9 11 12
10 109 305 6 2 3 4 5 6 9
13 176 423 7 4 6 8 9 10 11 12
98 138 305 8 1 3 5 6 7 10 12 13
28 99 463 7 1 2 3 5 11 12 13
13 42 412 8 2 3 4 5 8 9 10 13
80 147 497 9 1 2 4 5 6 10 11 12 13
57 75 376 10 1 2 3 4 6 7 9 11 12 13
48 128 351 6 2 3 7 9 11 13
100 117 487 10 2 5 6 7 8 9 10 11 12 13
2 151 447 6 3 8 10 11 12 13
40 122 494 0
44 62 383 4 1 3 6 9
105 198 313 3 2 4 13
143 185 346 7 2 3 4 5 6 12 13
20 56 317 3 1 10 11
139 199 476 5 1 5 10 12 13
91 194 339 5 2 4 5 9 11
38 92 422 6 4 5 9 10 11 12
83 184 334 9 1 2 3 5 6 7 8 9 12
99 109 365 8 2 3 5 6 8 10 11 13
198 200 358 6 1 3 5 7 10 12
38 183 357 7 1 2 3 4 5 9 11
20 188 357 7 1 6 7 8 9 12 13
25 153 466 5 2 5 7 9 13
2 46 428 8 1 2 5 6 8 10 11 12
14 133 445 5 2 7 8 10 12
125 190 491 9 1 2 3 6 7 8 10 11 13
82 151 401 9 1 4 6 7 8 10 11 12 13
121 142 457 6 4 5 8 10 11 12
43 124 337 4 4 7 9 10
65 103 450 6 6 8 10 11 12 13
34 57 462 8 2 4 5 6 7 8 11 12
41 198 412 0
13 60 407 8 1 2 3 5 6 7 10 13
91 125 378 8 1 4 5 6 8 11 12 13
78 142 477 8 4 5 7 8 9 10 12 13
91 195 404 3 5 9 12
84 103 454 6 3 4 6 8 9 12
64 119 328 7 3 7 8 9 10 11 12
57 121 344 6 1 3 8 9 11 13
75 109 353 6 1 3 7 8 9 11
62 72 475 8 1 2 4 5 7 9 11 13
110 177 427 7 1 2 4 8 9 10 13
133 171 318 6 1 3 4 5 9 11
77 169 321 3 1 3 4
10 45 445 5 4 5 8 9 13
81 106 446 9 2 3 4 7 8 9 10 11 12
7 32 312 6 1 3 7 9 10 13
47 64 367 4 2 3 6 7
115 129 481 7 2 4 5 7 8 9 11
136 139 377 9 3 4 5 6 7 8 10 11 12
14 53 378 8 1 4 5 6 10 11 12 13
100 130 338 0
5 180 386 5 2 3 9 10 11
16 135 496 6 1 2 3 5 6 9
115 168 467 6 1 3 4 5 7 13
14 173 484 4 5 10 12 13
34 35 487 5 2 3 7 11 12
112 162 320 8 1 2 4 6 7 8 9 12
39 60 441 5 1 3 5 7 13
114 194 477 7 3 4 5 6 7 12 13
93 125 423 6 2 5 7 8 11 13
58 75 356 4 1 4 6 12
25 137 389 6 2 3 5 7 10 12
25 200 330 7 1 4 5 6 8 9 11
24 92 434 7 2 5 6 9 10 12 13
23 44 366 6 1 2 3 6 10 13
17 46 387 5 3 5 11 12 13
46 160 340 4 3 4 7 8
163 185 347 6 1 6 8 9 10 12
129 191 431 9 1 2 3 4 5 7 8 11 12
5 120 393 5 2 3 5 9 13
48 188 322 6 5 6 7 10 11 13
29 47 358 7 2 3 5 7 10 12 13
45 104 364 9 1 2 4 5 6 8 9 11 12
77 99 343 5 4 5 10 12 13
95 135 455 4 1 6 9 13
61 133 310 8 1 2 3 4 5 6 10 11
72 182 355 8 2 3 4 5 7 8 9 10
3 136 475 0
51 186 491 4 1 3 8 13
5 130 433 6 1 2 3 9 11 12
3 116 305 6 4 9 10 11 12 13
174 200 482 9 1 4 6 7 8 9 10 12 13
139 182 471 6 1 2 6 9 10 13
16 53 301 7 2 3 8 10 11 12 13
106 176 401 0
95 194 455 7 1 2 3 5 8 9 12
115 127 440 7 1 2 3 5 6 7 12
144 147 373 8 2 3 5 7 9 10 11 12
171 187 349 5 2 5 6 8 9
146 181 417 5 5 6 9 10 12
79 180 496 6 1 3 6 7 8 12
27 168 405 6 5 6 8 11 12 13
54 161 459 6 4 8 9 10 11 13
45 184 479 7 1 2 3 7 9 10 11
92 122 491 7 1 2 3 6 8 9 12
7 38 325 5 2 5 6 10 11
25 91 366 7 1 3 7 9 11 12 13
181 193 331 7 1 2 4 8 10 11 12
9 118 372 8 3 5 6 7 8 9 10 12
121 160 497 6 1 3 4 5 7 12
114 189 376 4 2 6 8 11
28 120 346 5 1 6 7 9 12
46 63 307 7 1 3 4 6 7 9 12
3 117 440 9 1 3 4 5 6 8 10 12 13
22 85 389 5 2 5 7 8 10
16 71 463 11 2 3 4 6 7 8 9 10 11 12 13
26 138 451 0
21 66 445 6 3 4 6 7 8 9
65 106 390 6 3 5 6 7 9 10
133 161 394 9 1 2 3 4 6 7 8 12 13
58 141 330 7 1 3 4 5 7 8 9
12 145 395 3 8 11 12
26 85 376 9 1 3 5 6 7 8 9 11 12
148 159 453 5 2 3 4 7 13
38 143 396 10 3 4 5 6 8 9 10 11 12 13
25 174 429 5 1 2 4 6 9
61 98 409 10 1 2 4 6 7 8 9 10 11 13
116 132 336 7 2 4 5 6 8 9 12
75 165 303 7 2 4 5 8 10 11 12
102 150 458 9 1 4 5 7 8 9 10 11 12
104 155 454 8 1 2 3 4 8 10 12 13
76 148 499 2 1 5
75 169 315 5 2 5 9 12 13
83 86 413 10 1 4 6 7 8 9 10 11 12 13
36 149 478 7 1 5 7 9 11 12 13
81 85 306 11 2 3 4 5 6 7 9 10 11 12 13
54 150 390 0
79 189 344 6 1 7 8 9 11 13
9 111 337 0
5 149 415 4 4 7 10 11
68 127 493 6 2 3 4 5 10 11
103 161 413 8 1 3 5 6 7 8 9 10
26 195 461 7 2 4 6 7 8 10 13
63 99 301 5 1 3 6 10 11
73 90 354 7 1 2 4 5 7 11 12
57 62 303 7 3 4 6 7 8 12 13
130 188 464 0
38 122 457 9 3 4 5 7 9 10 11 12 13
26 153 400 7 1 2 3 5 7 9 12
134 137 354 0
90 140 351 4 5 6 8 10
100 111 382 0
117 145 401 8 3 6 7 8 9 10 12 13
150 152 380 9 1 2 4 5 8 9 10 11 12
88 166 335 7 1 4 5 6 8 9 11
124 137 497 6 1 2 3 5 6 10
181 183 309 7 2 4 8 10 11 12 13
31 125 396 7 1 2 3 6 8 10 11
59 171 333 9 1 3 4 5 6 7 11 12 13
72 109 464 3 3 8 9
95 99 306 6 1 5 6 7 9 13
140 160 439 0
12 152 416 8 2 4 5 6 7 11 12 13
70 162 321 7 2 4 5 6 10 11 13
63 176 304 8 2 4 5 6 8 9 10 13
106 159 394 0
48 146 327 7 1 3 6 8 10 11 13
17 179 347 11 1 2 4 5 6 7 8 9 10 11 12
142 191 391 7 3 4 7 8 9 10 13
49 87 316 6 1 3 4 10 12 13
13 115 414 4 4 7 10 13
4 165 384 6 1 4 6 10 12 13
119 121 382 7 1 3 7 8 9 11 13
134 136 327 5 1 2 3 4 5
130 131 337 7 1 2 5 6 8 11 12
50 146 388 7 2 3 7 8 9 10 13
78 170 330 6 1 2 8 10 11 13
13 78 301 8 2 3 4 5 6 7 12 13
110 135 345 7 1 4 5 7 10 11 13
164 174 430 8 3 5 6 8 9 10 11 13
105 193 307 0
41 47 396 9 3 4 5 7 8 9 11 12 13
170 187 312 7 3 4 5 6 7 11 12
21 59 408 8 1 2 6 7 8 9 10 11
11 118 428 5 5 6 7 12 13
64 199 300 6 2 4 5 6 9 13
89 103 357 8 1 3 6 7 9 10 11 13
34 136 438 5 3 4 7 11 13
38 138 396 5 4 6 7 11 12
103 124 343 6 1 2 3 4 10 12
125 148 402 5 1 3 5 6 12
99 119 403 5 6 7 8 10 13
85 145 434 6 1 2 4 5 6 9
122 148 318 9 1 2 4 5 6 8 10 11 13
104 194 376 5 1 2 5 7 12
99 186 439 7 3 6 7 8 9 10 11
95 117 365 8 1 2 6 8 9 11 12 13
149 175 356 8 3 4 5 7 8 10 11 13
23 199 438 4 3 4 7 10
111 166 408 6 1 2 3 5 7 13
82 175 372 0
20 153 352 8 1 2 4 6 8 9 10 11
5 40 444 6 1 4 6 7 11 12
113 138 406 4 6 8 12 13
103 187 379 9 1 3 4 5 6 7 9 10 12
82 198 482 5 1 2 6 8 12
10 200 494 6 2 4 7 8 11 12
42 79 410 3 2 12 13
23 112 435 6 1 4 5 8 11 12
57 129 339 6 1 2 8 11 12 13
7 113 492 4 3 5 8 9
19 113 395 0
13 174 388 9 1 3 5 6 7 9 10 11 13
106 109 457 5 2 5 6 7 11
97 110 455 5 1 5 6 12 13
15 88 316 7 1 3 5 6 9 10 11
64 124 409 5 3 4 8 12 13
34 53 465 8 1 2 3 5 7 8 11 13
181 198 406 9 2 4 5 6 8 9 10 11 12
30 55 305 3 7 9 12
96 119 308 5 1 4 10 11 12
104 133 461 6 2 3 7 8 10 12
6 146 360 4 3 7 10 12
2 168 442 5 2 7 8 9 13
87 172 431 0
2 147 437 9 1 2 4 5 6 8 9 10 11
42 62 333 10 1 3 4 5 6 7 8 9 10 12
50 110 448 6 1 4 5 7 10 12
115 187 493 7 1 2 3 6 7 8 13
53 60 471 6 2 4 8 10 11 12
161 167 356 4 1 3 4 12
9 36 317 5 4 7 9 11 13
49 182 475 4 1 4 11 13
26 87 453 10 1 2 3 4 5 8 9 10 12 13
128 167 424 4 1 11 12 13
122 143 355 6 1 3 8 9 10 11
76 168 435 4 2 3 8 13
164 192 418 3 1 5 11
41 116 417 10 1 2 3 5 6 8 9 10 12 13
37 96 322 5 7 9 10 11 13
2 135 410 6 1 3 5 8 10 13
34 70 361 7 1 2 3 7 9 10 12
37 86 369 5 2 5 6 7 11
37 101 498 3 1 2 8
109 144 470 3 6 11 13
34 167 325 0
31 199 466 4 1 3 9 13
22 140 379 4 3 5 10 13
48 137 490 5 4 5 6 11 12
128 143 373 7 1 3 6 8 10 11 13
88 187 337 6 2 3 4 6 9 12
40 159 450 0
47 191 334 7 2 6 7 9 10 12 13
67 186 397 6 2 4 5 10 11 12
48 133 392 0
157 169 465 0
60 119 486 8 1 3 4 5 6 8 10 11
15 165 378 6 2 3 4 6 7 13
72 116 414 10 1 2 4 5 6 8 9 11 12 13
89 149 431 3 1 5 13
31 130 301 9 1 3 4 5 6 8 9 12 13
61 181 422 7 3 4 5 7 9 12 13
157 171 401 6 1 2 3 5 8 10
118 177 477 4 1 5 9 11
82 188 375 9 3 5 6 7 8 9 10 11 12
74 100 325 6 4 5 7 8 9 13
66 100 484 9 1 2 3 4 6 9 11 12 13
117 194 462 7 1 2 3 7 8 9 10
18 200 395 7 2 3 4 5 6 8 13
21 166 353 9 1 2 5 6 7 8 10 11 12
132 143 437 5 3 4 5 8 12
99 167 457 8 2 4 6 7 8 9 12 13
57 105 366 0
125 171 306 6 1 2 3 4 8 12
51 77 455 8 1 2 3 5 6 7 8 13
6 152 337 10 2 4 6 7 8 9 10 11 12 13
76 159 483 7 1 3 5 7 10 11 12
40 120 422 6 1 4 5 6 8 11
120 161 368 6 4 6 8 9 11 13
78 126 425 6 3 4 7 8 10 12
112 160 447 0
69 175 405 7 2 3 7 8 9 12 13
75 195 375 5 2 3 6 10 13
14 56 481 5 1 5 7 8 13
24 111 303 7 3 5 6 8 11 12 13
94 172 420 5 1 3 4 6 8
95 195 398 9 1 2 5 7 8 10 11 12 13
34 135 441 0
71 195 450 8 1 2 3 7 9 10 11 13
95 131 464 7 2 5 7 9 10 11 12
53 189 373 6 3 4 6 7 11 13
55 186 451 11 1 2 4 5 6 7 9 10 11 12 13
90 172 387 0
24 144 474 6 4 5 6 7 12 13
44 82 380 4 2 9 10 13
74 155 414 6 1 2 4 5 6 9
143 192 451 7 1 3 4 5 6 10 11
113 196 316 7 2 3 5 7 8 9 12
72 128 377 6 3 5 6 9 11 12
38 185 498 4 1 3 6 11
123 160 369 6 1 4 6 7 10 13
1 96 466 8 1 3 4 7 8 9 10 11
42 88 456 9 1 2 3 5 6 7 11 12 13
19 25 388 6 2 5 7 10 11 12
22 174 472 6 1 5 8 9 11 13
82 121 411 8 1 3 4 6 7 9 12 13
111 173 377 5 3 4 5 12 13
174 187 408 4 2 9 11 12
105 170 485 4 1 2 11 13
164 193 445 6 2 3 4 7 10 12
58 70 485 2 7 13
19 141 432 0
131 147 351 7 2 3 4 5 6 11 12
49 79 313 5 6 9 11 12 13
56 136 365 3 3 10 12
119 166 306 0
115 145 433 0
38 169 416 5 3 5 7 8 12
99 160 447 4 1 3 7 9
57 141 335 6 2 3 7 9 10 12
59 149 380 7 1 2 4 5 6 10 12
6 88 320 4 3 6 9 10
53 161 438 0
85 171 467 7 1 2 3 5 8 11 13
1 130 446 5 3 6 8 10 13
74 163 319 8 2 3 4 6 7 8 10 11
36 177 382 5 3 6 7 9 13
41 68 349 4 3 4 6 7
186 196 335 8 1 3 4 7 9 11 12 13
144 191 411 6 5 6 7 8 10 13
48 150 348 6 1 2 3 9 10 12
75 147 357 7 1 2 4 5 9 10 11
111 184 377 3 9 11 12
58 160 304 7 2 3 4 5 6 8 13
6 24 397 4 2 3 4 5
31 121 301 9 1 2 3 6 7 10 11 12 13
31 54 367 6 1 2 3 4 6 12
1 198 474 5 1 3 4 9 11
54 75 361 5 2 5 7 10 13
35 73 305 7 3 4 6 9 10 11 13
171 180 419 0
103 157 347 7 1 4 5 6 7 8 11
34 36 437 0
160 165 470 7 1 2 3 8 9 12 13
82 196 360 3 4 8 11
53 160 455 6 1 2 5 8 11 12
7 69 476 5 2 4 9 11 12
82 139 445 6 3 4 5 10 12 13
128 172 371 8 2 3 5 6 7 8 10 11
63 195 376 7 1 2 4 5 6 7 9
73 96 480 8 1 3 5 6 7 9 12 13
42 167 451 5 1 3 6 8 11
44 168 348 7 1 2 4 6 8 11 12
23 189 418 10 1 3 4 5 6 7 9 10 11 13
31 137 371 4 1 3 8 10
25 190 495 8 1 3 4 6 7 9 11 12
142 164 389 6 4 5 7 9 10 13
106 112 405 9 1 3 4 7 8 9 10 12 13
72 136 344 0
161 165 377 4 6 7 8 13
62 200 316 6 1 6 7 9 10 13
58 66 344 6 1 5 6 7 9 13
22 130 386 8 1 2 4 5 6 8 11 12
92 102 345 10 1 3 4 5 6 7 8 9 11 13
48 63 348 7 1 3 4 7 8 10 12
66 69 483 5 4 5 8 11 12
13 183 346 5 3 4 6 8 10
108 185 368 4 2 5 7 10
5 87 457 8 1 2 3 4 5 9 11 13
37 150 360 5 3 5 8 9 11
29 145 373 6 2 3 5 7 8 10
126 183 328 0
50 89 407 6 1 4 5 6 8 11
53 83 310 9 1 2 3 4 6 8 9 10 11
125 141 499 5 6 8 10 11 12
13 120 467 6 4 5 7 9 11 13
136 175 417 7 1 2 3 5 6 10 13
85 115 427 9 1 2 4 5 6 7 9 10 11
83 190 412 11 1 2 3 4 5 6 7 8 9 10 11
52 168 488 7 2 3 4 5 6 7 9
91 107 303 5 1 4 8 9 11
185 186 344 5 2 3 4 7 9
38 191 392 4 1 6 7 10
32 60 352 6 1 4 5 6 9 10
128 168 462 7 1 3 6 7 8 9 12
30 129 463 0
53 89 499 5 4 5 7 12 13
166 174 304 5 3 6 7 9 10
166 168 368 6 2 6 9 10 12 13
109 182 495 7 1 2 4 5 8 10 13
80 123 381 4 3 6 8 13
138 154 336 2 7 12
35 170 340 0
62 96 467 4 2 3 6 9
57 67 381 8 2 3 4 6 7 9 11 13
36 106 340 0
8 85 450 4 1 2 3 9
21 38 379 9 1 4 5 7 9 10 11 12 13
11 51 408 8 1 2 3 4 5 7 12 13
58 180 359 6 2 5 6 9 10 12
96 110 439 4 3 7 9 12
164 177 481 5 4 7 8 9 12
95 187 387 7 1 3 4 6 8 10 11
41 166 346 6 4 6 7 8 9 13
7 117 444 5 1 3 6 7 12
4 112 338 8 2 4 6 8 9 11 12 13
14 199 465 8 2 3 4 5 6 9 10 13
104 122 361 8 1 2 3 4 7 11 12 13
82 147 466 0
160 176 329 9 1 2 3 4 8 10 11 12 13
2 155 302 4 3 8 11 13
30 50 421 9 1 2 5 7 8 9 10 12 13
96 138 373 9 2 3 4 5 6 7 8 9 11
82 150 394 3 1 7 12
55 88 425 2 7 10
46 151 488 6 1 4 6 7 12 13
65 196 309 0
14 162 424 2 2 11
94 136 492 11 1 2 3 4 5 7 8 9 10 12 13
75 141 329 8 1 2 5 6 10 11 12 13
18 149 420 7 1 3 5 6 7 10 13
41 49 373 7 2 4 5 6 7 9 11
35 111 365 7 1 2 3 4 6 9 10
11 196 412 4 3 7 8 9
104 126 340 7 1 2 3 7 9 10 12
87 135 398 7 1 3 4 5 6 7 8
82 197 452 6 1 3 5 6 11 13
74 81 442 6 2 3 5 6 7 9
50 104 477 9 3 4 5 6 7 8 10 11 12
60 192 361 8 4 6 7 8 9 10 11 12
2 63 453 9 1 2 4 6 8 9 10 11 12
64 121 369 4 1 6 11 13
41 100 494 4 1 3 6 12
85 175 340 6 3 4 5 8 11 12
31 69 367 6 1 3 6 8 12 13
115 167 438 4 4 5 10 11
16 74 379 7 1 3 4 6 7 9 12
145 190 333 0
90 154 452 8 1 3 4 5 8 9 11 13
57 94 497 0
131 169 362 5 2 6 11 12 13
57 60 454 8 3 4 5 7 8 10 11 13
92 191 418 6 3 6 7 8 9 12
77 156 436 7 1 2 4 5 6 11 12
119 150 300 6 1 6 8 9 11 12
40 116 344 6 3 5 7 8 10 12
58 175 424 0
134 198 461 9 1 5 7 8 9 10 11 12 13
166 195 420 8 1 2 3 8 9 10 11 13
142 155 368 8 1 2 3 4 6 7 9 11
30 165 490 0
60 152 340 7 2 4 8 9 10 11 12
81 155 441 7 2 5 7 8 9 10 12
6 137 307 5 1 8 10 11 13
25 57 404 6 4 5 7 8 9 11
27 110 433 5 5 6 8 10 12
43 186 405 6 1 2 5 7 11 12
53 118 357 7 1 3 4 5 6 9 12
3 118 327 5 4 5 6 7 9
144 165 382 2 4 11
141 147 370 7 1 2 3 4 6 7 8
74 116 480 6 1 3 7 8 11 12
27 36 403 9 1 2 3 5 7 8 9 10 12
44 88 316 6 2 3 4 7 8 10
113 190 320 7 1 2 3 4 7 11 13
4 15 471 5 3 4 5 10 12
87 188 455 6 1 5 6 7 8 11
120 169 351 9 2 3 4 5 6 7 8 9 13
113 144 304 6 2 3 8 9 11 12
148 150 359 7 1 2 4 6 10 11 12
9 143 348 8 1 2 3 7 8 9 11 12
141 187 318 7 1 2 3 5 8 9 11
146 197 465 0
62 116 419 6 1 2 5 7 10 12
7 78 406 0
12 96 417 6 1 2 3 7 12 13
148 165 463 5 3 6 8 11 13
18 105 482 7 3 5 6 7 8 9 10
17 27 378 7 2 3 5 7 9 11 12
8 188 383 5 1 2 9 10 11
68 147 350 0
84 165 320 5 3 4 8 9 10
22 171 376 7 1 2 4 5 7 11 13
2 173 443 6 3 7 9 10 12 13
26 190 327 6 2 5 7 8 10 11
90 153 432 6 1 2 4 7 9 11
55 158 376 6 1 2 9 11 12 13
108 183 432 8 1 2 4 5 6 7 8 11
124 128 489 7 1 3 4 5 8 10 11
60 189 403 7 1 2 3 5 7 9 12
27 162 466 5 1 6 10 12 13
182 183 311 6 4 5 6 10 11 13
42 44 383 9 1 2 3 5 7 10 11 12 13
52 139 370 7 2 3 5 6 9 10 13
61 80 328 7 2 3 6 9 10 11 13
55 115 356 5 5 10 11 12 13
52 192 341 6 4 5 9 11 12 13
13 21 435 6 1 2 5 8 10 12
110 165 407 4 7 8 12 13
31 71 497 5 5 7 8 12 13
18 65 494 8 1 3 4 6 7 8 10 12
186 194 408 6 4 5 7 8 9 10
59 73 315 8 3 4 5 8 9 10 11 12
36 146 411 6 2 6 7 9 10 12
39 145 327 5 4 6 8 11 13
43 153 374 7 1 3 4 6 7 9 11
54 90 328 12 1 3 4 5 6 7 8 9 10 11 12 13
66 189 442 6 2 5 7 9 10 11
60 153 356 7 2 5 6 7 8 10 12
54 148 406 7 1 4 7 9 11 12 13
87 124 477 6 1 3 4 6 8 11
30 102 359 10 1 2 3 4 6 7 8 9 12 13
102 129 378 6 2 3 4 9 11 12
67 131 305 5 3 5 7 12 13
6 38 302 0
112 141 405 5 6 7 11 12 13
25 109 438 0
16 159 379 7 1 4 5 8 10 11 12
154 161 489 3 3 5 11
101 147 379 6 2 3 5 8 11 13
30 34 434 0
2 37 455 6 1 2 3 5 10 11
116 127 343 2 3 13
48 94 470 6 1 3 4 7 9 11
118 139 325 3 5 6 10
37 53 371 5 1 5 8 9 10
152 176 326 7 1 2 3 4 5 12 13
12 177 318 6 2 3 9 10 11 12
171 189 458 6 1 3 5 6 7 11
32 113 385 4 4 6 8 13
89 174 315 0
71 75 404 7 4 5 6 10 11 12 13
148 186 493 6 1 5 6 7 9 11
121 161 483 6 2 6 9 10 12 13
12 155 315 8 2 3 5 6 7 9 12 13
68 197 472 0
96 97 357 5 4 5 6 9 11
143 177 495 6 1 5 7 9 10 13
65 185 414 8 3 4 5 6 7 8 9 12
92 113 365 2 3 11
28 166 353 0
76 111 344 6 3 5 8 10 11 13
165 180 424 0
116 154 431 6 3 4 7 8 9 11
6 145 349 0
136 197 427 9 1 2 5 7 8 9 10 12 13
89 114 336 7 2 3 4 6 7 8 9
28 57 487 6 3 6 7 8 10 11
6 11 306 7 6 7 8 9 10 11 12
29 165 477 6 1 7 8 10 12 13
79 141 319 8 1 5 6 7 8 9 11 12
79 153 392 9 1 4 5 6 7 9 10 11 13
10 79 432 6 2 4 5 7 8 11
60 196 362 3 4 6 13
24 98 362 5 4 7 8 9 12
1 54 410 10 2 3 4 5 6 8 9 11 12 13
19 192 385 0
53 148 340 7 2 3 6 7 8 12 13
4 118 428 7 2 5 7 8 9 12 13
29 79 495 5 1 3 5 9 13
31 153 426 10 2 3 4 5 6 7 10 11 12 13
58 151 396 6 2 4 5 6 7 9
44 198 399 6 1 2 5 7 8 12
31 186 371 0
153 174 379 7 3 4 6 8 9 11 12
21 135 366 7 1 4 5 9 10 11 13
98 178 496 6 1 3 4 7 9 11
159 188 388 7 2 3 4 6 9 11 13
64 99 361 6 1 4 6 10 12 13
53 166 410 8 2 3 4 5 6 9 10 12
61 158 453 9 1 3 5 6 7 10 11 12 13
44 70 366 9 2 3 4 6 7 8 9 11 12
4 169 454 7 2 3 4 8 9 10 11
6 53 378 7 1 2 3 4 5 8 10
27 111 497 0
151 177 456 7 1 3 4 6 7 8 12
56 123 305 5 5 7 11 12 13
118 142 485 7 2 3 4 7 8 11 13
104 107 395 0
91 180 463 5 1 7 8 9 11
105 158 462 4 2 8 10 11
127 148 414 6 4 5 6 7 8 12
134 170 355 7 1 7 8 9 10 12 13
15 78 394 4 1 4 6 9
75 192 476 5 1 3 6 7 12
51 156 370 6 1 2 4 9 11 13
89 153 456 9 2 3 5 6 7 9 10 11 13
94 120 313 7 2 3 4 7 8 9 13
67 100 410 6 1 4 6 8 11 12
29 38 385 6 4 5 6 9 10 11
86 173 308 6 3 5 8 9 12 13
97 162 488 3 2 10 11
32 173 481 8 1 2 3 4 9 11 12 13
190 199 407 0
33 175 360 6 1 3 4 8 10 12
15 191 312 8 1 2 3 4 7 9 10 11
36 65 425 5 1 2 5 9 13
140 195 356 0
12 104 400 6 3 4 6 10 12 13
162 196 438 5 5 6 7 9 10
178 193 418 8 3 4 6 7 9 10 11 12
48 69 353 6 1 2 5 7 8 13
56 179 304 6 2 4 7 11 12 13
121 168 325 8 1 2 3 8 9 10 11 12
75 142 431 9 2 3 4 5 6 7 8 11 12
18 125 301 5 2 3 5 10 12
138 175 433 9 1 4 6 7 8 9 11 12 13
20 59 388 8 1 2 3 4 8 11 12 13
72 80 438 8 2 3 4 5 6 7 9 11
2 195 328 8 1 2 3 5 8 11 12 13
57 133 303 6 1 3 5 7 9 10
46 65 400 5 1 3 5 12 13
47 117 443 6 1 4 5 6 7 11
113 192 359 12 1 2 3 4 5 6 7 8 9 10 11 12
60 109 447 4 6 8 10 11
100 157 371 7 3 4 6 7 8 10 13
9 99 381 6 3 6 9 10 11 12
75 181 403 6 2 5 7 8 10 12
151 185 385 5 1 2 6 11 12
4 136 491 0
94 176 488 6 2 3 4 6 7 11
3 43 393 8 2 3 4 5 7 8 9 12
155 194 432 5 2 3 6 7 12
37 98 421 0
83 177 453 6 1 2 3 6 7 12
42 144 444 6 1 2 4 6 7 9
95 143 433 5 1 3 7 11 12
150 157 378 0
32 122 452 8 1 3 4 7 9 11 12 13
147 166 485 4 2 6 7 9
26 168 469 0
98 165 370 0
18 145 339 6 2 3 4 9 10 13
122 133 473 8 2 3 4 5 10 11 12 13
147 161 347 9 1 2 3 4 5 7 9 10 12
39 44 422 0
107 145 427 9 2 3 6 7 8 9 10 11 12
130 199 480 0
120 150 463 6 3 4 8 9 10 13
27 169 365 6 1 3 6 8 9 11
55 102 461 9 2 3 4 5 7 8 9 10 11
60 92 466 0
142 160 466 0
37 89 404 10 1 3 5 6 7 8 10 11 12 13
93 152 477 9 1 2 3 4 5 7 9 11 12
44 71 413 9 1 2 4 5 6 8 10 11 13
100 146 427 8 2 4 5 7 8 9 11 12
33 67 358 5 4 6 9 12 13
21 106 468 5 2 3 5 6 12
95 105 464 0
175 188 302 6 1 3 5 7 10 12
51 120 457 6 1 4 8 9 11 12
52 159 358 7 3 5 6 7 8 10 13
40 196 434 0
53 80 330 9 2 4 6 8 9 10 11 12 13
66 92 463 7 1 2 3 5 9 10 11
80 95 378 7 4 5 6 9 10 12 13
27 86 416 5 1 3 7 8 9
121 198 493 0
55 92 482 9 1 2 3 4 7 9 11 12 13
54 196 401 8 1 2 5 6 8 10 12 13
133 198 462 5 1 2 7 11 13
83 84 304 7 3 5 6 8 9 11 12
96 184 392 9 2 4 5 6 7 8 9 10 11
55 132 436 9 2 3 5 7 9 10 11 12 13
136 165 352 3 4 7 9
76 191 467 10 1 2 3 4 5 7 8 10 12 13
149 174 363 7 1 4 5 6 7 11 13
111 195 484 7 2 3 4 8 10 12 13
17 80 430 6 5 6 7 8 10 13
17 51 428 8 1 2 4 5 7 11 12 13
83 160 445 8 1 2 4 6 9 10 11 12
62 106 396 5 1 2 9 12 13
56 134 346 5 7 10 11 12 13
85 195 301 8 1 3 4 6 9 10 11 12
11 79 374 0
42 135 411 6 1 2 4 7 10 13
58 187 429 6 2 3 5 8 12 13
13 172 384 8 1 2 3 4 5 8 11 12
110 120 380 5 1 3 11 12 13
9 142 345 4 2 7 10 12
22 182 386 7 1 3 4 7 8 11 13
43 129 489 0
46 92 403 7 2 5 6 8 9 11 12
12 18 472 6 1 2 4 5 7 13
45 97 319 4 7 8 11 12
22 56 318 2 6 7
194 197 302 11 3 4 5 6 7 8 9 10 11 12 13
59 96 387 5 3 4 8 9 10
10 168 312 5 1 2 5 10 13
15 102 484 0
56 100 489 6 1 4 8 9 11 12
167 197 474 7 1 4 6 7 8 10 12
109 150 489 6 1 5 6 7 8 10
88 100 333 8 1 2 3 5 6 7 8 13
155 181 362 6 1 2 5 7 10 11
42 97 493 0
49 50 300 7 1 5 7 9 11 12 13
55 200 425 4 1 4 5 7
26 39 429 5 2 9 11 12 13
27 87 430 11 1 2 4 5 6 8 9 10 11 12 13
129 176 306 5 4 5 7 11 12
23 72 375 6 5 7 8 10 12 13
105 131 327 6 7 8 10 11 12 13
93 166 304 4 5 6 9 11
101 108 328 5 4 5 6 8 11
98 137 353 5 1 3 5 11 12
28 83 416 10 1 2 3 4 5 8 9 10 11 12
131 162 409 4 2 5 8 11
32 178 389 6 2 3 5 9 10 11
20 142 496 8 2 3 6 7 10 11 12 13
15 28 455 7 2 4 7 8 11 12 13
11 96 428 6 2 5 6 9 10 12
21 176 485 3 5 9 13
34 127 310 7 1 4 5 6 7 9 12
2 131 400 9 1 2 4 6 8 10 11 12 13
9 45 456 7 1 2 5 8 10 11 12
107 146 329 8 1 2 3 4 5 6 9 10
4 115 355 6 1 3 4 6 8 11
43 150 344 8 1 4 5 7 8 9 10 13
21 50 341 9 1 2 4 5 6 7 8 10 13
15 148 491 4 7 8 11 13
17 52 485 11 1 3 4 5 6 7 8 9 10 12 13
91 177 467 4 5 8 9 13
21 101 432 6 4 6 7 8 9 11
7 174 318 8 2 3 4 6 8 11 12 13
194 199 330 0
58 125 377 8 2 3 5 7 8 11 12 13
28 138 471 6 2 6 8 9 10 12
159 194 407 5 2 3 5 7 12
94 142 307 7 1 8 9 10 11 12 13
35 109 401 5 1 2 7 9 10
113 117 365 6 2 5 6 7 10 12
83 180 382 7 2 3 5 7 8 9 12
88 109 380 9 1 2 3 5 6 7 9 11 12
83 117 370 6 4 6 7 8 10 11
40 115 410 8 2 3 5 7 8 9 11 13
101 104 385 0
104 188 486 5 1 2 3 6 8
168 196 320 7 1 2 3 5 6 8 11
151 155 475 8 1 3 4 5 7 8 10 12
28 86 434 7 1 5 6 8 11 12 13
19 130 475 6 1 3 6 7 12 13
55 178 403 8 4 5 6 7 8 11 12 13
94 193 419 7 3 4 7 8 9 10 13
103 125 437 6 4 6 8 9 12 13
30 126 455 9 1 3 5 7 8 9 11 12 13
64 117 327 7 3 5 6 7 9 11 13
44 137 466 0
28 156 462 7 3 5 6 7 10 11 13
26 137 323 6 1 2 9 10 11 12
5 134 459 8 1 2 4 7 8 9 10 12
166 185 454 0
115 192 308 10 1 2 3 5 6 8 9 10 11 13
56 92 427 6 1 4 5 6 8 11
69 117 386 8 1 2 5 6 8 10 11 12
39 152 479 7 2 4 5 6 7 8 11
63 188 409 8 2 3 4 5 6 8 10 13
6 121 464 7 1 3 7 10 11 12 13
11 46 450 6 2 4 6 7 8 13
69 108 468 5 4 8 9 11 12
106 117 423 5 2 7 9 11 12
57 117 303 10 2 3 4 5 7 8 9 10 11 13
32 177 334 6 1 3 7 9 10 13
127 178 305 6 3 5 6 7 9 10
47 66 384 5 1 3 6 7 13
19 153 404 7 1 3 7 9 10 11 12
14 131 367 4 2 9 10 13
33 101 469 8 3 4 7 8 10 11 12 13
23 121 342 6 3 4 5 9 10 11
27 164 339 0
44 156 396 7 1 2 4 6 7 9 12
21 58 476 0
55 121 466 0
113 189 499 7 1 5 6 7 9 10 12
136 159 347 3 8 9 10
60 193 404 0
24 166 407 9 1 2 4 5 7 8 11 12 13
142 149 374 4 3 4 5 13
17 150 370 8 1 5 6 8 9 10 11 13
32 131 369 4 5 6 11 13
69 130 350 8 1 3 4 5 7 9 12 13
4 187 330 5 2 3 7 8 11
26 133 323 9 2 3 4 5 6 8 9 10 11
57 175 358 0
51 100 409 5 2 7 8 11 12
55 163 362 5 1 4 8 9 10
54 92 489 6 1 3 7 9 11 13
131 186 470 7 1 2 3 4 8 10 13
125 185 478 0
51 193 439 8 2 3 5 7 8 11 12 13
1 46 438 6 2 4 7 8 9 10
79 129 401 6 2 3 7 8 10 11
9 32 443 8 1 2 4 5 7 8 9 12
148 169 472 11 1 2 3 4 5 6 7 8 9 10 11
181 196 358 8 2 4 5 6 8 10 11 13
35 175 479 5 2 4 5 10 12
52 200 328 8 1 3 6 7 9 11 12 13
13 92 377 9 1 2 5 6 7 8 10 11 13
45 165 400 0
38 179 322 9 1 3 4 5 6 7 9 11 13
95 158 417 7 2 4 5 6 8 11 12
19 76 497 9 1 2 4 6 7 8 10 12 13
129 190 498 7 1 2 4 9 10 11 13
151 175 383 6 1 4 5 8 10 13
1 154 448 4 1 2 3 9
10 139 497 7 1 2 4 5 6 9 13
78 157 487 6 3 5 6 7 8 9
60 91 355 9 1 2 4 5 6 8 11 12 13
60 100 324 0
64 184 310 7 1 2 7 9 10 12 13
156 180 425 6 2 3 6 9 11 13
20 112 374 5 1 6 9 10 12
116 169 492 5 1 4 6 8 10
18 111 400 9 1 2 3 5 7 9 10 11 12
47 181 432 6 4 6 7 8 12 13
102 136 353 2 4 12
101 152 414 6 1 2 7 8 10 13
111 159 374 8 1 3 4 7 9 10 12 13
61 160 323 5 4 6 9 11 12
146 173 392 6 1 2 4 6 10 11
13 108 465 10 1 3 4 6 8 9 10 11 12 13
36 170 461 7 2 3 5 7 8 10 13
105 195 445 5 1 5 8 10 11
48 151 360 6 3 4 6 11 12 13
26 179 386 9 1 2 3 4 5 8 11 12 13
30 164 455 6 1 2 8 9 11 12
159 195 339 6 4 6 7 8 11 13
8 175 414 4 1 7 8 11
45 107 333 9 1 3 5 6 7 9 10 11 12
86 184 440 11 1 2 3 5 6 7 8 10 11 12 13
4 87 437 8 1 2 6 7 8 9 11 13
27 173 450 7 2 3 4 7 9 11 12
23 178 389 9 2 3 4 5 6 7 8 9 11
7 167 387 7 1 2 3 5 6 11 13
87 198 333 7 1 2 3 7 8 11 12
122 155 337 8 3 4 5 7 8 10 11 12
77 86 385 0
42 177 473 8 2 3 4 5 6 7 12 13
17 195 393 7 2 5 6 8 9 10 13
133 160 409 7 2 4 8 9 10 11 12
157 182 435 7 1 2 4 7 8 10 12
32 61 470 7 1 6 7 8 9 10 13
129 154 483 7 1 2 4 5 6 8 9
43 158 427 0
61 110 370 5 2 4 6 10 12
64 145 367 5 2 4 6 8 10
32 79 480 8 1 3 5 6 7 9 12 13
38 89 437 7 2 3 5 7 8 10 11
15 55 441 9 1 2 4 6 7 10 11 12 13
93 190 455 4 3 9 10 12
82 131 481 6 1 4 7 8 9 11
99 166 407 7 4 6 8 9 10 11 12
110 187 416 7 1 4 5 6 9 11 13
16 193 427 0
172 187 419 8 1 2 6 7 9 10 12 13
23 193 302 7 2 3 7 9 10 11 12
106 171 382 5 2 3 4 6 8
152 157 459 6 2 3 6 8 12 13
135 177 369 0
56 184 415 9 1 2 5 6 7 8 9 12 13
34 76 351 0
179 180 306 5 2 4 8 9 10
17 176 317 9 3 6 7 8 9 10 11 12 13
145 194 440 6 3 5 8 9 10 12
64 76 345 6 4 7 8 10 11 13
56 76 303 10 1 2 3 4 5 6 9 10 11 13
25 119 429 9 1 2 4 6 8 9 10 12 13
68 159 430 0
25 65 428 6 1 2 4 10 12 13
62 118 322 5 2 3 8 12 13
65 95 491 0
6 57 363 9 1 2 3 4 5 7 9 10 12
19 40 444 6 1 5 7 9 10 13
41 87 474 6 2 3 5 7 11 13
59 112 442 6 1 2 4 9 11 12
89 124 467 8 2 3 4 6 10 11 12 13
49 65 494 3 2 9 11
24 115 422 8 4 5 8 9 10 11 12 13
15 142 404 9 1 2 3 6 8 9 10 11 12
13 112 387 4 5 8 11 12
28 80 329 3 1 4 7
100 104 385 7 2 3 4 5 7 9 13
58 179 446 10 2 3 4 5 6 7 8 10 12 13
112 188 445 8 2 5 6 7 9 10 11 13
35 112 464 5 1 3 6 11 12
93 112 366 9 1 3 4 5 7 8 9 11 12
14 178 400 8 3 5 7 8 9 11 12 13
30 140 347 7 2 3 4 7 8 11 12
51 170 477 6 2 4 6 9 11 12
128 161 469 7 1 4 5 6 7 12 13
186 189 414 8 2 7 8 9 10 11 12 13
15 193 328 6 4 6 8 9 12 13
142 162 427 8 5 6 7 8 9 11 12 13
76 83 384 9 2 3 4 5 6 7 8 10 11
198 199 420 6 1 2 3 5 7 12
87 147 472 0
25 163 387 2 5 6
120 129 349 0
15 73 355 6 2 3 5 8 9 11
71 143 315 9 1 2 3 5 6 7 11 12 13
83 99 324 11 1 2 3 4 5 6 7 9 11 12 13
65 154 346 6 1 2 8 10 11 13
104 170 330 9 1 2 4 6 8 9 10 12 13
105 179 468 0
43 193 473 8 1 2 3 4 5 8 10 11
24 45 472 8 5 6 7 8 10 11 12 13
1 45 435 0
92 171 419 8 2 5 6 9 10 11 12 13
82 120 346 6 3 6 7 9 12 13
22 178 491 6 3 7 9 11 12 13
117 188 306 8 2 3 5 7 8 9 10 12
41 102 375 7 1 3 4 6 8 9 13
96 156 377 0
38 111 453 2 11 13
15 95 472 6 1 3 4 6 11 13
45 95 341 5 1 2 4 10 13
77 121 471 7 1 6 7 8 11 12 13
21 95 372 8 4 5 6 7 9 10 11 13
27 29 340 5 1 2 3 5 6
176 177 448 11 2 3 4 5 6 7 8 9 10 11 12
73 114 493 6 1 7 9 10 12 13
51 119 407 9 1 2 4 5 7 8 10 12 13
111 151 476 9 1 2 4 5 7 9 10 11 12
48 165 420 9 1 3 4 6 7 8 9 10 11
47 148 491 0
40 111 348 7 1 2 6 7 8 10 11
132 187 345 0
118 179 330 8 1 3 6 7 10 11 12 13
120 140 397 5 2 4 5 8 13
74 187 352 7 1 3 4 6 9 10 11
85 98 345 6 2 5 7 9 10 11
132 180 421 7 3 4 5 6 7 8 13
38 152 398 3 9 12 13
100 138 327 4 1 2 6 9
49 107 342 9 1 4 5 6 7 8 10 11 13
65 98 323 6 1 2 6 7 8 12
13 145 499 6 4 5 7 9 10 12
74 179 477 8 1 2 6 7 9 10 12 13
109 140 442 10 1 2 3 4 5 6 8 10 11 12
37 195 345 8 2 3 6 7 8 10 11 12
12 93 469 5 4 5 10 12 13
174 195 449 9 1 2 3 4 7 8 9 12 13
21 54 420 5 2 7 10 12 13
5 10 498 5 2 4 7 10 11
137 171 354 6 2 3 4 6 7 9
3 69 392 5 5 6 7 8 12
58 61 491 7 1 6 8 9 10 12 13
9 168 325 10 1 2 4 5 7 8 10 11 12 13
64 131 417 9 1 4 5 6 7 9 10 12 13
28 154 332 6 1 3 5 8 11 13
120 145 473 5 1 3 6 8 10
31 140 410 8 1 2 4 8 9 10 11 13
57 147 391 6 1 4 6 9 11 12
37 94 401 0
55 174 483 6 1 2 3 10 12 13
127 167 334 8 2 3 4 6 7 10 12 13
110 153 449 9 1 3 5 7 8 9 10 11 13
40 61 480 7 1 3 4 5 6 9 11
13 191 364 0
1 197 498 10 1 2 5 6 7 9 10 11 12 13
91 99 332 6 4 7 8 9 11 12
67 182 361 0
82 86 420 6 1 2 6 8 9 10
28 180 382 0
49 186 388 5 3 7 8 9 11
52 176 462 5 2 3 4 8 12
67 172 406 0
94 168 387 7 1 4 7 8 9 10 13
52 151 391 7 3 4 9 10 11 12 13
123 178 348 6 1 3 4 8 9 13
44 96 384 7 1 2 3 4 6 7 13
63 122 312 6 1 2 3 4 6 12
20 25 449 6 1 5 7 8 9 10
88 110 304 7 2 4 6 7 8 9 13
40 75 310 7 2 5 8 9 11 12 13
43 55 303 6 1 2 4 5 7 8
2 129 348 9 1 3 5 6 7 8 10 11 13
186 187 302 7 1 2 3 4 5 8 9
58 135 480 6 2 5 6 10 11 12
57 195 465 6 1 5 7 8 12 13
26 147 486 6 1 2 3 9 11 12
98 170 453 7 3 6 7 8 11 12 13
21 183 328 7 1 2 4 6 8 10 13
21 142 329 8 1 3 4 5 6 7 10 13
44 56 306 6 3 6 7 9 12 13
77 140 463 8 1 3 6 8 9 11 12 13
106 149 363 7 1 3 5 7 8 11 12
5 161 407 9 1 3 4 5 7 9 11 12 13
28 84 395 7 1 2 3 5 10 11 12
56 60 427 5 2 3 4 7 13
13 96 406 5 3 4 6 12 13
66 178 427 4 3 4 5 6
112 181 440 6 2 3 5 6 7 11
23 104 478 6 1 3 4 5 7 12
136 191 461 7 1 3 4 5 9 12 13
29 143 328 7 3 6 7 10 11 12 13
158 182 392 10 2 4 6 7 8 9 10 11 12 13
27 184 367 0
160 189 367 7 2 5 7 10 11 12 13
54 70 483 5 3 4 6 9 12
16 155 368 5 2 3 7 10 12
30 47 451 5 7 8 9 11 13
135 153 448 0
78 138 317 5 1 2 5 7 12
105 194 407 8 1 3 5 8 9 10 12 13
139 189 458 0
35 192 473 9 1 4 5 7 9 10 11 12 13
63 170 455 6 1 4 5 7 12 13
122 167 412 4 2 4 5 6
10 66 453 8 1 2 5 8 9 10 11 13
42 169 373 6 1 2 4 5 9 11
105 186 350 5 1 3 10 11 13
87 159 359 0
88 153 353 7 1 3 4 5 6 11 12
100 124 379 8 2 5 7 9 10 11 12 13
63 151 365 6 1 5 10 11 12 13
19 152 316 8 1 2 5 7 8 11 12 13
111 148 394 7 2 3 4 5 8 9 12
113 159 425 8 1 3 5 7 9 10 11 13
147 183 411 0
20 83 473 6 1 2 3 4 5 11
118 170 331 7 1 2 3 4 7 10 12
81 82 490 4 6 8 10 12
86 194 413 7 1 3 4 8 10 12 13
116 148 309 9 1 4 6 8 9 10 11 12 13
117 143 451 4 1 4 5 10
40 197 393 8 1 3 4 5 6 7 8 13
36 133 353 8 1 2 3 6 7 11 12 13
138 155 471 7 3 4 5 8 9 12 13
76 173 460 5 1 6 7 10 13
85 89 488 0
120 196 339 5 2 3 5 11 13
76 182 363 8 2 5 7 8 9 10 12 13
88 169 436 4 4 5 7 9
73 106 308 5 1 4 6 8 9
79 148 470 7 2 3 4 8 9 10 12
16 19 347 0
79 169 433 3 1 3 5
7 10 378 0
33 183 411 7 3 8 9 10 11 12 13
69 185 339 0
19 145 451 6 2 4 6 9 10 11
6 176 462 7 1 2 3 6 7 9 12
27 63 398 7 2 3 7 8 10 12 13
124 143 456 0
9 79 493 10 1 4 5 6 7 8 9 10 11 13
8 11 415 6 4 6 7 8 9 11
63 166 424 7 2 3 4 7 8 9 13
27 66 340 9 3 4 5 6 8 10 11 12 13
79 104 340 0
162 197 487 9 2 3 4 5 7 9 10 11 13
49 104 313 9 1 3 6 7 8 10 11 12 13
160 161 323 7 6 7 8 9 10 11 13
48 108 477 8 1 2 3 5 6 8 10 12
30 82 379 8 1 3 4 5 7 9 12 13
54 162 484 7 5 6 9 10 11 12 13
80 86 380 5 2 4 6 7 8
84 164 472 7 1 5 6 7 9 10 12
43 138 337 8 2 4 5 6 8 10 11 13
8 79 351 6 1 4 5 8 11 12
52 56 385 9 1 3 4 6 7 8 10 11 12
64 172 326 0
167 185 342 5 4 6 7 10 13
10 126 448 8 2 3 4 5 8 10 12 13
22 143 462 6 2 4 6 7 10 11
3 187 351 10 2 4 5 6 7 8 9 11 12 13
34 164 419 0
97 107 461 7 1 2 3 6 9 12 13
40 105 436 6 2 3 4 6 8 12
126 190 497 0
170 171 373 9 2 3 4 5 6 7 9 11 13
133 168 475 6 1 2 8 9 10 13
104 120 400 5 1 5 9 10 13
27 58 487 5 3 6 7 9 11
85 135 373 8 1 2 5 6 7 8 9 10
190 196 356 7 2 4 7 8 10 11 12
12 67 432 3 3 6 11
101 161 441 0
9 189 432 6 3 4 8 9 11 13
153 194 472 9 1 2 4 7 8 10 11 12 13
82 181 433 8 2 3 5 6 7 8 9 10
11 67 419 7 2 3 4 5 6 11 13
42 197 438 0
21 119 457 5 2 5 6 7 8
63 169 348 7 1 4 6 7 8 9 11
86 121 317 3 4 9 11
76 85 441 6 3 5 6 9 10 11
80 96 428 5 1 2 5 11 12
7 157 489 6 1 2 3 4 7 9
4 142 431 6 1 2 4 10 12 13
85 188 432 4 3 9 11 13
16 70 374 8 3 4 5 6 8 11 12 13
168 192 457 8 1 3 6 7 8 9 10 13
38 137 474 8 3 4 5 6 9 10 11 12
60 86 475 6 2 3 10 11 12 13
133 140 371 6 1 3 4 7 10 11
31 160 477 5 2 4 5 6 9
20 105 346 9 1 2 4 5 6 7 8 9 13
30 65 333 6 1 2 5 6 8 13
158 169 414 4 3 6 7 12
10 67 495 7 2 3 4 6 7 8 9
37 85 358 7 3 4 6 7 10 11 12
138 192 341 9 1 2 4 5 7 8 9 11 13
132 138 395 5 1 7 8 10 11
141 171 497 8 1 4 5 7 8 9 10 12
52 92 367 7 2 5 6 9 11 12 13
136 200 403 8 2 3 6 7 8 11 12 13
105 192 429 6 2 3 4 5 9 13
159 166 308 4 7 9 11 12
74 173 335 7 2 3 4 6 8 12 13
22 110 354 7 1 5 6 8 10 11 13
1 53 393 7 3 5 6 7 10 11 13
78 111 454 6 2 3 4 7 8 11
14 197 492 7 1 3 6 7 8 10 11
48 139 350 6 1 2 3 6 12 13
68 149 302 7 1 4 6 7 8 10 11
106 111 309 3 1 3 7
20 149 444 5 2 4 8 11 13
15 164 382 4 2 4 8 12
19 151 450 0
16 141 375 6 4 6 7 8 10 11
2 199 314 8 2 4 5 6 7 9 11 13
157 185 477 7 3 5 6 8 10 11 13
7 110 484 4 3 6 8 13
82 143 489 6 3 6 7 10 11 12
71 84 452 3 2 3 6
150 182 355 10 2 3 4 5 6 8 10 11 12 13
30 166 418 6 1 2 4 5 7 13
29 182 498 0
52 190 340 7 1 2 4 5 6 9 11
77 79 484 7 4 6 7 9 11 12 13
74 145 493 10 3 4 6 7 8 9 10 11 12 13
60 99 398 8 1 2 4 5 6 9 12 13
26 115 326 5 3 5 7 11 12
80 151 340 0
129 165 395 5 3 4 6 12 13
112 180 393 5 2 4 5 7 12
123 173 443 5 2 3 5 12 13
24 116 477 11 2 3 4 6 7 8 9 10 11 12 13
66 131 353 5 2 4 8 9 12
147 162 430 10 1 3 4 6 7 8 9 10 12 13
120 135 331 6 3 5 8 10 12 13
165 177 446 5 3 4 5 6 11
39 144 336 8 2 3 4 6 10 11 12 13
48 173 323 9 1 2 4 5 6 8 9 11 13
46 88 449 10 1 2 3 4 8 9 10 11 12 13
61 134 338 3 5 10 11
5 80 484 7 1 2 4 5 9 10 12
85 140 393 5 2 3 4 6 7
89 112 372 3 1 3 12
69 164 434 5 1 3 7 12 13
65 116 420 4 5 7 12 13
24 26 387 10 3 4 5 6 7 9 10 11 12 13
56 135 411 5 1 5 9 11 12
37 62 404 0
100 174 328 8 1 3 5 6 8 10 12 13
105 144 315 8 1 2 5 7 10 11 12 13
157 165 411 4 3 9 12 13
17 192 398 6 2 3 6 8 11 13
46 156 465 5 1 8 11 12 13
143 195 452 4 2 5 9 13
27 196 383 6 3 5 9 10 11 13
17 79 410 5 1 3 8 9 11
124 176 302 5 2 5 8 9 10
16 187 409 5 1 4 6 9 13
19 91 450 4 2 4 5 12
18 115 350 7 1 2 3 4 5 8 11
115 132 454 9 1 4 5 7 8 10 11 12 13
5 165 345 7 1 2 4 5 11 12 13
30 160 327 6 3 4 7 8 10 13
40 45 307 7 1 3 4 6 9 10 11
10 154 427 8 1 4 6 7 8 9 11 12
73 128 310 6 4 7 8 10 12 13
147 157 405 6 3 7 8 9 11 12
23 118 463 3 1 2 12
123 126 333 7 3 4 5 6 7 10 11
160 180 354 5 1 2 3 8 10
29 196 453 8 1 2 5 6 9 10 11 13
103 181 469 8 1 3 4 5 7 11 12 13
103 132 399 8 1 3 4 5 6 7 9 11
32 59 326 5 1 3 7 11 12
11 25 355 6 1 5 7 8 9 13
103 109 319 6 2 3 5 6 9 13
12 164 365 10 1 3 4 5 6 7 8 9 10 12
96 137 467 5 3 4 8 11 13
132 170 375 0
99 103 393 9 2 3 7 8 9 10 11 12 13
155 190 434 8 3 4 5 6 7 9 10 13
158 191 487 8 1 2 4 8 9 11 12 13
63 105 491 10 1 2 4 5 7 8 9 10 11 13
140 179 400 5 2 3 6 8 13
32 147 391 4 2 9 10 12
100 141 326 6 2 4 5 9 10 12
12 28 462 7 3 4 5 6 10 11 12
16 188 393 9 3 5 6 7 8 10 11 12 13
13 171 387 5 4 5 9 12 13
1 22 413 0
35 142 395 9 1 2 3 4 6 7 8 9 13
87 114 341 6 1 5 6 9 12 13
25 125 410 9 1 3 4 5 7 8 10 11 13
164 176 374 6 4 5 6 7 8 13
95 176 300 6 1 3 4 6 12 13
121 146 338 5 1 3 4 10 11
32 49 384 3 7 10 11
10 185 406 8 1 2 4 5 6 7 9 10
4 121 453 8 1 2 4 5 8 9 11 13
19 162 369 3 2 5 10
58 132 412 6 2 7 9 10 12 13
58 189 407 0
15 76 338 5 4 5 6 9 12
19 128 312 4 5 7 9 12
165 187 433 7 1 4 9 10 11 12 13
22 193 394 6 1 2 5 6 8 13
55 192 483 5 5 8 11 12 13
11 110 498 5 4 5 7 12 13
40 91 313 5 2 4 8 12 13
119 195 359 4 2 3 11 13
48 195 343 6 3 5 6 7 10 13
38 156 399 7 2 4 6 7 8 9 13
33 48 498 6 4 5 7 10 11 13
55 83 486 7 3 4 5 7 8 9 12
118 200 451 6 2 3 5 8 10 12
89 129 389 9 1 2 3 4 5 6 9 12 13
71 139 313 7 1 2 5 6 7 10 11
5 77 414 10 1 3 4 5 6 7 9 10 12 13
54 146 434 8 1 2 3 4 6 8 10 11
73 77 400 8 1 2 3 5 6 11 12 13
146 193 479 7 1 3 7 8 9 10 11
36 138 330 7 1 3 4 6 8 10 12
99 134 394 12 1 2 3 4 5 6 7 9 10 11 12 13
39 95 389 7 2 3 5 6 8 12 13
108 196 404 7 1 4 5 7 10 11 12
41 171 394 4 1 2 7 10
124 138 379 7 2 3 7 9 10 12 13
13 106 441 5 3 5 8 9 11
155 173 452 7 1 3 4 6 8 12 13
90 199 333 3 2 4 11
31 55 310 5 7 9 10 11 13
1 100 365 0
39 142 440 5 1 3 4 10 13
78 123 301 10 2 3 4 5 7 8 9 10 12 13
56 78 377 8 1 2 3 4 6 11 12 13
114 185 325 7 1 3 4 8 9 10 12
159 200 395 6 1 4 5 7 10 12
69 88 360 4 3 9 10 11
5 168 475 6 1 2 4 9 10 11
83 147 360 6 1 5 7 10 12 13
69 177 371 3 1 8 9
95 180 470 4 1 9 11 13
32 152 459 4 3 9 10 13
159 161 369 8 1 2 6 7 9 10 12 13
109 117 456 5 1 4 6 8 13
113 197 411 10 1 2 3 5 6 7 9 10 12 13
17 161 410 0
25 177 421 8 1 2 3 5 6 7 11 13
3 197 325 9 1 3 4 6 7 9 11 12 13
42 65 345 0
51 78 322 6 1 2 3 4 5 12
6 71 304 8 1 2 4 5 6 7 10 12
21 92 327 10 1 2 3 4 5 6 7 8 10 13
125 173 416 7 1 2 6 8 10 11 12
91 150 345 6 1 2 9 11 12 13
2 92 383 8 2 3 4 7 8 11 12 13
57 104 462 7 1 3 4 8 10 11 12
161 170 425 8 1 3 4 5 8 10 11 12
38 131 476 12 1 2 3 4 5 6 8 9 10 11 12 13
119 135 415 8 3 4 5 7 8 11 12 13
54 165 410 3 1 3 9
145 187 487 7 2 3 4 8 9 10 12
182 188 480 6 1 3 5 8 10 11
52 142 302 0
46 77 488 7 3 4 5 6 7 10 13
15 26 309 8 3 4 6 7 8 9 11 13
30 159 327 9 1 2 3 6 7 9 10 11 13
144 146 335 0
50 175 321 4 1 2 10 13
94 190 454 5 3 4 8 9 13
21 162 395 6 6 8 9 10 12 13
80 181 345 3 3 6 8
172 194 376 7 1 2 3 6 7 8 9
14 33 306 9 2 4 5 6 7 8 9 12 13
25 188 414 3 7 9 13
90 106 332 7 1 4 5 6 7 9 10
3 87 417 5 2 4 5 9 12
45 196 477 9 1 2 4 5 7 8 9 10 12
80 138 454 0
66 183 394 6 1 2 3 6 9 12
74 130 474 9 2 5 6 7 8 10 11 12 13
77 87 428 6 1 2 4 8 9 12
111 174 350 0
90 177 301 3 2 4 7
97 178 496 6 1 4 7 8 10 12
6 174 348 2 1 8
86 170 336 6 2 3 5 6 7 10
14 25 458 9 3 4 5 6 7 8 9 10 11
21 104 473 10 1 2 3 5 6 7 8 10 12 13
70 77 313 6 1 2 5 7 9 12
98 197 325 7 1 2 4 5 6 10 11
69 74 335 5 2 4 6 9 13
139 156 452 4 1 2 3 8
20 130 457 4 5 8 10 12
68 181 337 5 2 5 6 8 9
33 141 440 8 1 2 3 5 7 8 11 12
54 153 466 6 1 6 7 8 9 13
31 38 316 5 1 4 7 8 10
112 178 427 4 2 4 9 10
131 174 440 9 2 3 4 5 7 9 10 11 12
28 93 422 6 1 3 6 9 10 11
153 167 474 5 1 2 6 8 10
105 191 485 8 2 6 7 8 9 10 12 13
103 121 498 6 1 3 4 8 10 11
80 200 480 6 2 3 4 6 7 13
182 199 351 4 7 8 9 12
118 135 330 7 1 3 5 6 8 11 12
78 168 350 7 1 6 7 8 9 12 13
127 171 328 7 3 5 6 7 9 10 12
29 151 436 8 1 2 5 6 8 9 11 12
21 115 396 3 4 6 13
2 95 302 3 1 9 10
86 179 316 0
101 170 447 9 2 3 4 5 8 10 11 12 13
63 173 455 3 1 2 7
97 147 312 6 4 8 9 11 12 13
117 165 495 0
49 172 444 0
60 141 423 6 2 4 5 9 10 12
155 199 420 8 2 3 4 5 6 9 11 12
44 77 457 0
92 130 448 7 1 4 5 6 11 12 13
78 97 455 7 1 3 4 7 11 12 13
21 181 409 4 4 9 12 13
46 110 406 7 2 3 5 7 8 9 13
70 125 444 5 1 2 5 11 13
30 193 301 0
160 169 324 5 6 7 8 10 11
145 163 460 6 3 6 7 8 12 13
15 179 428 6 1 2 3 9 10 13
87 138 416 8 1 4 5 6 7 8 9 13
66 192 382 7 2 5 6 7 9 12 13
56 178 402 6 3 4 5 6 11 13
17 24 353 6 3 4 5 7 12 13
81 189 380 7 2 3 5 8 10 11 12
25 116 334 5 2 5 9 11 12
41 52 405 9 1 2 4 6 8 9 10 12 13
67 113 362 5 1 3 4 6 13
106 136 384 0
148 163 385 5 2 4 8 11 13
19 68 451 7 2 3 7 8 9 11 13
122 123 481 5 2 3 10 12 13
190 191 340 6 1 2 3 5 6 10
65 156 467 7 2 5 6 9 11 12 13
16 88 380 0
144 172 447 4 3 4 5 7
91 183 432 9 1 3 4 6 9 10 11 12 13
79 91 327 5 1 4 10 11 12
97 137 391 5 2 3 6 7 11
121 164 307 8 1 2 3 6 7 8 11 13
108 199 447 8 1 3 4 6 7 8 11 13
156 179 300 7 1 3 5 6 7 11 13
64 80 455 6 2 5 6 9 11 13
78 172 354 6 4 6 7 8 9 11
37 118 409 4 3 6 9 13
92 131 313 7 1 2 3 5 7 12 13
20 36 498 6 2 6 8 11 12 13
10 88 362 11 1 3 4 5 7 8 9 10 11 12 13
19 57 490 6 4 5 6 8 12 13
85 117 410 0
53 180 442 1 4
170 194 358 9 1 2 3 4 6 7 9 10 13
129 137 492 8 1 2 3 4 5 8 9 12
19 157 344 6 1 3 4 10 12 13
65 85 412 6 1 2 3 5 10 12
105 147 324 0
63 134 331 9 1 2 3 5 6 7 8 11 12
8 45 469 5 4 5 7 10 13
102 162 338 8 1 4 5 7 8 9 12 13
166 188 415 0
128 165 306 4 4 5 9 10
108 143 489 0
45 195 348 9 1 2 5 6 8 10 11 12 13
80 155 346 3 5 6 10
23 96 409 6 2 3 4 11 12 13
81 92 380 9 2 4 5 6 8 10 11 12 13
142 175 446 8 3 4 5 6 7 8 10 12
83 108 493 5 1 4 7 8 11
78 89 407 6 2 3 4 7 8 10
14 73 337 4 2 5 9 12
95 155 300 6 1 3 5 8 9 13
85 162 306 6 1 3 5 7 8 11
74 185 490 7 1 6 7 8 10 12 13
126 149 407 5 2 3 4 9 13
43 141 360 10 1 4 5 6 7 8 10 11 12 13
156 169 351 0
83 94 373 5 3 4 5 9 12
141 193 310 5 3 6 10 12 13
55 129 414 5 3 7 8 9 13
3 132 315 4 2 8 10 12
40 46 420 7 4 5 6 7 8 9 12
102 130 356 8 1 2 4 5 7 9 10 12
145 153 373 4 4 10 12 13
15 67 364 10 1 3 5 6 8 9 10 11 12 13
54 120 353 8 3 4 6 7 8 10 11 13
9 150 437 3 9 10 13
6 97 388 6 3 6 8 9 10 12
152 163 384 7 1 3 4 5 8 11 13
10 127 406 8 1 4 6 7 8 9 10 12
35 191 379 8 2 4 5 7 8 10 11 12
25 77 451 4 1 3 6 8
112 168 413 9 1 4 6 7 8 9 10 11 13
16 114 368 7 1 4 5 6 11 12 13
24 53 300 5 1 3 6 8 11
56 156 411 0
65 191 429 7 1 2 4 8 10 11 12
39 46 380 5 1 3 5 9 11
71 109 357 8 2 3 5 8 9 10 11 12
13 166 374 9 4 5 6 7 8 10 11 12 13
103 110 440 7 1 3 5 6 7 12 13
53 67 347 0
68 103 374 6 1 5 6 11 12 13
4 188 446 8 1 2 3 4 5 7 8 10
21 155 489 5 2 7 9 11 12
54 65 434 5 1 2 3 4 10
4 197 307 5 2 5 7 9 11
58 109 340 7 1 3 6 7 10 11 13
61 88 307 7 3 4 6 7 8 11 13
2 103 469 9 4 5 6 7 8 9 11 12 13
38 65 454 5 2 4 9 10 12
35 58 474 8 1 3 4 6 7 9 12 13
5 48 342 7 3 4 5 8 9 10 12
28 91 463 8 1 3 4 6 7 8 11 13
75 78 347 6 1 4 9 10 11 12
2 164 406 9 1 2 3 5 8 10 11 12 13
116 172 316 8 1 4 5 8 9 10 11 13
103 185 437 8 1 2 4 5 6 9 10 11
3 119 447 6 4 8 9 10 11 12
30 101 352 5 1 3 7 8 9
33 135 343 8 1 3 7 8 9 10 11 13
15 75 326 6 2 3 4 6 8 13
43 126 303 5 2 5 7 9 11
4 200 408 7 1 3 4 5 6 11 13
150 161 346 0
114 166 455 7 2 4 8 9 10 11 12
85 138 320 4 4 5 11 13
40 181 428 3 3 8 12
108 137 488 6 3 7 9 10 12 13
51 157 329 6 1 4 6 10 11 13
108 117 302 4 5 8 9 10
53 178 428 0
27 191 328 8 1 3 4 5 7 8 11 13
28 155 329 8 1 5 7 8 9 10 11 12
32 148 374 9 1 2 3 7 8 9 10 11 13
37 47 317 8 2 3 6 8 10 11 12 13
29 140 463 8 1 3 4 5 6 7 9 13
49 126 333 7 3 6 7 8 9 11 12
142 183 358 6 1 6 8 9 11 13
9 14 422 5 1 2 4 6 7
134 172 455 5 3 8 9 11 13
70 134 464 7 2 3 4 8 10 11 13
16 67 348 6 5 6 7 8 9 10
20 39 497 3 6 11 12
29 100 427 5 1 4 6 11 12
31 37 395 7 1 2 3 4 7 10 12
122 180 355 7 1 3 6 7 8 12 13
62 188 395 0
100 110 332 9 3 4 5 6 7 9 10 11 13
78 152 302 7 1 2 6 8 9 12 13
17 77 447 6 1 3 4 5 6 8
12 16 328 8 1 2 4 5 6 7 9 11
76 92 480 10 1 4 5 6 8 9 10 11 12 13
35 158 403 5 2 8 9 11 13
30 116 436 5 1 3 6 9 11
160 187 479 4 1 6 7 8
96 136 358 0
8 75 408 8 2 3 5 7 8 10 11 12
109 147 407 0
131 187 498 0
33 127 390 0
18 52 361 8 1 3 5 6 7 8 9 13
88 138 378 0
9 122 370 9 2 6 7 8 9 10 11 12 13
17 127 390 6 1 2 7 10 11 12
5 20 405 6 1 6 7 11 12 13
49 58 388 6 2 7 9 10 11 13
45 157 305 7 1 3 5 7 10 11 12
81 152 390 8 2 3 4 5 6 7 8 13
143 170 398 4 1 4 10 12
29 128 427 8 1 3 6 7 8 9 10 13
8 14 345 8 2 3 5 7 8 10 11 12
47 165 314 4 1 3 5 11
85 194 475 8 2 6 7 8 9 10 11 13
30 86 494 11 1 2 3 4 6 7 8 10 11 12 13
75 85 442 0
156 198 323 6 1 3 5 9 11 13
18 109 350 7 2 3 5 7 8 10 13
85 128 489 6 5 6 7 8 10 12
2 75 307 5 2 3 4 7 9
121 195 304 9 1 2 5 7 9 10 11 12 13
70 109 437 8 1 5 6 7 8 9 10 12
145 148 487 8 2 3 5 6 8 9 12 13
18 101 437 7 1 2 5 6 7 8 11
179 195 492 7 2 3 4 9 11 12 13
4 177 376 5 2 4 5 7 12
4 40 416 7 1 3 5 9 11 12 13
97 146 350 8 2 7 8 9 10 11 12 13
40 179 484 8 3 5 6 8 9 10 11 12
30 188 475 9 1 2 3 6 7 8 11 12 13
50 194 301 7 1 3 6 7 8 10 12
18 93 326 4 1 4 6 8
59 100 336 4 4 6 7 12
49 112 379 0
1 92 397 6 4 5 6 7 9 10
12 20 427 4 1 6 7 13
58 173 484 6 1 3 4 9 11 12
50 187 437 8 3 5 6 8 9 11 12 13
36 85 432 5 1 2 4 5 7
35 181 375 5 3 6 7 9 12
7 70 335 6 1 2 5 11 12 13
99 128 312 6 2 3 4 6 9 12
107 136 372 8 2 3 4 6 7 8 10 13
4 30 349 9 1 3 5 6 7 8 10 11 13
47 126 439 0
177 200 367 4 6 9 11 12
67 166 443 5 6 7 8 10 11
54 114 414 8 1 5 6 8 9 10 12 13
107 137 417 6 2 6 7 10 12 13
98 176 433 8 2 3 5 6 7 8 11 12
98 191 374 8 1 2 4 6 7 9 10 13
2 166 373 6 2 5 7 8 9 12
132 198 322 9 1 2 3 6 7 8 11 12 13
64 179 361 9 1 2 3 5 7 10 11 12 13
146 169 310 6 3 5 6 8 10 12
121 152 314 5 1 3 11 12 13
66 166 389 8 1 5 7 8 9 10 11 13
79 193 426 4 4 5 7 12
1 13 316 10 1 2 4 5 6 7 8 10 11 12
23 164 374 7 1 2 4 7 9 10 12
17 65 401 6 1 3 4 6 10 11
143 194 317 0
43 130 352 0
17 114 390 4 2 3 7 11
1 112 349 4 2 5 8 12
50 71 449 4 1 2 7 13
50 179 317 6 3 5 6 7 8 9
18 71 485 9 1 2 3 4 5 7 9 10 12
61 97 386 5 1 3 4 9 10
19 56 401 8 1 2 5 6 7 8 12 13
50 100 312 10 1 3 5 6 7 9 10 11 12 13
108 129 373 5 3 6 8 9 13
7 122 365 8 1 2 3 4 7 9 12 13
48 60 385 10 2 4 5 6 7 8 9 10 12 13
36 161 375 10 2 3 4 5 6 7 8 9 10 11
160 199 305 5 3 9 10 11 12
19 106 452 10 3 4 5 6 8 9 10 11 12 13
45 141 470 11 1 2 3 4 5 6 9 10 11 12 13
76 167 371 7 1 3 5 6 7 10 12
42 166 321 7 3 5 6 7 8 10 11
36 164 403 6 5 8 9 11 12 13
97 117 445 10 2 3 4 5 7 9 10 11 12 13
34 128 346 6 1 4 5 9 10 11
51 187 377 8 2 3 4 5 8 9 12 13
94 108 459 0
75 103 357 6 1 4 5 8 9 11
107 139 391 5 2 5 7 10 11
34 156 348 8 1 2 3 5 9 10 11 12
42 92 435 0
63 158 360 7 2 4 5 8 10 11 12
49 158 374 8 5 6 7 8 9 10 12 13
145 186 489 3 2 5 13
32 157 329 6 1 2 4 6 7 11
45 111 427 5 3 7 10 12 13
34 184 379 7 1 2 3 4 5 12 13
16 102 378 5 8 9 10 11 13
65 173 328 4 4 8 10 11
74 93 348 5 4 6 8 12 13
26 38 316 0
60 148 415 6 4 5 10 11 12 13
48 123 449 7 1 4 7 8 9 11 13
73 122 328 10 1 3 4 5 6 7 8 10 11 13
17 122 440 6 3 5 6 7 9 11
66 154 467 9 1 2 3 4 6 7 8 11 13
15 32 413 6 2 9 10 11 12 13
65 104 315 0
58 197 424 0
5 95 317 8 1 2 3 4 7 9 10 12
32 197 486 0
64 187 495 9 1 3 5 7 8 9 10 12 13
17 40 490 9 3 5 6 7 8 10 11 12 13
3 154 341 7 2 4 7 9 10 12 13
27 96 393 7 1 5 6 7 10 12 13
24 185 337 10 1 2 5 6 7 8 10 11 12 13
59 95 419 9 1 3 5 6 7 8 9 11 12
133 188 304 5 1 2 3 5 10
139 173 346 0
54 112 462 8 1 3 4 6 7 8 10 11
23 169 304 8 2 3 4 7 9 11 12 13
102 112 481 6 3 5 6 8 12 13
130 142 474 5 1 2 5 9 11
24 83 379 8 2 3 5 6 7 10 11 13
24 52 422 4 5 6 8 13
66 151 304 6 3 5 6 7 8 9
115 174 458 8 3 6 7 8 10 11 12 13
7 74 301 8 3 5 6 7 8 10 12 13
1 170 334 9 3 4 5 7 8 9 10 12 13
110 194 486 9 3 5 6 7 8 10 11 12 13
6 86 349 5 2 4 5 7 10
35 185 350 7 3 6 7 8 10 11 12
83 152 353 8 1 3 7 8 9 10 11 13
65 168 451 8 4 5 7 8 9 10 12 13
163 186 379 0
126 155 494 5 1 5 7 11 12
37 120 370 4 3 7 12 13
74 99 444 6 3 4 6 8 10 11
5 71 461 0
59 152 494 3 2 5 6
168 175 414 6 1 5 6 8 9 12
147 199 399 0
2 116 441 3 3 5 12
122 179 356 10 1 2 3 6 7 8 9 11 12 13
17 119 393 0
41 142 334 4 3 4 9 13
92 175 393 7 2 3 4 7 8 10 13
25 106 464 7 1 5 8 9 10 12 13
20 122 490 7 1 3 7 8 11 12 13
83 137 391 0
58 105 426 3 1 2 6
24 171 495 5 2 3 4 7 13
49 70 373 6 4 6 8 9 11 12
63 91 401 9 1 2 4 5 6 7 10 11 13
52 85 326 0
19 60 495 10 1 2 4 6 8 9 10 11 12 13
166 178 357 5 1 5 6 8 12
78 101 484 6 2 4 5 9 10 12
104 191 449 9 1 2 3 5 7 8 10 12 13
101 185 391 4 3 4 7 8
71 175 470 6 1 2 4 10 11 12
54 80 450 5 2 4 5 6 13
179 189 442 0
111 130 476 0
14 113 353 7 3 4 8 10 11 12 13
28 48 473 5 1 5 8 9 13
5 148 422 9 1 4 5 6 8 9 11 12 13
58 126 423 8 1 2 5 6 7 9 11 12
95 102 369 6 2 3 4 5 9 13
31 197 383 6 2 3 5 9 11 13
77 154 369 6 1 3 6 7 9 13
27 41 483 10 1 2 5 6 7 8 9 10 11 13
119 129 435 5 3 6 7 8 10
125 137 311 7 1 2 3 7 9 11 12
107 112 340 4 1 3 11 12
42 173 328 4 1 7 8 13
51 141 497 7 1 5 7 8 9 11 13
39 68 385 5 7 8 11 12 13
138 164 492 6 1 4 5 6 9 13
1 126 488 10 1 3 4 5 6 8 9 10 12 13
66 161 477 9 1 2 4 5 6 7 9 10 12
13 179 370 4 5 6 8 9
19 114 435 7 1 5 6 7 8 9 12
39 115 302 4 1 4 7 11
96 135 423 8 1 2 3 4 6 7 8 12
69 107 461 8 1 2 3 5 6 8 10 11
30 45 449 8 1 3 4 6 10 11 12 13
46 104 480 5 2 6 8 11 12
87 116 445 8 2 3 4 5 7 9 10 13
1 108 350 6 5 6 8 9 10 12
4 60 372 9 1 2 3 4 5 6 7 8 10
122 169 367 8 1 3 5 6 7 10 11 12
173 191 301 8 1 3 5 6 8 9 11 12
147 159 466 7 2 4 7 8 9 12 13
190 200 495 4 2 8 10 12
154 158 354 11 1 3 4 6 7 8 9 10 11 12 13
51 175 391 4 1 2 6 9
3 170 417 8 1 2 3 4 8 11 12 13
90 178 430 5 2 7 8 10 11
80 195 412 5 3 4 7 8 13
61 172 453 0
11 136 499 11 2 3 4 5 6 7 8 9 10 11 13
46 146 396 7 3 5 6 8 9 11 12
90 98 388 5 2 4 8 11 13
38 109 462 6 3 5 7 8 9 11
145 156 388 0
46 85 368 9 1 2 3 5 7 8 9 12 13
70 88 412 6 1 5 6 8 10 13
11 145 425 0
140 147 360 6 4 6 9 10 12 13
70 178 352 0
93 159 354 5 4 7 8 11 13
6 106 430 7 1 2 6 8 10 11 13
14 99 487 6 3 4 5 9 10 12
96 170 308 7 2 4 6 7 8 11 13
10 156 354 6 6 7 8 9 10 11
51 92 448 8 2 3 4 7 8 10 11 12
26 48 458 9 1 2 3 4 5 6 7 10 12
63 76 486 10 1 3 6 7 8 9 10 11 12 13
5 50 345 6 5 6 7 8 10 13
79 177 308 7 2 3 5 6 10 11 13
27 69 358 0
89 172 412 3 2 9 12
22 64 461 9 1 2 3 4 6 7 9 10 13
65 122 476 7 1 4 5 8 9 11 12
57 153 360 11 1 2 3 5 6 7 9 10 11 12 13
81 113 468 0
16 35 319 0
22 194 477 5 3 6 7 8 9
96 191 350 9 1 2 4 5 6 7 8 9 11
24 200 432 7 1 4 6 8 9 12 13
42 198 430 0
12 55 301 6 1 4 6 8 12 13
82 104 480 0
20 95 470 7 4 5 7 9 10 11 13
36 115 464 8 1 2 4 7 8 10 11 12
13 46 320 0
142 169 338 7 1 5 6 7 10 12 13
134 182 376 0
82 141 397 8 1 2 4 5 6 11 12 13
44 136 398 4 1 5 6 7
46 176 428 5 1 5 8 11 13
30 148 452 9 1 4 5 6 7 10 11 12 13
124 185 481 8 2 3 4 6 7 8 9 10
11 102 367 5 4 5 7 8 9
55 58 460 6 1 3 5 6 8 13
47 84 487 4 7 8 9 12
2 144 315 9 1 2 3 4 5 8 10 11 13
50 185 370 6 1 2 3 5 6 7
13 66 473 6 1 4 5 9 10 13
48 152 360 6 3 5 6 7 8 11
109 129 331 6 3 5 6 8 10 12
169 173 484 7 1 2 4 5 10 12 13
3 150 424 1 5
102 156 444 5 3 4 5 9 12
21 96 412 8 3 6 7 8 9 11 12 13
62 193 436 5 2 4 7 10 13
44 188 412 7 1 2 3 4 7 9 12
111 171 432 7 2 3 4 8 9 10 12
13 144 414 4 3 4 7 10
20 75 462 7 3 4 5 6 10 11 12
73 149 316 5 1 7 8 9 10
85 87 496 7 2 3 4 6 9 12 13
21 186 464 8 2 3 6 7 8 10 11 12
27 142 496 7 1 2 5 7 10 11 13
75 156 419 9 1 2 3 5 6 7 9 10 13
3 135 380 6 3 4 7 10 11 12
28 69 468 7 2 4 6 7 8 11 12
52 66 457 7 1 2 3 4 6 7 11
9 154 456 2 11 13
29 120 365 8 2 5 8 9 10 11 12 13
68 191 308 7 1 3 4 5 10 11 12
8 26 336 6 1 3 4 6 11 13
118 162 317 7 1 2 3 4 5 6 11
12 91 441 10 1 2 3 4 5 8 9 11 12 13
66 129 403 5 3 5 10 12 13
107 120 430 6 1 4 6 9 10 13
59 185 428 6 3 4 5 6 9 13
160 168 370 8 4 5 6 7 8 10 12 13
30 63 452 7 1 3 4 5 7 10 11
30 115 401 9 1 3 4 5 6 9 11 12 13
14 88 382 5 1 3 8 12 13
74 131 435 9 1 2 3 5 6 7 9 11 13
181 189 337 8 1 2 3 5 10 11 12 13
36 54 458 0
75 157 380 8 2 3 4 5 6 8 11 13
37 173 450 7 3 7 8 9 10 11 12
64 71 395 8 1 2 3 4 8 10 11 13
149 193 492 8 2 5 6 7 10 11 12 13
166 197 382 8 1 2 3 5 7 8 10 12
120 158 309 8 4 5 6 7 8 9 12 13
3 176 407 3 2 5 8
80 122 350 4 5 9 10 12
55 77 457 8 1 2 3 4 7 8 9 13
50 125 371 0
110 168 498 2 1 12
118 168 376 9 1 2 3 5 6 7 8 9 10
87 191 451 6 1 2 4 6 10 11
5 62 466 8 2 4 5 6 8 10 11 13
6 62 486 7 2 3 4 6 9 12 13
80 121 359 6 2 3 8 9 11 13
78 158 331 4 3 4 10 13
77 95 494 8 2 3 4 6 9 10 12 13
15 182 395 8 1 3 5 6 8 10 11 12
23 192 301 7 2 6 7 8 10 11 12
7 86 435 5 2 4 5 7 8
95 150 450 8 1 3 4 5 6 8 10 12
10 117 383 5 2 5 6 12 13
167 171 315 6 3 4 5 6 9 10
47 160 320 5 1 2 6 11 12
26 43 487 8 2 4 5 7 8 10 11 13
21 148 368 6 1 3 8 10 12 13
129 185 354 6 2 3 4 8 9 12
4 110 423 9 1 2 3 5 7 8 9 11 13
59 84 406 5 1 2 4 5 7
152 181 312 7 4 6 7 8 9 10 12
60 142 303 8 1 2 3 4 7 8 9 13
17 166 356 2 8 12
29 61 407 5 2 3 8 9 13
3 44 447 6 2 6 7 8 11 12
79 88 390 5 1 3 6 9 10
115 120 368 6 2 3 6 7 8 13
37 165 354 7 4 5 8 10 11 12 13
107 130 440 5 2 6 7 12 13
140 199 326 7 1 4 6 7 10 11 12
4 46 425 6 1 2 3 8 11 12
93 173 438 10 1 2 3 5 7 8 9 10 11 12
139 162 402 6 3 5 8 9 11 13
42 106 328 6 1 2 3 4 10 13
31 82 356 6 1 6 8 9 11 13
133 197 388 6 2 3 5 7 8 13
38 147 387 9 2 3 4 5 8 9 10 11 12
30 132 387 3 4 5 12
31 139 334 7 1 2 3 5 9 11 12
71 197 434 7 1 2 3 6 8 9 10
28 51 340 6 1 5 6 7 8 10
128 192 421 5 1 3 6 9 13
72 83 336 6 1 3 4 6 10 12
47 92 375 9 3 4 5 6 8 9 10 12 13
84 149 436 8 1 3 5 7 8 11 12 13
161 181 308 7 3 5 7 8 10 12 13
182 200 363 5 2 4 7 10 11
73 143 305 6 5 6 8 9 12 13
8 36 362 5 1 3 7 8 12
162 199 438 8 1 2 3 4 5 6 8 12
32 73 411 7 1 2 3 6 9 10 11
31 187 375 6 1 3 5 7 8 12
55 137 441 7 1 2 4 5 6 10 13
23 176 419 9 2 3 4 6 7 9 10 11 13
106 130 482 5 2 4 6 7 10
124 155 340 7 1 3 4 6 9 10 12
176 194 309 0
50 134 351 4 5 7 9 11
103 179 395 9 1 3 4 6 7 8 10 11 12
24 76 401 7 2 3 5 6 7 12 13
66 157 329 5 3 5 7 10 11
43 159 472 7 1 2 6 8 9 11 13
17 84 339 0
146 170 383 8 2 3 4 6 8 11 12 13
127 164 453 6 1 5 7 8 10 12
49 188 395 10 1 3 5 6 7 8 9 10 12 13
18 176 424 6 2 3 7 8 9 12
122 172 492 0
141 156 434 8 2 3 6 7 8 9 10 13
10 92 458 9 2 3 4 7 8 9 10 12 13
180 192 379 6 1 2 5 6 11 13
145 175 427 5 1 2 5 6 12
85 184 332 0
111 142 415 5 2 5 7 9 12
51 147 302 4 1 5 6 10
55 63 468 7 1 4 6 7 8 10 12
61 102 424 7 3 4 5 6 7 8 10
9 171 317 8 1 3 4 5 7 9 10 13
102 115 425 8 2 3 5 6 8 10 12 13
123 171 438 6 1 2 5 7 9 10
1 125 455 9 1 2 3 5 6 7 8 9 13
63 185 488 4 4 5 6 11
141 151 313 7 1 3 5 6 8 10 13
83 96 348 3 4 8 11
110 186 359 0
101 130 448 6 3 5 6 7 10 11
61 152 389 9 1 2 4 5 6 7 9 11 12
7 184 368 4 3 7 9 12
130 196 451 4 2 3 5 10
42 102 436 0
19 64 469 0
80 183 432 5 3 4 6 8 9
18 41 408 5 2 3 4 7 10
182 197 460 7 2 5 7 9 11 12 13
79 122 315 6 8 9 10 11 12 13
49 197 313 2 11 12
29 160 307 7 3 5 6 8 9 11 13
38 197 439 0
77 165 306 6 2 3 5 6 8 9
127 193 442 7 1 2 4 5 7 8 13
160 162 350 6 1 3 8 9 10 12
65 187 385 5 1 4 5 6 13
134 190 369 3 5 6 11
138 186 382 9 3 4 5 6 7 9 10 11 13
83 134 452 8 1 2 3 4 5 9 10 11
17 88 323 7 1 5 6 7 8 9 12
66 172 302 8 2 3 4 6 8 9 12 13
33 188 328 8 1 2 3 5 7 9 10 13
160 192 341 9 1 2 4 6 7 9 10 12 13
33 138 428 6 1 2 3 5 6 13
154 159 467 9 1 2 5 7 8 9 10 11 13
94 189 496 0
38 107 368 9 1 2 3 5 6 8 10 11 12
93 143 432 7 1 2 4 5 9 10 11
75 127 345 4 2 4 11 12
15 61 428 0
10 60 380 5 2 6 7 11 12
51 173 386 5 5 6 7 11 12
26 189 448 4 4 8 9 12
131 150 483 6 1 2 7 8 9 12
17 35 322 8 1 3 4 5 6 7 11 13
70 154 370 11 1 2 3 4 6 7 8 10 11 12 13
141 161 415 5 4 7 8 11 13
108 168 382 6 1 2 4 5 7 12
32 81 330 7 1 5 6 7 8 9 11
11 99 431 5 3 7 8 10 12
11 64 396 7 6 7 8 9 11 12 13
112 176 338 6 1 3 4 9 12 13
19 79 322 6 1 4 8 10 11 12
76 161 354 8 1 3 4 5 6 11 12 13
88 199 432 9 1 2 4 7 8 9 10 11 12
177 189 372 8 4 5 6 8 9 10 11 12
182 184 439 5 3 6 7 8 10
35 99 301 5 1 3 7 9 10
19 28 454 10 2 3 4 5 7 8 10 11 12 13
53 184 343 7 1 3 4 7 9 10 12
7 140 476 8 3 4 5 6 8 9 10 11
27 176 457 4 2 4 8 9
129 132 372 9 2 3 4 5 6 7 8 9 10
83 143 317 5 1 2 5 12 13
86 195 337 6 1 2 3 8 9 10
37 67 339 6 1 2 4 9 10 11
72 165 466 10 1 2 3 4 5 7 8 9 11 12
149 176 357 7 1 4 6 7 9 10 12
5 194 471 5 1 4 8 9 11
109 125 463 9 1 4 5 6 7 8 9 11 13
91 128 437 7 1 2 3 5 6 7 13
2 47 304 9 2 5 6 7 9 10 11 12 13
3 34 349 0
50 161 386 7 1 5 6 7 8 9 11
17 168 439 8 2 3 4 5 8 9 12 13
156 194 323 11 1 2 3 4 5 6 7 8 9 10 12
10 160 456 5 2 3 5 9 10
1 15 355 7 1 3 5 6 7 8 10
81 90 357 6 4 5 7 8 10 12
146 191 438 5 1 6 7 11 12
152 170 438 8 1 5 6 9 10 11 12 13
24 37 405 6 6 7 8 10 11 13
117 151 428 9 1 2 3 5 7 8 9 10 11
104 184 460 5 1 2 3 6 11
48 85 459 0
11 112 360 5 2 3 4 9 13
6 95 485 9 1 2 3 5 6 8 11 12 13
3 18 350 6 2 4 5 7 10 11
45 198 313 8 2 5 6 8 9 10 11 13
108 171 439 8 1 2 3 4 5 6 7 10
110 136 394 0
54 187 490 2 4 6
81 125 348 4 1 2 5 9
96 125 466 9 1 2 4 5 8 10 11 12 13
55 124 307 6 1 3 5 8 9 12
94 130 385 6 2 5 6 8 10 13
36 75 457 5 3 4 9 11 13
83 150 425 6 1 2 7 8 9 11
102 133 443 4 2 4 11 12
158 196 428 5 1 4 8 9 13
67 197 388 6 1 4 8 9 10 13
58 140 332 8 2 3 4 5 6 9 10 12
181 200 384 5 1 2 3 5 13
93 97 389 7 3 5 7 8 9 10 13
19 118 418 5 1 6 8 9 12
71 190 324 7 1 5 6 7 9 11 13
40 161 364 9 1 2 3 5 6 7 8 11 13
70 116 326 8 1 2 4 6 8 9 11 13
35 173 331 7 3 4 5 7 9 11 13
33 200 422 5 4 9 10 12 13
66 113 417 9 2 4 5 6 9 10 11 12 13
133 162 469 0
37 40 327 8 1 5 6 7 10 11 12 13
67 98 345 7 2 4 7 8 9 12 13
52 114 381 9 2 3 4 5 6 7 9 11 12
50 75 439 9 1 4 5 6 7 8 10 12 13
99 135 406 5 2 7 8 9 11
25 123 366 3 5 10 13
58 99 489 7 1 2 4 5 8 10 12
165 193 419 7 1 3 4 5 6 8 13
71 121 458 6 1 4 6 7 11 12
52 197 335 8 2 5 6 7 8 9 10 13
87 189 361 7 1 4 6 8 9 10 13
53 141 306 9 1 2 3 5 9 10 11 12 13
31 84 453 7 3 4 6 7 9 10 13
60 117 369 8 1 2 3 6 9 10 11 13
185 189 344 6 2 5 6 8 10 13
151 182 410 7 4 5 6 7 10 11 13
9 95 446 9 2 3 6 7 8 9 10 11 12
69 179 439 10 1 2 3 4 5 7 8 9 10 12
141 145 491 10 3 4 5 6 7 8 9 10 11 12
17 128 487 6 2 3 4 5 7 8
47 70 471 6 3 4 5 9 11 12
20 54 327 5 1 10 11 12 13
152 197 328 4 1 9 11 12
64 82 390 7 1 3 6 7 11 12 13
4 125 351 7 1 3 7 8 10 11 13
97 156 393 6 4 5 7 11 12 13
46 196 368 7 1 2 4 8 9 10 12
55 157 382 7 1 6 7 8 10 12 13
14 68 467 5 3 6 7 12 13
24 183 437 0
154 190 303 0
153 185 494 5 4 5 6 11 13
76 145 483 5 6 7 8 10 12
125 180 337 4 2 4 8 12
65 195 385 0
35 169 341 5 1 3 7 10 11
62 114 355 7 2 6 8 9 10 11 12
147 171 327 8 1 4 6 8 9 10 11 13
125 179 460 6 2 4 5 6 10 12
59 183 465 1 1
45 102 362 8 3 4 6 7 8 9 10 12
13 32 322 6 1 2 3 6 7 12
168 194 472 5 8 9 10 12 13
132 154 316 4 6 8 11 12
106 120 343 8 1 4 5 8 9 10 11 13
6 101 468 7 3 5 7 8 11 12 13
138 156 378 4 5 7 8 12
47 199 441 6 1 3 4 6 11 13
80 128 407 6 4 8 10 11 12 13
86 186 321 9 1 5 6 7 8 9 10 11 12
74 111 428 8 2 3 4 5 6 7 9 13
192 193 378 6 1 4 5 7 10 11
79 185 349 0
14 120 457 7 3 5 7 8 9 10 13
119 189 420 5 1 3 4 12 13
66 126 352 4 1 3 6 8
16 200 302 6 1 5 6 10 11 12
93 162 441 6 1 4 8 10 11 12
88 93 387 9 1 3 5 6 8 9 10 11 12
81 132 469 8 3 4 5 6 8 10 11 13
53 128 378 6 4 5 6 9 10 13
36 81 390 7 1 3 4 6 8 10 11
1 31 463 6 2 5 6 8 10 13
24 172 361 8 2 4 5 6 8 9 10 11
40 162 379 8 1 3 5 6 8 9 11 13
37 167 301 5 1 2 4 6 13
16 160 354 6 1 2 5 8 9 11
28 171 387 8 1 2 3 5 7 10 12 13
88 175 328 0
160 174 467 8 1 2 5 6 10 11 12 13
65 179 352 8 1 3 4 6 7 11 12 13
52 102 390 5 1 2 3 6 10
149 171 489 5 3 5 7 10 11
54 179 476 3 1 3 12
98 171 358 2 6 12
45 175 484 7 1 3 5 9 11 12 13
30 49 444 4 1 3 8 12
139 153 389 3 4 6 10
116 176 377 7 3 4 5 6 7 8 9
7 95 351 5 1 8 9 11 13
151 173 410 7 2 3 7 8 9 11 13
34 47 306 5 2 5 7 8 13
184 188 382 10 3 4 5 6 7 9 10 11 12 13
92 133 411 8 3 4 5 7 8 11 12 13
3 110 415 0
145 161 454 7 1 3 4 5 8 11 13
130 192 464 5 6 7 9 10 11
15 42 417 5 1 4 10 11 12
102 125 395 8 2 3 4 5 6 7 12 13
26 100 351 9 1 2 3 5 6 8 9 10 12
141 155 386 4 2 7 11 12
87 94 474 8 1 3 4 6 8 9 10 12
28 56 393 4 2 4 5 8
91 130 301 9 1 3 4 6 8 9 10 12 13
28 129 487 7 1 2 7 10 11 12 13
177 180 473 5 1 4 8 10 11
73 105 302 8 1 2 5 7 8 11 12 13
88 108 342 7 4 6 7 8 9 11 12
7 93 312 6 1 2 3 10 11 12
33 128 330 0
54 167 309 9 1 3 7 8 9 10 11 12 13
73 169 364 0
31 124 373 7 1 3 5 7 9 10 11
75 198 450 6 2 4 6 9 11 12
159 191 493 7 4 5 8 9 10 12 13
30 105 383 8 3 4 5 6 7 8 9 10
99 196 386 5 3 4 5 9 12
56 88 389 7 1 2 6 7 10 12 13
93 103 424 4 2 8 10 12
155 177 463 8 2 3 5 6 7 10 11 12
39 79 393 7 4 5 7 9 10 12 13
57 148 335 8 2 5 6 7 9 10 11 13
94 186 421 6 1 2 4 5 6 13
3 125 475 8 1 4 6 7 9 10 11 12
67 74 398 5 2 3 8 9 13
52 59 336 10 1 3 4 6 8 9 10 11 12 13
68 128 429 4 3 8 10 12
130 191 362 10 1 2 5 6 7 8 9 10 11 13
12 57 405 0
117 126 325 5 1 2 6 12 13
34 107 413 6 1 4 5 9 12 13
60 66 491 7 1 2 5 6 7 8 9
39 109 451 0
111 118 307 0
22 136 445 8 1 2 3 5 8 9 10 12
137 194 390 7 1 4 5 6 7 9 10
34 175 432 6 2 4 9 10 11 12
53 56 399 8 2 4 6 7 10 11 12 13
4 23 432 7 6 7 8 9 11 12 13
13 111 444 8 1 3 4 5 6 7 9 13
72 181 382 7 2 5 6 9 11 12 13
5 116 393 6 1 2 8 10 12 13
93 126 460 7 1 2 4 8 10 12 13
141 146 407 8 2 5 7 8 9 10 12 13
92 128 495 6 3 4 8 9 10 13
103 106 405 7 2 3 4 5 8 9 13
179 183 490 5 4 5 6 7 12
57 188 381 7 1 2 3 7 10 11 13
188 194 495 5 3 5 9 10 11
69 180 415 5 1 5 8 9 11
40 146 497 10 1 2 4 5 6 7 8 9 10 12
48 50 388 5 1 5 6 9 10
70 112 402 7 2 3 4 7 9 11 13
123 189 418 7 1 8 9 10 11 12 13
60 122 315 9 1 2 3 4 5 7 9 10 13
117 150 300 8 3 5 6 7 9 10 11 12
29 191 407 8 1 2 4 5 6 8 9 11
89 143 396 8 1 2 4 5 6 9 10 11
76 116 363 5 1 2 3 7 13
42 155 312 5 5 6 7 10 11
52 182 373 7 2 3 5 6 10 12 13
33 115 428 0
65 135 456 9 2 4 5 6 7 8 9 12 13
105 171 324 6 1 2 5 10 11 13
46 82 387 4 3 9 11 12
120 178 353 7 2 4 7 9 11 12 13
85 182 415 2 5 7
172 182 319 5 1 5 8 9 12
46 48 452 4 4 5 11 13
113 129 499 8 1 2 4 6 8 10 11 13
93 144 415 5 1 2 8 10 11
127 166 334 5 2 6 10 11 12
121 183 345 6 2 3 4 6 10 11
66 191 328 5 2 4 5 9 12
4 96 441 4 1 3 8 12
72 92 340 4 3 5 7 13
23 53 385 8 2 5 6 7 10 11 12 13
30 181 384 6 1 4 7 11 12 13
94 143 422 8 1 4 5 6 7 10 11 12
5 13 380 9 1 2 3 4 6 7 8 10 11
156 158 451 6 1 2 4 7 8 12
61 173 371 0
16 24 420 9 1 2 3 4 5 7 8 10 11
6 181 305 5 3 10 11 12 13
46 188 441 0
40 142 435 5 3 4 5 12 13
10 43 457 4 1 2 3 7
11 189 348 7 1 2 6 9 10 11 12
62 127 332 6 4 7 8 9 12 13
137 155 472 5 2 3 8 11 13
76 115 313 6 3 4 5 6 10 11
58 138 405 4 1 3 4 7
131 193 401 8 4 5 6 7 8 9 11 13
126 195 421 7 1 3 5 8 9 10 12
144 200 382 10 2 4 5 6 7 8 9 10 12 13
165 200 488 5 4 7 8 9 12
15 184 474 3 5 6 8
91 146 449 9 2 4 5 7 8 9 10 11 13
30 147 460 6 1 2 3 6 9 11
87 106 378 9 1 2 4 5 7 8 9 11 12
4 28 448 3 6 8 12
83 131 375 6 2 3 4 5 6 11
109 199 365 10 1 2 4 5 6 7 8 10 11 12
73 171 493 8 2 3 4 5 9 10 11 12
7 88 355 6 1 7 8 10 11 12
75 117 458 8 1 2 4 7 10 11 12 13
152 153 486 4 4 5 8 12
25 27 441 4 4 7 8 11
50 64 494 5 2 8 9 12 13
102 161 360 6 2 4 5 8 10 12
23 67 473 5 4 5 8 10 13
97 138 445 4 1 2 5 11
32 138 431 0
4 92 394 9 2 3 4 6 8 9 10 11 12
40 178 450 11 2 3 4 5 7 8 9 10 11 12 13
66 177 372 5 2 7 8 11 13
157 190 481 5 1 6 10 12 13
57 65 360 4 2 4 8 9
101 111 373 6 1 5 7 11 12 13
44 125 313 8 2 4 5 6 7 8 9 11
36 42 332 0
143 161 386 7 1 4 6 8 10 12 13
98 192 371 5 1 4 6 8 10
102 155 433 6 3 6 7 8 9 13
153 184 459 5 4 7 10 11 12
125 132 405 3 5 8 10
83 104 374 7 1 2 4 7 10 11 12
22 41 385 4 1 4 7 13
6 114 354 4 1 8 11 12
64 110 334 7 3 4 6 7 9 11 12
118 174 415 5 2 5 7 8 12
15 84 454 6 1 2 6 8 11 12
1 186 361 11 1 2 3 4 5 6 7 9 10 12 13
73 81 480 7 1 2 3 6 7 10 12
8 141 400 5 1 2 4 6 9
45 158 417 8 1 3 4 5 7 8 11 13
3 169 439 6 2 4 7 8 9 12
26 127 386 5 4 7 8 9 11
12 90 310 6 1 2 5 8 9 12
81 98 433 10 1 2 3 5 6 7 9 10 11 12
44 73 446 8 2 4 5 7 10 11 12 13
35 195 483 4 1 6 8 11
113 155 331 10 1 2 3 4 5 6 8 9 10 11
44 186 377 7 2 4 6 7 9 12 13
153 179 329 6 3 6 7 11 12 13
73 157 433 8 2 3 6 7 8 10 11 13
2 121 401 0
103 154 311 8 1 5 6 8 9 10 12 13
84 182 493 7 2 3 4 8 9 11 12
141 157 474 5 1 2 3 10 11
40 77 476 7 1 4 5 6 7 8 11
95 114 326 7 3 4 5 8 11 12 13
145 147 312 6 3 4 6 8 9 12
101 155 499 7 2 4 7 8 10 11 13
63 89 411 8 2 3 4 6 7 11 12 13
49 168 423 5 6 8 11 12 13
72 159 404 6 4 6 7 9 10 12
36 94 485 7 2 3 5 6 10 11 13
84 100 308 8 1 5 6 7 8 10 12 13
22 91 458 8 2 4 5 6 7 8 9 12
32 179 319 5 1 2 5 6 9
13 98 424 10 2 5 6 7 8 9 10 11 12 13
95 190 413 8 2 3 5 6 7 8 10 13
49 148 333 5 1 5 7 11 12
114 119 404 7 4 6 7 8 9 11 13
61 107 465 5 2 3 5 7 9
35 150 450 4 5 7 12 13
101 106 495 9 1 2 3 5 6 7 8 10 12
37 43 351 9 1 4 5 6 7 8 9 11 12
15 39 412 6 1 3 4 7 8 11
58 129 381 0
50 80 449 5 6 7 8 9 13
28 172 395 8 1 3 6 8 10 11 12 13
181 197 364 6 1 5 6 9 10 12
42 181 478 0
32 118 425 0
106 197 449 4 1 7 9 11
93 133 379 8 1 4 5 6 8 9 12 13
32 174 388 3 1 5 9
175 178 443 6 2 3 5 8 12 13
40 119 306 8 3 7 8 9 10 11 12 13
18 79 364 4 1 2 3 13
3 104 421 0
91 159 318 7 2 3 7 8 9 11 12
116 185 364 6 1 6 9 10 11 12
140 163 332 9 1 2 4 5 7 8 9 11 12
115 149 442 6 2 4 7 9 10 11
20 64 468 4 6 7 11 12
60 84 470 6 1 6 7 8 10 13
146 157 402 8 1 3 4 5 6 7 10 13
1 168 379 0
34 179 441 7 2 3 6 7 8 9 10
5 8 326 6 3 5 6 8 9 11
110 129 444 8 2 3 4 5 6 8 10 13
51 125 474 4 5 7 9 12
30 134 383 7 2 3 4 7 8 10 11
31 83 409 5 3 4 5 7 11
32 141 376 5 2 3 5 7 8
72 118 330 7 2 3 4 9 11 12 13
129 139 460 7 2 4 6 7 9 11 12
144 179 488 6 1 6 8 11 12 13
35 120 363 5 6 7 10 11 12
15 183 361 7 1 5 6 7 10 11 12
64 84 336 9 2 3 4 5 6 9 10 11 12
85 111 427 5 3 4 6 12 13
72 95 339 4 2 3 6 12
29 76 413 0
49 80 377 0
24 127 418 7 1 2 3 7 8 10 12
29 129 301 6 1 2 5 6 8 13
58 112 472 4 5 7 8 11
28 128 376 8 2 3 4 9 10 11 12 13
43 184 317 7 1 2 3 6 8 12 13
118 152 345 6 2 6 7 11 12 13
50 165 395 0
136 171 381 7 1 2 3 4 5 6 9
151 153 329 8 1 2 4 5 8 9 11 13
34 191 489 9 3 4 5 6 8 9 10 12 13
63 68 302 8 2 3 4 5 7 9 11 13
147 192 499 8 1 2 6 7 9 10 12 13
39 164 391 9 1 2 3 4 5 6 8 12 13
157 162 381 8 1 2 6 7 8 10 11 13
104 189 441 0
58 92 370 6 1 4 8 9 12 13
164 173 325 5 1 2 7 9 11
144 182 367 9 2 3 5 6 7 8 10 11 13
21 138 405 0
10 135 434 9 1 4 5 7 9 10 11 12 13
32 195 444 6 1 3 9 11 12 13
97 175 387 8 1 2 3 5 6 7 8 10
128 157 346 7 2 3 4 5 10 11 13
26 136 384 8 1 2 3 5 6 7 12 13
103 180 451 10 1 2 5 6 7 8 9 10 12 13
35 138 407 8 1 2 4 8 9 10 11 13
96 165 372 6 1 3 4 6 9 10
65 180 330 5 3 7 8 9 12
29 68 398 8 3 4 5 6 8 9 11 13
175 187 437 2 2 4
92 197 359 8 1 3 5 7 8 10 11 12
40 187 468 1 11
112 156 438 6 4 7 9 10 12 13
35 90 331 4 6 10 12 13
50 174 345 7 1 2 4 8 9 10 12
102 110 408 7 4 5 7 9 10 12 13
59 75 328 8 2 4 5 6 10 11 12 13
54 89 392 3 5 7 8
27 134 441 0
7 91 358 0
17 146 381 7 1 3 4 5 6 8 9
22 63 443 9 2 3 4 5 6 7 8 9 13
28 178 357 5 4 7 8 9 11
39 123 424 7 3 5 6 7 8 9 13
13 74 476 6 1 4 8 10 11 13
79 166 450 8 1 3 4 5 6 9 11 13
8 166 446 11 1 2 3 4 6 7 8 9 10 12 13
60 75 301 5 1 3 6 8 13
51 150 470 7 1 2 5 6 7 9 12
70 194 303 5 2 4 10 12 13
66 90 387 8 3 4 6 7 9 10 12 13
58 156 366 3 1 10 12
51 97 391 10 2 3 4 5 6 9 10 11 12 13
13 41 385 7 1 4 5 6 9 11 13
50 98 450 9 1 3 4 5 6 7 9 11 13
167 198 342 7 1 4 5 8 10 11 13
163 189 444 8 1 2 5 6 8 10 12 13
37 87 475 6 3 4 5 6 8 13
55 119 372 2 5 13
130 182 342 4 3 5 6 11
89 191 412 0
22 162 432 4 3 5 6 9
51 71 311 5 4 5 6 7 13
39 102 303 6 1 4 5 6 10 13
99 171 415 0
78 132 356 4 2 9 10 12
17 156 411 0
94 187 444 0
33 149 448 7 1 2 3 5 7 9 10
102 159 352 9 1 2 5 6 7 8 9 11 12
21 27 454 3 8 9 10
65 102 481 0
69 116 496 6 2 6 7 9 10 12
80 83 463 0
53 146 357 7 1 3 4 6 8 12 13
1 110 472 5 1 3 4 6 8
40 184 366 8 1 2 4 5 6 7 9 13
77 167 304 7 2 4 7 8 11 12 13
166 167 426 8 1 2 3 4 5 6 10 11
158 167 336 6 1 3 6 10 11 12
84 184 307 6 1 2 6 9 10 13
43 113 465 7 1 3 7 8 11 12 13
175 195 402 6 2 3 6 7 9 12
63 186 398 8 1 2 4 6 8 10 11 12
119 200 351 6 4 6 7 10 12 13
11 17 304 9 1 2 4 5 6 7 8 9 10
51 194 392 6 4 5 7 8 9 11
140 172 447 4 7 8 10 12
45 106 479 0
98 184 417 5 2 4 7 8 11
7 127 490 0
193 194 392 10 1 2 3 6 7 8 9 10 11 12
93 124 301 0
33 156 453 8 1 2 3 6 7 10 11 12
15 134 347 6 1 2 4 9 12 13
187 190 368 7 1 3 4 6 8 9 10
79 136 461 6 1 4 5 6 7 11
25 181 458 8 1 2 3 4 9 10 11 12
32 117 312 7 3 4 5 8 9 11 12
25 145 361 9 2 3 5 6 7 8 9 10 13
49 179 462 7 2 3 5 6 8 9 12
112 134 466 8 1 2 3 5 7 9 10 13
31 164 342 3 6 8 9
178 180 410 7 1 2 4 5 6 12 13
54 110 382 7 4 6 7 8 10 12 13
15 144 351 6 1 4 7 9 11 12
72 199 335 10 2 4 5 6 7 8 9 10 11 13
32 54 448 0
95 151 355 7 1 2 5 7 8 10 11
166 191 461 8 2 4 6 7 8 9 11 13
22 172 484 9 1 2 5 6 8 9 11 12 13
68 102 315 4 2 8 9 11
120 190 378 9 1 2 3 6 8 9 10 11 12
68 161 338 0
112 119 365 8 1 2 5 6 7 9 10 12
108 176 381 7 2 3 4 5 10 11 13
86 189 342 9 1 3 4 6 7 8 9 10 11
30 33 410 0
133 181 329 7 1 2 3 6 9 11 12
89 181 474 9 2 3 5 7 8 9 11 12 13
100 145 327 3 3 4 10
16 192 319 4 3 5 10 11
25 183 366 8 1 3 7 8 9 10 11 12
15 109 328 11 1 2 4 6 7 8 9 10 11 12 13
37 186 424 0
168 179 365 6 4 6 8 9 11 12
138 150 348 3 4 6 13
187 195 385 9 1 3 5 7 8 10 11 12 13
8 90 323 8 4 5 6 7 9 11 12 13
11 54 361 8 1 2 4 7 10 11 12 13
17 98 446 7 1 3 5 7 10 12 13
