200 2778 13 200
148 9 4 5 6 7 8 9 11 12 13
148 5 3 4 9 10 13
148 9 1 3 5 6 8 9 10 11 13
148 6 1 3 5 6 8 13
199 6 1 4 7 10 11 13
199 8 1 2 3 5 6 7 8 10
152 7 1 2 7 9 10 12 13
152 6 2 6 7 8 10 11
152 8 1 5 6 8 9 10 11 13
152 7 1 2 6 10 11 12 13
95 9 4 5 6 7 8 9 10 12 13
95 5 5 6 7 8 11
113 8 1 3 4 5 6 7 8 11
176 8 2 4 7 8 10 11 12 13
176 5 1 5 10 11 13
176 5 4 6 8 9 12
181 4 2 3 10 13
23 5 1 4 8 10 13
159 5 1 2 3 7 9
7 3 3 5 7
13 8 1 3 4 5 6 8 11 12
31 3 2 6 10
31 5 2 6 7 8 10
197 6 1 3 7 9 11 13
69 6 2 3 8 9 11 13
168 7 2 4 7 8 9 10 11
36 5 2 3 6 9 12
156 7 2 3 4 7 8 10 11
156 6 1 2 5 6 7 10
165 10 1 2 3 5 6 7 8 10 11 13
130 7 1 2 4 8 9 11 13
130 9 2 4 5 6 7 8 9 10 11
105 8 1 2 5 6 7 9 12 13
105 6 3 6 9 10 12 13
105 7 2 4 5 6 7 9 11
166 8 2 3 5 7 8 9 11 13
11 7 2 3 5 8 11 12 13
11 8 1 2 3 4 5 6 7 8
11 8 1 4 5 6 7 8 10 12
32 6 1 4 6 7 11 13
70 8 1 2 3 4 5 6 8 9
77 4 5 9 11 12
77 4 7 8 9 12
119 8 3 4 6 7 8 10 11 13
119 10 2 3 5 6 7 9 10 11 12 13
123 3 5 10 12
123 6 1 2 8 10 11 12
123 8 1 2 4 5 7 8 10 12
75 7 3 4 5 7 10 11 13
75 5 1 3 4 9 11
75 5 1 2 6 7 12
75 6 1 2 6 9 10 12
60 4 3 8 9 10
60 6 3 6 8 9 10 11
137 6 2 3 7 8 11 12
137 7 1 4 6 7 9 10 12
137 8 1 5 7 9 10 11 12 13
121 5 3 5 6 7 13
90 8 2 5 6 7 9 10 12 13
8 6 2 3 4 5 8 9
8 4 2 3 9 13
91 6 1 2 4 8 11 12
91 6 2 3 4 5 12 13
170 6 1 5 6 8 9 10
170 8 1 2 3 4 6 9 11 13
170 5 3 6 8 12 13
51 8 2 4 5 6 8 9 11 13
122 5 6 7 10 12 13
122 8 1 2 4 5 7 9 12 13
118 4 4 6 8 9
106 8 2 3 5 6 7 8 10 11
116 7 1 4 6 7 8 11 12
128 9 2 3 4 5 6 8 10 12 13
126 8 1 4 5 6 7 9 10 12
126 7 4 7 8 9 10 11 13
12 8 3 4 5 6 7 9 12 13
138 5 2 3 6 7 13
138 6 1 2 3 6 7 11
138 10 1 2 3 5 6 7 8 10 12 13
107 9 1 2 4 5 7 8 9 10 12
187 5 2 5 8 10 12
187 8 1 2 4 7 8 9 10 13
24 5 3 4 7 10 11
18 9 3 5 6 8 9 10 11 12 13
18 6 1 3 5 6 10 13
58 8 1 2 3 7 8 9 11 12
58 5 4 5 6 7 11
58 6 1 3 6 7 9 13
155 8 1 2 3 5 7 8 10 11
155 6 4 5 7 10 12 13
140 6 2 3 4 5 10 13
109 4 3 5 7 12
94 6 2 3 7 10 12 13
184 11 1 2 3 5 6 7 8 10 11 12 13
184 7 2 3 5 7 10 12 13
55 8 1 2 5 7 8 10 11 12
171 9 2 3 4 6 7 8 9 11 13
67 4 3 6 9 11
67 5 1 5 7 8 12
111 7 1 2 4 5 6 10 13
26 7 3 5 6 7 9 10 12
43 7 5 7 9 10 11 12 13
63 10 1 3 4 5 6 7 8 11 12 13
112 6 1 4 5 9 10 11
112 6 1 6 7 8 9 13
4 8 2 3 5 6 8 9 10 11
83 7 1 2 3 4 5 8 13
103 8 2 3 4 5 8 9 10 11
79 6 3 8 10 11 12 13
79 8 2 5 6 7 8 9 12 13
79 7 1 2 6 8 10 11 13
136 8 2 3 4 5 7 8 11 12
192 4 2 4 8 9
192 7 2 5 6 7 8 9 10
192 9 1 2 3 5 6 7 8 12 13
149 5 1 7 9 10 11
186 4 2 4 11 13
186 3 2 7 13
186 9 1 3 6 7 8 9 10 11 12
86 7 2 3 4 6 8 10 13
19 8 1 2 4 5 6 7 10 11
19 8 1 2 4 5 6 7 9 12
158 8 1 4 5 7 8 9 10 12
158 7 2 3 5 10 11 12 13
120 5 2 4 9 10 13
120 6 1 2 4 5 7 11
120 9 1 2 3 5 6 8 10 12 13
98 5 3 6 9 12 13
98 8 4 5 6 8 9 11 12 13
191 9 1 3 5 6 7 8 9 12 13
145 8 1 2 5 6 7 10 11 13
142 3 6 7 12
142 10 1 2 3 4 7 9 10 11 12 13
142 8 2 4 5 6 7 8 9 13
142 6 1 5 6 7 8 9
33 5 1 2 4 8 11
72 5 1 7 9 11 13
72 9 2 4 5 6 8 9 11 12 13
164 6 1 3 5 6 11 13
125 6 2 3 5 6 7 11
125 8 1 3 5 6 8 9 10 13
25 8 3 4 6 7 9 10 11 13
147 6 2 4 7 9 10 11
17 5 1 6 7 9 13
110 5 1 2 9 11 13
195 11 1 2 3 5 6 7 8 9 10 11 12
146 5 4 5 8 9 10
146 8 1 3 4 5 6 8 12 13
30 4 2 4 6 7
30 8 1 2 4 5 8 10 11 13
30 5 1 2 3 4 11
61 7 2 4 8 9 10 11 12
134 4 4 5 9 13
34 7 4 5 6 7 10 11 12
10 6 4 7 9 11 12 13
10 6 3 4 5 6 10 13
10 5 2 5 8 11 12
185 5 3 5 7 9 10
89 5 2 8 9 10 11
89 6 1 5 6 10 11 13
178 4 2 3 4 12
100 6 3 4 7 8 10 11
100 11 1 2 3 4 7 8 9 10 11 12 13
114 9 1 2 3 4 5 7 8 10 12
131 5 2 7 8 9 12
87 5 4 5 7 9 13
87 5 3 4 8 11 13
154 6 4 5 6 8 9 13
154 9 1 2 4 6 7 10 11 12 13
154 8 1 3 4 7 8 9 10 12
154 6 3 5 6 7 12 13
154 5 3 4 6 10 11
39 4 3 6 7 10
39 8 3 4 5 6 7 10 11 13
150 5 3 8 10 12 13
200 7 1 3 6 8 10 12 13
200 5 1 3 6 7 12
200 5 2 3 6 11 13
157 9 2 4 5 6 7 8 10 12 13
50 5 3 7 10 11 13
37 7 1 6 7 10 11 12 13
37 4 5 10 12 13
198 8 3 5 6 8 10 11 12 13
198 6 3 7 8 10 11 12
80 7 2 3 4 5 6 9 12
101 6 3 4 6 8 11 12
44 8 3 4 5 6 8 10 11 13
44 4 6 8 10 12
44 7 1 2 4 5 7 10 12
53 4 1 2 3 4
1 7 2 3 5 6 8 10 13
1 6 2 5 8 9 10 11
1 5 1 3 5 12 13
64 7 4 6 7 8 9 12 13
64 9 1 2 5 6 7 8 10 12 13
174 4 3 5 6 10
40 9 1 2 4 5 6 10 11 12 13
40 6 4 5 7 9 10 12
73 4 3 5 10 11
73 5 2 6 8 12 13
47 101 372 6 8 9 10 11 12 13
73 87 341 5 5 6 7 10 11
17 192 369 7 2 4 8 9 10 11 12
96 169 340 5 1 7 10 11 12
23 27 443 7 1 3 4 8 11 12 13
9 151 381 7 1 4 6 8 9 12 13
38 63 459 6 3 5 6 8 9 10
26 191 365 7 2 3 4 7 9 12 13
34 90 321 7 1 5 7 8 9 10 12
16 75 389 7 2 5 6 7 9 12 13
23 189 316 6 2 5 6 7 10 12
6 123 466 7 3 4 6 7 8 11 12
4 48 417 6 3 5 7 8 9 11
118 162 312 6 6 7 8 9 12 13
8 49 343 6 1 3 4 7 9 10
5 70 322 8 1 4 5 6 8 9 11 12
48 193 455 8 1 2 4 5 7 10 11 13
49 164 340 6 2 6 8 10 11 13
38 88 383 8 1 2 3 5 6 11 12 13
102 156 362 6 2 4 7 9 10 13
3 170 332 6 2 3 6 9 10 13
132 199 337 6 1 6 7 9 12 13
154 164 494 3 1 6 11
58 84 374 8 1 3 4 5 7 9 10 11
140 142 331 6 5 7 9 10 11 13
131 173 435 7 1 3 4 6 7 8 11
145 192 364 4 1 3 6 13
101 150 391 5 2 3 11 12 13
28 85 327 9 2 4 6 7 8 9 10 11 13
29 160 309 5 4 7 8 9 11
88 118 301 8 2 5 6 8 9 10 11 12
64 75 400 6 1 4 5 6 7 13
182 194 350 7 1 2 4 6 7 11 12
7 109 322 7 1 4 5 6 7 9 13
57 156 392 4 1 4 6 8
32 36 493 9 1 2 4 6 7 9 10 12 13
4 22 404 7 1 3 5 6 7 9 10
30 200 351 5 3 6 7 8 10
16 174 311 10 2 3 4 5 7 8 9 10 11 12
9 118 377 6 1 3 7 9 10 11
109 182 440 4 1 2 9 12
106 198 479 7 1 3 4 7 8 11 12
178 188 344 9 2 3 4 5 6 9 10 12 13
27 32 309 6 2 3 7 9 12 13
6 186 443 8 1 5 7 8 10 11 12 13
26 62 339 7 2 4 5 7 8 10 13
2 8 331 4 2 5 9 12
120 127 350 10 1 2 3 4 5 6 7 8 9 10
15 78 380 6 3 5 6 8 9 12
125 193 415 4 2 4 9 12
48 79 413 4 4 6 8 12
62 115 412 6 2 3 9 10 12 13
45 67 404 5 3 4 7 8 13
77 178 407 5 4 5 8 9 13
50 173 439 4 1 3 4 12
10 89 387 7 1 3 4 5 7 9 11
18 130 342 7 4 5 6 7 8 10 11
14 152 303 9 1 3 5 6 8 9 10 11 12
17 115 479 7 2 3 4 7 8 9 13
35 138 370 10 1 3 4 7 8 9 10 11 12 13
91 134 464 8 1 2 3 4 6 10 12 13
177 189 432 6 3 6 8 10 11 13
20 126 422 6 3 4 6 9 11 12
4 173 467 3 1 9 13
7 43 455 6 4 6 7 9 12 13
81 190 314 5 3 8 9 10 13
57 148 460 4 3 6 11 13
137 180 359 5 2 3 4 9 13
43 146 365 8 2 3 4 5 8 9 12 13
152 193 423 10 1 2 3 4 5 6 7 9 10 13
26 175 436 6 1 4 7 10 11 12
55 93 457 9 1 3 4 6 7 9 10 11 13
91 140 402 7 1 6 7 9 10 11 13
84 120 432 5 3 7 10 12 13
169 190 467 8 2 3 5 6 7 8 10 12
78 192 498 7 2 4 6 8 9 11 13
94 176 472 4 1 4 9 12
7 115 498 5 2 3 4 5 7
5 198 348 7 4 5 6 8 9 11 12
55 113 352 6 1 2 3 4 12 13
95 191 365 8 1 2 4 5 6 7 11 13
21 119 461 9 1 2 3 5 6 8 11 12 13
172 196 416 7 1 6 7 9 10 11 13
27 43 421 8 2 3 5 6 8 9 11 12
107 166 369 7 5 6 8 9 10 11 13
18 49 355 8 1 5 6 7 8 10 11 12
1 149 309 9 1 3 4 5 6 7 9 10 12
49 109 411 7 1 5 6 7 9 10 11
167 178 311 5 2 4 6 9 10
19 87 440 5 2 8 9 10 13
116 119 433 8 1 2 4 5 7 8 10 11
18 159 475 10 1 3 4 6 7 8 9 10 12 13
52 183 372 4 4 5 8 10
100 158 307 4 1 3 4 12
40 176 442 8 4 5 6 7 8 10 11 13
38 43 479 8 2 3 5 7 8 10 12 13
26 178 321 6 1 3 6 7 8 12
119 170 355 8 1 2 6 8 9 10 11 12
138 191 338 6 1 4 5 7 10 13
118 132 338 5 1 2 10 12 13
54 182 478 7 2 3 4 5 8 9 10
29 105 427 9 1 3 4 5 6 7 8 10 11
78 127 496 5 3 5 6 8 10
141 186 333 6 6 8 9 11 12 13
115 144 359 5 4 9 10 11 13
65 181 415 10 1 3 4 5 6 7 9 10 11 13
4 148 331 4 3 9 10 13
59 90 483 8 1 3 4 5 8 9 12 13
20 112 365 6 1 3 7 9 12 13
10 67 331 9 1 2 4 5 6 8 9 12 13
26 134 487 5 1 4 7 8 13
12 133 383 6 5 6 7 8 9 10
80 190 493 3 1 3 11
75 137 404 7 3 7 8 9 10 12 13
76 137 304 5 1 3 7 9 13
119 162 362 7 1 2 3 4 9 10 13
50 190 411 7 1 2 3 4 5 9 13
81 101 465 7 2 3 4 6 7 10 12
67 196 425 5 1 2 6 8 12
29 45 422 8 1 2 4 6 7 8 9 13
179 192 405 6 1 2 4 7 8 10
81 134 311 8 2 4 7 9 10 11 12 13
13 129 350 9 1 2 4 6 7 8 9 12 13
72 129 430 7 2 4 5 6 9 12 13
22 53 318 4 5 9 10 11
36 132 492 6 2 3 6 7 10 12
88 106 409 7 2 3 6 7 10 11 13
156 176 492 6 1 2 3 4 7 13
144 153 347 4 2 8 10 12
15 29 400 8 1 2 5 6 8 9 10 12
3 24 330 6 4 5 9 10 11 13
67 153 478 7 1 2 4 5 6 8 10
113 173 327 12 1 2 3 4 5 6 7 8 9 10 11 12
58 152 478 10 1 2 3 4 6 7 8 9 12 13
129 131 463 4 1 5 6 7
92 190 338 6 3 7 9 10 11 13
46 108 345 4 2 5 6 10
11 68 494 9 1 4 5 6 8 10 11 12 13
29 64 322 5 2 4 10 11 12
147 182 411 3 3 5 13
71 149 325 7 1 2 7 8 9 12 13
93 117 461 8 1 4 5 6 7 11 12 13
46 107 494 7 2 5 7 8 9 12 13
111 147 470 7 1 2 4 7 10 11 12
21 73 365 10 1 2 3 5 6 7 8 9 10 13
15 178 450 9 1 2 3 4 5 6 9 10 11
63 123 484 6 1 4 7 9 11 12
59 116 429 9 2 3 4 6 7 8 10 12 13
24 132 416 5 4 7 8 9 12
109 117 362 8 1 2 3 4 5 6 9 11
1 61 351 4 3 5 8 12
39 185 473 8 1 2 7 8 9 10 11 13
9 18 373 6 2 3 4 6 7 10
72 159 401 6 2 3 4 10 11 12
78 150 403 3 1 5 9
167 200 343 11 2 3 4 5 7 8 9 10 11 12 13
11 152 346 7 2 4 5 8 9 11 13
6 132 465 5 1 4 6 8 13
109 187 335 5 4 5 9 12 13
42 110 345 5 2 4 5 10 11
12 31 365 7 1 3 5 8 10 11 13
42 159 318 8 2 4 6 7 8 11 12 13
53 113 323 4 1 6 11 12
80 191 344 7 1 2 4 5 7 9 11
102 124 448 5 1 2 3 5 6
116 168 486 4 6 7 10 12
75 116 334 6 2 5 6 9 10 12
46 69 494 5 3 5 6 11 12
44 153 432 7 1 2 4 7 9 11 12
86 193 356 11 1 2 3 4 6 7 8 9 10 11 12
10 79 405 7 1 6 8 10 11 12 13
50 63 410 5 1 3 4 9 10
10 142 318 6 1 2 5 6 7 11
32 73 351 9 1 2 3 4 5 6 7 11 13
129 166 332 6 1 3 4 7 10 12
2 155 335 7 1 3 4 7 8 10 12
79 119 301 6 1 2 4 5 8 11
32 184 317 7 2 3 4 9 10 12 13
37 147 464 5 1 3 6 9 11
20 27 369 7 1 2 4 8 10 12 13
123 175 379 3 3 10 11
57 146 468 8 2 3 4 7 8 10 11 12
49 162 343 9 1 2 3 5 7 8 11 12 13
5 162 452 7 1 2 3 4 8 10 12
50 122 321 8 2 5 6 7 8 10 11 12
50 123 398 6 2 3 4 5 11 13
81 102 447 8 1 4 7 8 9 11 12 13
22 107 319 3 1 4 12
25 140 363 4 1 4 7 8
19 151 483 6 1 6 7 10 11 12
109 162 365 7 2 3 4 6 7 9 10
36 96 380 6 2 3 4 6 7 10
68 170 301 7 2 4 7 8 9 12 13
39 190 340 6 1 2 4 5 7 11
140 159 424 10 2 3 4 5 6 7 9 10 12 13
36 154 449 6 2 3 4 5 11 12
46 143 479 5 1 4 6 10 13
117 164 459 5 2 3 6 8 11
129 135 395 8 1 3 4 8 9 10 11 13
106 121 411 8 1 2 5 6 7 8 12 13
95 185 467 4 3 9 11 13
37 114 452 6 2 3 6 7 9 12
121 186 473 8 1 2 6 7 8 10 12 13
175 180 437 5 2 3 6 7 9
31 53 303 8 1 2 5 6 8 10 11 13
66 118 306 7 1 5 7 8 9 10 11
164 173 425 8 2 3 5 7 8 10 11 12
65 76 457 4 1 4 5 12
35 106 323 6 1 2 6 10 11 13
43 61 341 7 2 3 4 5 7 9 11
93 155 326 3 1 3 4
48 63 354 7 3 4 5 8 9 11 13
76 169 309 7 1 2 3 7 8 11 13
20 110 321 3 1 2 13
142 170 458 5 2 7 8 10 11
47 50 483 5 1 4 6 9 13
101 145 372 5 3 4 6 9 10
5 89 405 8 2 3 4 5 6 10 11 13
12 52 302 6 2 6 8 11 12 13
46 51 435 9 1 2 3 4 5 7 8 9 13
26 49 340 8 1 2 3 6 9 10 11 12
81 107 319 7 1 2 4 5 6 8 11
43 86 316 9 2 3 4 5 6 8 9 10 12
30 52 493 7 4 5 9 10 11 12 13
143 161 360 6 1 5 6 10 11 12
90 175 392 6 2 3 6 8 11 12
156 170 443 7 1 3 4 8 10 12 13
31 165 339 7 1 4 5 7 10 12 13
50 92 351 5 2 3 5 8 13
67 139 490 7 1 3 6 7 8 11 12
120 191 402 4 2 4 7 10
11 101 471 3 2 5 6
21 28 443 6 3 5 9 10 11 12
82 128 328 8 1 2 5 7 9 11 12 13
141 161 408 6 1 2 5 9 12 13
162 190 446 7 1 4 8 9 11 12 13
158 182 334 9 4 5 6 7 9 10 11 12 13
146 161 333 5 1 2 4 11 13
107 173 355 6 1 2 3 5 7 13
118 124 309 7 1 2 4 6 7 10 11
30 121 375 3 2 8 9
114 188 334 2 1 4
11 114 315 6 3 4 8 9 12 13
130 200 336 9 1 3 5 6 7 9 11 12 13
83 95 355 3 4 7 10
121 159 473 8 1 2 4 6 8 9 11 13
39 143 471 4 3 7 12 13
9 99 379 8 3 4 6 7 9 10 11 12
97 142 378 6 1 5 9 11 12 13
14 23 426 9 1 2 4 5 7 9 10 12 13
91 159 315 9 3 4 6 7 8 9 10 12 13
12 85 371 8 1 3 4 7 9 10 11 12
4 67 445 7 1 2 4 5 10 11 12
32 197 483 7 2 4 7 8 9 11 13
56 104 364 7 1 2 6 7 8 10 13
1 21 457 8 1 2 3 4 5 6 12 13
65 120 375 3 1 8 11
3 93 459 4 2 6 11 12
57 87 448 7 1 2 4 6 9 10 13
13 97 379 8 2 3 4 5 8 9 10 11
2 35 450 7 1 2 4 8 11 12 13
18 91 351 6 3 5 6 9 10 12
118 190 302 7 1 2 3 7 10 11 13
36 123 393 8 3 5 6 7 8 10 11 12
26 125 331 5 1 8 9 10 12
8 128 362 6 2 3 5 11 12 13
60 100 491 9 1 2 3 6 7 9 11 12 13
83 178 365 4 4 5 6 13
84 135 396 7 3 6 8 9 10 11 12
81 100 347 7 1 3 4 5 6 7 8
31 86 326 8 1 4 5 6 8 9 11 12
123 153 423 6 1 4 5 6 7 11
105 108 381 6 3 4 5 7 8 11
71 117 341 8 1 2 3 4 5 6 10 11
92 100 411 5 3 5 8 10 13
33 168 388 9 1 3 4 5 6 7 9 10 13
92 157 466 5 2 9 10 11 13
93 196 335 4 5 6 11 13
55 194 468 7 3 4 5 7 11 12 13
18 167 344 8 1 2 3 5 6 8 10 13
127 171 461 6 1 2 3 5 9 13
145 183 435 7 3 6 7 8 11 12 13
60 113 415 7 2 3 5 7 8 9 10
42 175 406 8 1 4 5 6 7 8 10 12
91 101 370 7 4 5 6 8 9 11 12
54 137 432 5 1 8 10 11 12
102 116 316 6 4 7 9 10 12 13
152 163 397 7 3 6 7 8 9 11 12
36 134 391 7 1 5 6 7 9 11 12
29 198 464 3 3 6 9
11 40 428 6 1 2 3 7 8 12
34 64 341 5 2 5 8 9 12
53 195 467 7 2 3 4 8 9 10 11
155 179 430 9 1 3 4 5 6 7 9 11 12
133 154 434 6 3 5 8 11 12 13
30 185 498 7 2 3 6 7 9 11 13
65 143 493 3 5 12 13
71 91 378 8 1 2 3 5 6 9 10 11
2 19 315 5 2 3 4 5 7
75 197 341 6 1 5 8 10 12 13
7 167 425 5 3 10 11 12 13
93 179 341 4 1 4 5 6
11 41 416 10 2 4 5 6 8 9 10 11 12 13
143 172 458 6 1 2 5 6 7 13
19 105 334 8 1 2 3 4 5 6 7 12
20 36 327 9 1 3 4 5 6 7 8 10 12
30 81 346 4 1 4 5 7
154 172 300 6 1 6 7 8 11 12
87 101 314 7 2 3 5 7 8 9 10
89 195 466 4 2 3 6 8
101 126 497 8 1 3 4 6 7 8 9 13
76 144 475 10 4 5 6 7 8 9 10 11 12 13
22 26 353 6 1 3 6 7 8 13
80 90 364 5 1 5 9 10 11
69 193 334 7 1 2 4 6 8 9 12
24 111 423 5 2 6 9 10 11
51 195 496 7 5 7 8 9 10 11 13
83 111 350 5 4 6 8 9 10
66 83 321 4 1 5 6 7
102 105 388 7 1 2 4 6 10 11 13
44 56 314 6 2 6 7 11 12 13
157 170 449 7 2 4 5 6 7 10 12
5 62 429 6 1 2 6 8 10 13
83 124 482 8 1 4 5 6 7 10 11 12
77 175 332 9 1 2 4 6 8 9 10 11 13
27 57 316 6 1 3 5 6 10 13
2 6 432 10 1 2 3 4 5 6 7 8 12 13
11 134 325 4 7 8 9 10
80 137 394 6 1 5 6 9 10 11
63 81 448 8 1 2 4 6 7 10 12 13
32 91 366 7 1 3 4 5 7 9 12
49 59 471 8 1 3 4 8 9 10 12 13
95 98 441 10 1 2 3 5 6 8 9 10 11 12
161 166 434 6 3 4 6 9 11 12
105 161 429 8 1 2 6 7 8 9 10 13
96 164 476 5 1 4 8 11 13
178 181 413 6 3 4 8 9 12 13
59 105 427 10 1 2 5 6 7 8 9 10 11 13
11 58 476 6 1 3 5 6 7 9
95 128 428 7 1 2 3 4 5 9 11
12 81 394 6 2 6 9 10 11 12
44 93 473 5 4 5 6 11 13
136 156 403 6 1 6 7 10 11 12
84 103 399 5 5 7 8 10 11
4 42 490 6 4 7 8 9 11 12
22 27 437 4 5 8 12 13
9 92 323 9 1 2 3 6 7 8 9 10 12
82 119 486 6 2 5 9 10 11 13
121 167 439 7 1 2 3 4 7 8 10
52 194 496 11 1 2 3 4 5 7 8 9 10 12 13
35 40 374 6 1 3 4 5 7 8
132 185 454 3 3 5 9
69 91 397 8 1 2 7 9 10 11 12 13
70 164 456 10 1 3 4 5 6 7 9 10 11 13
66 180 388 6 4 6 7 8 11 12
175 179 429 8 1 2 3 7 9 11 12 13
44 139 472 6 2 4 6 9 10 13
55 187 320 8 1 4 7 8 9 10 11 12
193 197 454 10 3 4 5 7 8 9 10 11 12 13
44 191 318 3 4 6 8
6 66 420 5 1 5 6 7 12
32 178 472 5 2 4 6 10 11
102 174 489 8 1 2 3 5 7 9 11 13
1 8 362 6 1 4 5 7 9 11
70 98 406 8 1 4 5 6 7 8 9 12
11 200 418 7 2 3 4 6 8 10 12
44 71 338 10 1 2 3 4 6 7 8 9 11 12
92 131 320 5 2 4 5 7 9
51 136 497 8 1 2 3 6 8 10 11 13
31 185 466 6 1 6 8 10 11 13
120 137 448 7 3 4 5 6 7 8 10
83 134 391 9 1 2 3 4 6 7 9 10 12
6 134 392 9 1 2 3 5 7 9 10 11 13
23 183 351 8 1 3 4 5 6 8 9 12
175 198 443 8 4 5 6 7 8 9 10 11
103 173 382 6 3 4 5 6 12 13
39 135 441 9 1 3 4 6 8 9 10 11 13
139 196 466 6 1 4 5 6 8 10
156 161 368 7 2 5 6 8 9 10 12
120 178 380 6 2 4 5 7 12 13
163 200 414 4 2 8 10 12
67 151 395 8 1 2 3 6 7 8 10 11
119 138 486 6 3 4 6 8 9 10
81 197 311 8 1 2 5 8 10 11 12 13
74 145 351 6 3 5 6 7 8 13
55 58 326 9 2 3 5 6 7 9 10 11 12
3 67 441 6 1 6 8 10 11 12
58 114 475 5 2 4 7 9 12
39 195 499 8 1 2 3 4 5 6 7 13
40 190 395 5 2 8 9 11 13
84 112 445 5 1 9 11 12 13
3 137 419 7 2 3 4 5 11 12 13
28 37 320 3 3 5 6
53 182 434 7 1 2 6 7 9 10 12
4 5 433 5 2 3 6 7 12
105 176 426 9 2 4 5 6 8 10 11 12 13
57 83 304 5 2 3 5 6 13
102 103 471 5 1 2 3 5 12
43 175 446 7 2 3 8 9 10 12 13
45 174 301 5 1 8 9 11 13
84 195 390 6 2 5 7 9 11 13
2 91 346 5 4 5 8 10 12
119 181 345 9 1 2 4 5 7 8 9 12 13
15 190 482 5 1 2 4 11 12
20 98 350 6 1 4 5 8 10 11
4 100 488 11 1 2 4 5 6 7 8 10 11 12 13
167 186 364 8 1 2 4 5 7 9 11 12
18 90 443 8 1 2 4 5 6 11 12 13
178 182 406 7 1 4 6 7 8 12 13
14 187 384 6 1 2 4 5 8 11
146 168 323 7 2 5 6 8 9 11 12
25 95 320 6 1 3 4 8 9 13
172 193 479 6 2 3 9 11 12 13
58 119 462 8 1 2 3 5 6 7 9 11
63 69 483 9 1 2 3 5 7 8 9 10 13
78 79 482 6 2 3 4 10 11 13
17 26 440 9 2 3 4 6 7 8 9 11 12
38 161 424 8 2 4 6 7 8 9 11 13
98 196 409 7 1 2 3 4 5 10 11
102 177 439 6 1 2 5 6 8 9
69 155 472 3 6 8 11
22 72 354 5 3 7 11 12 13
107 195 311 7 3 4 7 8 9 11 13
76 164 492 7 3 5 6 7 10 11 13
65 83 440 8 1 2 3 6 8 9 11 12
71 190 444 4 1 3 5 7
1 13 370 7 4 5 7 8 11 12 13
5 105 444 7 2 3 5 6 7 8 13
75 149 368 7 1 2 3 6 8 9 13
92 138 469 5 2 3 5 9 13
6 10 398 7 1 5 7 9 10 11 12
79 161 458 4 4 7 9 10
71 146 315 4 4 5 11 12
63 98 443 6 3 4 7 9 11 12
75 93 392 7 2 5 7 8 10 11 13
54 85 317 7 1 2 6 7 8 10 11
13 39 383 4 2 4 5 7
129 150 408 6 1 2 4 11 12 13
23 143 460 5 1 2 3 4 13
40 189 441 6 3 4 5 7 10 11
4 19 444 8 1 6 7 8 9 11 12 13
14 104 436 4 5 7 8 13
12 75 413 5 5 6 8 9 10
54 197 376 5 5 7 8 12 13
24 38 350 8 2 4 6 7 8 9 10 13
92 126 396 4 2 3 6 7
30 34 358 7 2 4 7 8 9 11 12
67 107 490 5 4 6 10 12 13
9 81 473 7 2 4 5 6 8 10 13
15 153 420 6 2 8 9 10 11 12
103 125 382 9 1 2 4 6 7 9 10 12 13
10 17 445 7 4 5 6 8 9 10 12
67 146 474 8 2 3 4 6 7 9 10 11
112 178 393 9 1 2 5 6 9 10 11 12 13
135 170 389 4 3 7 10 13
142 149 367 9 1 3 5 6 7 8 11 12 13
161 180 489 7 2 4 5 6 8 10 11
53 80 411 7 2 3 4 5 9 10 13
150 189 311 7 1 3 5 6 8 9 12
1 125 309 7 1 4 5 6 8 10 12
8 130 380 6 2 5 7 9 11 13
27 85 361 4 2 3 8 12
42 95 467 7 1 2 3 4 7 10 11
16 44 348 8 2 3 4 6 9 10 12 13
66 169 304 8 1 4 5 6 9 10 11 12
60 180 311 6 1 9 10 11 12 13
79 90 365 8 2 3 4 5 8 9 12 13
37 57 339 7 3 5 6 7 8 10 12
44 186 419 9 1 2 4 7 8 9 10 12 13
46 102 478 9 3 4 5 6 7 8 9 10 13
74 117 480 8 1 2 4 5 9 10 12 13
172 185 364 9 2 3 4 5 6 9 10 11 13
64 102 414 4 1 3 5 11
62 83 393 7 1 2 4 6 9 12 13
54 171 440 7 2 4 5 7 8 10 13
26 46 416 4 1 7 9 13
65 95 442 8 3 5 6 8 10 11 12 13
136 139 450 6 4 5 6 7 10 12
17 72 406 9 2 3 5 6 7 8 9 10 12
157 165 415 6 1 3 7 9 12 13
72 147 370 7 2 3 5 6 7 8 13
31 133 488 5 1 4 6 10 11
19 193 312 6 1 4 7 9 11 12
62 176 497 5 3 6 8 9 12
118 177 333 10 1 2 3 5 6 8 9 10 11 13
66 193 401 9 2 5 6 7 9 10 11 12 13
112 191 364 7 1 2 6 7 9 11 12
24 136 323 7 1 3 5 6 7 9 12
102 132 464 8 1 3 4 5 7 8 10 12
106 179 327 6 1 2 6 9 11 13
46 101 332 5 2 7 9 11 12
19 180 345 4 1 10 12 13
43 118 389 6 3 4 5 7 10 11
46 150 452 9 1 2 4 6 8 9 10 12 13
140 166 345 5 2 5 6 9 12
18 48 345 6 3 5 7 8 11 12
49 94 415 4 1 7 10 13
80 192 362 4 1 3 7 9
92 98 385 7 1 4 6 9 10 11 12
98 121 487 8 3 5 6 7 9 10 11 13
81 98 340 3 6 8 10
5 48 317 9 1 2 4 6 7 8 9 10 11
84 170 303 7 1 2 4 8 9 11 12
34 195 406 9 1 2 3 4 6 8 10 11 13
8 160 411 8 4 5 6 7 8 10 12 13
84 94 443 4 2 9 11 12
47 103 474 7 1 3 4 5 9 10 13
13 168 353 6 2 4 5 8 9 11
23 167 345 8 2 4 5 8 9 10 12 13
56 178 381 8 1 4 5 6 8 9 11 13
13 113 420 8 1 2 6 7 8 10 12 13
11 47 368 6 2 3 4 6 9 13
94 97 321 4 1 3 9 11
172 179 432 8 1 3 4 5 8 9 11 13
60 72 317 6 2 7 8 10 12 13
20 140 307 1 13
60 156 333 6 3 4 5 9 11 12
85 153 381 7 1 2 4 9 10 11 13
87 192 330 8 3 4 5 6 7 8 12 13
131 189 449 8 1 2 3 8 9 10 12 13
26 70 360 7 1 3 5 7 8 9 11
48 119 314 7 1 4 7 8 9 10 12
38 134 494 7 3 6 7 8 10 12 13
76 127 449 6 1 2 3 4 10 12
45 50 418 9 1 2 4 5 7 8 11 12 13
77 139 491 10 1 2 3 4 6 7 9 10 11 12
24 175 495 3 6 7 10
142 182 486 6 1 2 6 7 8 11
57 164 354 6 1 3 4 5 6 11
110 175 332 8 2 5 6 7 10 11 12 13
24 81 473 6 3 4 5 7 9 11
17 118 346 10 1 3 4 5 6 8 9 11 12 13
53 192 349 5 4 5 7 11 12
104 186 476 8 4 5 6 7 8 9 11 13
39 169 405 6 2 4 7 10 11 12
166 191 412 5 2 3 5 9 10
13 188 371 7 1 2 3 4 7 9 10
77 147 331 4 3 5 7 12
17 113 417 6 1 2 6 7 11 13
129 170 368 4 1 3 10 11
26 34 412 8 2 6 7 8 9 10 11 13
59 119 337 8 2 4 6 7 8 9 12 13
65 163 436 7 1 2 3 5 11 12 13
15 155 386 3 1 12 13
60 118 469 6 4 7 8 10 11 13
19 153 453 5 1 4 7 10 12
34 61 393 7 3 5 6 7 10 11 12
18 174 454 3 3 7 10
14 28 486 9 1 3 4 7 8 9 11 12 13
33 53 375 7 1 5 6 7 8 11 12
112 137 404 7 2 5 7 8 9 10 13
66 177 347 7 1 2 3 6 7 10 13
68 104 341 7 2 3 4 7 9 10 11
56 186 350 7 3 5 6 8 9 11 13
47 160 448 7 1 2 3 7 9 10 13
57 97 460 7 3 4 5 6 9 10 13
49 137 342 5 1 7 9 10 11
44 129 395 4 2 5 7 12
7 160 398 7 2 3 9 10 11 12 13
4 77 348 6 2 5 7 8 11 13
21 24 379 6 2 6 7 10 11 12
82 155 371 5 1 2 5 9 11
6 163 346 6 1 3 4 10 11 12
168 174 429 8 1 4 5 6 8 10 11 13
43 187 347 7 1 2 4 8 10 11 13
150 159 403 8 1 3 5 6 7 11 12 13
89 126 493 5 2 3 4 7 8
64 152 370 8 3 6 7 9 10 11 12 13
22 165 435 6 2 4 6 8 11 12
167 197 411 5 2 5 11 12 13
134 168 438 4 3 5 6 11
82 172 499 3 1 6 9
1 143 400 10 1 2 3 4 6 9 10 11 12 13
83 120 327 7 2 3 4 5 7 9 12
11 49 385 6 2 3 6 7 8 9
50 59 370 8 1 2 3 5 7 11 12 13
150 193 432 8 2 4 5 6 7 9 10 13
16 198 430 6 1 2 5 10 12 13
103 106 476 9 2 3 6 7 8 9 10 11 12
57 76 419 6 3 4 6 7 10 13
185 188 305 6 1 2 6 7 11 13
35 113 380 8 1 2 3 4 5 8 9 10
75 126 418 10 1 2 3 5 8 9 10 11 12 13
11 43 347 4 3 5 6 13
39 106 383 4 2 6 9 10
156 171 366 10 2 3 4 6 8 9 10 11 12 13
24 56 459 5 1 3 4 7 12
24 53 377 4 2 5 8 13
63 139 414 6 4 5 6 7 9 12
38 156 357 2 1 5
61 143 425 4 8 10 11 13
70 157 493 5 1 3 4 7 12
85 103 380 7 1 2 6 7 11 12 13
17 183 423 6 3 5 6 7 11 13
3 65 374 5 1 2 5 11 12
50 185 379 7 1 5 6 7 9 12 13
126 152 479 11 1 2 3 4 5 6 7 8 11 12 13
112 152 368 7 1 2 4 5 7 9 12
94 157 449 5 2 4 8 9 12
29 161 414 3 7 8 12
9 142 431 7 2 4 5 8 10 11 12
1 151 339 5 2 7 8 11 12
83 190 365 8 1 2 3 6 7 9 10 12
70 153 331 6 1 2 3 4 6 11
171 184 366 11 1 2 3 4 5 6 7 9 10 11 13
94 128 403 5 2 3 4 8 9
2 68 353 10 1 3 5 6 7 8 9 10 11 13
84 187 499 5 2 3 4 5 13
105 180 333 4 4 5 7 10
15 93 330 3 3 7 10
28 96 370 6 3 4 5 6 9 11
3 81 339 7 3 5 6 9 11 12 13
27 193 362 5 1 3 8 10 11
17 103 488 11 1 2 3 4 5 7 8 9 10 11 12
27 28 338 4 3 7 11 12
44 137 445 8 4 5 6 8 9 10 12 13
160 177 306 8 1 4 7 8 9 10 11 12
2 5 449 5 1 3 5 7 12
26 163 322 7 2 4 7 8 9 10 11
85 159 420 5 1 3 8 10 13
27 184 458 5 1 2 4 12 13
60 116 399 8 1 3 6 7 8 9 11 12
67 85 414 7 3 4 5 8 9 10 12
30 113 338 8 1 2 3 4 6 9 10 13
50 73 323 6 2 7 8 9 11 13
99 163 440 7 2 5 6 7 10 11 13
106 109 417 5 2 3 6 9 10
76 123 302 8 1 2 3 4 6 7 12 13
5 42 308 7 3 6 7 8 10 12 13
107 186 318 3 6 7 10
121 157 368 6 3 6 8 11 12 13
98 197 391 3 1 5 11
58 146 357 7 2 4 5 9 11 12 13
12 168 433 5 1 3 5 6 13
68 130 423 6 2 6 7 9 12 13
12 104 376 6 2 3 4 5 7 11
54 88 336 8 1 3 4 6 7 8 10 11
108 127 476 5 1 3 4 6 12
58 162 327 6 3 4 6 7 10 13
78 106 370 8 1 3 5 9 10 11 12 13
125 154 458 3 7 9 11
112 158 397 5 1 5 8 10 12
84 126 361 10 2 3 6 7 8 9 10 11 12 13
39 116 321 7 1 4 5 7 8 9 10
16 33 385 5 4 5 10 11 13
148 187 351 10 1 2 3 5 7 8 10 11 12 13
109 155 466 6 1 5 7 8 10 11
72 170 343 6 1 3 5 8 9 10
27 174 452 1 5
96 110 489 3 4 6 12
74 136 464 6 2 5 7 9 10 11
40 138 410 7 1 4 5 7 11 12 13
134 138 388 6 2 4 5 9 10 12
141 143 330 8 1 5 7 8 9 10 11 12
71 135 448 5 1 2 7 8 13
5 39 363 6 1 3 5 7 12 13
139 180 470 8 2 4 6 7 9 10 11 12
80 141 317 2 1 12
97 184 365 5 3 4 5 7 13
107 129 431 7 2 3 5 8 9 11 12
99 114 487 6 2 3 7 8 10 11
32 62 385 6 1 2 4 5 8 9
69 110 322 5 3 4 6 7 10
9 165 496 9 1 2 4 7 8 9 10 12 13
178 184 471 6 3 4 6 9 11 12
114 165 397 8 1 3 5 7 8 9 11 12
116 150 372 9 1 2 3 4 5 7 8 10 12
8 188 307 7 1 2 5 6 8 12 13
125 158 326 6 1 3 4 8 9 12
30 43 351 9 1 3 4 5 7 8 9 12 13
46 172 329 6 1 3 4 6 7 10
88 108 484 7 2 4 5 6 9 11 12
81 157 448 7 1 3 7 8 10 12 13
184 187 342 6 1 2 3 4 8 9
48 117 305 6 1 3 4 6 11 12
66 130 485 7 2 3 4 5 6 10 11
51 165 345 8 1 3 5 6 7 8 10 12
27 88 424 7 3 4 5 6 10 11 13
67 195 329 6 1 2 3 5 7 12
85 99 497 6 2 3 5 7 10 11
2 85 413 6 3 4 5 6 8 10
64 65 445 5 1 2 8 9 13
125 172 407 8 1 3 4 5 6 7 10 13
119 164 453 8 1 4 5 6 7 9 11 13
50 145 427 4 1 8 11 13
59 125 307 9 1 2 5 6 8 9 11 12 13
36 114 317 6 1 2 3 4 12 13
50 124 397 8 3 4 5 8 9 10 11 12
130 184 476 10 2 3 4 5 7 8 9 11 12 13
117 191 334 3 3 9 10
170 189 480 5 1 8 10 11 12
35 176 463 8 1 3 6 9 10 11 12 13
2 161 372 5 6 7 10 12 13
23 98 303 8 1 3 4 5 7 9 10 13
137 172 412 4 3 4 6 11
68 116 343 5 1 4 7 12 13
40 191 400 8 3 4 5 7 9 10 12 13
6 62 484 7 1 2 3 4 5 9 13
55 131 350 9 2 3 4 7 8 9 10 11 13
6 184 378 2 6 9
43 172 488 5 2 6 7 8 9
73 131 332 6 3 4 5 7 9 10
110 128 363 8 2 3 5 8 9 10 12 13
182 183 436 8 1 5 6 7 10 11 12 13
48 68 326 5 2 4 7 9 11
152 174 320 6 2 4 8 9 11 13
105 159 422 6 2 3 4 9 10 13
75 191 372 9 1 2 3 4 6 8 10 11 12
155 164 444 7 2 3 6 9 10 11 13
80 165 403 5 1 6 8 9 10
24 174 369 9 1 2 4 5 6 8 10 11 12
44 115 357 6 1 2 4 5 7 8
51 121 348 5 3 5 8 10 12
1 26 429 7 1 3 4 6 8 10 11
82 118 463 9 3 4 6 7 8 9 10 11 13
168 191 427 7 6 7 9 10 11 12 13
17 46 388 4 2 8 12 13
177 193 480 7 2 7 9 10 11 12 13
83 110 324 6 1 2 4 5 11 13
54 60 365 5 1 2 6 7 11
103 109 466 5 1 4 8 10 11
15 144 457 7 3 4 6 7 10 12 13
73 86 480 7 1 2 3 8 9 12 13
105 171 338 5 1 3 6 9 12
82 85 460 7 1 4 5 6 8 9 10
27 133 392 7 1 2 3 4 10 12 13
1 17 381 6 2 3 4 5 6 12
79 184 312 7 2 3 5 7 8 11 13
22 79 329 7 1 3 4 5 11 12 13
74 134 384 8 1 3 6 7 10 11 12 13
11 35 391 10 1 2 3 4 5 7 8 9 10 13
87 123 317 7 2 3 7 8 11 12 13
14 39 368 6 2 7 8 9 10 11
80 102 406 5 1 3 5 10 11
7 150 453 4 2 5 6 11
15 92 394 10 1 2 3 4 5 7 8 10 12 13
180 200 426 8 2 4 5 6 7 8 10 11
58 124 327 5 1 3 9 11 13
1 117 418 5 1 3 4 9 12
72 160 371 8 1 2 5 6 9 10 11 13
90 131 382 7 2 3 6 7 10 12 13
120 149 440 6 2 4 7 8 10 13
3 188 380 10 1 3 5 6 7 8 10 11 12 13
6 176 382 4 1 4 12 13
90 184 369 7 1 6 7 10 11 12 13
3 199 343 5 3 5 7 8 10
38 190 309 5 1 3 5 9 11
61 178 409 4 1 4 7 13
82 104 475 10 1 3 4 5 7 8 9 10 11 13
17 142 486 7 1 2 5 9 10 11 13
111 148 474 6 3 5 8 10 11 12
37 129 394 3 1 2 6
92 161 443 8 3 6 7 8 9 10 12 13
106 174 455 7 1 2 3 4 7 10 11
33 130 384 8 1 2 3 9 10 11 12 13
148 178 355 8 2 4 6 7 8 11 12 13
57 177 499 6 2 6 7 9 11 12
40 165 418 8 1 2 4 5 8 10 11 13
10 120 319 5 3 5 10 12 13
21 186 328 10 1 2 3 4 5 6 8 11 12 13
161 172 302 8 2 3 5 6 7 8 11 12
90 150 362 5 2 5 8 9 13
9 59 497 10 1 3 4 5 6 7 8 10 12 13
99 126 322 9 1 2 4 5 7 8 9 10 11
10 197 468 6 2 8 9 10 11 12
34 141 451 8 1 3 4 6 7 8 10 11
104 185 368 5 1 3 4 11 12
37 63 347 7 1 3 5 6 7 10 12
136 196 430 8 1 2 4 6 7 8 9 10
51 173 487 6 1 2 5 7 9 11
53 176 418 4 2 3 4 8
89 117 465 6 1 5 8 9 10 11
77 192 427 5 1 4 6 7 11
37 178 450 7 1 3 4 5 7 11 12
37 137 347 9 1 2 3 5 6 7 8 9 10
74 194 448 10 1 2 3 5 6 7 8 11 12 13
129 176 494 11 1 2 3 4 5 8 9 10 11 12 13
28 75 309 3 5 9 13
30 193 357 7 1 5 6 8 10 11 13
174 188 421 8 1 2 3 4 9 11 12 13
78 93 495 5 2 4 5 6 12
74 173 484 6 1 2 5 9 11 12
23 99 315 4 1 7 9 11
33 73 390 7 1 4 6 7 9 10 11
157 194 391 2 1 7
124 182 400 7 1 3 4 5 7 11 12
126 158 445 5 1 2 8 10 12
60 160 390 7 1 2 3 5 10 12 13
152 157 318 4 2 3 6 8
92 149 416 7 1 2 4 5 8 11 12
25 115 371 6 5 6 7 9 12 13
26 177 472 9 3 4 5 6 7 8 9 10 11
21 82 479 7 1 4 5 6 7 8 13
3 187 368 9 1 4 5 6 7 8 10 11 12
113 136 446 8 1 2 3 5 6 7 8 10
5 185 399 8 1 2 4 5 7 9 10 12
59 177 471 3 1 2 3
114 163 314 7 2 3 5 7 9 10 13
87 122 446 7 1 7 8 9 10 11 13
5 13 354 3 1 7 12
167 181 301 5 1 5 7 10 13
97 101 316 8 2 4 5 8 10 11 12 13
11 99 319 7 3 5 6 7 9 10 11
82 141 380 7 2 3 5 6 7 11 12
22 97 467 7 1 4 6 7 8 9 12
58 179 318 9 2 3 4 5 6 7 9 11 12
31 54 480 8 4 5 6 7 8 10 12 13
40 130 461 7 1 2 7 8 10 11 12
119 174 479 5 1 2 6 8 9
83 167 490 5 5 6 8 9 12
72 186 334 6 3 7 8 9 11 12
92 168 474 5 2 5 7 8 10
169 171 474 8 1 2 4 5 7 8 11 12
20 133 302 5 1 3 5 10 12
168 169 316 3 1 2 12
135 183 317 8 1 2 3 4 7 8 9 12
26 72 354 6 3 4 9 11 12 13
5 169 413 8 1 2 3 4 5 8 10 13
130 142 359 6 3 4 5 9 10 12
98 138 372 6 1 2 7 8 9 12
66 138 330 8 1 2 3 4 5 6 7 12
142 197 430 3 4 10 11
89 116 496 5 2 4 8 10 11
119 185 309 7 3 5 6 9 10 12 13
164 188 451 6 1 2 3 9 10 13
89 97 442 9 1 3 6 7 9 10 11 12 13
49 65 360 7 2 3 4 7 8 9 11
142 146 422 8 2 3 5 6 7 9 11 13
61 146 408 6 3 4 5 8 11 12
106 163 307 9 1 2 3 4 5 6 9 10 13
118 198 476 5 2 3 4 6 8
17 172 410 7 1 4 5 7 8 11 12
65 123 323 6 1 3 5 6 10 11
5 164 447 9 1 2 5 6 8 10 11 12 13
3 153 442 7 1 8 9 10 11 12 13
193 195 490 3 4 10 11
59 106 418 8 1 2 7 8 9 10 11 12
135 182 423 8 1 2 4 5 7 8 10 12
57 171 403 5 2 5 8 9 13
155 180 397 7 3 5 9 10 11 12 13
82 154 413 7 2 3 5 6 9 10 12
96 170 390 5 2 4 8 10 12
19 132 324 7 1 2 3 7 8 10 11
80 124 339 8 1 2 5 7 8 10 11 12
92 189 392 4 2 6 7 10
29 61 340 9 1 2 3 4 5 6 8 9 13
158 198 356 6 5 6 7 8 11 12
60 166 446 8 3 4 5 6 7 9 11 12
97 137 454 6 1 2 4 6 10 11
10 18 415 5 1 2 9 10 13
8 78 470 5 4 7 8 9 11
44 117 436 7 3 4 6 8 11 12 13
17 116 498 3 8 10 12
127 146 418 6 4 6 8 10 11 12
60 135 445 7 1 4 5 6 7 9 12
24 168 449 3 3 8 12
21 108 312 8 2 3 4 5 6 7 8 11
135 159 457 9 1 3 4 5 7 9 10 12 13
8 197 371 8 2 3 5 7 8 9 10 13
69 128 420 7 1 7 8 9 11 12 13
9 35 464 9 1 2 3 6 7 8 10 11 12
45 93 300 7 1 3 5 7 11 12 13
73 107 482 6 1 6 7 9 11 13
27 41 440 6 1 4 6 9 11 13
34 151 399 7 3 4 7 8 9 11 12
71 193 425 8 1 4 5 6 8 9 10 11
115 140 382 7 1 3 4 7 8 10 12
30 171 317 7 7 8 9 10 11 12 13
123 135 300 5 2 3 6 7 8
132 182 438 7 2 4 5 8 9 11 13
20 146 367 6 1 2 3 9 10 11
56 194 413 9 1 2 3 5 6 8 9 12 13
112 128 328 5 2 7 8 9 10
8 131 391 6 3 4 5 7 10 11
164 190 404 5 1 4 5 12 13
9 157 420 8 2 3 4 5 8 9 11 13
99 157 431 7 1 2 4 8 9 11 13
98 172 460 6 3 6 9 11 12 13
97 104 318 6 2 3 8 10 11 12
156 181 337 5 5 8 9 11 13
142 155 327 7 2 3 4 6 7 11 13
62 65 488 6 1 3 5 6 7 13
54 91 473 9 1 2 3 5 6 9 10 11 13
81 129 325 5 5 6 8 9 10
35 102 358 6 1 5 6 8 9 13
31 187 370 5 5 6 9 10 11
50 100 474 6 2 3 5 8 9 13
7 144 370 7 1 6 7 8 9 12 13
21 130 328 8 1 2 3 6 7 9 10 13
53 78 498 4 5 10 11 12
146 149 490 7 1 3 5 6 10 11 13
147 173 444 6 1 7 9 10 11 13
30 99 450 5 4 5 8 10 13
53 125 473 7 1 3 5 9 10 11 13
20 188 336 10 1 4 5 6 7 8 10 11 12 13
73 163 349 5 1 2 3 8 13
87 108 350 6 2 6 7 9 12 13
63 124 419 5 2 4 7 12 13
51 65 319 6 2 3 6 7 8 10
20 200 350 10 1 2 3 4 5 8 9 10 11 13
112 172 357 8 1 2 4 7 8 11 12 13
40 41 386 5 1 4 8 10 12
42 57 415 6 1 3 5 8 10 11
71 106 337 6 1 4 5 6 7 8
95 170 477 5 1 3 6 9 13
25 67 319 6 1 4 6 8 9 11
25 141 409 4 5 8 10 11
108 113 360 7 3 4 7 9 10 11 12
12 162 431 5 1 2 3 6 13
76 189 427 8 1 2 3 6 8 9 10 13
29 127 398 5 4 6 8 9 13
57 180 458 6 3 4 6 7 8 10
74 132 367 9 2 3 4 5 6 7 8 9 11
41 200 323 8 1 3 4 5 9 10 12 13
34 84 436 7 2 3 5 7 8 10 11
92 171 425 7 1 3 4 10 11 12 13
6 21 346 6 1 2 6 7 8 11
64 136 362 9 1 2 3 5 6 8 9 10 13
97 179 447 8 2 3 4 5 6 8 9 12
11 88 374 5 1 2 4 6 9
21 42 360 8 1 2 3 4 5 6 9 13
111 156 437 5 1 7 9 12 13
64 170 470 7 3 4 5 7 8 10 13
27 171 310 4 3 7 8 9
119 143 362 7 1 2 4 5 6 7 11
106 145 307 8 1 2 3 5 6 8 12 13
100 137 312 7 4 5 6 8 10 11 12
38 62 412 6 1 3 4 8 11 13
6 83 378 8 1 5 7 9 10 11 12 13
87 118 331 5 2 5 7 10 11
125 185 414 10 1 2 3 4 6 7 8 9 11 12
132 147 435 6 2 5 9 10 12 13
54 120 417 10 2 3 4 6 7 8 9 10 11 12
62 148 329 8 1 2 4 5 6 8 10 11
23 34 424 7 1 3 4 6 7 12 13
122 197 346 5 1 3 4 8 12
69 82 300 7 1 3 6 9 10 12 13
155 156 333 3 5 7 8
31 164 406 7 3 6 7 8 9 11 13
159 165 383 8 1 2 3 4 9 11 12 13
106 119 460 8 1 3 4 5 7 9 10 12
107 165 456 10 1 2 3 5 6 7 9 10 11 13
30 161 342 6 2 3 5 6 9 11
91 106 479 8 3 4 5 6 7 9 10 13
34 139 432 9 1 2 3 6 7 9 10 11 12
111 178 430 9 1 2 3 6 7 8 10 11 13
127 130 356 7 1 2 4 5 6 7 12
16 185 478 9 1 2 3 5 6 7 9 11 13
119 176 492 7 2 5 6 7 10 12 13
84 186 303 6 1 2 3 8 9 12
94 144 304 5 2 3 5 6 9
102 122 353 8 1 2 5 6 7 10 11 13
69 90 392 8 3 5 6 7 8 9 10 12
67 123 474 3 8 11 12
63 199 315 4 4 6 9 10
65 131 455 5 2 3 5 6 10
102 121 433 7 1 3 7 8 10 12 13
47 112 327 9 1 2 3 4 6 8 9 11 13
71 172 319 9 1 2 3 4 8 9 10 11 12
115 198 311 8 1 2 6 7 10 11 12 13
80 157 310 6 3 4 6 8 9 13
117 126 434 7 2 3 4 5 6 9 12
112 147 398 7 1 4 5 6 7 9 13
32 103 427 4 2 8 11 12
87 197 415 8 1 3 4 5 9 10 12 13
48 116 322 7 4 5 6 8 9 10 13
20 39 425 10 3 4 6 7 8 9 10 11 12 13
59 68 368 8 2 4 5 6 7 8 10 11
21 125 355 8 4 6 7 8 9 10 11 12
42 81 484 9 1 3 4 5 7 10 11 12 13
7 129 451 5 1 2 3 10 11
25 172 467 7 1 4 5 8 9 12 13
60 94 440 5 1 7 8 9 10
114 143 445 8 3 4 5 6 8 9 10 13
52 81 398 7 3 4 5 6 8 9 10
97 152 324 4 1 6 7 13
131 171 375 10 1 2 3 4 5 6 9 10 11 13
65 108 454 8 1 2 3 6 7 9 12 13
61 127 302 8 2 5 7 8 10 11 12 13
60 115 320 8 1 5 6 7 8 10 12 13
61 75 457 6 3 4 7 9 11 13
135 136 306 9 1 2 3 4 5 6 7 8 10
67 177 325 8 1 2 4 5 6 8 10 12
12 70 350 4 1 3 8 11
65 110 433 9 1 3 4 5 7 8 9 11 13
33 52 340 6 1 5 7 8 10 11
132 163 457 9 1 2 4 5 6 8 9 10 12
93 193 366 7 1 3 5 10 11 12 13
7 12 320 7 1 3 5 6 10 11 12
91 179 476 7 1 2 6 7 8 11 12
46 183 378 6 1 4 5 6 9 10
143 180 330 7 1 2 4 5 6 9 10
66 152 362 7 1 2 4 5 7 10 11
31 47 476 5 3 4 7 8 9
122 163 410 4 4 6 11 13
127 177 430 5 1 2 3 6 8
1 176 451 7 2 7 8 9 10 12 13
6 80 335 7 2 4 6 9 11 12 13
82 190 498 7 1 2 3 4 5 6 12
114 131 306 6 3 4 8 10 11 13
166 177 319 6 2 4 5 9 10 12
30 191 401 8 3 4 7 8 10 11 12 13
89 187 426 11 1 2 4 6 7 8 9 10 11 12 13
131 136 412 5 1 2 5 11 12
18 112 347 7 1 2 3 7 10 11 13
146 198 476 7 1 2 6 7 10 11 12
92 116 436 7 1 4 5 7 10 11 12
62 104 374 4 1 2 6 13
58 176 431 4 3 7 12 13
171 195 391 5 6 8 9 12 13
13 156 394 8 1 2 3 5 7 10 12 13
4 27 340 9 1 2 3 4 6 8 9 10 13
92 169 349 7 1 4 5 6 8 10 12
61 184 419 10 1 3 4 5 6 7 8 10 11 12
114 175 390 9 1 2 4 5 6 8 9 11 13
4 162 482 7 1 5 7 8 9 10 11
12 180 460 7 1 2 9 10 11 12 13
19 187 499 6 3 6 10 11 12 13
29 159 349 5 1 2 5 10 13
88 176 432 8 1 2 4 6 8 10 11 12
65 79 476 7 1 3 4 6 9 12 13
25 94 379 6 3 4 6 9 10 13
44 114 462 4 1 2 5 7
76 92 490 6 1 6 8 10 12 13
54 149 355 6 1 4 7 8 12 13
61 112 372 10 1 2 3 4 6 7 9 11 12 13
114 118 420 6 1 4 6 8 10 13
193 198 458 8 3 5 6 8 9 10 12 13
126 172 360 9 2 3 4 5 7 8 10 12 13
61 167 370 6 5 6 8 9 11 12
62 119 417 6 1 2 4 5 9 12
84 108 331 5 4 5 7 9 12
148 198 472 6 2 4 5 8 12 13
18 126 343 4 8 10 12 13
104 197 443 6 2 4 5 7 8 11
147 166 319 8 1 2 4 5 6 8 9 13
4 44 319 6 3 4 5 8 11 12
105 191 332 8 1 2 3 6 7 9 11 13
46 92 393 9 1 3 4 6 8 9 11 12 13
154 168 402 9 1 3 5 6 8 9 10 12 13
53 115 423 5 1 3 8 12 13
33 187 440 7 2 3 4 5 8 10 13
74 78 443 8 1 2 3 5 10 11 12 13
39 171 472 7 1 2 5 8 9 11 13
64 154 359 9 1 2 5 6 7 10 11 12 13
4 38 485 7 2 3 9 10 11 12 13
99 131 407 4 2 3 4 12
43 80 471 8 3 5 7 8 9 10 11 13
141 155 485 6 1 4 9 10 11 12
98 192 456 5 3 7 8 10 13
73 137 403 7 1 4 5 7 9 10 13
41 47 413 7 5 6 7 8 9 10 13
22 125 335 7 1 2 4 5 10 11 12
24 167 318 6 1 5 7 9 10 12
10 48 355 8 5 6 7 8 10 11 12 13
13 169 342 7 1 2 7 9 11 12 13
13 112 342 4 1 2 5 11
35 185 428 4 1 2 10 13
153 200 301 9 2 3 4 5 7 9 11 12 13
49 111 402 9 1 2 3 4 5 7 8 10 13
7 114 498 8 1 3 5 6 7 8 12 13
59 93 370 5 2 4 5 8 9
132 169 434 6 4 5 8 10 12 13
5 11 422 9 1 2 5 6 7 8 9 11 12
83 117 413 3 7 8 13
62 153 329 6 7 8 9 10 12 13
62 123 441 7 1 6 7 9 10 11 13
41 55 384 7 1 2 6 9 11 12 13
78 153 361 7 1 2 3 4 6 10 13
7 9 487 8 1 4 5 6 8 10 11 13
8 126 439 8 1 2 5 7 8 11 12 13
56 106 436 7 3 4 6 8 10 11 13
29 66 379 6 2 4 8 9 10 13
51 151 382 6 1 2 9 10 12 13
105 116 409 6 2 6 8 11 12 13
54 62 438 8 2 4 5 7 9 10 11 12
72 128 319 4 2 5 7 11
92 134 316 7 1 6 7 8 9 11 12
15 137 362 6 2 3 4 8 9 10
13 192 456 6 2 5 6 7 10 11
4 187 424 7 1 3 5 6 7 9 13
142 169 417 6 2 6 7 9 11 13
55 77 321 9 1 3 4 6 7 8 10 11 13
123 126 411 7 3 5 6 7 9 11 13
5 7 435 5 2 3 8 9 12
119 132 377 8 2 4 5 7 8 10 11 13
76 104 405 3 8 9 12
22 143 478 5 2 4 7 8 13
81 96 457 7 2 4 9 10 11 12 13
145 158 358 6 1 5 6 8 9 10
174 182 380 5 4 8 9 11 13
32 125 455 6 4 5 7 9 11 12
18 79 428 7 2 3 4 5 6 7 12
15 197 466 8 1 3 4 7 8 9 10 13
53 193 378 6 1 2 4 9 10 13
132 168 493 8 2 4 5 6 8 10 11 12
60 181 496 7 2 3 4 10 11 12 13
85 156 471 5 1 3 6 7 12
46 124 378 6 2 3 4 9 11 12
149 191 357 6 2 4 6 7 8 10
37 186 410 5 2 3 4 12 13
43 199 469 4 1 5 12 13
47 88 494 6 1 3 4 7 11 12
31 60 489 3 7 11 12
4 71 303 6 1 4 6 7 8 12
113 121 355 4 5 8 10 13
80 189 380 5 4 7 8 10 11
20 198 322 9 2 3 4 5 6 7 10 12 13
18 54 323 4 1 5 10 12
68 138 442 9 1 3 5 7 8 9 10 11 13
124 141 431 7 2 4 6 8 9 10 11
27 130 447 7 3 4 5 6 8 12 13
2 14 359 4 3 5 7 13
134 165 452 10 1 3 4 5 6 7 8 10 11 12
15 47 310 6 4 5 6 7 10 13
108 139 495 5 1 5 6 7 12
107 193 481 7 1 3 4 6 9 11 13
54 108 415 8 2 3 4 7 8 10 12 13
64 100 425 9 2 3 6 7 8 10 11 12 13
21 191 438 5 1 7 8 9 10
177 182 474 6 4 5 7 9 12 13
10 59 457 6 1 6 8 9 10 12
45 135 346 8 3 4 7 8 9 11 12 13
98 170 354 7 1 4 7 8 11 12 13
44 174 424 4 1 7 9 10
46 86 424 5 4 6 10 11 12
28 91 348 4 3 8 10 12
71 136 420 8 1 2 5 6 8 10 11 13
21 178 347 9 1 3 4 7 8 9 10 11 12
15 149 378 8 3 4 7 8 9 11 12 13
94 182 429 4 5 6 9 11
134 146 458 6 1 3 5 8 12 13
26 93 347 10 1 2 3 4 5 7 8 9 11 13
44 52 375 9 2 3 4 6 8 9 10 11 13
102 109 399 7 2 5 6 7 9 10 12
94 150 350 6 1 5 9 11 12 13
68 167 430 7 1 3 4 9 10 11 13
55 199 479 5 3 5 6 7 8
50 128 324 6 2 4 5 6 7 12
121 130 453 5 1 5 7 9 11
22 48 373 8 2 5 6 9 10 11 12 13
77 121 455 5 1 2 6 8 11
33 140 352 7 2 5 7 9 11 12 13
73 123 433 7 2 5 6 7 9 10 12
17 179 360 3 2 6 12
75 153 314 8 2 3 4 5 7 8 10 12
130 180 380 5 4 8 9 10 12
54 101 493 6 3 8 9 10 11 12
10 179 382 8 1 3 4 6 9 10 11 12
116 175 457 5 1 7 8 12 13
17 123 384 2 7 9
103 180 308 6 2 4 7 9 10 13
46 119 414 7 2 4 6 7 8 10 13
72 118 430 7 1 2 5 7 9 11 13
105 127 362 8 3 4 5 6 7 9 11 13
49 180 338 9 2 3 4 7 8 9 10 11 12
84 121 306 5 1 5 6 7 8
143 150 410 7 1 4 5 6 8 9 12
98 179 410 4 4 8 9 11
124 140 353 6 1 4 7 9 11 12
11 113 488 6 2 3 4 5 10 12
170 185 340 9 1 2 3 4 6 7 8 9 11
37 150 463 9 1 2 3 4 6 9 10 11 12
46 195 487 7 1 2 6 7 8 9 10
170 199 415 5 1 2 5 8 11
22 33 315 8 2 3 6 7 8 9 10 11
120 121 337 5 1 4 7 10 11
106 136 498 4 1 2 3 11
26 67 494 6 1 2 3 6 10 13
71 114 314 4 2 10 11 12
21 44 403 4 6 8 9 10
102 114 368 6 1 2 4 5 11 12
54 146 469 9 1 2 6 7 8 9 10 11 13
24 150 408 4 1 4 5 12
85 173 453 5 3 4 6 9 11
7 163 481 5 6 7 9 12 13
44 68 422 4 1 4 6 7
17 71 485 4 1 3 9 11
15 26 475 7 1 4 5 7 8 9 10
62 125 304 6 1 3 6 7 9 11
37 94 442 8 2 4 5 7 8 9 11 12
128 168 311 7 1 4 5 6 7 9 11
19 28 312 8 1 2 3 5 6 7 9 11
98 114 356 4 2 8 9 11
15 68 441 6 4 6 9 10 11 13
23 76 375 7 2 4 6 7 8 9 11
68 83 347 8 2 3 4 5 6 7 9 11
12 83 447 10 3 4 5 6 7 8 9 10 11 13
13 173 437 7 2 6 8 9 10 11 12
33 100 457 5 1 5 8 9 13
15 130 452 5 4 5 6 10 12
49 121 378 9 4 5 6 7 8 10 11 12 13
140 145 497 4 2 6 11 13
18 117 368 5 2 3 8 11 12
105 121 365 4 2 3 5 8
70 188 365 7 3 5 6 7 8 12 13
50 68 383 6 2 3 5 7 8 10
58 132 403 6 1 2 3 10 11 12
134 175 363 9 2 4 5 6 7 8 9 11 12
45 155 329 8 1 2 4 6 7 8 9 13
44 175 417 7 2 3 4 6 8 10 11
23 116 466 6 5 8 9 10 12 13
80 85 397 6 1 3 4 6 12 13
58 83 338 4 3 5 6 8
106 168 374 9 1 2 5 6 7 8 10 11 12
22 42 302 7 1 5 6 7 8 12 13
98 141 472 6 1 7 8 10 11 13
15 56 449 6 1 2 5 6 8 11
79 164 487 6 1 5 6 9 11 13
83 159 399 9 1 2 3 7 8 10 11 12 13
173 197 405 5 1 5 9 10 11
9 155 381 6 2 3 5 8 10 12
117 129 410 4 8 9 10 13
82 112 418 6 3 4 7 8 11 12
27 46 438 8 1 3 4 7 9 10 11 13
29 88 351 6 1 2 6 7 11 13
44 67 445 6 1 3 6 7 11 13
9 49 485 8 1 4 5 6 7 8 10 12
82 175 450 4 2 5 6 13
70 77 334 7 1 3 6 8 9 10 11
58 78 442 6 2 4 6 7 11 13
107 161 354 3 5 6 7
16 184 412 5 1 5 6 7 13
42 144 392 6 3 4 5 6 11 13
136 166 422 7 1 2 8 10 11 12 13
95 193 478 6 3 5 7 9 10 12
101 157 457 4 2 7 10 13
7 165 457 6 1 2 3 8 10 12
59 175 333 4 1 3 8 11
67 70 472 5 1 3 4 5 7
29 50 487 4 1 2 6 13
56 176 450 4 3 4 10 11
117 125 390 6 1 2 8 9 11 13
11 34 336 4 5 7 9 13
137 147 440 8 2 3 4 5 6 7 11 13
64 91 465 5 2 4 8 12 13
51 162 339 3 3 10 12
39 62 412 4 2 3 8 9
45 120 366 11 1 3 4 5 6 7 8 9 10 12 13
81 184 478 7 4 5 6 7 8 11 13
82 142 463 8 1 2 3 4 7 8 11 12
84 144 471 7 2 4 5 7 8 10 11
38 65 360 4 9 10 12 13
136 142 373 4 1 5 9 10
32 126 341 8 1 2 5 6 7 8 9 11
73 99 450 9 1 2 3 4 7 8 9 11 12
104 151 376 5 2 4 7 9 11
133 157 486 5 4 7 10 11 13
24 95 387 7 3 6 7 10 11 12 13
18 87 478 8 2 3 4 5 6 10 11 12
90 159 473 8 2 5 6 8 10 11 12 13
28 125 481 8 1 3 4 8 9 10 11 12
15 150 333 6 1 4 7 9 10 12
113 118 385 9 2 3 4 5 6 8 11 12 13
51 137 325 6 1 2 4 11 12 13
103 197 407 5 1 2 5 6 12
1 15 363 7 1 2 5 6 7 8 12
141 158 434 8 1 2 4 5 8 9 10 12
17 111 365 8 2 5 6 8 9 10 12 13
16 138 396 9 1 2 3 4 5 6 7 12 13
109 110 406 7 1 4 6 7 8 9 10
105 189 352 7 3 4 5 7 8 11 13
65 188 498 6 4 5 7 11 12 13
29 143 497 8 2 3 4 9 10 11 12 13
72 108 340 7 3 4 5 6 10 11 12
19 76 391 6 2 3 5 6 12 13
13 75 414 5 2 4 6 9 10
29 30 379 7 1 2 3 5 6 8 9
57 117 455 5 1 2 3 4 12
50 130 480 9 1 2 4 7 8 9 10 12 13
52 89 310 6 1 3 6 8 9 13
48 164 419 7 1 4 6 8 9 10 13
31 114 403 8 1 2 4 9 10 11 12 13
106 133 322 8 1 3 4 6 7 9 10 12
126 144 444 3 1 7 8
139 147 445 3 3 5 13
114 192 472 5 2 3 4 6 13
42 103 321 6 1 4 5 9 10 11
105 126 383 4 5 7 11 12
91 108 311 6 2 4 6 8 9 11
115 166 499 8 1 2 3 5 9 10 11 13
32 42 356 10 1 3 4 5 6 8 9 10 12 13
129 184 492 5 3 7 8 9 11
46 122 484 10 1 3 4 5 8 9 10 11 12 13
128 181 442 6 1 3 5 8 9 11
61 198 318 6 2 3 4 6 7 9
139 189 392 7 2 3 6 7 10 11 13
59 163 457 8 1 2 3 5 6 7 9 12
50 187 452 5 1 2 8 10 13
118 156 409 9 1 2 3 4 6 8 10 11 13
52 68 306 6 5 7 9 10 12 13
21 195 311 8 1 4 5 7 8 10 12 13
5 55 413 8 1 2 5 7 8 9 11 13
64 79 304 5 4 6 7 12 13
21 112 308 8 1 5 6 7 8 10 11 12
65 113 453 5 1 5 6 10 11
73 91 395 5 3 6 7 9 11
160 167 374 6 2 5 6 7 11 12
109 131 485 5 4 5 8 10 13
158 181 303 7 2 3 5 6 8 11 12
24 79 306 8 1 3 4 7 9 11 12 13
8 21 495 6 1 4 5 8 11 12
42 84 422 9 2 3 4 5 7 8 9 10 12
47 82 409 7 1 3 4 6 7 12 13
108 135 317 5 1 2 7 10 11
62 150 366 4 3 8 11 13
51 68 306 4 2 5 8 10
65 81 441 4 3 4 5 6
83 169 339 7 2 3 5 8 9 10 12
54 153 390 4 1 11 12 13
97 151 452 9 1 2 3 6 7 8 9 12 13
47 197 491 5 1 4 6 9 13
127 154 398 8 2 3 5 6 8 9 11 12
62 98 444 9 1 3 5 8 9 10 11 12 13
59 153 475 10 1 2 3 6 7 8 9 11 12 13
66 158 492 2 2 6
121 149 414 9 1 3 4 6 7 9 10 12 13
114 155 319 6 1 4 6 7 9 11
50 76 450 6 1 3 4 8 11 12
80 158 319 11 1 2 3 4 5 6 8 9 10 12 13
61 160 428 6 1 3 7 10 11 12
132 191 456 4 1 2 3 4
10 108 330 9 1 3 4 6 8 10 11 12 13
124 178 493 7 2 3 7 8 9 10 13
13 91 412 8 2 3 5 6 8 9 12 13
28 134 490 8 2 3 5 6 7 8 11 12
177 178 447 5 2 3 4 10 11
14 63 460 6 3 8 10 11 12 13
91 137 364 9 4 5 6 8 9 10 11 12 13
4 127 432 8 1 2 3 5 9 10 12 13
36 169 463 5 2 4 7 12 13
48 113 322 5 1 2 5 7 9
49 95 379 6 1 3 5 11 12 13
31 172 337 4 2 6 7 9
175 185 431 5 3 4 10 11 13
54 133 396 7 4 5 7 8 9 11 13
118 164 403 5 2 3 4 10 11
32 200 390 8 3 4 5 6 9 10 11 12
27 63 337 8 1 5 6 8 10 11 12 13
51 167 395 4 2 5 7 8
107 122 480 7 3 4 7 8 10 12 13
135 139 441 10 1 2 3 5 6 7 8 10 12 13
20 63 386 3 5 10 11
95 173 330 8 1 3 4 5 6 8 12 13
9 158 337 7 1 3 6 7 8 10 12
101 195 361 6 1 2 3 4 8 9
18 197 323 5 9 10 11 12 13
87 139 452 8 1 3 4 8 9 11 12 13
73 171 381 6 1 5 7 10 11 13
106 190 425 6 2 3 5 6 8 10
115 153 471 6 3 6 7 8 11 12
108 120 461 6 3 6 7 8 11 12
1 40 381 5 1 3 7 8 12
92 114 301 4 4 8 9 12
68 185 455 4 1 5 6 7
127 153 445 8 1 2 3 5 6 8 9 13
6 42 491 8 2 3 4 5 8 9 11 12
113 144 354 6 2 6 7 8 12 13
36 52 405 6 3 4 5 7 10 13
58 113 307 4 1 2 4 7
44 88 486 5 1 2 7 12 13
92 112 320 8 4 5 7 8 9 10 11 12
114 136 329 4 1 3 10 12
33 119 317 8 3 4 6 7 10 11 12 13
74 150 357 9 2 3 4 5 7 9 11 12 13
17 34 412 4 5 9 10 13
127 149 413 4 1 2 7 8
36 83 413 6 1 2 3 5 9 10
176 196 302 7 2 3 5 6 9 11 12
42 132 402 5 1 2 3 8 9
166 174 308 7 3 4 5 6 10 11 12
36 64 434 6 2 4 6 9 10 13
17 175 495 5 1 3 6 7 8
38 135 394 7 6 7 8 9 10 11 13
89 182 465 7 3 4 5 7 9 10 11
80 98 332 7 1 2 4 8 10 11 12
16 95 407 7 3 5 6 8 9 10 11
38 97 488 4 2 3 6 11
22 120 484 6 1 2 4 6 10 12
70 117 488 6 1 3 7 10 11 12
30 133 413 3 2 9 12
69 172 455 8 3 4 5 6 9 11 12 13
80 84 402 6 3 4 8 10 12 13
96 108 446 7 1 2 6 8 9 11 13
20 183 408 6 1 4 7 10 12 13
10 200 357 3 3 7 8
94 153 391 6 1 2 6 7 12 13
8 76 351 9 4 5 6 8 9 10 11 12 13
15 21 411 8 1 2 4 5 6 9 10 11
32 99 449 7 1 3 4 7 8 9 12
122 178 358 5 1 3 4 8 9
172 199 349 7 4 5 7 8 9 11 12
28 154 469 8 1 2 4 5 9 10 11 12
4 62 387 5 1 4 6 9 11
166 183 366 7 1 2 3 7 10 12 13
100 151 479 5 1 5 6 7 9
34 149 300 9 1 2 3 5 8 9 10 11 12
20 170 431 5 1 4 7 9 11
11 162 392 7 4 5 7 8 9 11 13
72 155 454 10 1 2 3 5 6 7 8 10 11 13
52 186 485 4 3 6 10 12
11 180 400 6 1 2 7 9 11 12
58 190 389 4 2 3 4 10
72 199 480 5 2 5 6 8 10
29 171 446 6 3 4 5 9 10 13
38 150 354 7 3 4 7 9 10 12 13
3 6 312 6 4 5 6 8 9 12
84 157 353 4 2 3 4 11
20 171 342 7 1 5 6 9 10 12 13
41 102 449 4 2 4 6 8
8 159 494 7 1 2 4 5 6 7 8
111 194 407 6 2 3 6 7 9 10
46 147 404 5 6 7 8 10 12
115 146 396 4 1 2 3 5
157 193 353 6 4 5 6 7 10 13
22 157 465 10 3 4 5 6 7 9 10 11 12 13
59 159 405 6 1 3 4 7 8 12
81 122 396 6 2 5 7 9 10 12
22 98 316 5 1 2 3 4 10
36 194 316 7 1 4 5 6 7 9 11
107 121 497 2 11 12
35 181 327 8 1 6 7 9 10 11 12 13
15 55 317 8 1 2 5 6 7 8 9 10
65 106 419 7 3 4 5 6 7 11 13
116 127 414 6 1 2 4 10 12 13
138 187 383 6 1 3 4 9 11 12
16 141 398 6 2 3 4 7 8 10
32 114 366 5 2 6 7 8 9
43 136 466 7 5 6 7 9 11 12 13
185 186 490 9 1 3 4 5 6 8 9 12 13
18 189 473 9 1 2 4 5 6 7 8 9 11
33 101 451 8 1 3 7 8 9 10 12 13
95 116 342 7 1 2 4 6 8 9 11
54 126 362 10 1 2 3 5 6 7 8 9 10 13
175 178 383 6 3 7 8 9 10 12
187 193 488 5 1 2 6 11 13
92 119 416 6 1 3 5 6 7 10
35 89 395 7 3 4 5 9 11 12 13
33 132 341 6 1 2 6 7 11 13
176 183 410 9 1 2 3 4 5 6 7 9 13
34 103 496 7 1 2 4 5 7 10 11
35 197 335 7 1 3 5 7 8 10 13
57 128 317 6 2 4 5 10 12 13
119 199 401 12 1 2 3 4 5 6 7 8 9 10 11 13
68 169 383 9 2 3 4 5 7 9 10 11 13
121 170 322 5 2 5 10 11 12
70 154 318 5 1 3 7 9 12
75 170 488 4 3 5 8 9
43 182 370 4 1 2 8 11
145 198 334 7 3 5 6 8 9 10 12
37 154 456 7 2 5 6 9 10 12 13
64 183 320 5 5 6 8 9 12
110 159 313 9 2 3 5 8 9 10 11 12 13
70 175 473 7 3 4 5 7 8 10 13
115 138 439 6 1 2 4 5 8 12
30 44 428 4 6 9 10 12
64 166 308 6 1 4 5 7 9 12
38 121 337 8 1 2 4 6 9 10 11 12
103 110 446 8 1 2 3 5 7 8 9 13
158 195 474 6 1 2 3 6 9 11
50 78 479 9 1 3 5 7 8 9 10 12 13
23 112 419 6 1 2 4 11 12 13
39 41 377 6 1 3 6 8 9 12
81 159 321 5 1 2 6 7 10
109 191 433 4 6 7 12 13
9 70 460 7 1 2 3 6 10 12 13
138 164 461 5 1 2 6 7 8
23 136 349 6 2 6 7 8 12 13
5 116 308 10 1 2 3 4 5 7 8 9 10 13
125 195 454 7 1 6 7 8 10 12 13
5 165 459 8 1 2 3 5 6 7 10 12
176 191 304 7 2 3 6 7 10 12 13
18 55 442 7 3 4 5 6 8 10 11
16 164 428 5 2 3 5 7 12
1 113 357 8 1 2 3 4 5 7 8 13
27 162 325 4 1 6 10 12
135 192 402 5 6 8 9 10 12
173 198 327 7 2 3 5 6 7 9 12
77 78 314 5 5 6 9 10 12
27 160 425 6 1 2 7 9 11 12
8 101 314 8 2 3 4 5 6 7 11 12
18 166 470 6 2 5 6 8 9 10
135 152 445 9 1 2 3 4 5 6 7 8 11
4 120 327 8 1 2 5 7 8 9 11 13
43 155 396 6 4 5 6 7 9 12
38 180 384 9 2 3 4 5 6 8 9 10 11
18 38 407 5 4 5 6 12 13
146 188 404 9 1 3 5 6 7 8 11 12 13
32 130 373 8 1 3 5 7 8 11 12 13
82 188 354 5 2 3 5 7 9
46 157 331 7 2 4 5 6 7 8 12
21 164 352 6 1 3 6 7 8 10
104 187 425 7 1 2 3 8 9 10 12
62 147 408 6 2 3 4 6 8 13
141 189 325 9 1 2 4 6 7 8 10 12 13
26 65 359 5 3 6 9 10 13
86 135 321 6 1 2 3 6 12 13
24 103 438 8 2 4 5 6 8 10 11 12
22 88 360 7 3 5 6 7 8 10 13
38 164 481 7 1 4 5 6 9 11 13
5 161 392 9 2 3 5 8 9 10 11 12 13
3 174 472 5 1 2 4 6 10
45 85 437 7 2 4 5 7 9 11 13
75 121 334 3 2 7 9
148 182 352 9 1 3 4 5 6 10 11 12 13
73 95 447 3 6 11 13
37 116 312 8 2 3 4 6 8 9 10 12
86 183 455 6 2 4 5 6 7 8
85 101 474 9 1 3 5 7 8 9 10 12 13
48 161 478 7 2 4 6 7 8 9 12
125 156 332 7 1 3 4 5 6 10 13
35 88 488 8 1 2 3 4 6 8 10 11
13 152 400 4 1 3 9 10
26 127 477 6 1 6 7 8 9 12
60 104 316 6 1 3 6 7 9 10
126 141 496 8 1 2 3 4 5 6 7 13
30 184 313 8 1 3 4 5 6 9 10 13
16 94 423 6 2 3 4 9 11 12
88 91 353 6 6 7 8 9 11 12
15 54 338 7 2 4 8 9 10 12 13
126 130 429 8 5 7 8 9 10 11 12 13
37 156 384 8 1 3 4 6 7 8 10 12
37 42 342 8 1 3 5 6 7 9 10 12
13 180 307 7 1 4 6 9 10 11 12
114 127 444 6 2 4 5 11 12 13
14 179 367 9 1 3 4 5 6 7 11 12 13
177 184 318 6 2 4 5 7 8 10
159 164 417 7 2 5 8 9 11 12 13
111 187 457 6 1 6 7 8 9 11
40 132 378 11 1 2 3 5 6 8 9 10 11 12 13
112 181 398 8 1 4 8 9 10 11 12 13
28 34 349 7 1 3 4 5 10 11 13
59 134 350 6 1 2 4 6 10 12
97 181 488 5 1 4 7 8 9
109 126 336 5 1 2 5 8 11
24 134 403 7 1 3 4 5 6 9 11
103 174 435 7 1 2 3 4 6 9 10
69 162 300 6 1 3 5 7 9 12
14 144 310 3 2 7 10
3 41 409 10 1 4 5 7 8 9 10 11 12 13
32 50 478 6 1 5 6 8 10 12
58 123 494 5 3 8 9 12 13
78 121 398 6 2 6 7 9 10 12
65 69 378 7 2 5 7 9 11 12 13
47 57 471 9 1 2 3 4 7 8 10 11 12
126 176 366 5 2 3 4 9 11
55 99 327 7 1 2 3 4 5 7 13
118 197 436 8 2 5 6 7 9 11 12 13
85 108 441 5 1 3 11 12 13
51 74 380 5 2 6 7 8 12
69 106 474 4 1 4 8 12
58 107 371 7 1 2 3 4 5 8 13
23 106 416 4 2 11 12 13
118 144 316 6 1 2 8 10 12 13
1 178 330 6 4 8 9 11 12 13
129 142 360 8 3 5 8 9 10 11 12 13
60 196 335 5 2 7 8 10 11
57 81 348 4 3 6 7 10
39 139 430 4 1 2 4 13
32 83 492 8 2 5 7 8 9 10 11 13
76 143 426 5 2 4 8 12 13
30 105 480 4 1 9 10 11
147 161 493 6 1 2 4 10 11 13
108 154 429 7 2 4 5 6 10 12 13
38 81 468 9 1 2 3 5 6 8 9 11 13
6 17 481 9 1 3 4 5 6 7 8 9 13
66 93 484 5 2 6 9 12 13
127 140 403 5 2 6 9 12 13
93 106 481 7 1 3 4 5 7 8 12
128 175 446 4 3 4 9 13
47 169 465 5 2 4 7 9 13
68 70 411 6 2 4 9 10 11 12
157 187 440 4 2 4 9 11
13 32 315 8 1 2 3 5 7 8 10 12
21 143 442 5 1 3 7 10 11
59 158 363 7 2 5 6 9 10 12 13
77 79 381 10 1 2 4 5 6 8 10 11 12 13
14 50 421 9 1 4 5 6 7 9 10 11 13
59 154 451 5 4 5 7 9 12
68 125 322 8 2 3 5 6 7 9 11 12
4 107 301 6 2 4 5 8 11 13
81 85 425 5 3 7 8 10 11
117 136 345 4 6 7 9 10
119 179 369 6 1 7 9 10 11 13
20 84 393 2 4 6
75 180 375 9 1 2 3 4 5 7 8 9 11
41 110 381 8 1 2 4 5 6 8 11 13
93 113 428 6 1 4 7 9 12 13
59 127 375 5 1 3 6 9 13
93 171 311 8 1 2 3 5 6 8 11 13
119 197 372 6 3 4 5 7 12 13
163 174 454 3 2 3 13
35 39 492 9 1 4 5 6 7 9 10 11 12
93 195 365 5 4 8 9 10 11
56 164 335 8 1 2 4 5 8 9 10 13
4 104 412 9 1 2 3 4 6 7 9 10 13
80 181 499 4 5 8 9 10
127 183 319 5 3 7 9 11 13
20 77 468 5 1 4 6 9 10
71 125 432 6 1 2 9 10 11 12
5 180 417 7 2 5 6 8 9 10 11
72 179 433 3 4 11 12
79 130 344 5 3 6 7 9 12
38 108 309 6 1 2 4 6 7 8
146 199 448 7 1 4 5 6 7 12 13
59 140 438 4 2 4 11 12
20 169 372 8 4 6 8 9 10 11 12 13
49 77 481 2 7 8
2 71 359 9 1 4 5 6 9 10 11 12 13
94 166 323 7 2 3 5 8 9 12 13
18 64 455 6 2 5 6 8 11 12
133 186 312 8 4 5 8 9 10 11 12 13
10 52 400 7 1 3 4 6 7 9 10
68 128 453 7 2 4 8 9 10 12 13
70 114 381 7 4 5 6 8 9 10 12
52 189 493 7 1 2 3 6 7 10 13
98 164 480 4 3 7 8 10
31 118 462 8 1 2 3 7 8 9 10 12
17 86 373 6 1 3 4 5 7 10
61 103 356 7 1 3 5 7 8 12 13
67 96 426 8 1 2 3 4 5 7 11 13
5 124 445 5 1 4 9 10 12
117 176 310 5 1 6 7 10 12
94 191 370 7 3 5 6 9 10 11 13
19 149 462 10 1 2 4 5 7 8 9 10 12 13
35 170 345 6 1 3 5 8 9 11
88 189 482 7 2 6 9 10 11 12 13
39 85 413 7 3 4 5 8 10 12 13
119 191 316 4 4 5 8 9
52 79 450 6 2 5 6 7 10 11
141 168 346 7 1 2 4 5 8 11 13
14 33 385 8 1 3 5 6 7 8 10 13
33 93 383 5 1 2 7 8 12
34 36 342 5 4 5 9 10 11
13 96 394 7 1 3 4 6 8 9 11
154 200 483 5 4 6 7 12 13
72 180 432 6 6 7 9 11 12 13
53 138 418 6 2 3 5 6 11 13
84 182 416 9 2 3 4 6 7 8 9 11 12
96 165 491 6 1 3 4 7 8 13
128 169 441 11 2 3 4 5 6 7 8 9 10 11 12
86 194 372 9 1 2 3 5 6 7 8 9 13
84 97 303 4 2 3 7 11
68 86 493 6 3 4 6 7 9 12
74 188 325 9 2 3 4 5 6 9 10 11 13
12 55 336 8 1 3 4 5 6 8 11 13
2 49 438 7 2 3 4 8 9 12 13
104 172 305 6 1 2 10 11 12 13
104 195 450 7 1 3 4 6 9 10 12
1 140 311 8 1 3 5 8 9 10 11 13
83 93 313 6 1 3 6 8 9 12
22 188 376 6 4 6 7 8 11 13
64 160 408 5 2 3 4 10 12
26 128 323 4 3 8 12 13
64 129 446 6 3 4 7 8 9 11
86 197 322 5 4 9 10 11 12
87 140 320 7 5 6 7 8 9 10 12
5 158 429 7 2 3 6 8 10 11 13
25 177 436 6 1 6 7 8 10 13
29 80 488 3 4 5 10
9 122 331 5 5 6 7 11 13
71 75 434 7 1 2 3 4 7 8 11
64 196 373 11 1 2 3 5 6 8 9 10 11 12 13
73 119 367 6 1 2 4 5 9 12
21 54 476 7 1 2 3 8 9 11 12
112 133 467 4 5 6 7 11
62 93 302 9 1 3 4 5 6 7 9 10 11
7 135 408 7 1 5 7 8 9 11 13
2 88 385 5 1 2 3 5 13
48 156 419 7 1 6 7 8 9 10 12
4 116 351 4 4 8 11 12
4 172 478 9 1 3 4 5 7 8 9 11 12
19 179 491 5 1 2 6 12 13
3 87 306 9 1 3 4 5 6 7 8 11 13
48 139 471 8 2 3 4 6 8 10 11 12
20 65 468 8 1 2 3 4 7 9 11 12
2 123 342 8 2 3 5 6 8 10 12 13
30 98 361 5 3 7 11 12 13
14 119 425 3 4 8 9
19 190 492 4 5 6 10 12
58 108 372 8 1 2 5 8 10 11 12 13
38 106 439 6 1 5 6 7 9 13
26 35 321 4 1 2 4 8
4 83 480 6 4 6 8 9 11 13
81 110 414 5 1 3 5 9 12
15 184 467 6 1 5 7 9 12 13
28 139 455 10 1 2 3 5 6 7 9 10 12 13
74 180 387 2 3 9
13 123 348 9 1 2 3 4 5 7 9 10 13
79 81 391 11 1 2 3 4 5 6 7 8 9 10 13
34 71 375 7 2 3 6 7 8 9 11
8 65 380 6 1 2 3 5 11 13
47 170 325 3 3 4 5
127 155 401 7 1 3 6 7 9 12 13
95 136 399 6 1 3 7 9 12 13
13 86 453 7 2 5 6 8 11 12 13
69 173 320 5 1 5 6 7 11
15 36 401 8 2 3 6 8 10 11 12 13
175 196 313 7 1 3 5 8 10 12 13
18 26 358 5 2 4 8 9 13
90 195 320 9 1 2 4 5 6 9 10 11 13
82 87 364 6 3 6 9 10 11 13
159 187 336 5 1 4 5 10 12
8 116 463 7 2 4 5 7 9 10 13
40 66 370 5 1 6 9 10 12
66 67 460 8 1 3 4 6 7 9 10 11
101 135 383 8 1 4 5 7 9 10 11 13
121 158 412 7 1 3 7 10 11 12 13
93 182 321 8 1 3 6 7 8 10 11 13
70 170 309 10 1 2 4 5 6 9 10 11 12 13
7 23 356 7 1 2 4 7 9 11 12
180 182 346 5 1 5 8 9 11
124 194 400 6 3 4 7 9 10 11
12 93 377 9 1 3 4 5 6 8 9 10 13
49 170 478 3 7 9 10
49 86 466 5 2 3 4 10 13
82 182 497 7 2 3 4 7 8 11 13
116 148 433 8 1 2 4 5 7 8 11 12
115 189 353 8 1 2 3 5 7 8 9 10
86 156 497 4 3 6 7 12
96 176 324 8 1 2 5 8 9 11 12 13
161 189 381 4 5 6 10 12
27 100 329 8 1 3 4 6 7 8 10 13
36 84 301 10 1 2 3 4 5 7 8 9 11 13
56 182 482 4 2 3 4 7
5 139 428 3 2 8 10
78 101 406 7 3 4 6 8 10 11 13
83 168 454 2 1 12
75 85 330 8 1 3 5 6 7 8 9 11
23 37 419 4 4 5 8 13
54 147 312 6 5 6 7 8 9 10
7 77 302 3 4 9 12
33 141 483 4 1 3 7 9
17 20 301 8 1 4 6 7 9 10 11 12
101 139 466 7 4 6 7 8 9 11 13
45 75 353 5 2 5 8 9 11
194 198 461 8 1 2 5 6 8 9 11 12
107 177 349 7 1 3 5 7 10 11 12
30 101 417 6 3 4 6 8 10 13
137 184 434 6 1 3 5 7 11 13
18 33 310 7 1 2 3 8 9 11 12
47 106 426 5 1 2 6 8 9
103 200 480 6 1 6 8 10 11 13
138 189 410 4 3 4 7 9
32 194 455 7 1 2 3 4 5 6 11
63 116 411 4 1 3 12 13
158 173 329 8 2 4 5 8 9 10 11 12
47 166 404 10 1 2 3 5 7 8 10 11 12 13
86 117 344 6 1 5 7 9 10 13
7 93 382 5 1 2 6 11 12
1 84 402 9 2 3 5 7 8 10 11 12 13
161 177 321 8 2 3 4 5 8 9 12 13
25 181 415 8 1 2 4 6 7 8 9 11
67 125 431 9 1 2 4 5 7 8 9 12 13
4 24 474 7 1 3 4 5 7 9 13
20 122 349 9 2 3 5 6 7 8 9 11 12
128 135 312 7 1 2 3 6 10 11 13
76 130 381 6 1 2 7 9 11 13
95 199 304 8 1 2 3 4 6 9 11 12
76 89 342 7 2 5 6 9 10 12 13
76 126 300 9 3 4 7 8 9 10 11 12 13
11 176 316 7 2 3 4 7 10 11 12
99 120 496 7 2 6 8 9 10 11 13
113 163 484 9 1 2 3 5 7 8 9 10 13
159 196 317 5 1 3 7 12 13
41 54 462 10 1 2 3 5 6 8 9 10 11 12
45 122 489 7 2 3 4 7 9 10 11
35 187 430 8 1 2 3 4 7 8 11 12
58 101 464 8 3 4 5 6 8 9 10 13
18 120 359 5 4 6 7 10 11
55 149 365 7 2 4 5 8 9 10 13
41 108 474 5 2 3 6 8 10
4 69 485 4 2 10 11 12
45 154 497 6 2 4 6 7 9 10
38 159 337 7 2 3 5 7 10 11 13
31 55 392 6 3 4 5 6 8 12
154 184 360 8 2 3 4 5 6 8 9 12
143 151 366 8 1 2 3 7 9 10 12 13
66 76 497 7 3 4 5 6 7 10 12
7 176 405 3 4 5 12
15 50 400 5 2 3 6 8 13
60 172 399 6 2 4 6 8 10 12
42 156 378 9 2 4 5 6 7 8 10 11 12
61 82 316 7 1 3 5 9 10 11 12
14 190 482 7 1 3 5 9 10 11 12
37 146 352 5 2 3 4 5 10
25 150 365 5 5 7 9 10 13
32 191 494 7 3 4 7 8 10 11 13
50 104 433 6 1 2 5 6 7 8
103 183 369 7 3 4 7 8 9 12 13
105 117 488 8 1 5 6 7 8 11 12 13
168 197 386 4 4 6 8 10
50 74 338 10 1 2 3 4 6 7 8 9 10 11
16 86 485 9 1 4 6 7 8 10 11 12 13
90 179 370 4 5 7 10 11
176 179 355 8 1 2 4 5 7 8 12 13
48 62 399 10 1 2 5 6 7 8 9 10 12 13
14 134 311 2 5 12
26 147 486 5 6 7 8 10 11
14 191 363 6 1 2 6 7 8 12
20 102 370 5 1 5 8 9 13
87 177 303 7 1 5 7 8 9 12 13
98 146 490 6 2 3 8 9 10 13
64 131 307 6 1 2 4 7 9 11
9 13 452 8 1 4 6 8 9 10 11 13
60 140 479 7 4 5 6 9 10 12 13
85 166 400 5 1 4 5 7 11
53 145 313 7 1 2 3 4 8 9 10
57 155 345 7 3 7 8 9 10 12 13
2 12 349 7 1 4 6 10 11 12 13
33 159 370 6 3 4 6 7 11 13
48 102 397 5 1 2 3 6 13
138 178 448 4 2 4 5 6
90 173 448 5 1 2 4 5 7
88 191 413 4 3 8 11 13
31 94 382 5 3 6 7 8 10
117 169 300 6 1 4 5 8 10 11
28 111 431 8 1 3 4 5 7 8 9 11
25 91 377 7 3 5 6 7 8 9 13
83 122 386 5 1 3 8 9 11
67 112 452 4 2 3 9 13
43 179 317 7 1 6 8 9 11 12 13
94 123 472 8 2 3 5 8 9 10 12 13
52 82 490 5 1 2 3 8 12
57 162 302 6 3 4 5 8 12 13
166 171 494 6 3 5 6 8 10 11
86 199 498 5 1 2 3 6 10
6 54 402 5 6 7 10 12 13
80 127 305 7 1 2 4 6 9 11 13
20 160 436 9 1 2 3 5 7 8 9 11 12
160 195 417 7 1 2 3 4 8 9 13
53 198 328 7 2 4 8 9 10 11 13
86 161 439 4 1 2 4 12
125 132 407 7 4 5 8 9 11 12 13
70 73 335 5 2 6 7 10 13
88 139 343 8 3 4 5 6 7 9 10 11
52 108 386 7 1 3 7 8 9 10 11
59 131 387 8 1 3 4 5 7 8 9 13
31 105 308 5 3 4 5 6 10
36 104 383 7 1 2 5 6 9 10 13
109 161 436 5 4 7 8 9 10
37 66 378 5 1 3 4 7 12
105 140 481 5 1 9 10 11 13
110 199 336 8 1 2 3 5 6 10 11 13
10 29 326 5 1 2 8 10 11
40 199 346 6 2 3 5 7 8 11
179 182 419 8 1 4 6 8 9 10 12 13
9 109 479 5 3 5 7 8 12
17 140 477 8 1 4 5 6 7 8 10 11
57 107 448 7 2 4 6 8 9 11 12
32 148 317 7 4 5 8 9 10 11 13
46 165 382 9 1 3 5 6 7 8 10 11 13
59 103 417 11 1 2 3 4 5 6 7 9 10 12 13
17 110 489 7 1 4 7 9 11 12 13
7 106 372 5 2 5 8 11 12
24 131 420 8 1 2 3 4 5 8 11 13
39 144 435 5 1 2 5 8 11
52 72 370 5 3 6 7 10 12
111 184 474 7 4 5 6 7 8 9 12
45 146 392 6 1 3 4 7 8 12
31 122 306 10 1 2 3 5 6 7 8 9 10 13
38 124 343 8 1 2 3 5 6 7 8 11
35 200 420 5 2 7 8 10 13
47 176 397 5 1 4 6 7 13
96 100 403 10 1 2 3 4 5 7 8 11 12 13
124 176 408 5 1 4 8 9 10
140 191 441 8 1 2 4 7 8 9 11 12
95 135 441 4 4 9 12 13
79 194 495 3 4 6 10
73 84 449 5 1 3 5 10 12
61 199 477 8 1 4 5 6 9 11 12 13
57 92 384 8 1 2 5 6 8 10 11 13
148 188 480 7 1 2 6 8 9 10 11
130 159 458 7 1 4 5 7 8 10 12
4 178 372 6 1 2 4 9 11 13
57 67 458 8 1 2 4 5 9 11 12 13
26 73 456 8 3 4 5 6 8 9 10 11
79 152 491 4 4 6 8 12
14 165 389 4 4 7 9 12
45 185 386 8 3 4 5 6 7 8 9 10
71 83 391 6 2 3 4 6 7 13
6 59 406 7 1 2 3 6 9 10 11
117 120 468 5 3 8 10 12 13
91 177 309 5 2 3 11 12 13
13 34 347 5 2 4 5 10 11
153 165 492 4 1 3 5 12
25 170 381 6 1 3 5 7 8 11
130 176 482 5 4 5 6 10 13
15 132 363 4 1 4 7 10
23 86 307 7 2 3 4 6 9 11 13
17 104 375 6 1 4 5 8 12 13
55 165 321 6 2 3 5 8 9 13
34 163 350 7 4 5 7 9 10 11 13
48 120 447 6 2 6 7 8 10 13
66 194 419 7 1 2 4 5 8 10 12
62 73 405 7 1 2 8 9 10 12 13
96 177 355 2 6 13
1 146 312 8 1 2 3 4 5 6 8 10
72 193 347 7 2 5 6 7 8 9 10
157 176 303 6 2 3 4 9 10 13
12 107 413 9 2 3 4 6 9 10 11 12 13
63 198 324 8 1 2 4 6 7 8 9 10
95 109 387 6 3 4 6 8 11 12
79 116 345 4 2 8 11 12
131 140 434 7 1 2 4 5 6 7 11
5 37 411 10 1 2 3 4 5 7 9 10 11 12
86 187 304 7 1 3 4 6 8 11 12
102 166 390 6 2 5 8 9 11 12
181 197 355 8 1 2 5 6 7 10 11 13
109 111 393 9 3 5 6 7 8 9 10 11 12
31 144 476 6 3 6 10 11 12 13
26 99 446 9 1 2 6 7 9 10 11 12 13
124 188 452 7 4 6 8 9 10 11 13
26 199 396 6 2 3 4 5 6 13
62 111 407 6 4 6 7 8 9 10
97 170 499 7 1 5 7 8 11 12 13
29 195 389 6 1 3 4 5 6 9
66 101 440 8 2 3 4 5 6 7 8 10
120 160 434 6 3 6 8 9 12 13
7 139 404 4 2 6 7 10
107 178 447 3 3 4 10
32 189 461 9 1 2 3 4 5 8 9 12 13
110 161 425 8 2 3 4 5 8 11 12 13
105 164 450 9 4 5 6 8 9 10 11 12 13
128 176 408 9 1 3 5 6 7 9 11 12 13
141 191 496 7 1 2 3 8 9 10 12
15 192 355 5 2 3 4 8 11
81 124 464 11 1 2 3 4 5 6 7 8 9 10 12
77 107 460 5 3 4 9 10 12
11 37 402 6 1 2 3 6 10 13
1 92 419 9 1 2 3 4 5 7 8 9 12
20 155 326 7 1 3 4 5 8 11 12
19 172 378 5 5 7 8 11 13
58 102 458 5 2 3 4 7 11
32 100 371 8 1 2 3 7 8 9 10 12
172 174 312 7 2 4 5 6 9 12 13
138 154 369 5 4 5 9 12 13
25 86 327 8 1 3 4 6 8 9 10 11
13 117 355 6 1 2 3 4 5 12
161 196 424 5 1 3 9 10 13
100 147 421 5 1 6 10 12 13
41 196 483 7 2 6 7 8 9 11 12
26 185 371 6 1 2 5 10 11 13
43 128 373 5 2 6 9 10 12
41 140 380 8 1 3 5 6 8 9 10 13
5 178 430 5 3 4 9 10 11
40 51 324 5 2 7 9 11 12
1 200 469 9 1 3 4 6 7 9 10 12 13
61 164 371 5 1 2 3 6 8
8 147 458 6 1 2 3 4 10 11
145 195 325 8 1 2 4 5 7 9 11 13
104 199 318 5 2 5 8 9 10
107 123 419 7 1 2 5 6 7 10 13
37 145 450 6 1 2 4 6 10 11
181 194 420 4 5 10 11 12
69 144 480 6 2 3 6 9 10 11
30 160 399 7 2 3 4 6 10 12 13
11 156 476 7 1 2 3 4 9 10 13
39 61 444 7 2 3 5 6 11 12 13
95 196 359 6 2 3 8 10 12 13
5 91 330 9 1 2 3 5 6 8 9 10 11
4 140 315 8 2 3 4 5 7 8 9 11
79 126 385 5 2 3 5 6 10
86 104 409 7 1 4 6 9 10 11 12
103 139 473 8 1 2 3 5 6 8 11 13
148 186 409 5 3 5 6 8 13
9 124 421 6 3 4 5 7 10 11
95 141 342 4 2 4 5 10
60 121 436 8 2 3 5 6 8 9 10 11
27 97 476 4 2 6 11 13
25 111 467 5 1 2 5 9 13
191 192 309 4 5 7 8 12
29 125 460 5 2 3 5 6 10
16 156 490 7 1 3 4 9 10 11 12
55 82 334 5 1 2 9 11 12
123 194 492 7 3 5 6 9 10 12 13
91 195 420 9 1 3 5 6 8 9 10 11 12
77 100 359 7 5 6 7 8 9 10 11
1 44 413 5 1 6 7 9 11
34 87 443 8 1 4 6 7 8 10 12 13
66 144 469 8 1 2 4 5 6 10 12 13
22 74 438 6 2 5 7 8 10 13
66 124 414 7 1 3 6 9 10 12 13
29 172 389 3 1 4 13
8 44 388 6 4 7 8 9 11 13
82 186 334 6 1 4 6 8 10 12
59 95 369 6 3 7 8 9 11 13
22 144 439 7 1 6 7 8 9 12 13
2 152 310 4 3 4 9 12
125 200 465 7 1 2 3 5 6 12 13
62 159 499 5 3 6 9 10 13
38 183 493 5 1 5 7 11 12
36 138 480 6 1 2 4 6 9 11
44 47 336 5 5 7 11 12 13
35 76 402 8 1 2 4 5 6 9 11 13
18 57 453 4 4 7 8 10
18 125 397 7 1 2 4 5 6 8 11
85 162 475 4 2 4 5 13
135 148 447 7 1 3 7 8 10 11 13
19 58 334 6 2 3 4 6 10 12
28 184 452 6 1 2 5 10 12 13
75 144 414 9 1 2 3 4 5 6 8 9 11
49 143 495 8 1 5 6 7 10 11 12 13
133 194 364 10 2 3 4 5 6 7 8 9 11 13
18 101 356 5 1 2 3 6 12
135 149 330 5 1 4 5 10 11
50 164 356 7 1 3 4 5 6 9 12
49 123 429 5 8 9 10 11 13
31 139 389 6 1 4 6 10 12 13
2 55 469 7 2 5 6 8 10 11 12
57 158 372 7 2 4 5 6 9 11 13
155 193 358 7 1 2 4 5 9 10 13
19 134 359 9 1 2 3 6 8 9 10 11 13
66 74 438 7 1 5 6 8 9 10 12
88 113 399 8 1 4 5 6 9 11 12 13
5 71 447 5 5 6 7 8 9
12 123 473 8 1 2 3 4 6 7 8 10
99 155 420 7 1 2 3 4 5 11 13
116 125 387 9 1 2 3 4 7 8 11 12 13
57 192 435 6 1 2 3 6 7 11
31 135 337 4 3 7 11 12
16 38 338 8 4 5 6 7 8 9 10 11
81 196 428 7 1 2 3 6 8 11 13
11 92 469 6 1 3 7 9 10 11
5 109 326 8 2 4 5 8 9 10 11 13
113 181 330 6 1 2 4 7 9 13
64 144 374 8 1 4 6 7 9 10 12 13
154 159 424 5 3 4 10 11 12
65 126 458 4 4 9 10 12
37 166 322 4 4 5 7 11
165 170 410 7 1 2 6 8 9 10 12
186 190 410 8 1 4 6 8 9 10 11 13
31 159 388 10 1 2 3 4 5 6 7 9 10 11
42 78 405 7 1 3 6 7 8 10 12
183 184 426 6 2 5 6 8 10 13
14 151 445 8 1 2 4 5 7 8 12 13
17 32 387 5 2 4 7 10 12
82 200 434 4 1 4 8 13
8 18 326 6 1 5 6 10 11 13
114 166 428 7 1 2 3 6 7 10 12
65 77 355 4 1 2 5 11
99 128 350 3 5 8 12
6 29 439 6 3 4 5 6 7 9
15 28 414 8 1 4 7 8 9 11 12 13
84 125 489 7 1 2 5 7 10 12 13
162 198 490 8 3 4 5 7 8 10 12 13
103 137 313 3 5 8 11
24 160 462 4 8 10 12 13
25 199 411 7 6 7 8 9 10 12 13
88 177 352 6 3 6 8 10 11 12
47 141 349 8 2 4 5 6 7 9 11 13
112 141 400 6 2 5 7 8 10 13
185 195 342 6 1 5 6 8 9 10
63 190 430 8 1 2 3 6 7 9 10 12
7 49 370 6 1 2 4 5 8 11
22 89 369 6 3 4 7 8 10 13
42 106 460 5 1 2 3 10 11
16 89 444 6 4 5 8 11 12 13
102 157 445 6 1 3 8 9 10 11
103 175 418 4 6 9 11 13
41 78 466 6 2 4 6 7 8 9
177 180 307 8 4 5 6 7 8 9 10 13
153 194 480 7 3 4 7 9 11 12 13
35 46 307 5 5 7 11 12 13
164 199 364 7 1 3 7 8 9 11 13
90 125 358 6 1 2 5 6 7 12
77 81 404 4 3 5 8 12
177 179 452 9 1 2 3 4 5 8 10 11 12
125 175 492 3 1 3 8
104 126 430 7 3 6 7 10 11 12 13
31 181 380 6 1 3 6 7 8 11
88 184 499 6 2 4 7 8 10 12
85 188 480 7 4 5 6 7 9 11 12
14 157 471 9 1 2 3 4 5 6 7 8 12
103 140 413 7 1 3 4 6 9 10 12
138 145 469 7 3 5 9 10 11 12 13
124 130 462 7 1 4 5 6 8 11 13
4 109 427 7 1 3 5 6 7 8 13
102 168 383 8 1 2 5 8 10 11 12 13
91 98 373 6 8 9 10 11 12 13
30 53 431 9 1 2 4 7 8 10 11 12 13
37 87 385 6 3 4 6 8 9 13
35 168 425 5 1 3 6 12 13
138 158 474 5 1 2 4 7 11
9 131 315 4 3 7 11 12
78 87 495 3 7 11 12
48 191 343 6 5 7 8 10 12 13
92 165 427 2 5 13
94 139 440 5 1 4 6 7 10
110 176 440 4 2 4 9 11
34 47 346 9 1 3 4 5 7 8 9 12 13
109 181 358 6 2 3 4 7 8 12
35 154 447 8 2 4 7 8 9 11 12 13
71 121 478 7 1 3 6 7 8 9 13
83 166 365 6 1 2 4 5 6 10
174 184 311 6 2 3 4 5 8 9
37 134 489 3 4 6 9
94 99 421 6 1 4 5 7 10 13
1 154 463 7 3 4 5 7 11 12 13
18 40 481 4 5 8 9 11
147 163 351 7 1 4 6 7 8 9 12
110 150 496 5 1 2 4 5 9
130 172 481 8 2 3 4 5 6 7 8 11
20 24 484 9 3 5 6 8 9 10 11 12 13
56 129 467 9 2 3 4 7 8 9 11 12 13
3 71 346 8 4 5 6 7 8 9 10 11
139 143 453 7 2 3 5 8 9 10 11
12 115 429 8 1 2 3 6 8 11 12 13
44 121 425 5 3 4 5 8 10
45 158 489 7 1 4 5 8 9 10 13
112 139 454 5 3 5 10 11 12
66 165 357 5 5 7 10 11 13
42 136 374 9 1 2 5 6 7 9 10 11 13
1 88 380 8 1 2 3 5 7 9 11 13
111 153 331 4 2 4 5 11
17 168 389 4 1 2 10 12
102 141 375 8 2 4 5 6 9 10 12 13
3 63 326 6 1 3 5 9 10 12
137 199 316 10 1 2 3 6 7 8 9 10 11 12
3 82 467 6 3 4 8 11 12 13
125 171 466 9 1 2 5 6 7 8 9 11 12
68 94 314 10 1 2 4 5 6 7 8 9 10 12
3 150 478 6 1 4 5 6 9 13
46 136 413 3 4 11 12
44 102 445 7 4 6 7 9 11 12 13
67 134 495 10 1 2 4 5 6 8 9 10 11 12
36 57 424 5 3 7 10 12 13
68 74 434 6 5 6 7 9 10 11
118 157 417 6 2 3 5 6 10 12
58 95 340 4 3 9 11 12
11 172 367 7 1 2 3 5 8 9 10
140 178 468 6 5 6 7 10 11 13
88 111 336 5 2 3 5 12 13
171 180 300 1 3
50 117 452 7 1 2 6 7 8 11 12
37 143 455 4 1 9 10 12
154 176 347 3 4 6 8
49 193 358 6 3 8 9 10 11 13
66 181 385 9 2 3 5 6 7 9 11 12 13
61 110 472 8 1 2 5 6 7 9 11 12
131 152 499 7 2 3 4 8 9 10 12
5 47 491 8 1 4 5 8 9 11 12 13
11 110 481 7 2 4 5 7 8 10 13
41 60 373 6 1 2 3 4 5 13
27 145 371 8 1 2 4 6 7 9 11 12
115 179 464 9 1 2 3 4 6 8 9 10 13
35 37 414 6 2 3 6 7 9 13
15 145 399 4 4 5 10 11
79 160 490 7 1 2 5 8 10 11 13
105 169 430 10 1 4 5 6 7 8 9 10 11 12
90 145 318 9 2 3 4 5 7 9 10 11 13
61 158 408 9 3 4 6 7 8 9 10 11 13
88 130 397 8 3 4 6 9 10 11 12 13
103 132 496 9 1 2 5 6 8 10 11 12 13
159 180 473 4 4 6 9 13
11 136 342 6 3 4 7 8 10 12
56 166 492 6 1 3 4 5 7 13
4 36 350 7 1 3 5 6 9 10 13
69 83 428 5 2 5 6 7 13
30 172 361 6 3 5 6 7 8 11
184 200 390 4 2 8 9 13
72 75 495 6 2 3 5 6 8 13
78 189 329 8 1 2 3 4 6 8 9 13
86 118 378 5 1 4 6 8 10
67 87 496 5 3 7 8 11 12
53 199 434 8 3 4 5 8 9 11 12 13
162 175 333 8 1 2 3 6 7 8 9 12
37 82 495 8 2 3 4 7 9 10 12 13
157 168 444 1 10
87 147 370 6 2 5 6 8 10 11
154 194 419 10 1 2 3 5 7 8 9 10 11 13
25 151 443 6 3 4 6 7 9 10
125 186 314 6 5 6 7 8 10 12
34 132 401 8 2 3 4 5 8 9 11 12
63 85 316 7 5 7 8 9 11 12 13
35 137 337 7 1 2 4 5 7 8 11
151 159 365 9 1 2 3 4 6 8 10 11 12
104 181 382 6 2 3 4 8 11 12
51 78 388 7 2 4 5 6 9 11 13
44 179 308 7 2 3 4 6 9 11 13
33 75 312 7 5 6 8 9 11 12 13
46 132 407 6 1 4 5 9 11 13
63 94 368 4 5 8 11 12
9 186 361 9 1 3 5 6 7 8 9 10 12
107 170 355 6 1 7 8 10 11 13
120 180 342 5 2 3 6 7 11
168 185 403 7 3 4 5 6 7 8 12
88 141 499 8 3 4 6 8 9 10 11 12
100 200 392 8 2 3 4 7 8 9 10 13
67 149 331 5 1 8 11 12 13
20 41 360 5 3 7 9 11 13
149 180 434 2 11 12
115 175 479 7 1 2 5 6 9 11 13
101 130 390 10 1 2 3 4 5 6 8 10 11 13
108 116 464 7 6 7 8 9 10 11 12
65 171 475 5 1 4 6 10 11
115 196 476 6 1 4 6 9 12 13
10 116 497 4 2 3 6 8
18 66 422 8 1 2 3 6 9 11 12 13
98 143 420 7 2 6 9 10 11 12 13
37 199 320 9 2 3 4 5 6 8 9 10 13
15 159 341 9 3 4 5 6 7 10 11 12 13
96 172 315 2 8 13
1 186 334 10 1 2 3 4 5 6 7 10 11 12
166 178 442 6 1 5 6 7 12 13
38 41 483 7 2 4 6 7 9 11 12
38 179 323 5 1 2 6 9 12
17 60 460 7 1 2 3 4 8 10 13
51 191 365 4 1 2 8 12
97 148 412 7 1 3 4 8 9 11 13
109 192 420 6 1 3 8 9 11 12
11 46 329 6 1 5 6 8 9 12
120 166 319 4 1 3 10 13
41 92 488 7 1 2 3 4 6 7 10
169 198 391 6 2 5 7 11 12 13
41 185 374 3 6 7 10
100 163 330 7 1 6 7 8 9 10 11
7 136 446 9 1 2 4 5 7 8 10 12 13
25 110 374 8 1 2 4 7 9 10 11 12
120 193 374 6 4 6 9 10 12 13
12 88 430 7 1 3 5 6 7 8 12
58 182 434 4 2 4 9 12
3 136 308 9 1 2 3 5 6 7 9 10 12
37 115 409 7 3 5 6 7 8 10 12
85 150 476 4 7 8 12 13
114 178 472 8 2 3 4 5 6 7 12 13
35 158 336 4 6 7 8 10
31 186 404 5 3 4 8 11 12
40 71 422 5 1 2 4 8 9
107 117 458 10 1 2 3 4 5 6 7 8 10 12
101 112 476 4 4 7 11 13
4 110 394 5 1 4 5 8 13
75 92 499 7 3 5 6 8 9 11 12
85 174 491 9 1 2 6 7 8 10 11 12 13
90 187 380 6 1 3 7 9 10 13
3 132 394 8 1 2 4 5 10 11 12 13
27 89 474 4 1 6 7 9
116 140 403 7 2 3 5 8 10 11 12
55 120 306 7 4 5 6 8 9 10 13
40 144 339 6 1 3 5 7 9 12
100 114 315 4 4 10 12 13
46 57 378 8 3 5 6 7 8 10 11 13
101 127 369 6 2 3 5 6 8 12
14 84 486 5 2 5 6 8 13
39 54 366 7 1 2 6 7 8 10 13
90 95 460 10 2 3 4 5 8 9 10 11 12 13
8 10 313 6 2 4 6 7 9 11
101 197 349 8 1 2 3 5 6 7 8 10
56 154 406 3 4 7 12
49 142 339 7 1 2 3 5 11 12 13
54 110 423 5 1 4 10 11 12
42 131 488 9 1 2 4 7 8 9 10 11 12
138 163 425 7 1 2 3 5 6 7 13
28 74 384 5 2 4 8 9 13
69 109 397 7 1 2 3 5 6 8 9
21 162 402 6 1 6 7 8 10 12
179 195 308 6 1 5 8 9 10 13
133 188 385 5 2 5 6 11 13
104 161 458 8 1 2 3 4 7 11 12 13
28 72 430 8 1 5 6 8 9 10 11 13
129 187 343 7 1 3 4 5 7 11 12
165 187 435 5 1 2 3 7 13
49 172 476 6 5 7 8 10 11 13
67 194 495 5 1 4 5 6 7
21 83 426 7 2 4 5 6 7 10 11
8 167 356 11 1 2 3 4 5 6 9 10 11 12 13
8 127 341 6 1 2 4 8 10 12
107 144 401 6 1 3 4 9 10 13
90 158 412 7 2 3 4 5 6 8 12
57 101 499 5 1 3 6 9 11
48 91 392 7 4 5 6 7 9 10 11
65 137 379 6 3 4 8 11 12 13
134 185 377 6 1 4 6 7 10 13
40 146 461 6 3 4 6 9 12 13
15 63 366 5 4 5 8 12 13
147 178 395 10 1 2 4 5 6 7 9 10 11 13
56 137 373 8 1 3 6 7 8 9 12 13
23 199 379 5 2 3 4 5 8
111 117 444 9 3 5 6 7 9 10 11 12 13
144 192 432 8 1 3 5 6 7 8 9 11
85 129 370 2 2 9
54 70 320 4 2 6 10 11
19 120 420 10 1 2 3 5 6 7 9 11 12 13
21 99 495 7 1 4 5 7 9 10 12
54 157 356 7 1 2 3 4 6 7 8
105 130 470 5 5 8 9 10 11
26 189 349 5 4 7 10 11 13
41 151 364 5 1 3 6 7 11
92 196 355 6 1 3 6 8 9 13
56 171 308 7 6 7 8 9 11 12 13
24 47 447 6 2 3 5 8 10 12
177 190 399 7 1 3 4 7 8 10 12
98 165 443 8 2 3 4 7 9 10 11 12
130 168 423 7 5 6 8 9 10 11 12
143 163 346 8 1 4 7 9 10 11 12 13
144 165 321 7 1 3 4 9 10 11 13
125 190 432 3 4 12 13
15 35 339 6 2 3 9 10 11 12
52 88 374 6 2 4 7 8 10 11
125 177 496 4 4 8 10 12
54 76 338 6 3 5 6 7 11 13
108 163 467 6 2 8 9 11 12 13
21 67 375 9 2 3 5 6 7 8 9 11 12
9 57 367 6 3 4 6 7 8 9
65 87 380 8 1 2 5 6 7 10 11 13
125 129 441 10 1 3 4 5 6 7 8 10 12 13
103 122 462 8 1 2 4 7 9 11 12 13
36 118 454 7 2 3 4 5 8 9 12
4 151 472 8 1 4 6 8 9 10 12 13
81 182 359 7 2 3 4 6 7 10 13
15 138 338 8 2 3 7 8 10 11 12 13
67 97 342 7 4 5 6 7 9 10 12
48 157 379 9 1 2 3 6 8 9 11 12 13
36 102 458 7 1 2 4 6 9 10 12
66 175 338 10 1 2 3 4 5 7 9 11 12 13
56 59 387 4 7 8 9 11
96 189 380 7 1 3 4 6 7 8 13
158 179 339 4 1 8 11 13
100 116 451 6 1 3 4 7 9 13
117 151 436 5 1 2 6 8 13
23 77 347 6 2 3 4 7 12 13
174 195 398 1 4
27 149 487 7 2 4 5 6 8 12 13
29 200 442 9 2 3 4 7 9 10 11 12 13
61 181 474 6 1 3 4 9 10 11
58 122 333 5 2 6 9 11 13
85 197 416 4 1 6 7 13
22 39 358 9 1 4 5 8 9 10 11 12 13
49 110 324 5 2 3 4 9 12
146 155 490 5 1 3 7 8 10
92 103 354 3 3 7 12
57 150 362 7 2 3 8 9 10 12 13
130 197 409 7 3 6 9 10 11 12 13
59 132 429 6 3 4 6 9 10 11
21 43 429 3 2 4 10
123 165 490 5 2 3 5 8 12
7 71 323 7 1 4 6 8 10 11 12
10 101 391 10 1 2 3 4 5 9 10 11 12 13
4 75 396 6 2 6 8 9 10 11
110 152 447 6 1 3 4 6 10 13
87 107 450 4 1 5 10 13
57 78 434 7 2 4 5 6 8 9 12
38 79 442 5 4 7 10 12 13
3 72 481 9 1 3 5 6 7 8 10 11 12
11 20 344 4 3 8 10 12
13 176 432 10 1 2 3 5 6 7 8 10 11 13
59 83 368 8 2 3 5 7 8 9 11 12
103 121 425 9 2 3 5 6 7 9 10 11 13
14 61 471 8 1 2 3 4 7 8 9 13
97 120 472 10 1 3 4 5 6 8 9 11 12 13
120 170 313 9 1 2 4 5 6 7 8 12 13
61 125 319 7 1 2 5 6 7 10 11
46 67 322 9 1 2 3 7 8 9 10 11 13
9 80 300 8 2 3 6 7 10 11 12 13
32 60 413 6 3 5 9 11 12 13
96 160 448 6 1 4 5 7 8 13
32 123 485 8 2 5 6 7 9 10 11 12
19 152 329 9 1 2 3 4 7 9 10 11 12
111 142 306 6 2 6 8 9 11 13
13 35 309 6 3 5 6 9 10 11
33 127 472 10 1 2 4 5 6 7 8 9 12 13
87 158 312 5 1 2 6 9 10
94 147 371 7 1 2 3 5 9 10 12
9 145 381 6 2 6 7 9 11 13
95 166 442 7 1 2 4 5 6 8 11
47 104 452 9 1 2 4 5 6 7 9 12 13
29 56 323 7 1 5 7 9 11 12 13
111 121 417 6 3 6 7 9 10 12
23 60 495 8 2 3 5 6 7 11 12 13
70 199 419 5 1 3 4 7 12
4 26 364 7 2 3 5 7 10 11 13
101 134 446 6 1 2 3 4 5 7
149 169 305 6 1 2 4 7 8 13
33 163 306 5 2 3 4 6 8
143 189 379 8 1 4 6 7 8 9 10 11
20 55 350 10 1 2 3 6 7 8 9 10 11 12
91 158 438 6 1 2 3 8 9 12
121 152 400 7 1 2 6 9 10 12 13
88 160 427 7 1 2 4 7 8 9 10
6 122 362 5 1 3 6 9 13
106 188 372 6 3 5 8 11 12 13
41 84 440 4 4 6 9 11
113 195 381 10 1 2 6 7 8 9 10 11 12 13
92 179 346 7 2 3 5 8 10 12 13
67 128 392 11 2 3 4 5 6 7 8 9 11 12 13
34 78 446 6 2 5 6 8 10 12
7 67 495 6 1 6 7 8 11 13
133 138 377 8 1 2 4 7 8 10 11 12
22 131 428 5 2 3 6 7 9
75 154 301 5 3 5 7 9 13
27 148 338 6 2 3 5 7 8 10
100 144 400 7 1 2 3 5 10 12 13
8 9 314 6 4 9 10 11 12 13
71 99 409 4 1 2 10 11
66 73 481 6 2 4 7 9 10 12
32 180 408 8 1 2 4 5 6 7 8 13
106 166 313 7 1 2 3 4 8 9 11
54 177 305 5 2 4 5 8 10
86 109 325 7 2 3 5 9 10 11 13
175 183 308 5 1 6 8 9 13
147 148 376 6 3 5 8 10 12 13
35 114 341 6 1 3 6 7 10 11
20 152 406 7 2 4 6 7 10 11 13
182 188 382 7 1 2 4 5 7 11 13
47 180 300 6 4 5 8 9 10 13
131 139 438 6 2 4 5 8 11 13
145 170 384 6 1 2 3 4 5 8
106 192 390 9 1 3 5 6 7 8 9 10 11
85 127 338 5 1 2 6 7 13
52 114 311 4 3 8 11 13
56 108 452 6 1 3 6 7 11 12
85 165 362 7 2 3 7 8 9 11 12
78 86 403 9 2 5 6 7 8 9 10 11 13
13 28 485 2 4 9
138 197 408 6 4 5 6 10 12 13
55 190 447 6 1 2 3 6 8 12
76 188 432 7 1 2 3 5 9 11 12
7 146 403 11 2 3 4 5 6 7 8 10 11 12 13
6 121 324 10 1 2 3 5 6 7 8 9 10 11
31 90 360 6 1 2 4 5 11 13
19 188 357 6 2 3 4 6 7 13
140 141 362 4 1 5 9 10
13 183 460 5 4 5 6 7 10
99 104 323 4 1 7 9 11
8 13 423 7 1 4 7 8 9 12 13
158 177 393 9 1 2 4 5 7 9 11 12 13
50 152 431 5 1 3 6 11 13
100 157 388 6 2 4 5 6 9 10
70 130 398 5 1 2 3 5 9
19 115 408 5 2 6 9 10 11
126 166 396 5 1 2 5 9 13
44 87 427 6 1 2 4 5 9 11
66 69 401 6 4 6 7 9 10 13
107 164 455 6 1 3 6 7 8 10
126 197 309 9 1 2 5 6 7 8 9 11 13
40 94 401 9 1 2 4 5 6 8 9 10 12
51 94 393 7 2 3 6 8 10 12 13
12 153 393 7 4 5 6 7 9 10 11
36 69 492 6 1 4 6 9 10 13
111 113 431 5 1 2 3 8 11
44 164 356 4 3 8 11 13
70 158 444 8 1 2 3 5 6 9 12 13
107 113 445 5 1 3 7 9 13
124 156 411 3 4 7 9
22 139 382 5 1 3 4 7 13
9 146 353 4 1 8 12 13
114 121 358 9 2 4 5 6 8 9 10 11 13
152 173 314 4 2 7 11 13
126 157 409 3 1 2 9
1 135 334 8 1 3 5 7 9 10 11 13
69 188 374 7 1 5 6 8 10 12 13
40 159 466 5 1 9 10 11 13
99 171 348 7 1 2 7 9 10 11 13
39 159 486 9 1 2 4 5 6 7 9 11 12
110 133 489 7 1 3 4 5 6 9 10
119 161 423 10 1 3 4 6 7 8 10 11 12 13
85 186 379 11 1 2 3 4 6 7 8 10 11 12 13
138 192 372 8 3 5 7 8 9 10 12 13
28 64 311 8 2 3 4 5 9 10 11 13
20 70 430 6 2 8 9 11 12 13
179 184 432 7 3 4 6 7 9 10 13
32 174 407 9 3 4 5 6 7 10 11 12 13
91 192 309 7 1 3 6 9 10 11 13
18 182 333 4 3 5 6 7
39 92 362 9 2 3 4 5 6 9 11 12 13
62 85 318 7 1 3 4 6 7 10 11
69 105 435 10 1 2 3 4 5 6 7 8 9 11
67 179 455 8 1 2 4 5 6 8 9 10
32 61 363 6 1 4 7 10 12 13
29 93 379 7 1 3 5 6 8 11 12
118 169 338 6 2 3 7 8 10 12
126 188 371 6 4 6 7 10 11 13
95 132 475 7 1 2 4 6 11 12 13
58 104 483 7 1 2 4 6 8 10 13
109 170 482 6 3 4 7 9 11 12
115 157 357 5 2 4 6 12 13
175 190 489 6 1 5 6 9 11 13
85 89 492 1 13
51 180 323 8 2 3 5 8 9 10 11 13
53 140 398 9 1 3 4 6 7 8 9 11 13
175 187 326 10 2 3 4 6 7 8 9 10 11 12
114 161 397 7 3 5 6 7 10 11 12
35 140 316 9 1 2 3 5 6 8 10 12 13
169 181 326 5 1 7 10 11 12
81 109 335 6 2 3 4 7 9 12
181 186 457 8 1 2 4 5 6 7 9 11
61 79 449 7 1 2 3 6 7 9 13
83 94 367 6 3 4 5 8 10 13
24 194 329 8 1 2 3 4 7 10 12 13
45 139 460 7 1 2 4 6 8 12 13
29 147 449 4 1 6 11 12
63 181 461 6 3 6 7 8 10 12
84 140 319 8 1 2 3 7 8 10 11 12
64 155 458 10 2 3 4 5 6 8 9 10 11 13
110 171 446 7 1 3 4 6 10 11 12
74 195 334 11 1 2 3 4 5 6 7 8 9 10 13
36 53 476 8 3 4 5 7 8 9 11 12
113 126 333 8 1 6 8 9 10 11 12 13
34 50 441 8 1 3 4 6 7 8 11 12
34 168 491 3 3 9 12
170 180 412 6 1 5 9 10 11 12
50 200 480 4 5 8 11 13
84 169 362 7 1 2 3 6 7 11 13
42 99 340 6 3 7 9 11 12 13
62 189 415 9 2 3 4 6 7 10 11 12 13
47 138 496 4 1 6 11 13
45 182 397 7 1 3 4 7 8 10 11
94 177 356 11 1 2 5 6 7 8 9 10 11 12 13
13 164 440 9 1 2 4 5 7 9 10 11 13
151 188 421 7 1 2 4 6 7 12 13
118 188 454 8 1 3 4 6 8 9 10 12
46 187 418 7 1 3 4 6 7 11 12
170 182 470 5 1 2 4 5 8
21 53 422 8 1 2 3 6 8 9 10 13
45 48 444 5 4 7 9 10 11
96 188 458 5 2 7 11 12 13
14 164 379 3 11 12 13
14 155 393 7 1 4 6 7 8 9 11
93 170 325 5 1 2 4 5 11
122 167 360 9 2 4 6 7 8 9 10 12 13
140 186 305 6 3 5 6 7 8 9
44 171 474 5 2 3 4 5 11
57 66 321 10 1 3 4 5 6 8 10 11 12 13
22 118 324 6 1 6 7 9 10 13
72 189 384 5 1 10 11 12 13
70 99 468 5 2 4 7 10 12
140 146 358 6 1 3 5 7 8 11
39 109 312 7 1 2 3 7 10 12 13
46 167 301 4 2 5 9 13
34 156 300 9 2 3 4 5 6 8 9 10 12
112 122 303 8 5 6 7 8 9 10 12 13
2 129 366 11 2 3 4 6 7 8 9 10 11 12 13
70 177 432 4 2 5 6 8
12 116 317 12 1 3 4 5 6 7 8 9 10 11 12 13
31 61 406 6 3 5 7 8 11 13
132 158 499 5 1 2 3 4 10
121 147 313 3 2 3 10
17 102 455 6 1 2 5 7 8 11
116 189 356 7 3 6 7 8 11 12 13
14 29 405 7 1 2 5 6 10 12 13
2 11 328 4 4 5 7 11
75 87 310 8 1 5 6 8 9 10 11 13
67 140 323 7 1 2 3 4 6 7 11
2 93 499 9 1 3 5 6 7 9 10 11 13
167 179 385 8 1 2 5 7 9 11 12 13
51 118 467 6 1 2 5 6 7 13
39 115 409 3 8 10 13
75 104 464 10 1 2 3 6 7 9 10 11 12 13
80 114 312 9 1 2 3 5 6 8 10 11 12
64 137 434 6 1 2 5 7 8 10
110 118 325 5 1 3 5 9 13
39 132 317 6 1 3 4 8 9 10
59 167 360 8 2 3 4 5 6 7 12 13
64 161 498 5 1 3 6 7 13
148 163 493 11 1 2 3 4 5 7 8 9 10 11 13
24 164 396 9 1 2 3 4 5 6 8 9 11
4 191 418 6 3 4 5 6 8 13
7 70 352 3 1 8 13
145 168 408 7 3 5 6 8 11 12 13
121 197 372 9 1 2 3 6 7 8 11 12 13
164 200 304 7 1 2 3 5 8 10 13
12 64 411 8 4 5 6 7 8 9 11 12
34 174 438 7 3 5 6 10 11 12 13
89 104 388 8 1 2 5 6 7 8 9 11
178 179 380 5 8 9 11 12 13
82 156 496 7 1 2 3 5 7 8 10
63 143 387 7 2 5 6 9 10 11 13
22 57 393 8 1 2 7 8 10 11 12 13
45 70 451 8 1 4 5 7 9 10 11 12
56 95 443 7 1 3 4 7 9 10 11
4 49 498 10 1 2 3 4 6 7 8 9 10 12
66 163 432 9 1 2 4 5 6 9 10 12 13
126 189 406 7 1 2 5 6 7 8 10
104 147 473 7 4 5 7 9 10 11 12
22 158 383 5 3 5 8 12 13
107 133 491 7 1 2 3 4 5 6 11
93 139 392 6 2 4 8 9 10 13
37 44 492 8 1 2 5 6 8 9 11 13
77 126 407 5 1 4 10 12 13
85 87 404 7 1 2 5 6 8 11 12
68 165 426 4 5 6 10 12
27 86 432 4 1 2 3 13
55 130 373 8 1 3 4 5 9 10 11 12
124 193 438 5 2 4 5 10 12
10 26 431 7 2 3 4 6 7 10 12
169 176 366 9 1 5 6 8 9 10 11 12 13
73 149 334 7 3 4 7 8 9 10 11
49 117 349 8 1 3 4 5 6 8 9 12
9 171 370 8 1 2 6 7 8 9 10 11
49 106 442 6 2 4 5 8 9 12
58 80 373 8 2 4 5 6 8 9 10 11
21 133 326 8 1 3 4 7 10 11 12 13
64 162 305 6 1 2 4 9 10 11
115 136 311 6 2 3 5 7 11 12
117 177 414 9 1 2 3 4 5 7 8 10 13
95 152 385 6 1 4 6 9 12 13
111 128 459 7 4 5 7 8 9 10 13
78 110 454 8 1 2 3 5 6 7 8 10
134 141 430 9 1 2 4 6 8 9 10 11 12
58 112 363 7 1 2 6 8 9 12 13
81 87 397 7 1 2 3 7 8 9 11
47 89 380 7 1 2 6 7 8 12 13
124 152 495 6 2 3 4 5 9 13
64 82 455 8 2 3 4 6 7 11 12 13
104 167 353 8 1 2 5 7 9 10 11 12
180 186 378 5 1 2 8 9 11
1 62 398 7 1 2 7 8 9 10 11
19 101 445 5 1 4 8 9 12
14 57 370 6 3 5 6 7 10 12
81 89 306 7 1 3 4 5 8 10 12
75 157 301 6 4 7 9 10 11 12
99 129 448 5 3 4 5 11 13
12 194 438 4 1 3 9 11
115 123 374 8 1 2 3 4 6 7 9 13
43 190 338 7 1 3 4 6 7 11 12
74 184 321 5 1 3 4 8 10
117 193 392 8 3 4 5 7 8 9 10 11
19 29 372 7 1 3 6 7 10 11 12
70 142 323 3 6 7 9
59 138 463 7 3 5 6 7 8 12 13
58 134 466 7 1 2 4 5 8 11 12
46 184 396 9 1 3 5 7 8 9 10 12 13
32 135 489 8 1 2 3 5 7 8 9 12
58 174 471 5 1 2 4 6 13
11 85 360 6 3 4 5 6 7 10
7 27 356 5 5 7 10 11 12
143 178 308 4 3 6 8 10
109 185 319 2 5 11
95 154 310 7 2 3 4 5 7 8 13
24 31 438 6 1 2 6 8 9 11
107 125 334 4 3 6 11 12
186 192 359 6 3 6 7 9 11 12
56 71 470 6 2 3 4 5 12 13
93 145 329 7 1 4 8 9 10 11 12
57 120 315 8 1 2 4 6 7 8 9 12
1 123 475 6 3 4 6 7 9 10
31 92 359 10 1 3 4 5 6 7 8 9 10 13
15 16 413 8 1 3 4 6 7 9 10 12
77 143 420 6 1 2 3 5 9 13
137 191 429 7 2 5 6 7 9 10 12
134 194 371 8 1 2 4 5 7 9 10 12
16 76 373 4 1 5 6 12
15 181 329 10 1 2 3 4 5 6 7 10 12 13
51 103 310 8 1 2 4 7 8 9 12 13
68 96 447 7 1 2 3 6 7 8 12
138 171 367 10 3 4 5 6 7 8 9 10 11 12
37 164 483 5 1 2 4 7 8
161 169 339 10 1 2 4 5 7 8 9 10 11 13
175 176 391 4 2 7 9 12
105 152 306 6 1 3 4 8 9 10
169 180 454 7 2 3 4 9 10 11 12
170 175 357 11 1 2 3 4 5 6 8 9 11 12 13
31 126 403 9 1 2 4 7 8 9 10 12 13
120 128 396 4 8 10 11 12
187 195 480 5 4 5 7 8 10
15 86 415 4 1 7 10 12
26 165 452 6 3 5 6 9 12 13
46 197 488 6 5 6 7 10 11 13
9 187 434 7 1 3 5 8 10 11 13
74 193 462 6 1 2 8 9 11 12
75 110 378 6 1 2 4 9 10 12
60 97 421 6 1 3 6 7 11 13
122 184 321 6 2 6 8 9 10 11
73 160 300 6 4 7 9 11 12 13
52 169 450 6 2 4 8 10 11 12
64 167 336 8 3 6 7 8 10 11 12 13
20 186 475 6 1 2 3 5 6 7
66 155 462 9 1 2 3 6 7 8 9 10 11
181 199 402 5 2 4 5 10 11
26 193 347 5 4 5 8 11 13
111 125 391 4 1 6 11 13
70 166 473 7 1 3 5 7 9 10 12
23 105 420 7 1 2 3 5 6 7 9
36 49 373 7 1 2 3 5 7 8 12
148 150 435 11 1 3 4 5 6 7 8 9 10 11 12
22 155 319 3 5 11 13
48 57 440 5 3 4 6 8 9
87 127 419 6 1 2 3 4 6 7
68 89 311 4 3 6 7 10
43 69 332 5 1 6 7 11 12
35 117 377 3 2 5 11
12 21 465 7 1 2 3 8 9 10 11
127 186 341 9 2 3 6 7 9 10 11 12 13
79 87 432 4 4 11 12 13
99 194 361 6 1 4 7 8 11 12
7 181 322 4 5 6 11 12
30 186 347 6 2 3 6 7 9 13
70 180 313 6 1 2 3 6 7 9
75 169 462 5 4 7 11 12 13
48 53 434 8 2 3 7 8 10 11 12 13
72 95 427 5 2 6 9 12 13
83 183 493 9 2 3 4 5 7 9 10 11 13
123 184 355 5 2 6 9 10 12
24 104 449 3 4 5 11
56 114 493 4 2 8 11 13
187 199 457 9 2 3 4 7 8 9 10 12 13
173 184 437 6 6 7 8 9 10 11
89 100 421 6 1 2 6 7 8 13
112 142 419 8 3 4 8 9 10 11 12 13
7 28 491 8 1 3 4 6 9 10 12 13
70 85 468 4 3 5 10 12
8 74 463 5 3 4 7 10 13
107 111 465 8 2 3 5 6 7 8 9 10
115 197 389 4 4 6 8 9
125 196 336 3 4 10 12
79 175 352 6 1 2 3 4 8 9
47 52 360 7 1 3 4 5 10 11 13
9 46 428 7 4 5 6 8 11 12 13
87 119 423 6 4 5 7 8 12 13
180 199 371 7 1 2 4 6 8 9 10
61 128 412 6 2 3 5 9 10 13
69 135 301 5 5 6 7 10 11
157 167 337 9 1 3 4 5 6 7 8 9 13
4 147 406 7 3 4 5 7 9 10 11
163 191 385 8 3 4 5 6 8 11 12 13
29 52 350 4 2 6 7 11
91 113 428 6 1 3 5 8 11 12
68 195 385 8 1 2 3 4 7 9 10 11
20 158 364 7 1 3 6 7 9 10 11
141 181 342 8 3 5 6 7 9 10 12 13
4 200 319 7 1 3 6 7 10 12 13
18 149 491 5 2 4 6 7 9
37 43 487 6 1 6 7 8 12 13
142 175 326 6 2 4 7 8 9 12
57 108 392 8 1 4 5 6 7 8 10 12
20 172 481 7 4 5 7 8 9 11 13
26 157 435 5 1 5 9 10 11
48 112 330 6 1 4 7 8 9 12
9 163 354 7 1 2 3 6 10 11 12
11 36 355 6 2 3 4 7 9 12
16 183 321 5 1 2 6 8 10
115 142 322 5 1 2 6 7 8
137 164 470 4 5 10 12 13
61 171 438 3 9 11 12
16 72 363 8 3 4 5 6 7 9 10 12
13 63 306 6 1 2 8 9 10 13
8 69 443 5 3 9 11 12 13
5 56 424 7 1 5 6 7 8 11 12
86 165 386 7 1 2 7 9 10 11 13
12 161 366 6 2 3 5 8 10 13
32 175 495 7 2 4 6 7 9 12 13
65 136 451 6 1 5 7 8 11 13
4 189 319 6 7 8 9 10 12 13
130 174 484 7 1 4 5 6 9 12 13
50 125 357 9 2 4 5 6 8 9 10 11 13
96 126 357 3 1 2 13
14 88 335 7 1 2 3 4 10 11 12
50 64 437 5 3 5 6 9 12
97 168 442 7 1 8 9 10 11 12 13
98 135 351 5 1 6 8 10 11
32 115 479 7 3 4 7 8 9 11 13
100 159 461 6 1 3 5 10 11 13
25 174 342 3 5 12 13
125 189 467 5 2 3 5 6 12
98 123 439 6 1 3 8 10 12 13
100 102 387 9 1 3 5 6 7 9 11 12 13
60 96 400 7 3 6 7 8 10 12 13
17 196 374 9 1 4 7 8 9 10 11 12 13
96 162 369 7 2 4 5 6 8 9 11
34 127 454 5 1 4 6 7 13
23 68 429 6 2 5 6 7 8 9
142 191 390 6 5 6 8 9 11 13
104 122 428 7 2 3 4 7 8 11 12
81 167 351 8 1 2 5 7 8 9 11 13
7 117 481 8 1 3 4 7 8 9 10 11
67 75 492 5 3 4 5 9 10
8 113 309 6 3 5 9 10 11 13
149 165 376 8 3 4 5 6 7 8 9 11
51 178 368 8 1 3 5 7 8 9 10 12
156 158 396 4 1 3 4 11
91 156 394 7 1 2 5 7 9 11 13
23 144 363 5 4 5 9 10 12
94 158 499 6 1 6 8 9 10 11
66 166 366 4 5 8 11 12
46 166 300 5 2 4 6 7 9
128 179 356 7 1 2 4 6 7 8 9
27 70 423 7 4 6 7 8 9 10 12
25 50 335 7 1 3 6 7 9 10 12
