1000
0
1
718708379
0
-1
-1
463874425
738819566
0
326270509
832927685
-1
-1
0
-1
50716641
-1
476776986
-1
858977302
-1
176230785
-1
-1
-1
0
-1
78069466
707820050
551456976
-1
800587979
-1
-1
-1
0
-1
793921701
0
-1
0
-1
791086477
826605762
101550410
0
0
242441947
73366986
-1
719883002
0
133550842
0
-1
0
0
0
560949832
-1
-1
-1
0
-1
-1
72019067
997744533
0
-1
767928061
0
989199811
663092777
217618529
0
-1
-1
56715251
-1
-1
68695399
-1
-1
0
42298523
0
-1
0
616698564
-1
0
-1
352719047
-1
0
-1
249554666
395075143
836204083
9156528
-1
-1
0
-1
-1
-1
-1
-1
-1
803649214
0
0
0
-1
0
0
-1
-1
-1
932308278
-1
-1
0
53914753
-1
221738428
-1
-1
-1
-1
-1
732767302
7830536
-1
0
0
-1
7011268
0
-1
773081523
-1
-1
604834122
-1
-1
921736285
0
854518566
565703141
763018989
650147052
-1
-1
0
0
0
975242024
719953878
0
0
0
-1
-1
-1
578315732
-1
656516167
-1
65139532
0
0
394116788
486195670
-1
671987296
-1
-1
0
-1
-1
-1
-1
516201840
0
-1
0
45571947
-1
-1
-1
-1
141713353
-1
662206863
0
0
876554431
-1
745087458
669531602
0
0
94921427
-1
790297008
989574883
-1
515309649
82227916
-1
0
-1
-1
359278576
-1
-1
0
-1
-1
-1
957719011
150018369
0
0
0
0
-1
0
-1
-1
-1
0
348784318
722095660
-1
-1
-1
0
607322255
-1
0
9266117
-1
-1
0
-1
378913036
0
-1
671640670
53384234
198617366
416520186
-1
-1
0
-1
0
-1
-1
0
332570675
-1
-1
-1
0
-1
390506647
980868852
970584981
0
-1
0
580132657
8434541
-1
-1
0
-1
86098717
0
65835757
388258041
-1
-1
451574221
0
0
451094354
0
0
725964280
-1
-1
393484696
0
705168781
30440951
0
-1
-1
-1
890706569
-1
0
0
0
-1
818183854
0
-1
-1
-1
111051057
-1
675144521
-1
-1
574613885
-1
0
-1
-1
0
928434434
639364526
-1
-1
-1
913886964
0
-1
-1
0
-1
755752525
-1
948099625
-1
0
417431069
-1
-1
0
230615195
-1
634565119
917695092
0
0
918720174
-1
-1
-1
-1
806458876
0
407918979
743552268
0
432126818
0
-1
-1
-1
0
0
-1
163970338
-1
-1
0
2273419
-1
278627187
811677719
-1
-1
210889286
887989142
0
483727916
0
254972346
-1
-1
0
-1
0
-1
0
-1
-1
855721654
734295462
-1
734754842
996135446
-1
0
0
0
732874644
-1
597763747
878162389
502033834
0
551952181
-1
114199768
-1
871456853
936310862
-1
-1
-1
-1
-1
0
-1
568194404
295710005
-1
-1
-1
0
144171123
122504328
0
-1
-1
0
-1
-1
240290584
0
-1
-1
327842606
0
-1
-1
-1
947418945
464532656
-1
-1
151161769
-1
-1
0
811069006
-1
747009041
455979121
241665829
279964756
-1
674511706
-1
-1
-1
0
320225945
0
0
0
0
868387712
-1
-1
-1
-1
0
0
-1
651850020
247707651
-1
0
698681441
-1
-1
-1
-1
-1
-1
-1
0
-1
-1
34810231
0
-1
0
704907183
-1
-1
0
0
0
-1
485246907
0
520680372
-1
-1
597222545
-1
-1
0
-1
-1
624637797
35449406
638296961
0
-1
-1
847308100
0
-1
0
-1
895326689
-1
-1
-1
952504706
79439365
950013038
-1
505963080
398028345
-1
208565655
463024943
-1
489613698
0
-1
-1
0
0
0
-1
-1
-1
547106772
0
0
396990175
-1
-1
97980841
-1
0
-1
396770498
493295235
-1
-1
0
13202139
0
-1
919898460
0
-1
468369297
-1
985694349
0
0
-1
-1
0
-1
-1
-1
0
0
0
-1
-1
-1
206250054
0
961893407
-1
102130194
-1
-1
0
-1
0
-1
0
-1
-1
-1
640201878
-1
0
-1
0
-1
57142127
139689335
0
-1
-1
0
-1
328766394
-1
107942879
-1
0
0
-1
0
-1
-1
309085015
0
0
-1
-1
-1
-1
-1
0
-1
-1
0
781539125
-1
924327820
-1
370834340
-1
0
142626542
-1
452093180
643738990
326779240
153712119
0
424679315
918444686
-1
-1
-1
-1
-1
0
-1
0
0
637959346
632802268
-1
81713732
-1
-1
-1
-1
-1
0
0
929437992
-1
-1
831518113
905687265
-1
-1
969327058
-1
-1
0
-1
530230080
-1
0
127442461
205704462
-1
-1
0
-1
-1
854139483
0
0
-1
-1
396545855
969908385
0
59514823
-1
116583001
0
494479345
-1
0
0
-1
941226314
0
-1
0
0
-1
-1
-1
366332555
-1
-1
-1
704839740
357954314
634228426
0
-1
195065924
-1
0
-1
0
138311287
-1
-1
0
-1
665020934
-1
663149595
137874153
0
-1
0
0
-1
218065337
0
-1
-1
-1
863369441
-1
0
0
0
-1
-1
0
0
0
0
-1
-1
-1
591354465
88801868
717697800
0
-1
539682317
29565805
-1
-1
258280424
353312664
-1
-1
817072150
0
-1
-1
-1
-1
-1
-1
-1
-1
0
812462756
-1
-1
-1
0
0
830581560
-1
0
0
701141694
-1
0
-1
-1
0
285465364
261035464
-1
0
0
885963515
0
0
727691679
928294847
0
561119068
225637622
994233560
652298292
972392767
-1
0
-1
0
0
-1
-1
671382
91682350
0
0
-1
617991530
898496845
-1
0
-1
970920764
0
0
866079072
-1
-1
483862353
-1
0
-1
924519317
-1
-1
0
0
-1
594808219
912816998
230120160
-1
0
-1
-1
0
-1
-1
-1
-1
620733947
150153564
502291799
0
-1
-1
-1
-1
-1
-1
-1
-1
0
-1
0
0
-1
-1
0
0
-1
-1
270607694
-1
-1
78570861
-1
-1
-1
-1
-1
42006731
-1
-1
0
0
9274808
-1
0
459119307
-1
0
569686264
-1
-1
767647776
915879105
0
-1
48201252
0
0
0
-1
898139325
-1
463494561
-1
822446650
-1
350407169
-1
-1
12980083
0
423098093
-1
-1
578764054
425076570
-1
-1
-1
0
-1
-1
0
0
932547551
-1
-1
-1
-1
0
368756567
-1
-1
0
-1
631623122
-1
-1
-1
0
9703033
-1
-1
-1
-1
0
0
-1
0
71279862
-1
-1
695881215
244668267
-1
0
520634696
-1
334825483
478222685
0
97683999
166640597
-1
109382380
771345766
0
0
-1
-1
-1
745096927
0
-1
554441736
-1
709180105
