1000
50716609
0
0
0
0
0
0
0
0
0
70373119
678092558
728739696
579850729
688236643
172701898
810243100
141434581
3887940
287536433
27877627
928853745
19230348
791672927
243604367
161103795
482271034
533188303
84601048
797262657
546938310
719009798
429643859
531010887
827632174
857170985
66222110
830580032
850867883
708745301
217468448
217851267
610455067
715082190
790242869
70074137
901400292
174304046
771934874
110901206
318509603
967650686
618727224
606345115
279455777
661149855
504783663
290374017
483749820
150666333
367406422
94443318
563984073
677261480
316997043
118632200
972068522
638912110
284841469
977098170
380522001
492453005
679955984
885692022
402498191
904772061
116049059
506057401
56046154
639462578
240555754
609046184
88804666
23890981
622272784
80672420
662572383
181105443
891270331
977022384
975744066
847941802
808442811
375669404
82308720
214297509
261414556
71658710
526677767
469038457
651770255
710002532
683474524
361066195
694879689
40173083
240750912
248774252
751689749
733305896
961104795
109703471
854800193
220839189
907708938
26083920
736374921
651462048
936978219
390381589
646587030
407530880
968863003
367865328
351392156
257226083
704514588
155144487
940899537
346763364
583522538
689157153
483378828
113104314
126576006
57721050
1848384
439813593
509435223
690090387
8656205
902107070
294518315
91932762
93558986
123244593
874514572
600332303
279887609
387673589
294438525
606711425
860799026
985808129
642161941
736071940
330240029
575307236
786508675
435269440
138029978
322008780
535242557
891576051
556172474
275728026
833460807
549467301
240439721
257513640
805950707
246108501
784954081
786017447
768325244
453802247
917429298
156978466
679941197
530309249
236837118
226637388
225335451
448793374
111813748
183689548
840984880
964254045
955355503
529534842
368519194
144123917
558149549
331504611
463053643
348334231
800714842
491175974
576856850
128442974
253226405
197142138
433314536
575917473
517948430
58442244
553858137
739364008
73221190
530474595
721615800
759711829
465739143
925143329
121013383
61734500
729852602
802077007
695690864
370927568
966429869
611253201
832277037
478578864
763566601
228782245
679034545
476873139
851547495
597952887
73828203
146981557
517445747
919804130
501456651
446797053
466425958
478340323
597925357
357514020
519972472
642282883
280468497
338649911
563032768
747841141
340344960
54274379
522866786
-1
-1
-1
-1
-1
-1
-1
-1
-1
-1
-1
-1
-1
-1
-1
-1
-1
-1
-1
-1
-1
-1
-1
-1
-1
-1
-1
-1
-1
-1
-1
-1
-1
-1
-1
-1
-1
-1
-1
-1
-1
-1
-1
-1
-1
-1
-1
-1
-1
-1
-1
-1
-1
-1
-1
-1
-1
-1
-1
-1
-1
-1
-1
-1
-1
-1
-1
-1
-1
-1
-1
-1
-1
-1
-1
-1
-1
-1
-1
-1
-1
-1
-1
-1
-1
-1
-1
-1
-1
-1
-1
-1
-1
-1
-1
-1
-1
-1
-1
-1
-1
-1
-1
-1
-1
-1
-1
-1
-1
-1
-1
-1
-1
-1
-1
-1
-1
-1
-1
-1
-1
-1
-1
-1
-1
-1
-1
-1
-1
-1
-1
-1
-1
-1
-1
-1
-1
-1
-1
-1
-1
-1
-1
-1
-1
-1
-1
-1
-1
-1
-1
-1
-1
-1
-1
-1
-1
-1
-1
-1
-1
-1
-1
-1
-1
-1
-1
-1
-1
-1
-1
-1
-1
-1
-1
-1
-1
-1
-1
-1
-1
-1
-1
-1
-1
-1
-1
-1
-1
-1
-1
-1
-1
-1
-1
-1
-1
-1
-1
-1
-1
-1
-1
-1
-1
-1
-1
-1
-1
-1
-1
-1
-1
-1
-1
-1
-1
-1
-1
-1
-1
-1
-1
-1
-1
-1
-1
-1
-1
-1
-1
-1
-1
-1
-1
-1
-1
-1
-1
-1
-1
-1
-1
-1
-1
-1
-1
-1
-1
-1
-1
-1
-1
-1
-1
-1
-1
-1
-1
-1
-1
-1
-1
-1
-1
-1
-1
-1
-1
-1
-1
-1
-1
-1
-1
-1
-1
-1
-1
-1
-1
-1
-1
-1
-1
-1
-1
-1
-1
-1
-1
-1
-1
-1
-1
-1
-1
-1
-1
-1
-1
-1
-1
-1
-1
-1
-1
-1
-1
-1
-1
-1
-1
-1
-1
-1
-1
-1
-1
-1
-1
-1
-1
-1
-1
-1
-1
-1
-1
-1
-1
-1
-1
-1
-1
-1
-1
-1
-1
-1
-1
-1
-1
-1
-1
-1
-1
-1
-1
-1
-1
-1
-1
-1
-1
-1
-1
-1
-1
-1
-1
-1
-1
-1
-1
-1
-1
-1
-1
-1
-1
-1
-1
-1
-1
-1
-1
-1
-1
-1
-1
-1
-1
-1
-1
-1
-1
-1
-1
-1
-1
-1
-1
-1
-1
-1
-1
-1
-1
-1
-1
-1
-1
-1
-1
-1
-1
-1
-1
-1
-1
-1
-1
-1
-1
-1
-1
-1
-1
-1
-1
-1
-1
-1
-1
-1
-1
-1
-1
-1
-1
-1
-1
-1
-1
-1
-1
-1
-1
-1
-1
-1
-1
-1
-1
-1
-1
-1
-1
-1
-1
-1
-1
-1
-1
-1
-1
-1
-1
-1
-1
-1
-1
-1
-1
-1
-1
-1
-1
-1
-1
-1
-1
-1
-1
-1
-1
-1
-1
-1
-1
-1
-1
-1
-1
-1
-1
-1
-1
-1
-1
-1
-1
-1
-1
-1
-1
-1
-1
-1
-1
-1
-1
-1
-1
-1
-1
-1
-1
-1
-1
-1
-1
-1
-1
-1
-1
-1
-1
-1
-1
-1
-1
-1
-1
-1
-1
-1
-1
-1
-1
-1
-1
-1
-1
-1
-1
-1
-1
-1
-1
-1
-1
-1
-1
-1
-1
-1
-1
-1
-1
-1
-1
-1
-1
-1
-1
-1
-1
-1
-1
-1
-1
-1
-1
-1
-1
-1
-1
-1
-1
-1
-1
-1
-1
-1
-1
-1
-1
-1
-1
-1
-1
-1
-1
-1
-1
-1
-1
-1
-1
-1
-1
-1
-1
-1
-1
-1
-1
-1
-1
-1
-1
-1
-1
-1
-1
-1
-1
-1
-1
-1
-1
-1
-1
-1
-1
-1
-1
-1
-1
-1
-1
-1
-1
-1
-1
-1
-1
-1
-1
-1
-1
-1
-1
-1
-1
-1
-1
-1
-1
-1
-1
-1
-1
-1
-1
-1
-1
-1
-1
-1
-1
-1
-1
-1
-1
-1
-1
-1
-1
-1
-1
-1
-1
-1
-1
-1
-1
-1
-1
-1
-1
-1
-1
-1
-1
-1
-1
-1
-1
-1
-1
-1
-1
-1
-1
-1
-1
-1
-1
-1
-1
-1
-1
-1
-1
-1
-1
-1
-1
-1
-1
-1
-1
-1
-1
-1
-1
-1
-1
-1
-1
-1
-1
-1
-1
-1
-1
-1
-1
-1
-1
-1
-1
-1
-1
-1
-1
-1
-1
-1
-1
-1
-1
-1
-1
-1
-1
-1
-1
-1
-1
-1
-1
-1
-1
-1
-1
-1
-1
