98 73
388 2701 2396 -1868 -3804 -214 -1683 1598 -1292 -3789 1431 -1421 -1825 3502 -2838 2908 -2998 2541 -2510 594 -471 865 2006 3843 -353 402 -125 -2587 -408 2048 1776 -2485 -2907 3896 -2507 -1047 2613 -547 -1430 88 -1178 500 783 -464 3079 479 958 2099 -3753 3517 1656 623 -53 -3357 -481 -1754 -586 517 -3132 -2852 1904 1359 1932 2036 2254 3538 -1783 -321 1301 2633 2840 -362 803 -1837 1336 797 -1253 -42 -1274 -1830 2391 -750 1991 1134 -2892 -2152 -782 559 1280 -307 -3802 1640 2027 2363 287 -2480 -1095 -3390
59 65
42 66
14 38
66 90
30 85
71 96
38 60
66 83
82 82
1 82
58 63
41 91
18 47
72 77
33 82
68 91
3 20
67 85
29 83
3 39
68 74
50 51
75 87
22 74
67 82
32 70
18 70
84 85
47 83
62 67
78 83
95 96
5 56
12 52
13 53
7 41
55 77
5 20
76 94
57 64
7 75
14 94
67 71
86 92
46 47
22 78
61 92
95 97
91 93
8 8
1 79
82 82
42 70
21 87
78 80
41 60
65 91
10 85
96 98
82 94
38 86
85 97
81 96
62 95
79 95
17 70
97 98
41 58
57 63
40 50
23 26
65 77
70 81
