90 181
1111111211121121212212122221112212122122121122212212211222200111220210111101110101100112221111221211212222121222121102211001121112120011111212112211121121222222222111111212221111101
1220012211111122112110120201111022212112221112211111111000100111000010111121122121220110101112111011111010101110112101111001102111112211111211111011101111122212202111111110221121102
1211111111212202111212120022121222212112111201111111122222122111220210111121122121120110101211112011111212121222122101211222221112112221111212112212121121200021121111111212201111101
1211111211110000112212122211112211110210112101110010011111000122112122222211122121212101111111001111020101111001210101111002222122122222222121221021221212200021102111111112221111101
1112112011111101111011110001101111110110111111112210211111000111110110111111101121212122112112222211212121111001122101111002222111112211111211111011101111122212202111111110101211122
1222211211111201111112111100111011110110121110011111122222122111220210111121122121222122122112221211212222121222110101211002221122120011111211111011122111100011121211222221001211101
1222211211212202121110100001121222112112211222210010011111000111110110111101110101120122121121221111010101111001110121111222221100100021122121211021221212100021102111111222201112101
1011111111121111012110100002111022212112111221111111122111121112112122222111101111212122121211112011111212121222121101011222211122222221111112112212121121222222202111111011011111101
1022211211211101101110100001111022211111010122211112111222200111220210111111101121112101111111221211212222121222121101111001102122120021122121211021211210200021101111111021021111101
1111111111112002121110100002111011212112211210011111111000100111000010111121121111110101111111111211212222121222212221222002211111112221111211111212121121100011101111212222221221121
1222212221111111110110110101111011110110111022211111111000100111000010111122122121210101111111221211222222121222112101211001102111112212211111121011101111000021101121212222021111102
1011111111111111011110100001101111110110111101111111111000100111000010111100110101110101111111001111010101111001110101111000001111100011111111111011110111111110001111010001001111101
1111111211110000112222122222121221121101112122210010011111000111110110111101110101120121211121112011111212121222121102211001122112120011122122212221211222122212202111111222201111101
1222212221121222110222112102111011112122112211111222211111200211110110111121122112210122221211110011111112121222121101011222211122222211111110110110111101111110000111111110101111102
1211111121112000111110120002121201110110111111111121111111102212112122222121222221212101111111112011111212121222121121111002011100100011111111111011110111200021121011101112201111101
1211111121101000110021111122112211111121111022211111122222122111220210111122122121212101112112221211212222121222110101211001102111120011111111111011122111000001101121121211001111101
1111111121121000112222122202121211221121211122212212211222200111220210111121122121220110101111222211212121111001122101111002222122120021122221211021221212100011101111111001001111101
1112112011111101112221111100111011112122121110012212211222100111220210111122122121110101111111221211212222121222112101211001122111111122211111121212121121200021102111111110121121102
1211111101212202121110100001121201112222110121112212211000100111000010111111101111010110101211111011111010102110111101111110021122122211111111111011122111200021101121121221001111101
1211111211121202112211112200121201110110111101110010011111000100111101000011101111010110101011110011111111111001101101011110011100200011111110110112111101111110000111111110101111101
1111111011111121212211112202101101122122111121112212211222200122222222222211101111010110101211112011111212122222121101211110011100200011111112112212112121222222202121121112201111101
1111111101221202122222122202111021122122111201110210211111000111110110111121122121220110101211222211212121111001122101111002211122122221122122212222211222122212202111111222201111101
1111111211110000111110100001121210212112211122211121122222122111220210111111101111012122122112111011111010101110112101211002221122120021122121211021212212200021121211121221001211121
1122211121221202122222122202111011112122111201110210211222200111220210111111101121112101111121221211212222121222121101111222021122120021122221211021221212200021121111111021001111102
1222211121212202121110100001121201111121210101112210211111000111110110111121122101122122121111001111010101111001122101111002011122220011111111111011122111122212201111212001001111101
1211111211112222112212122221122121112222110112211212211222200111220210111101110121220110101211222211212121111001101101211222121111112211111111111011121112200021101111111212221211121
1222211121121002112222111100111011122121212101110210211112200111220210111221122121220110101211222211212121111001122102211002211120100021122122212221211222122212202111111222201111101
1111111101110000111110120201121221112122111010011111111222102112222222222111101111012122121211222211212121121222122101111222021100100021122121211021212212100011121211121221001111101
1111111211111202111112122200111021110110112222212212211222200211220210111121122121220110101211221211212221111001122101111022222122112212211111121011121112000001101211121112201111101
1211111211111101121110100001111010211121111222211111122222122111220210111122122121212101112112221211222222121222110101211001102111111110011111121211121111200021101111111212221111101
1111111101122000112222122202121221111101110111111212222111222111110110111121122112222122122112221211212222121222122101211001221100122221122122212222211222122212202111111201001111102
1222221211212202122222122202111021121121212122210010011111000111110110111101110101220112221111111011111010101110111102211001121122222211111112112212112101111110002111111222201111101
1111111111111201111110122202111012211121111110012222211222200111220210111121122121220110101111111011111010101110112101211002221111110011111211111011101111200021101111212021021211121
1022211211212121122222120201111021111121212121111212211222200111220210111121122112210101211111112011111212121222121121211221101111112211111111111011101111200011101121212222201112201
1211111121112202121110100001121222211121112101111111122222122111220210111111101111012101112112111011111010101110112101011001101111112212211111111211121111200021101111111212221111102
1211111211112222212222122200111021122122111121112212211111202112112122222121122121222121211111221211212222121222121101211002211111112221111211111011101111200021101111212021021211121
1222212211112222112110120201121222110110121122212212211222200122222222222221122121220110101211222211212121111001101101211222011100022211111211111011122121222222221111111021001111101
1211111211111111212212112122121021211121111122212212211222200111220210111101110101100110101111001111010101111001101101111001221122120021122121211021212212200021121211121112021121101
2122211211112202122222122202111012221121211101112212222111222111110110111121122121222121212112111011111010101110112102011001121112120011111112112211121121222222202111111212221111101
1211111111121002112212111122112211211111111222212212222111222111110110111121122121222122122112221211212222121222110101211002221122120021122121211021221212200021101111111021021111101
1211111211111121211112122202121211110110121122212112111220100111000010111222122121210122121111222211212121121222122101111221222122122212211111121011122111200021122211121110101211122
1111111011112222212212120221101221221121111122212212211222200111220210111121122121120122121111221211212222121222121101211222011100100021122121211021212212200021101121212001021111102
1111111111111111111110100002211211110110111121111121111222100211220210111111101121212122121211112011212121111001122101211221121120122221111211111011122111222222202121212221021121101
1222221211212202122222122202111021121121212122210010011111000111110110111101110101220112221111111011111010101110111102211001121122222211111112112212112101111110001121121221001111101
1211111121121002122222122202111012122122111110011111111000100111000010111101110101100110101111001111010101111001101101111002221111110011111211111011122111200021121211222221001211121
1222221211212202121110100001121201122122111210011111111000100111000010111122122121110101111111221211222222121222112101211222222122122212211111121011122111000001101121212222221111101
1011112211121222112212111122112221112222111201111111100111112111110110111121121111012122122212112011111212121222122101211001121111111111111112112212121121122212202111111110101111101
1211111121121222112222111102111012211121111022211121122111121112112122222111101111012122122112221211212222121222110101211001221100100011111111111011122111200021121221222221001112101
1111111221211101121112122202111001110210110101110010011111200111110110111111101111212101111111221211212222121222212221222001121122122221111211111011101111100011101111111222201111101
1111111011112202112211111122122121110210112101111111100111111111110110111111101111212101112112111211212222121222210221222001221122220011111112112212121121200021101111111212221111101
1211111211112000112212122221122111212212212110011111111000100111000010111121122121220110101111222211212121111002121101211001122122120011111211111011122111200021101121121111001211121
1222211211211101121110200001111012121101111222212212211222200111220210111102110101120121211111221211222222121222112102211001122112122212211112122211121121222222202111111110101111101
1211111211111221212212112202121221212112111222210010011111000111110110111121122121222122121111001111010101111001210221122002221100100021122221211021221212100011101111111001001111101
1022211111212202101110100001111010011111212221111212222111222111110110111121122112110122221211110011111111111001101121211111121112111121111112112212121121122212202111111110101111101
1111111211111101111110100001111010121101111122212222211222200111220210111121122121220112221121112011111212121222121101111002222111112221112221211021121112122212202111212222201211121
1111111211122222212212122221122121122122121110012212211222200111220210111121122121210122121221110011111111111001101101211222222100022211111112112212112101111110002111111222221111101
1220212211211101122222122202111021111101111210012222211111102112112122222111101111210122121111221211212222121222112101211001121122122221111111111011101111200021101121212222201112101
1112112211112121122212120001121222221121211121112212211222200122222222222211101112012210121111001111010101111001212101211022211212111122212121211021122112200021101121212221001111101
1211111211112222212212120001101121122122111121111111122222122111220210111111101111012122122112111011111010102110112101211222221122122211111111111011122111200021101121121112201111101
1022211111211101101110100001121222112112211210012212211222200111220210111121122121110101111121111111010101111001210211122221101122122211111111111011101111122222200111111110101112102
1000012111211201101110100001111021111121212101111110111111000111110110111111101101111101111111222211212121121222122101111002221122122211111111111011110111000001101101010001021221121
1212112011111101122222122202111012211121211112212222211111102112112122222111101112212222111111221211212222121222212221222002211100200011111112112212112121222222202121212222221221121
1022212111112002101110100001111012211121111222211111122222122111220210111111101111110122121011110012111111111001101101211221122110112221111112112212112121222222202121121112201111101
1222211111211121121110100002111021110110111201112212211222200111220210111111101121211101111111222211212121111001222221122001122111111122211111121011101111000001101111111212221111101
1111111221112202111112122202101101112122112101110010011222200122222222222211122121110101111121001111020101111001122101111001202111111112211111121011101111200021101111111112201111102
1211111011112202112212112111122211211111111101112212222111222111110110111121122112212101212112111011111010101110110101211001101122120011111111111011110111200021111011101111001211121
1000021211212202121110100001121122112122112121112112111111000122112122222211101111010110101211112011111212122222121101211110011100120011111111111011112112000001101121121212201111101
1022221111211122212222122202121211122122111121111111111222102112222222222122122121212101111111221211212222121222112101211002221111122221111111111011122111222222201111212221001111101
1111111211112202122212122202111012211121211210012212211222200111220210111122122121212122121111221211212121121222112101111001100111111110011111121011122111200021102111111110221121102
1111111221211101121110100001111022112122111022212112111222200111220210111122122121210122121211222211222121111001122101111001122111111112211112122212121121222222202111111110101111101
1112112011111101111212112221122111112112111121112110111111000111110110111111101101111101111111222211212121111001122101111002221111112211111212112212121121122212201121222221001211121
1111111121112002111110122202121221211121112120012212211222200111220210111101110101100110101111221211212222121222122101211001221122220011111211111011101111200021101111212021021211121
1211111121112222211110100001101121112122112101110210211220100111000010111211101111210122121221221211212222121222121101111222021122122221111111111011122111200021101121111112201111101
1211111211111000111110120002121201212112111112212212211111102112112122222111101111110101111121111211212222121222112121211222211122122221122121211021221212122212201111212222201111101
1122211111212202121110100021121221112122112122210210211111000111110110111121122101112101111121110011111111111001101101111001102122222211111110110110111101111110002121111222221111101
1220212211211101122222122202111021111121212122212210211111200111110110111111101121112101111111221211212222121222112101211002211111112221111211111011101111100011101111111222201111101
1211111221121202122222122202111012211121212112212010011111200111110110111121122112110101211111112011111212121222121121211002211120200011111110110112111101111110022211121112201211121
1211111211110222112222120221121221111101110122212212211222200111220210111121122121210101111121112011111212121222121101211001102122220011111112112212121121200011101121212001001112201
1222211111212202121110100021121222211121212110012212211222200111220210111102110101110101111121222211212121111001122101111001100122222212211112122212121121200021101111111222201111101
1211112121112002112212111102111211212212111210012212211111202112112122222121122121222122121111112011111212101110122101211221221122120011111111111011122111200021121211121211021111101
1111111211111121111110100001211212121121211222210010011111000111110110111121122121220112221111111011111010102110111102211222211120100011111112112211112121222222202121121112201111101
1222212211112222112110120221121201112122122110011111111222100111220210111121122122200112221112111011111010101110112102211001122112120011111212112211121121122212202111111110221121101
1111111211110000112212122211122121112222110110012212211222200111220210111101110101120122121121112011111212121222121121111002222120200011111112112211111122222222202111111210101111102
1011111111111202111110122202111012212112211201112212222111222111110110111121122121212101112112221111010101111001110011100002211122220011111112112212121121222222202111111212221111101
1220210221112222112212120001121221122122111101111111122222122111220210111111101121211101112112112011111212121222122101211001101111112212211211111211121111100011101111212021021211121
1211111211122000110021112200111021122122111101110010011111000122112122221121122121220112221111111011111010102110111102211222211100200011111112112212112121222222202121121112221111101
1011111111111121221110100001101112110110111122212112111220100111000010111211101111210122121111112211212121121222222221122221221122122211111111111011122111122212222211121110101211122
1222211121212202121110100001121221121101112122212212211000100111000010111111101111110101111121221111010101111001222221122001201111112211111111111011101111100011101111111222201111101
1222221211211101121110100001111022122122111121112212211111202112112122222121122121222121211111112011111212121222121122211002211112122211111112112211112121122212222211121110121111102
1211111121121202122222122001121222121101112110012212222111222111110110111121122121212101111111111011111010101110111101111222011100200021122121211021221212100011101111111222201111101
