200 20
2636 1947
5699 1870
8778 2770
1795 6660
7798 3374
2401 3513
2669 4585
7724 5839
7174 3857
8159 6564
8549 7814
2439 1126
9826 5716
6434 6455
5913 2754
4409 5374
2163 9930
1344 6894
9909 8986
715 6746
7272 2170
2339 9689
1865 2272
1624 263
481 4848
201 3981
2216 5144
5875 1329
9653 8571
4375 8096
5834 3067
6655 9932
7870 8540
7153 7601
6538 9383
4004 4060
5752 2509
899 8110
5080 2429
7921 2541
2341 904
7036 3675
1224 5906
1716 5131
9003 1899
2078 1810
7153 5263
6084 5691
1268 6971
351 4974
2831 2417
6184 8769
7534 766
6523 5486
6978 4793
61 519
2489 5471
8207 6904
3389 4845
4995 5629
4012 7181
1151 964
6264 1750
272 9187
3087 1229
2801 8845
3022 816
28 9665
7826 4596
9520 3540
2287 3372
2516 48
7109 2654
667 3772
9359 9905
9000 5614
2798 4858
611 3934
6229 8135
5053 45
3270 2443
6544 9590
9710 3275
4875 5236
2124 616
2077 7301
8567 8142
5247 3901
7137 604
6007 7694
5382 534
3578 2038
4394 6648
6882 2409
4642 8763
48 5888
5441 6860
8260 5362
2790 2763
2779 3667
4068 9490
2088 7883
8979 3351
9238 9016
7189 6435
3228 7094
539 452
4066 6013
5352 7695
1027 1388
4694 9482
3140 5733
7976 1386
3732 3161
7760 8216
7892 7301
9282 2537
6553 1405
6745 9214
2032 3720
1097 8537
5969 2012
6740 3810
9591 6652
3136 2729
8751 9183
2409 412
3231 8291
163 9739
4457 529
5715 74
4319 947
5375 663
2649 8371
6226 1917
9429 7110
4677 1496
5279 1961
1499 4569
7538 8922
4427 7132
3165 1882
2179 2105
3017 6434
8810 3528
1034 20
7815 1977
2724 8035
3633 962
6656 5990
3543 218
5487 4136
4657 3942
6846 3604
2390 9889
1850 3023
655 3105
4790 1654
8460 4920
3451 8266
1638 2249
7008 5801
820 140
7562 7231
4562 9043
565 5853
8718 5006
819 9449
2517 699
997 5845
2591 1202
9192 548
4166 3504
6017 1210
3004 9651
6509 7748
8349 9446
2258 9817
4322 1212
3242 1359
7880 3938
2705 7328
9073 2512
8764 158
6185 7873
1004 3669
876 372
5556 16
2054 3537
9415 9343
1467 4128
7958 1303
5096 7622
6841 7322
745 577
9035 7401
2525 2567
4347 328
7527 2170
9216 2001
