9095.142857 563.428571
5698.777778 545.888889
9329.333333 6623.416667
487.714286 8438.285714
7437.357143 9436.214286
5278.900000 6316.700000
1581.636364 2394.090909
321.333333 6200.222222
5064.071429 9021.000000
912.000000 1363.916667
3975.307692 7451.000000
8489.625000 1692.875000
2451.272727 7247.727273
3525.700000 2512.750000
6417.818182 5296.909091
4450.555556 683.666667
9582.125000 1300.500000
783.555556 4909.888889
3800.750000 5586.812500
5292.944444 1519.833333
2609.428571 3567.714286
6867.916667 2526.916667
7696.000000 7733.266667
7155.400000 1415.300000
2758.083333 996.166667
7302.750000 3602.375000
7837.000000 707.166667
1082.400000 7738.200000
1538.888889 4073.333333
1626.000000 9523.800000
5528.692308 4222.461538
7827.600000 5816.666667
373.500000 9189.500000
2931.818182 4597.545455
9493.888889 2420.555556
8249.714286 4064.571429
270.888889 579.333333
3856.333333 4093.000000
9707.714286 4149.714286
9273.818182 8811.909091
4924.090909 3228.545455
1970.428571 5232.285714
607.888889 2905.333333
940.333333 361.500000
8367.230769 2738.307692
1259.800000 7094.900000
7282.600000 154.400000
2741.500000 9437.600000
2141.500000 8593.800000
6135.769231 7302.230769
