500 50
2425 7346
3681 4916
2872 6645
7523 1636
3091 4852
8450 7306
3776 6304
4599 6596
7718 3971
930 4931
5185 1205
9773 2415
538 9440
8426 1948
7062 2642
5614 9276
4750 2132
5858 2054
607 2297
6776 1189
5314 25
1771 4948
8415 6223
3130 4616
9245 735
4582 1582
7037 2075
1290 3111
6601 9608
6155 5424
1494 4061
8703 3063
4497 444
3475 2060
1562 7284
599 372
2458 8390
5501 9716
5546 5350
7811 3308
7383 9477
717 449
2625 9517
5302 1839
8163 4476
8328 2703
1416 3412
7562 8070
7771 7698
1241 7918
7743 3150
1483 4377
6065 2434
6528 7442
4795 4703
2713 4807
74 9021
9982 3940
1219 6673
3962 4177
2225 7395
5850 8192
5634 5232
2310 7663
7123 1662
4047 5925
152 8478
5706 859
9664 839
843 2807
4153 6801
5702 3713
4480 3310
5969 5008
9388 6496
2142 4325
540 1303
2568 1307
5789 25
5788 4908
4320 2455
1418 2920
6460 5054
5036 1634
464 1867
1847 5499
8907 8435
8431 1555
6976 6946
9679 4380
2068 674
1273 4482
6842 7022
6971 7544
3585 2567
2932 7029
348 855
293 4591
3330 8932
7802 2678
423 599
3115 4052
2715 9598
8046 4019
3154 1343
8448 1633
1491 1326
3812 2704
3012 497
2187 2944
9095 3601
1397 3712
2638 9988
2246 8866
6868 9369
7820 7968
5183 1075
2864 4780
9296 1786
5483 6492
2285 8574
5323 9653
3794 3149
3239 2279
1219 7255
5983 6858
5221 8145
2631 3271
7838 9799
3493 2522
2169 5429
5465 7334
9598 1383
8413 7306
7970 5231
5469 4051
1163 295
5225 3570
6871 1272
1289 7887
9006 6250
6304 9182
4932 4413
1875 2017
1811 9192
4892 5646
5465 3839
9370 307
7742 7498
2795 4567
889 7204
8221 3170
4723 3282
482 128
6988 2325
722 6673
4204 480
5733 3125
9565 4894
7089 4887
9639 8350
240 6103
8588 3905
9190 8876
134 3286
8146 7274
3037 5411
7747 16
2653 4966
5293 3845
8775 4444
859 2709
5559 9139
8727 2438
518 3579
5560 6512
81 883
2443 7836
666 2593
2838 9195
9278 2193
6777 4987
2230 9058
9078 454
8321 2364
4034 5323
1394 7271
972 1457
3798 5465
2685 6953
2025 7662
2833 1220
9417 2749
1813 9797
3659 3912
4785 8807
4125 5556
2873 2274
4652 1626
5502 4507
2615 7613
8490 2937
5140 6412
5196 847
8865 3355
1344 4279
1149 8605
5475 7499
2072 2261
8838 2554
3432 7838
7760 3257
77 7062
793 5320
1016 5330
9636 1895
4567 7967
9549 1144
7604 6213
388 2966
7152 1824
4152 8103
6090 6610
8311 766
7220 8387
3109 4452
4839 8618
5515 6712
7285 8289
6770 2548
3168 5588
1280 962
5194 5802
1042 2175
1980 5288
1659 2367
1499 2242
9660 9889
9575 611
9957 6132
486 4142
4394 7146
9409 6470
57 5804
4045 3163
7211 1230
3021 2086
5097 3589
262 8616
8674 1574
9827 990
682 4993
3962 1095
9364 7181
2702 3816
52 5637
3942 8736
7102 68
431 344
7187 1325
8941 734
397 6415
5320 8786
5704 1975
916 6255
5556 966
7233 3870
7384 3716
1349 9992
1098 5300
3862 2635
6492 5482
7181 8191
3049 8731
5095 3465
3728 8228
1470 2400
2016 9230
3175 2846
7045 6320
1357 6456
2209 9749
8654 1522
5486 3872
4148 5661
5635 1181
2583 4979
966 1562
5169 9188
8690 1958
7891 2257
7529 9464
342 217
5163 1347
6996 163
5783 985
1159 2075
8256 3406
4146 272
6964 4958
6527 7182
1162 1233
8457 263
6186 6701
396 7991
7890 9117
6137 184
4693 1074
718 8595
7574 2215
2789 3672
678 7257
7420 5552
1802 5190
3829 5185
4817 629
175 1522
4965 711
1141 9408
3119 652
9028 5984
6384 2889
2755 3909
7885 9864
5278 8756
4394 5665
2164 6743
7675 584
915 7215
1751 4439
3423 7293
3070 9773
7690 771
4508 951
4193 6534
6526 2862
9219 2438
2853 3729
6264 4370
2489 8500
7615 886
2639 2233
6792 2550
4814 8879
7171 2511
5486 1032
5945 1900
9538 7135
3658 6599
1896 8297
166 2800
9423 1403
8336 1747
2312 941
5247 1237
3216 2110
7767 6447
2268 6840
1177 4702
5622 4213
9862 4778
2264 5393
8313 5813
294 8226
1877 8567
9409 2406
8284 2568
8617 5116
4659 7885
8258 1606
1122 151
266 5516
7760 328
9578 9413
958 1079
7420 8354
7411 1398
3212 4027
1976 9042
9665 1646
5365 1354
5662 1781
9532 7236
9172 5928
3987 5485
4987 3347
904 1024
7632 4936
1601 7000
6577 5960
6305 8297
5783 4462
7458 8716
9635 1213
3983 5865
5772 3996
816 7530
7752 7166
8796 8637
9945 3767
5802 5995
8042 2636
7209 9735
7562 9050
6977 1593
4376 3033
2985 4475
80 930
6859 4355
7476 7311
9748 6531
3295 6035
6912 6477
9110 8154
8262 2875
8048 9953
8799 7054
6535 3721
9949 9206
6096 696
8026 6049
4263 497
5134 6471
5166 7541
3382 2133
88 458
1985 8328
6865 2683
8780 8237
577 4880
5712 326
4384 2735
890 7584
5292 1395
7404 19
7528 9644
3635 2969
9399 8759
4184 7107
5226 1008
2315 9912
8231 7637
9004 8975
443 8557
3532 5200
3168 792
1764 7334
5346 2824
3667 2695
5470 6529
7918 5335
7181 2589
6372 7305
3120 1540
7168 6248
7164 506
2626 8981
9000 840
4719 3234
3476 2432
1960 4879
9772 2651
7097 3442
3885 2325
9011 7084
1176 7772
8204 5978
6933 5924
8020 9129
633 335
3948 4190
4443 9371
2499 212
7971 908
337 1831
1973 8316
9607 2673
685 9456
3526 8003
3978 5805
1408 567
3920 2618
2268 2579
1384 2968
2349 3633
7323 1024
2757 1036
1552 2331
9334 2365
9826 3688
8202 4231
197 8841
163 800
3610 7359
165 6337
5089 9224
8403 5312
1550 3573
2487 1740
1695 1201
