5597.600000 3453.200000
534.100000 3833.500000
3123.000000 4637.700000
667.230769 655.692308
1572.200000 6656.200000
9625.714286 878.285714
8415.000000 606.533333
7846.769231 6635.000000
2876.583333 9513.583333
2814.900000 5743.200000
3223.833333 8334.500000
1714.250000 9193.166667
7337.000000 521.400000
4644.000000 4023.666667
5161.714286 2328.857143
8307.250000 4694.000000
2119.625000 8153.125000
5396.000000 820.416667
6535.375000 3661.625000
4417.625000 5129.625000
9396.071429 6100.642857
9074.428571 9415.642857
9398.000000 3298.600000
6789.923077 5583.461538
5171.000000 7273.750000
5617.500000 5996.666667
4762.785714 9417.642857
2020.000000 480.846154
2094.090909 3167.545455
3693.222222 444.666667
6247.000000 7398.545455
7545.250000 1534.833333
1998.833333 3912.833333
9665.000000 2388.857143
727.666667 9452.000000
2114.666667 5045.444444
634.818182 5113.272727
4283.545455 1321.636364
4107.200000 2449.500000
2832.000000 1107.142857
6817.416667 9576.083333
1184.000000 3040.750000
9617.111111 4368.111111
1278.538462 1854.538462
3082.000000 3293.500000
7168.500000 2755.000000
4921.000000 8149.600000
9045.571429 8151.785714
345.625000 8074.875000
490.444444 6459.222222
3935.533333 5790.533333
8547.000000 3290.125000
2755.300000 6996.400000
3805.750000 7229.500000
5634.100000 4734.700000
204.571429 2251.285714
8685.000000 2090.100000
6475.818182 1767.363636
7285.785714 8547.285714
2677.916667 1989.166667
