600 60
4038 1128
3214 6191
6356 7324
5698 4883
6979 6552
6650 1108
722 4170
669 9104
372 4898
891 4753
8957 2500
3241 8238
2916 1374
7627 1989
1302 6027
7282 7799
5288 4279
200 2805
8639 7860
6186 5610
1267 9004
5174 1176
369 8584
6932 5592
2352 192
6746 3340
2982 6516
2714 8200
924 6698
7583 4224
9519 2281
1352 6867
1977 870
356 2841
799 1725
7807 8328
1708 1074
9532 4141
751 1448
1859 7258
208 7026
8332 907
9848 8216
1581 8621
1009 3277
4257 2720
2476 3310
2602 9436
3666 9341
3160 4355
7933 5663
3610 1014
9800 9234
1268 1866
4 2707
8274 9980
28 864
7452 5779
2763 633
634 8709
2045 9292
2362 3229
9411 8962
6288 3467
203 2180
7197 3180
4128 8993
3203 1339
3485 2308
3799 6760
4632 8274
5560 3800
4348 5057
5008 4062
3303 2768
2760 9065
6582 9746
6785 4813
4094 9516
8688 3846
9581 2530
6762 3995
7375 1469
7217 1135
2693 7008
7949 9006
6739 8331
6894 8454
4921 2543
7616 707
341 658
800 5520
3622 294
7055 1546
1428 9526
8805 2391
1774 1424
2488 6488
2964 4345
9004 1931
1031 5165
4717 2100
8493 4566
8171 604
9945 4144
8229 1210
1115 6314
2458 5298
9684 6175
107 6347
3612 5046
7733 614
8744 9478
5182 9195
7318 5918
1246 2182
6858 8196
4208 5618
2126 4637
1848 3844
4070 5805
5511 6076
2930 3247
2621 5320
6663 7750
7518 2681
8448 8101
2057 4185
593 5196
3061 5661
4157 4916
4876 7272
6680 5406
9469 6913
3775 7702
1404 5926
6694 3054
7229 192
8690 936
2737 9432
3977 6035
2736 7323
9335 2218
6616 8474
7715 6666
8980 8277
33 1571
1857 6746
4520 3984
2653 9416
1334 8890
8576 7064
3667 2074
5792 686
1364 3134
5279 5645
7489 8862
2152 4825
9737 9663
2811 3009
4180 2631
436 9980
7098 386
5170 2610
850 709
6087 4335
6605 369
1660 1636
4516 1403
9319 3535
9518 2329
3743 7196
9511 4719
6799 5820
5950 1434
7529 9780
7742 4189
2333 1481
336 1835
8826 8267
5358 7476
6740 1727
3146 4739
8903 946
752 4695
9499 2490
7322 6977
2648 5951
4339 1677
9580 4250
2638 5573
4219 9405
3672 7554
4214 2340
331 7892
5087 9578
8644 4068
6219 3887
8423 1640
3417 3224
5873 7959
963 1847
1775 9805
307 3469
9949 8465
808 1837
4529 550
4584 4963
8154 1295
3032 7125
499 6502
10 6569
1596 5390
9078 7495
9963 6679
8268 9168
4286 7859
2984 4751
7172 2279
4983 1007
9069 3395
8202 6381
9184 6342
8585 1999
2124 9099
3146 2021
4320 9881
3442 6191
3246 5930
3434 8704
5357 9737
309 8097
2383 7874
5010 2121
8947 9061
2573 1211
5340 2667
4123 3457
9761 4428
2742 1912
4662 5312
789 2683
874 6212
719 7860
7379 8064
5889 5281
567 3895
2959 1796
1308 2142
2824 5421
2595 7392
3389 4731
9920 2065
1106 257
2253 562
9062 1334
7904 1092
9600 9152
4842 7953
8203 9617
4225 2055
9379 2770
1616 3734
2352 8975
7581 9917
5154 4964
6444 2176
9838 8071
2114 8028
8025 677
2717 926
577 3825
9362 8257
628 9242
8198 3526
6043 4733
3233 2217
9783 2795
128 881
1184 5277
5242 7272
5370 6068
4422 2588
2584 197
5979 2118
2229 8534
5575 5977
9649 4338
4068 5437
9560 8547
4056 92
5418 5105
300 1820
2086 4757
7791 1855
7640 499
7548 935
4245 136
521 9310
7781 7008
2017 2709
4640 4347
8085 443
1356 3056
7966 7456
6726 8739
5590 9083
8526 627
536 953
4216 1367
4661 1287
9232 9675
8665 8290
4430 9109
9869 1756
3674 8557
5486 4370
1890 3020
7565 6716
9034 8788
1752 3188
5395 7568
6042 7899
5823 7053
8271 2056
8740 5882
858 5938
8959 924
282 8000
8747 8245
9354 5311
8466 133
7016 2948
2482 1698
4169 2531
8116 2804
9803 2159
2409 7796
9787 5443
1558 8135
7047 5456
7330 405
2102 2376
8078 5902
7767 2155
1892 3343
9768 9631
4146 2881
297 3253
9561 6372
9184 521
3985 6074
1245 6251
3088 8262
2960 9356
8235 3479
4090 9371
4604 4816
4178 5905
1636 2122
169 5193
5970 6283
9200 3108
2037 3177
4392 1371
3679 810
1193 359
1354 958
3352 5230
1855 8351
1139 3246
2149 695
4143 1599
9815 9539
8468 564
1242 9559
6822 9443
3261 6722
8568 101
641 4323
5884 9584
27 7628
8846 3219
423 6742
3682 5681
543 3526
6123 529
7853 6014
94 7829
4094 5543
1957 9131
1223 2349
5208 6817
5148 7627
9929 2012
7790 1017
5039 4217
3973 1683
1926 9013
2415 5180
7941 379
2856 4259
6384 5053
3690 901
2350 3333
4278 5411
8926 3116
9700 4325
7558 7114
3192 8046
9868 3439
2341 3186
4104 5025
2758 9446
281 855
2347 4952
9352 6150
8209 9871
7690 2170
6261 5443
2233 6807
778 3967
4789 8304
3049 3478
7015 5256
6360 2036
3335 487
1406 9383
1775 4111
8262 5166
6591 6127
6258 3360
2050 472
2354 224
1409 1503
3190 2192
3046 994
6944 2116
2260 3679
6973 7496
4245 5745
2725 9732
5348 763
5888 3391
3196 5930
5308 3634
9136 6487
8445 8478
2157 5946
1220 2960
8973 5877
8660 3396
77 4832
3536 6841
9650 2496
9896 996
823 3742
6070 4582
2057 7845
4948 386
5495 60
5057 8490
6260 6789
6996 1465
2240 4756
5375 7335
7414 2388
6807 9928
6759 4071
3187 7366
870 9517
4036 5520
3077 9527
3748 3347
1376 9579
8769 5240
5016 1195
1612 5614
1908 3393
5485 1482
9619 6974
5562 2076
2132 6868
3864 7891
6810 9584
3169 4532
9898 2700
2630 2311
1015 195
1591 562
2352 9783
8560 2522
9016 1919
6486 9735
86 4165
6819 6312
9758 560
1630 295
3056 3884
8783 4782
2095 131
3697 6953
6309 1510
7177 1230
6629 9036
4534 4075
6865 1007
9321 5423
2269 1634
7527 8892
8707 2935
6620 1739
5641 3057
3603 112
8480 6742
9843 559
4766 6823
6860 9328
2511 2451
5731 143
5591 3384
4921 7815
9627 2843
4307 2367
6000 5931
8294 1669
4676 7809
7073 9403
3932 9898
8911 192
9534 3016
5277 9344
2352 8662
6617 1358
976 5226
4604 5537
5557 1232
9738 716
8182 5317
7799 8707
2346 7217
4219 1659
1567 89
1385 3409
511 6099
4093 814
2944 3483
5412 2185
9899 1462
7105 8829
2544 5509
5597 9132
3399 156
3374 3333
138 5491
5100 1186
961 253
5376 9605
1950 888
8253 7556
7706 100
1395 7266
2736 3191
3297 9824
6137 7232
2636 3604
3655 6010
2606 1273
2437 3924
4864 8455
7007 3631
2538 1781
7951 455
2010 2955
7831 8981
2932 9805
2598 4389
9402 5381
4068 5924
5772 7167
1776 2028
3857 5324
5277 8178
9478 4767
5208 4815
646 492
2061 7039
235 1090
5866 8359
6244 3542
2980 2954
8935 2274
5945 7645
6873 7070
9398 4201
3468 6046
1210 2561
4360 6939
6746 9429
6621 2119
