88
40155 13900
40157 13901
40158 13906
40156 13907
40157 13907
40158 13905
40152 13898
40152 13900
40160 13900
40155 13899
40153 13898
40160 13907
40158 13907
40152 13899
40157 13900
40154 13906
40161 13900
40159 13899
40156 13902
40155 13905
40155 13903
40155 13906
40155 13902
40158 13899
40152 13902
40161 13902
40157 13903
40154 13900
40157 13899
40153 13901
40156 13899
40154 13905
40152 13906
40160 13905
40161 13906
40158 13904
40161 13907
40160 13903
40153 13899
40159 13902
40157 13906
40158 13898
40160 13899
40158 13901
40160 13906
40154 13907
40156 13903
40154 13898
40152 13905
40158 13903
40156 13906
40161 13903
40155 13907
40156 13900
40155 13898
40152 13901
40156 13901
40160 13904
40157 13898
40159 13903
40153 13906
40161 13901
40158 13902
40154 13899
40153 13904
40154 13902
40159 13906
40159 13898
40161 13905
40160 13898
40152 13903
40159 13907
40160 13901
40160 13902
40154 13903
40156 13898
40159 13901
40156 13904
40156 13905
40153 13903
40159 13900
40153 13907
40154 13901
40159 13904
40152 13904
40153 13902
40153 13900
40159 13905
