100
49650 46488
49652 46494
49648 46494
49646 46489
49645 46486
49643 46494
49643 46488
49649 46487
49648 46490
49645 46487
49644 46490
49646 46486
49650 46494
49643 46487
49645 46493
49650 46493
49644 46491
49649 46492
49646 46488
49646 46493
49652 46485
49651 46493
49644 46488
49647 46488
49644 46492
49643 46489
49648 46485
49649 46490
49651 46488
49651 46491
49647 46486
49651 46489
49648 46487
49645 46488
49652 46487
49648 46491
49651 46490
49648 46493
49649 46494
49645 46491
49648 46486
49644 46485
49643 46490
49643 46486
49649 46489
49643 46485
49647 46494
49649 46486
49644 46486
49646 46487
49646 46491
49649 46488
49644 46493
49650 46492
49644 46487
49645 46485
49643 46491
49652 46489
49651 46486
49645 46492
49649 46491
49647 46489
49646 46485
49650 46486
49648 46489
49651 46492
49652 46493
49646 46490
49644 46494
49647 46492
49652 46486
49645 46489
49651 46494
49648 46488
49647 46493
49643 46493
49651 46487
49647 46490
49645 46494
49650 46489
49644 46489
49650 46491
49650 46487
49651 46485
49647 46491
49646 46492
49652 46488
49643 46492
49652 46491
49648 46492
49649 46493
49647 46487
49650 46490
49645 46490
49646 46494
49652 46492
49650 46485
49652 46490
49649 46485
49647 46485
