100
39173 89318
39175 89311
39173 89312
39175 89320
39171 89315
39176 89312
39174 89319
39178 89318
39176 89316
39175 89312
39179 89311
39177 89314
39179 89319
39171 89319
39180 89313
39179 89313
39171 89316
39180 89314
39173 89314
39177 89316
39174 89315
39172 89315
39180 89311
39172 89316
39173 89316
39178 89311
39176 89319
39173 89311
39172 89319
39174 89318
39180 89312
39177 89318
39173 89317
39171 89320
39179 89315
39174 89312
39177 89312
39178 89317
39180 89315
39175 89314
39175 89313
39174 89316
39177 89319
39177 89315
39179 89317
39180 89319
39178 89320
39174 89320
39173 89319
39174 89313
39171 89311
39174 89311
39176 89314
39176 89317
39172 89312
39173 89313
39177 89313
39176 89315
39176 89318
39176 89311
39176 89320
39178 89313
39172 89314
39180 89316
39175 89317
39172 89317
39172 89318
39178 89315
39175 89315
39174 89317
39171 89312
39179 89318
39172 89313
39175 89316
39171 89318
39179 89312
39176 89313
39180 89318
39179 89316
39174 89314
39180 89317
39177 89311
39180 89320
39177 89320
39171 89317
39173 89320
39175 89319
39171 89314
39177 89317
39178 89314
39178 89316
39171 89313
39175 89318
39178 89319
39172 89320
39173 89315
39178 89312
39179 89314
39172 89311
39179 89320
