90
73459 3569
73461 3564
73461 3565
73465 3569
73460 3561
73468 3564
73462 3567
73462 3565
73460 3566
73464 3565
73459 3564
73459 3570
73466 3561
73461 3568
73468 3568
73466 3567
73460 3568
73465 3561
73459 3563
73460 3563
73461 3561
73467 3567
73460 3570
73468 3569
73462 3563
73460 3564
73464 3563
73461 3562
73467 3562
73467 3566
73461 3569
73464 3562
73465 3570
73462 3570
73465 3568
73468 3567
73465 3566
73460 3565
73464 3567
73462 3569
73466 3562
73461 3567
73463 3563
73463 3561
73464 3570
73468 3563
73461 3563
73464 3569
73467 3563
73463 3570
73460 3569
73462 3566
73461 3570
73465 3565
73463 3564
73462 3561
73468 3570
73467 3565
73466 3564
73467 3564
73463 3565
73459 3567
73462 3564
73465 3567
73462 3568
73466 3569
73468 3562
73459 3561
73467 3568
73466 3565
73466 3570
73468 3565
73463 3566
73466 3568
73460 3562
73462 3562
73461 3566
73465 3562
73463 3562
73463 3569
73459 3565
73460 3567
73464 3564
73466 3563
73464 3566
73467 3569
73465 3564
73466 3566
73468 3566
73464 3568
