64
20953 3011
20952 3007
20958 3005
20952 3012
20957 3003
20958 3006
20954 3008
20956 3007
20956 3004
20955 3005
20956 3012
20950 3010
20949 3011
20958 3011
20957 3006
20949 3006
20957 3004
20955 3007
20953 3010
20955 3006
20955 3011
20957 3009
20949 3010
20953 3009
20951 3011
20949 3007
20954 3003
20952 3003
20952 3011
20951 3006
20955 3003
20954 3009
20956 3010
20952 3010
20954 3007
20957 3012
20954 3011
20956 3005
20955 3004
20952 3009
20954 3006
20950 3005
20953 3006
20957 3011
20956 3009
20957 3008
20958 3007
20958 3009
20951 3003
20950 3007
20958 3010
20951 3008
20950 3012
20953 3008
20958 3012
20950 3006
20950 3003
20950 3008
20958 3008
20949 3005
20954 3010
20955 3012
20952 3005
20951 3012
