61
18648 29915
18651 29916
18652 29914
18652 29917
18651 29913
18644 29922
18643 29921
18650 29919
18645 29915
18647 29920
18647 29915
18645 29916
18647 29919
18647 29916
18650 29914
18650 29921
18643 29918
18646 29922
18649 29918
18646 29920
18652 29916
18650 29917
18647 29913
18651 29915
18646 29918
18643 29920
18652 29921
18644 29919
18643 29922
18649 29922
18649 29913
18645 29920
18648 29914
18647 29917
18651 29918
18651 29921
18650 29920
18649 29914
18649 29921
18650 29915
18648 29922
18647 29922
18648 29919
18646 29915
18648 29917
18646 29917
18649 29916
18648 29921
18650 29916
18647 29914
18648 29918
18643 29916
18650 29918
18649 29917
18652 29920
18643 29913
18652 29919
18644 29914
18651 29914
18645 29913
18645 29922
