100
2735 16691
2728 16689
2732 16689
2734 16695
2734 16693
2735 16692
2731 16688
2736 16689
2735 16690
2736 16695
2736 16693
2736 16692
2736 16690
2729 16690
2730 16690
2730 16693
2733 16689
2728 16696
2729 16695
2731 16689
2734 16692
2729 16694
2735 16689
2733 16688
2730 16696
2727 16691
2733 16694
2731 16697
2727 16688
2730 16689
2727 16694
2736 16697
2731 16693
2732 16692
2727 16692
2735 16694
2735 16693
2735 16695
2734 16697
2730 16691
2729 16691
2735 16696
2731 16692
2728 16697
2734 16690
2732 16697
2731 16695
2729 16697
2734 16694
2733 16691
2733 16692
2727 16696
2730 16692
2734 16689
2734 16696
2728 16691
2732 16690
2730 16694
2727 16697
2735 16688
2731 16691
2730 16688
2733 16697
2732 16695
2729 16688
2732 16694
2730 16695
2736 16696
2731 16694
2733 16690
2729 16693
2736 16688
2727 16689
2728 16690
2728 16693
2732 16688
2728 16692
2734 16691
2727 16695
2729 16689
2732 16691
2732 16693
2736 16691
2729 16692
2733 16695
2731 16690
2733 16696
2735 16697
2733 16693
2732 16696
2728 16694
2728 16695
2729 16696
2727 16693
2734 16688
2727 16690
2736 16694
2730 16697
2728 16688
2731 16696
