55
52934 44156
52935 44160
52932 44156
52939 44164
52937 44156
52933 44155
52933 44158
52931 44163
52938 44162
52938 44164
52934 44160
52940 44161
52933 44157
52935 44158
52935 44157
52939 44163
52939 44157
52937 44160
52936 44158
52931 44161
52933 44160
52935 44155
52939 44162
52939 44159
52931 44162
52933 44163
52935 44163
52935 44164
52936 44160
52937 44159
52932 44157
52933 44164
52936 44156
52931 44158
52940 44163
52933 44159
52940 44160
52935 44161
52934 44163
52938 44157
52935 44159
52939 44160
52936 44159
52938 44156
52932 44158
52936 44161
52932 44161
52931 44164
52932 44164
52932 44155
52940 44159
52939 44161
52938 44161
52933 44162
52937 44163
