82
428 43598
427 43599
429 43598
427 43604
424 43601
425 43602
425 43604
426 43602
430 43599
426 43606
427 43603
429 43600
427 43598
421 43600
429 43605
423 43600
424 43605
428 43597
427 43605
421 43598
421 43604
424 43597
426 43603
428 43602
425 43597
427 43601
422 43599
423 43597
421 43603
430 43603
423 43601
426 43604
426 43599
428 43603
427 43602
429 43601
427 43600
427 43597
421 43606
422 43606
421 43605
425 43605
426 43598
428 43605
427 43606
423 43598
429 43606
430 43605
423 43599
423 43605
428 43604
422 43597
426 43605
423 43606
424 43599
430 43600
424 43602
430 43597
422 43605
424 43603
421 43599
423 43602
424 43604
429 43597
429 43603
428 43599
425 43601
428 43600
426 43600
421 43601
429 43599
430 43604
430 43598
422 43600
428 43606
425 43599
425 43606
423 43603
425 43603
421 43597
429 43602
426 43601
