45 56 726
432 254 135 309 54 285 73 293 21 314 25 109 95 66 68 14 414 424 112 227 280 402 268 344 349 15 15 170 151 427 291 134 58 369 3 316 425 72 299 48 127 71 269 73 240 273 260 67 258 315 255 57 103 406 425 232 
347 185 151 113 89 279 180 139 29 199 316 277 154 26 171 335 177 130 348 50 80 154 434 272 400 205 283 96 319 177 420 62 230 419 381 435 254 254 410 103 388 175 12 252 38 0 194 14 327 264 135 203 170 59 115 12 
183 385 187 90 234 346 292 356 398 278 76 347 256 98 344 21 46 76 251 20 86 430 408 209 114 426 197 80 391 214 105 252 321 6 432 355 306 446 92 341 446 436 159 131 435 270 266 135 217 216 346 323 53 289 58 1 
117 311 68 174 331 276 411 381 277 16 27 146 216 188 395 331 144 311 40 264 131 87 267 18 386 402 236 27 257 125 80 103 148 78 137 111 295 431 114 171 409 287 229 317 225 200 275 211 354 324 277 394 284 403 230 312 
176 224 335 414 264 412 218 264 148 221 112 196 65 268 28 440 348 219 433 41 383 286 402 116 108 130 21 232 266 253 442 407 414 429 426 56 273 442 298 389 157 103 155 305 79 91 154 157 116 28 223 353 168 110 121 230 
205 258 255 443 50 339 55 95 373 7 169 142 200 94 264 50 103 315 257 61 194 10 410 424 209 99 28 180 110 126 108 13 8 54 377 151 2 80 177 165 283 98 71 214 94 217 373 78 300 109 418 157 420 415 322 429 
402 7 97 291 343 350 70 213 176 108 442 107 207 289 415 218 64 160 120 219 12 437 195 95 135 401 216 2 177 89 275 58 173 347 68 350 374 105 185 299 234 47 255 99 302 93 14 349 440 334 307 383 133 385 77 40 
72 353 291 334 70 3 111 381 44 165 188 244 141 45 31 297 170 375 141 316 204 71 182 79 419 420 111 382 69 400 71 120 315 283 0 144 363 48 435 420 333 103 192 87 345 364 111 249 211 425 181 270 137 448 441 46 
129 197 306 90 295 182 299 170 261 246 195 373 62 86 334 168 441 397 104 387 302 183 382 340 383 106 125 73 186 52 277 240 276 109 304 107 427 289 296 247 327 413 137 357 156 156 115 266 251 69 273 402 244 450 392 403 
138 92 73 139 97 354 288 398 251 15 321 241 350 222 388 334 413 56 188 187 178 129 311 221 85 75 285 227 435 64 363 289 108 30 124 219 341 196 188 261 289 383 355 196 224 425 15 395 221 131 202 76 356 383 262 259 
245 216 134 298 328 31 63 23 58 398 148 63 219 101 426 75 236 315 56 442 353 334 356 109 199 123 127 60 39 381 187 424 10 405 351 418 443 97 373 321 339 279 333 132 270 363 311 192 220 62 154 391 123 382 290 144 
405 362 230 12 140 347 401 382 257 253 331 167 90 336 197 188 66 64 347 330 337 136 248 241 241 31 111 57 124 348 61 17 249 80 450 89 238 234 432 366 121 208 26 118 68 210 411 85 337 39 293 176 403 202 315 179 
242 179 289 108 415 256 313 24 187 8 264 194 383 221 376 17 323 112 392 243 201 39 328 27 354 215 191 130 272 276 21 101 338 175 218 73 249 176 132 357 403 446 136 449 283 61 100 316 76 263 197 425 398 182 332 318 
324 102 7 246 82 43 329 188 313 105 117 127 444 40 62 140 396 417 19 271 210 162 402 41 402 300 161 72 96 368 374 288 335 398 295 93 308 175 374 21 310 231 291 382 7 114 94 365 348 93 50 167 17 101 303 129 
371 11 33 203 16 9 272 23 57 381 423 172 251 404 12 327 335 213 41 47 422 265 347 120 216 351 113 359 24 374 122 446 313 114 118 388 115 217 2 247 356 415 178 404 399 374 237 352 333 69 164 108 179 182 307 352 
269 396 67 54 145 370 124 128 344 143 26 190 385 403 356 414 23 103 252 48 283 88 380 200 170 448 182 385 41 299 269 35 214 104 382 191 276 318 179 387 188 217 185 432 263 378 179 89 263 110 83 238 160 243 77 163 
24 280 269 104 279 108 155 353 17 381 220 188 128 62 62 159 37 332 11 309 63 380 110 149 344 376 105 274 207 229 8 155 262 184 341 87 387 421 185 188 349 441 99 390 427 250 435 321 46 129 218 292 340 410 114 317 
123 358 329 245 105 60 54 119 177 277 394 21 315 72 251 401 429 408 88 352 406 408 64 316 336 132 321 315 409 345 53 291 331 53 139 106 355 322 278 120 51 369 32 362 330 253 159 352 354 265 347 1 445 332 127 342 
248 155 389 74 402 84 278 29 289 55 394 211 402 406 181 60 216 250 18 72 128 313 216 362 252 207 135 251 191 12 175 72 400 415 437 57 319 279 262 127 374 4 54 209 372 265 138 167 236 32 193 6 303 116 284 22 
97 143 91 2 376 37 93 16 130 229 142 436 74 409 130 111 340 109 231 306 359 372 83 380 264 104 226 123 106 57 22 86 402 258 286 364 251 276 155 227 91 428 261 381 127 108 154 69 305 412 350 143 21 317 262 242 
307 55 414 107 245 72 261 420 423 347 73 204 322 92 377 344 426 376 194 75 52 449 176 3 234 151 435 57 220 53 325 5 43 375 170 70 362 51 333 61 150 51 71 397 241 258 162 9 362 242 443 81 82 117 219 384 
204 222 258 221 21 18 54 86 425 330 157 25 20 390 81 348 251 44 36 238 59 179 128 57 289 344 203 324 345 316 277 288 46 117 34 434 61 47 94 360 152 167 278 61 422 172 49 161 345 371 311 22 329 312 95 299 
339 179 409 134 57 290 253 107 220 132 55 184 321 244 234 287 241 286 377 336 366 1 367 227 169 299 185 177 100 297 319 281 82 434 161 122 122 177 421 330 388 198 31 281 47 278 53 32 67 395 81 308 297 11 103 101 
264 46 73 394 189 216 356 8 184 318 129 361 41 87 103 324 359 387 440 144 31 356 238 109 192 15 32 304 207 176 392 182 210 373 334 85 118 176 299 165 129 415 134 67 38 272 321 436 366 396 345 262 382 129 448 22 
192 15 123 70 432 89 248 273 11 416 410 422 90 450 50 229 48 449 202 84 169 331 172 425 39 354 88 374 45 220 276 390 111 441 234 11 127 179 348 298 66 144 402 227 338 98 161 208 226 189 243 442 401 29 282 30 
164 271 177 192 94 145 450 104 50 84 85 79 52 272 217 418 178 116 117 417 2 346 438 426 315 444 260 360 104 212 88 435 121 157 170 229 255 358 43 380 209 148 238 12 414 87 39 203 387 226 102 253 198 159 226 128 
426 24 137 375 94 143 182 201 327 82 164 113 148 58 4 411 151 312 154 236 44 208 343 147 361 39 337 101 213 200 436 59 294 11 350 122 165 389 11 170 309 53 401 262 236 250 430 300 355 281 199 128 149 69 58 33 
428 263 306 94 349 302 177 215 236 220 220 390 436 255 84 82 407 15 187 447 279 94 282 89 376 366 298 98 135 22 412 241 43 4 398 213 51 313 132 275 196 137 80 36 421 338 250 315 311 284 155 257 399 196 364 281 
184 92 27 4 195 222 233 100 447 441 376 210 105 372 344 264 398 145 146 185 24 259 84 405 262 358 98 358 48 286 188 196 245 303 200 255 95 389 327 233 245 423 26 234 114 314 444 450 241 335 177 269 158 70 26 87 
256 77 362 344 386 308 312 160 310 319 237 131 223 439 221 41 156 183 266 378 218 268 305 447 143 280 351 430 136 179 53 445 159 254 348 5 71 312 56 145 30 137 299 410 183 425 345 232 393 16 109 54 193 180 394 382 
304 416 232 206 34 190 228 169 114 316 419 382 380 443 163 182 199 68 381 291 63 102 235 354 111 289 153 163 290 299 241 450 26 269 220 332 250 328 132 281 309 379 421 169 248 401 383 190 221 26 403 322 302 128 202 317 
364 343 38 423 3 369 415 151 87 259 254 126 399 331 393 307 308 429 367 442 432 277 225 1 290 124 104 153 31 305 236 303 194 394 219 127 58 121 51 342 81 257 352 155 28 8 283 167 219 64 368 50 112 429 225 214 
18 172 437 69 276 90 227 39 317 146 44 321 392 330 142 275 24 165 95 6 205 288 339 101 40 416 319 124 216 187 418 159 144 64 280 22 372 23 321 424 257 41 243 100 375 77 247 33 367 190 377 314 190 192 301 384 
364 85 17 67 177 384 406 379 12 365 317 212 46 176 61 280 4 29 61 96 112 308 297 70 157 337 372 189 281 16 191 273 138 48 186 41 378 127 227 345 328 150 420 124 243 168 81 162 303 376 29 376 253 401 33 276 
283 276 116 339 432 101 159 162 334 263 400 112 437 90 117 165 114 230 324 394 209 103 419 265 270 306 205 405 211 287 313 342 13 130 298 189 197 57 430 4 220 327 122 51 3 192 22 256 362 87 248 376 305 19 38 194 
237 162 166 47 153 347 235 438 24 358 376 432 147 406 392 155 82 80 373 20 261 349 12 443 9 431 427 88 31 238 177 164 366 254 422 218 280 291 9 286 394 446 31 114 389 330 318 418 413 236 351 294 113 256 127 431 
33 360 73 246 434 30 153 292 268 247 438 68 51 84 210 256 322 246 160 46 339 14 30 345 424 268 361 28 401 356 23 150 131 241 173 179 75 370 273 15 327 62 348 214 443 104 316 296 34 105 431 330 218 64 108 401 
136 450 157 198 18 230 237 421 49 14 389 309 423 74 99 216 44 226 188 35 161 95 221 319 414 448 323 59 27 35 19 354 210 376 364 247 163 335 344 353 245 394 387 194 197 388 208 122 108 242 90 428 346 284 131 81 
170 171 244 254 80 215 310 428 399 85 265 211 209 302 107 34 34 96 297 170 210 405 398 167 392 203 369 175 329 94 46 81 270 52 15 142 338 300 30 414 116 21 239 190 66 410 440 263 172 6 409 178 223 356 198 5 
446 322 117 66 256 79 385 372 329 315 187 300 20 268 350 48 341 238 312 80 54 289 399 78 125 289 201 380 77 434 84 297 387 59 367 94 71 318 143 21 323 399 234 386 179 170 111 437 56 373 414 183 284 393 242 259 
299 180 367 320 63 158 166 237 122 71 245 374 78 388 239 243 318 273 361 38 427 128 122 276 326 353 441 236 324 57 411 306 100 50 349 91 268 435 5 418 319 93 382 119 41 248 375 125 376 244 397 66 363 22 350 41 
105 422 227 143 17 220 204 345 256 319 322 239 99 274 367 218 79 405 248 22 443 57 47 247 123 264 362 253 11 181 19 230 405 23 203 7 61 122 99 186 200 9 283 416 15 251 444 433 23 218 181 274 77 125 37 364 
209 165 186 102 421 85 359 222 48 431 348 433 382 117 254 187 243 333 150 310 166 341 361 381 414 229 335 207 45 158 15 63 56 337 380 227 420 380 115 11 292 314 302 23 187 130 3 399 241 393 408 129 129 442 158 137 
243 236 31 265 141 346 183 24 259 370 346 191 106 261 231 182 242 222 394 138 128 303 412 89 230 262 251 82 434 172 192 351 304 117 194 362 243 259 326 345 167 117 104 20 299 349 449 334 60 347 349 374 335 14 97 319 
422 263 275 73 293 363 312 50 216 226 198 263 75 183 402 299 96 196 265 319 94 273 176 258 197 185 215 388 392 159 279 339 275 350 131 273 133 126 203 445 349 180 55 247 26 341 168 8 287 276 117 61 235 145 365 262 
300 177 333 20 373 168 212 245 155 214 284 124 20 233 94 55 130 67 277 135 17 330 409 364 230 288 213 238 353 109 177 353 64 372 377 280 108 143 108 241 411 17 401 196 248 277 320 159 316 383 290 282 364 30 86 432 
254 343 40 448 166 251 16 204 110 401 49 96 322 299 413 38 62 295 208 339 260 118 174 282 28 186 293 150 329 346 191 302 295 357 102 15 431 170 388 273 345 389 411 220 78 109 247 127 61 58 136 435 99 276 341 11 
217 429 18 39 187 253 372 367 166 273 133 23 400 71 78 267 409 324 146 413 365 301 385 370 407 365 225 416 227 326 423 144 273 277 412 384 52 6 398 195 220 110 413 354 359 88 392 445 352 154 115 247 134 133 259 389 
395 258 178 333 449 210 396 222 279 167 373 14 156 210 271 130 242 280 309 334 408 279 380 127 222 304 181 78 64 281 444 139 171 49 35 355 347 244 379 181 236 342 179 91 98 274 192 251 318 245 258 175 151 4 188 356 
306 50 122 413 421 294 229 320 7 145 147 415 74 353 18 258 243 269 248 61 215 53 30 85 102 388 170 439 260 330 267 116 109 98 427 326 262 99 252 145 56 223 320 144 368 160 261 406 410 201 311 124 310 274 19 227 
299 50 368 273 84 435 367 17 195 184 28 259 8 397 247 210 5 31 296 70 267 240 433 183 60 331 354 326 88 425 332 17 359 176 121 95 279 46 399 286 174 366 105 340 113 262 90 419 96 196 256 347 176 121 291 201 
209 331 438 282 286 276 247 174 224 375 448 295 399 442 368 199 426 7 308 438 200 187 301 420 247 348 95 120 18 155 394 414 86 49 155 417 52 243 91 136 365 158 288 289 127 323 2 96 327 145 136 31 431 117 298 294 
128 112 55 411 240 426 440 396 363 362 35 243 174 343 35 209 50 74 250 146 264 287 124 370 324 41 104 391 71 157 308 51 271 26 176 141 58 380 164 102 437 38 329 237 195 78 170 96 47 77 153 141 395 330 425 305 
273 0 351 223 41 221 398 119 2 424 350 98 121 36 246 268 313 383 153 302 378 146 220 51 226 17 447 337 391 48 285 199 291 116 291 354 179 57 205 316 315 18 186 26 117 274 214 216 278 11 86 388 125 21 214 357 
421 212 86 392 229 130 419 411 232 438 136 295 436 391 46 410 426 184 83 28 37 203 353 334 65 293 345 129 363 356 336 391 158 206 282 239 181 66 229 17 278 275 376 32 146 283 217 193 126 149 50 36 416 160 193 104 
277 343 181 93 151 201 140 291 177 161 139 131 394 140 404 54 0 329 255 12 212 375 426 164 220 102 162 4 176 262 265 251 255 301 73 167 331 449 395 317 327 430 21 383 211 278 279 223 406 80 314 142 329 385 224 290 
150 366 395 257 422 100 237 377 252 113 60 355 367 117 97 401 7 129 224 44 179 131 189 286 360 162 100 169 422 397 438 316 190 321 355 248 148 314 394 301 297 337 314 73 330 267 328 362 237 131 338 4 176 184 349 37 
20 227 179 304 238 449 24 432 324 201 154 156 153 210 199 325 367 89 370 431 267 41 331 254 70 188 234 169 265 283 6 351 435 239 181 331 11 190 36 47 158 185 333 42 264 46 329 406 4 66 13 150 120 25 367 347 
344 271 297 361 90 410 187 92 169 134 176 304 387 309 98 286 427 361 251 138 384 142 280 18 59 264 296 392 143 172 40 330 2 299 279 125 182 205 187 277 322 307 19 332 450 159 290 163 63 54 416 0 289 13 292 334 
272 135 444 279 52 192 168 420 155 216 234 336 431 313 396 201 353 14 393 79 103 66 431 283 365 429 379 407 257 428 223 51 9 223 275 127 400 438 355 439 129 359 355 80 239 195 217 57 2 377 35 137 237 383 343 335 
265 438 337 391 46 434 18 344 405 327 279 246 275 380 124 309 255 391 305 374 85 3 111 321 258 237 62 59 75 65 255 13 389 300 150 157 438 327 196 425 344 264 232 406 164 375 381 168 255 142 58 95 218 65 353 100 
405 350 259 25 294 214 222 263 438 247 15 24 21 0 17 121 265 232 243 204 222 358 122 381 11 133 419 173 191 50 120 127 286 38 361 18 159 388 165 268 235 364 8 368 191 257 426 116 433 70 181 222 88 54 376 183 
158 62 204 393 237 111 373 240 75 127 366 241 414 214 106 148 231 447 84 248 55 419 177 433 97 124 117 132 164 387 6 427 328 182 106 238 349 401 441 159 320 426 127 166 38 81 209 117 5 340 253 115 255 132 345 104 
26 227 316 220 47 330 107 415 134 105 63 358 445 199 249 60 317 62 449 22 374 121 442 278 126 308 261 441 343 168 97 395 312 252 35 413 406 69 374 431 26 0 323 177 166 99 414 155 241 175 316 196 378 297 380 350 
277 240 38 86 213 186 88 307 339 407 418 170 299 310 367 114 0 140 293 126 88 446 217 16 115 310 354 379 149 40 430 448 383 231 14 265 270 362 381 79 157 327 42 409 84 113 12 423 374 239 432 246 212 261 364 401 
209 318 378 309 53 256 348 53 137 307 12 111 11 66 64 178 188 411 68 53 175 391 111 280 50 20 17 44 137 324 375 5 265 449 248 183 364 124 171 64 113 170 168 300 195 274 307 352 75 22 329 5 162 415 186 392 
406 93 238 115 265 73 428 418 159 447 337 418 215 120 2 21 72 283 138 317 145 432 166 183 14 203 273 124 358 361 208 105 449 148 229 266 57 44 405 272 336 172 415 238 137 82 366 363 59 127 320 40 386 243 317 447 
237 50 297 114 93 99 300 58 231 267 414 330 147 213 364 328 339 393 144 18 175 226 397 260 51 52 413 321 183 442 425 345 50 114 126 378 188 259 393 355 75 248 224 345 355 125 424 96 130 152 8 355 2 298 141 369 
288 257 449 76 127 223 282 0 331 172 279 87 303 138 406 436 411 249 51 144 326 284 45 42 405 3 363 408 222 310 127 342 151 130 225 190 250 341 141 181 244 401 363 405 59 294 321 14 1 70 135 363 230 309 436 86 
43 249 234 285 271 178 72 384 74 33 233 381 55 176 433 65 219 306 220 108 311 101 310 87 413 445 253 203 368 56 443 164 198 23 281 132 403 283 258 125 410 129 100 32 25 402 270 389 271 138 22 60 398 345 115 379 
444 80 130 368 295 326 100 253 160 146 204 104 91 138 118 199 153 76 1 295 423 27 109 179 408 126 424 156 438 326 263 12 160 287 52 127 326 62 139 226 394 75 142 110 174 104 281 134 427 118 203 208 1 413 273 204 
426 230 229 63 28 253 421 155 121 234 234 361 348 249 7 266 193 259 56 297 129 399 58 232 439 131 147 289 296 305 95 232 161 364 304 256 307 305 107 220 345 358 324 354 413 412 39 20 237 41 323 244 143 389 52 167 
146 317 59 278 417 337 387 7 294 329 198 66 429 48 170 213 357 255 135 82 339 62 153 207 162 230 80 113 371 182 339 145 447 234 186 308 343 357 320 290 33 92 100 357 357 211 197 276 163 358 81 155 298 88 421 346 
196 423 369 243 246 263 378 368 417 255 288 133 87 331 93 42 201 407 15 373 350 26 12 118 201 47 238 232 19 110 300 240 382 142 101 106 384 327 363 333 185 118 410 114 51 312 449 19 305 216 398 190 396 277 11 121 
107 233 136 285 412 355 143 321 212 289 1 131 23 232 86 33 115 39 110 65 159 383 127 396 235 59 428 346 274 98 135 81 10 342 3 220 126 2 11 236 80 181 55 397 286 198 394 168 414 96 18 175 304 120 80 70 
117 115 21 358 85 24 169 120 260 365 29 89 40 426 26 30 437 357 298 444 411 418 183 169 245 410 435 238 316 184 59 21 321 62 414 384 23 357 67 204 153 370 156 95 157 281 289 329 27 357 163 160 314 321 209 277 
354 84 76 265 101 54 165 175 20 57 442 357 207 112 131 207 406 91 122 76 317 177 249 159 189 337 158 419 359 293 198 354 404 161 412 440 183 311 197 344 414 19 326 57 366 175 50 232 140 63 288 9 172 394 315 164 
431 345 202 349 414 343 170 22 328 373 420 46 260 359 350 30 208 280 382 316 405 436 241 44 403 26 40 181 128 390 78 355 404 109 321 35 43 13 165 320 91 49 414 46 30 377 213 231 332 288 301 49 42 41 296 311 
392 312 130 65 300 246 328 31 274 246 111 432 106 291 240 154 133 127 156 158 234 429 402 275 401 367 281 245 372 5 441 387 294 87 180 3 229 35 214 354 8 81 261 146 158 4 153 102 324 337 343 130 382 424 440 60 
214 67 421 317 371 413 320 126 33 253 13 374 23 394 10 187 201 171 300 341 16 426 401 246 438 431 300 161 273 263 271 382 88 161 307 366 223 35 163 147 383 81 146 122 380 83 71 403 68 313 7 76 156 31 158 394 
405 435 417 330 230 442 190 164 339 44 12 75 199 362 356 184 40 251 416 273 46 299 134 107 281 427 151 210 207 64 206 111 431 112 264 91 264 379 250 174 114 7 417 7 79 288 240 159 287 300 344 382 76 396 98 240 
144 427 245 89 0 2 444 169 235 267 255 438 413 314 372 388 300 11 310 32 397 354 357 288 268 28 266 403 199 97 332 10 153 38 22 336 7 29 80 446 257 139 379 37 54 138 39 434 357 36 243 7 5 119 70 150 
76 134 30 381 233 255 368 81 119 217 364 217 388 252 337 273 177 354 293 444 333 324 341 429 36 373 30 166 244 22 436 314 164 62 71 258 409 290 144 410 281 115 403 432 447 139 196 362 289 88 42 112 95 219 171 159 
245 422 240 440 409 219 423 392 200 82 340 388 355 92 237 301 148 383 357 345 58 175 384 76 11 383 328 76 362 69 336 390 380 4 326 407 168 4 138 270 331 79 118 287 13 325 429 170 214 96 183 226 9 14 213 59 
197 180 280 86 224 279 125 104 14 106 236 92 149 28 182 181 133 266 321 374 262 236 420 350 222 315 163 132 332 342 376 16 151 324 111 191 420 344 220 109 168 228 413 73 196 141 14 70 256 322 209 300 364 417 409 14 
403 86 108 34 249 193 141 111 177 222 33 298 104 146 67 59 132 444 317 247 271 18 349 108 232 7 301 303 228 74 91 52 9 372 406 404 40 307 260 260 92 41 283 18 89 450 367 116 138 442 329 128 226 62 9 228 
169 349 419 399 357 293 425 384 355 216 275 288 312 62 104 293 228 370 56 356 38 374 195 188 96 31 55 159 117 66 319 298 4 2 283 125 445 170 23 113 368 372 402 105 346 75 18 344 77 425 432 362 383 277 406 312 
3 442 100 240 322 289 305 362 242 0 329 14 350 109 344 212 158 28 271 152 442 182 389 24 196 74 62 300 25 45 279 416 169 36 432 438 412 221 53 170 94 210 34 253 141 91 83 330 156 340 282 333 60 427 40 8 
242 351 81 356 338 303 283 384 56 172 16 437 218 131 350 87 118 355 210 308 299 334 235 166 27 55 447 431 88 86 165 350 276 390 110 379 439 418 238 46 243 322 351 310 56 251 364 12 325 218 9 11 211 276 179 14 
225 91 77 390 74 20 46 204 166 260 306 39 280 52 318 377 395 363 382 134 210 88 233 164 385 383 86 97 256 273 47 444 227 115 318 312 385 13 287 202 350 249 304 63 154 124 346 115 278 98 217 177 46 96 257 93 
