49 47 959
1181 992 1282 2569 290 1397 2438 1042 198 1558 1341 2131 2330 2289 924 1653 405 2570 1701 455 244 535 2341 1672 992 1139 936 53 268 2360 1157 1124 724 2242 1549 2216 624 58 2178 1028 1854 185 2290 1827 733 1188 2054 
53 945 819 1715 1480 1099 2026 1337 1257 364 329 1247 2090 2531 1624 799 1087 1014 382 17 1924 303 715 434 1859 932 2471 1231 2113 274 1882 2067 1017 81 1657 1039 1956 307 777 1032 2061 1502 2429 1115 1608 1811 2430 
17 494 711 1479 605 173 75 70 2589 880 1964 577 1940 253 1029 1233 316 978 797 1416 1516 1492 1488 1849 1252 2123 665 1832 1564 2392 506 27 2436 2443 23 1301 298 722 1401 2498 2243 1945 886 415 1732 1673 324 
1981 490 228 1946 1994 502 1445 236 2526 2129 437 730 383 2008 1819 882 58 1538 1456 2395 312 2210 2536 893 913 2335 852 316 836 1912 888 2391 683 1818 1879 2575 542 2082 568 294 872 2285 959 2506 2119 1305 1563 
995 1323 460 628 927 1173 2519 2181 1104 2470 1161 1468 883 2161 922 326 618 289 1336 304 1517 1249 2068 627 2244 1032 2328 2149 1221 572 1032 1819 745 1045 1169 1811 2479 127 1797 2369 1749 907 566 725 1423 2061 2195 
2052 1350 623 1648 2081 1990 2278 1438 1848 1227 2132 348 1839 1942 879 331 2518 954 2546 1294 1804 129 500 2134 688 2346 186 1878 1828 2013 1440 96 1176 253 1573 551 1025 2293 1746 1437 231 1093 2426 234 2558 576 1012 
2192 2207 333 2449 1140 2497 1366 1988 1321 2290 499 2366 701 92 383 2110 2488 1688 519 602 538 2447 2085 1528 1978 1135 2057 519 2097 1464 65 2351 2250 1273 2463 2382 618 1440 971 762 998 2331 248 2067 2518 2147 1557 
2314 46 766 466 1489 907 832 1877 1443 530 2545 286 1454 1015 1542 828 1229 1759 670 324 352 1286 783 367 1344 2587 1855 44 995 2302 1552 412 2512 541 552 1205 411 2405 940 1398 275 152 100 179 637 1968 434 
536 1425 568 1427 2341 2448 1419 337 1222 2148 272 1929 744 917 1783 275 1450 1146 1957 580 2283 99 2325 2277 2177 758 28 2509 1293 807 1167 61 1048 2540 2131 2364 1516 497 597 1027 2552 2006 341 485 1212 1163 196 
39 397 1790 263 2286 2343 1546 1121 1149 1884 2149 1787 1922 890 401 2375 2004 2531 493 1982 1943 912 433 415 409 269 157 529 93 634 120 2456 1211 2271 1151 1385 97 1258 2096 1942 1493 1123 2209 730 1170 1608 352 
629 300 1327 1985 1181 2489 963 2032 2136 1492 274 192 1865 815 2452 2233 2293 35 619 1737 1333 580 2361 1660 2255 661 1622 10 2562 306 363 2324 1045 823 1260 564 2473 16 523 1556 2505 1549 2104 1480 691 1223 846 
2383 2537 478 927 1061 1653 348 1425 313 303 175 363 877 1608 2243 2538 705 1658 1179 613 2442 2135 1649 1103 803 1014 233 818 657 1456 1558 1319 2168 479 1038 1510 2186 876 1349 46 540 1826 1162 1557 2076 1609 683 
1867 1376 1666 1554 1224 1877 638 2119 1269 337 835 207 620 468 257 1581 642 1569 1003 1618 2325 367 197 1821 2264 1945 2200 1650 1419 1122 1285 2207 1795 1035 955 1924 2451 1629 2125 1212 273 1318 414 791 1636 1 661 
2193 1929 1598 2549 1113 1806 2310 1217 2329 34 2499 1180 533 23 523 2127 2022 1786 1434 909 48 155 724 1936 1859 1537 312 2133 1204 1137 1421 226 2528 1961 712 1433 749 1744 1200 1154 1750 341 1921 642 53 329 104 
2127 852 2112 2084 1196 546 655 859 1004 764 1568 2465 487 2543 1978 1287 1449 1861 925 2481 1406 620 980 1763 2040 886 506 1846 1136 1480 1253 2521 828 402 242 532 2562 2149 942 1115 1018 1026 2537 2121 1704 1287 1385 
760 860 2219 1447 2568 875 408 464 1112 1284 1492 105 1051 1009 717 1868 2377 2224 1577 1123 2339 2417 1138 1677 1965 43 1508 450 2167 852 933 20 2164 456 2490 1339 2049 669 1469 970 1437 1649 1807 1977 1381 79 2236 
1654 2428 1240 1641 2451 2080 262 964 604 2559 294 1591 2366 2183 2042 167 77 420 174 1210 936 611 712 1749 1532 708 1036 638 1371 89 1034 781 125 1487 37 1550 2055 1970 1855 64 1054 295 1194 2070 236 1776 2423 
828 1943 613 1196 545 2306 589 2067 1552 284 1698 904 979 794 1035 2014 2038 1142 973 1254 2176 1566 1105 2158 1912 1213 642 796 1426 1507 1368 1282 2355 1060 800 2007 1298 970 1639 1785 1693 174 2435 587 934 94 614 
2194 757 1317 858 2343 945 1540 1864 1885 2269 175 1040 661 1161 234 1399 758 1190 92 432 92 1153 159 1518 629 1396 171 1737 1651 2215 1868 2121 1763 935 535 867 1981 176 864 1682 1982 1276 630 101 193 857 1195 
1214 598 1005 1427 542 1166 1201 780 997 1532 337 2133 299 2310 1264 737 228 1754 2364 1503 337 2184 2491 1411 370 1725 1922 2145 2157 772 2188 2180 1733 2521 182 906 442 228 1398 1886 1974 2049 2160 2086 359 2382 1881 
1102 404 368 2415 941 1253 225 175 1993 2032 890 665 1880 1472 601 1003 2298 1183 245 2181 1271 2469 421 579 193 391 1634 1445 270 1639 825 2321 2521 435 1216 797 2014 235 2440 1590 1520 1564 2312 2038 401 227 788 
315 703 957 178 2239 2442 247 494 2520 2197 44 862 482 910 2136 713 2360 686 1991 1266 228 596 611 1048 2488 54 2007 1799 457 876 2439 2186 1913 260 1177 947 605 2345 1636 860 2275 2365 465 2517 1065 279 1943 
1019 945 2428 2318 250 1624 412 2152 496 97 807 186 785 371 315 700 2073 1209 2389 2122 2277 2296 176 831 2014 1306 2481 1930 1869 212 712 1740 1839 1194 2082 2584 2564 2355 2017 2254 1768 2200 1268 1617 2113 1579 1129 
986 351 580 1211 2456 2401 1356 879 796 1611 1298 2325 1501 296 1573 1210 19 1204 2136 962 515 1770 975 1453 1608 290 2520 2352 2558 2215 2561 1616 1533 1061 1833 643 1803 192 2072 2514 162 744 1356 118 2213 1139 462 
165 801 2489 795 1084 2377 714 808 242 420 682 2275 2082 1499 1369 2499 504 1576 54 1072 1416 97 2380 1187 2351 1613 370 1723 2257 360 135 1682 275 345 1386 2341 822 871 560 1881 712 2001 353 2121 699 2023 2188 
2095 1653 2495 1364 206 6 865 1327 1806 50 461 1283 650 928 177 323 917 178 572 2486 754 1661 1990 2352 2020 2549 2365 2231 1135 1506 684 809 1256 1129 1963 2505 2054 636 1894 2414 1317 284 1556 915 1834 595 2123 
671 2580 1612 2222 1796 2098 638 45 2162 1638 1310 1198 1922 429 1131 1279 1614 868 1815 1077 2409 116 959 2284 412 2533 1137 1801 1838 846 402 406 1978 422 2376 1039 1014 560 1203 1159 676 851 1073 457 2415 1763 285 
1539 190 372 90 1861 1678 1213 731 1167 600 872 1473 163 529 422 1523 653 1791 754 2059 83 389 546 1093 2409 282 1217 1263 1832 1228 2208 1265 1311 1594 1591 2143 108 168 2032 602 2469 1071 1075 1832 1681 264 380 
71 1751 444 79 763 2071 1978 1108 1346 1631 1665 2389 1089 937 672 1788 1596 480 1049 1064 1705 946 2442 392 312 203 1501 1693 2004 1033 2394 777 374 88 1579 448 769 998 1280 1911 1733 675 1017 888 2423 1350 2469 
997 1462 1546 2417 304 885 1942 2137 585 71 112 177 2094 723 2405 314 701 1220 275 2541 1199 1395 262 32 1788 1254 407 941 2089 1682 1202 405 552 2437 238 2042 280 1481 317 233 2307 868 837 1008 684 1510 1263 
513 571 161 1160 829 1997 319 1522 1436 243 2532 1932 1380 2518 1284 1643 1086 1048 2191 2179 1851 1357 656 1231 2096 279 597 1777 1757 2181 1055 172 647 104 2496 2162 2538 2220 2280 81 2391 1645 2447 355 1781 1777 245 
1161 628 1072 2384 57 2588 1500 1444 1810 834 2081 802 1569 10 1629 751 236 154 1966 2534 1226 1182 2548 1114 731 1496 2401 476 344 1601 2397 2434 862 348 2356 1409 186 1865 627 781 2069 1487 1575 1989 1845 1005 778 
1262 1805 474 1577 101 498 1232 1857 774 566 215 693 2204 107 1758 131 1433 455 531 1939 1301 1483 2343 2038 2547 49 324 8 763 2258 1340 897 755 92 2541 2373 148 544 1963 932 2455 12 117 2282 693 2193 1673 
1228 781 2043 1383 1521 1947 452 2313 1831 1462 226 2074 188 1339 1902 1366 436 866 483 365 2002 1053 560 1885 345 2358 999 2052 1723 2359 2027 175 133 1299 2550 805 983 1585 10 1317 810 1350 2426 573 1421 2014 449 
1346 112 2063 1159 718 1095 3 679 1990 773 1495 1203 1635 2314 2444 1021 709 2446 337 1477 1257 847 2183 235 1624 230 606 1534 180 32 2271 1295 2063 1851 147 452 1201 1234 2026 274 1102 2206 1467 2284 840 1001 27 
1934 800 94 327 1728 819 452 1513 1783 191 1592 477 1932 2012 2529 2312 1071 1393 1173 875 2081 1568 15 9 2018 1465 1192 547 1647 1213 756 1300 97 628 39 1316 1117 108 641 2081 793 662 2095 492 2472 1371 633 
4 1880 2315 1691 274 762 1725 642 2113 712 533 1848 34 708 773 216 1242 49 738 1830 403 1965 2066 1663 1282 1571 376 849 1189 135 4 1738 434 1806 693 1340 30 642 22 2355 7 1625 196 1303 53 2205 559 
1814 690 1338 1875 1140 457 2333 2368 806 2349 2544 2009 1746 1987 410 82 555 307 1855 58 514 219 2437 2335 1232 2317 1332 2144 878 2211 404 575 1539 1358 2237 101 1338 1516 991 484 391 995 2475 1045 905 2225 31 
212 923 1248 667 1877 2218 1314 901 1482 122 1846 2050 794 296 1890 791 2477 407 1888 623 403 504 1372 301 2188 2554 802 2060 1411 1774 717 290 1796 2411 2240 1515 1535 1028 1140 640 409 2526 2481 1768 784 2314 1729 
795 98 37 20 27 541 2271 1982 1462 2108 2248 471 1523 816 780 1054 1312 486 2588 1210 1944 1067 669 133 456 756 1717 2102 1385 1372 912 66 2172 1269 2467 563 1195 38 360 2362 1698 1858 61 1821 2303 1757 499 
2523 1302 2491 1751 2430 1620 1976 719 1403 766 1353 2264 765 2573 1687 1819 1656 1541 2481 2255 1194 640 2158 2014 2070 662 1573 1239 1989 1353 1675 1085 908 840 1509 953 2439 1381 2084 325 775 48 2453 1395 862 2110 1784 
693 1396 339 931 2118 2208 622 2209 1111 2430 1270 1004 1491 392 790 1257 1083 1072 2401 1969 1213 1454 542 1430 907 507 1768 2365 902 393 1904 878 1497 551 1162 1501 1612 808 987 1099 662 565 697 2489 921 971 1959 
1245 95 1492 1633 2176 134 554 627 1583 404 2583 888 1912 126 273 734 21 19 608 69 2065 411 1318 813 2285 40 2302 779 1085 963 1129 1846 235 612 370 1314 1752 1719 1609 1954 1522 933 2031 1187 513 2322 791 
542 81 2439 72 1736 2446 2235 1814 309 741 771 1390 2376 1655 1312 1791 1002 1544 2393 54 1974 1579 215 1301 627 1699 491 2108 2453 1467 1561 2442 438 1284 2072 2157 1840 1630 852 121 1070 1164 2196 2172 488 655 611 
2003 1640 23 2315 2401 665 220 2347 846 807 864 310 2177 2590 475 690 418 2026 1455 2115 1901 1399 769 1899 1004 519 1255 539 1698 364 2091 2184 2567 383 479 454 1228 704 1137 994 1026 1303 251 1827 539 119 1739 
1621 172 1609 1917 2183 417 1590 1810 2029 1289 424 901 2171 986 321 1131 917 1329 410 1207 702 2526 1051 999 62 1203 2263 2506 2086 2256 1304 410 455 2466 944 1300 352 1969 1659 423 228 1673 2334 1767 895 896 1116 
124 43 1081 2511 1371 154 1152 18 2029 1954 1457 546 744 2530 981 919 1304 2062 1880 1679 990 28 1892 2564 408 284 784 1709 2066 831 332 338 1811 2262 1484 885 1372 732 2165 744 1787 2056 1188 1277 1685 910 1570 
1781 588 1105 1005 2019 434 282 349 2150 1290 458 490 1858 259 222 427 2524 1920 1594 1945 2102 493 1858 487 1520 2515 2274 1154 636 497 380 1764 930 2280 379 199 101 2444 576 2309 171 1657 2241 2037 2212 476 887 
2152 906 2529 2585 1267 761 2219 2405 561 1245 1057 974 87 2161 1605 990 855 699 2335 1113 919 2572 1772 1979 994 1380 994 2389 1997 621 890 2244 2469 2175 2425 2024 1497 1384 310 592 868 1899 1198 1826 1854 1041 2478 
2277 1678 1679 1431 2092 2482 2394 1957 1771 320 459 1730 1824 2059 1115 1483 225 680 1797 1194 1950 171 1190 486 159 197 741 896 524 1075 518 1321 820 2310 414 907 1725 837 2294 2087 44 2458 72 1788 2462 1918 112 
1458 2403 1981 690 1815 185 251 2250 1941 1029 2311 384 304 1874 193 1956 1397 1320 2133 1029 1621 540 2014 274 2024 469 512 1657 1418 1294 976 718 1031 1512 708 960 277 2273 2103 2434 2377 1334 1913 2048 2047 609 2572 
2150 303 302 2248 2207 1512 1627 2484 2159 1003 2576 2049 1962 277 1674 229 427 834 1500 712 2457 1709 19 979 1878 2318 2254 1040 2335 1246 660 1624 632 1056 1509 1693 359 758 451 2139 670 2209 1454 2492 1417 2268 2408 
2450 1256 1758 1275 19 2265 135 880 2419 13 83 1062 2462 889 420 153 777 1296 2549 2451 178 351 2363 387 2270 1345 120 234 334 1174 2120 1705 846 1887 1945 847 632 2329 544 2463 127 1121 550 2178 2278 1238 1055 
2588 32 2311 2390 1915 2313 2196 1169 1420 116 1611 2202 147 521 999 372 66 151 502 2248 976 486 2069 2194 37 1521 1339 130 1740 1989 748 2060 2128 1230 1589 118 2560 1004 937 1929 266 1440 2002 278 1416 2468 779 
1476 2254 238 991 741 1963 201 218 2040 374 1308 199 1462 1633 2151 1666 2165 2154 2568 1150 124 1743 1407 2166 2376 1457 986 1321 1814 932 1069 2406 1917 2556 1277 630 246 666 2173 2209 676 1154 210 2255 228 1891 507 
2272 2120 1758 1006 1721 1317 1974 1878 629 633 528 586 256 1559 1581 703 2465 2238 517 1145 308 887 2183 1287 1306 1919 953 445 487 2212 534 629 1931 347 1190 329 835 1287 279 1223 1954 1569 244 243 1732 2033 2287 
2310 350 1374 2168 1003 618 2201 947 787 490 2250 1652 1013 276 2118 482 858 676 1877 370 1074 469 2216 1972 809 1443 947 1437 1069 831 1317 1803 940 1547 1733 1213 1134 840 571 1229 2002 109 2428 1701 272 1669 786 
360 475 2565 2542 2102 1476 2569 2210 125 2277 2178 1608 1793 265 1476 2152 2 1479 252 2331 217 2281 2272 2348 1258 68 299 1186 632 157 1056 2150 1778 452 142 1610 1059 1753 2015 140 208 1285 726 1684 1395 1993 1056 
1585 1365 1132 2308 2519 2168 1487 16 1870 1462 1178 1537 2063 2169 1306 58 643 2226 635 1700 1291 571 1981 152 697 310 1872 956 2280 774 479 1038 1245 580 1565 2464 2442 1095 1597 825 2496 2335 482 1615 545 647 2 
2473 984 2062 276 1248 234 2409 1706 1485 867 1224 2567 262 1964 1939 2414 40 1612 2231 2207 633 986 1703 495 2306 533 176 834 1521 81 2000 1136 2046 336 1540 636 1188 742 1480 1146 883 149 2297 2237 1354 395 384 
1075 1226 822 584 1135 2536 1981 2581 453 349 937 1594 113 1647 1490 1623 1344 1274 1457 1737 1917 1788 1478 109 586 137 716 700 741 696 2061 1219 1060 2382 1969 379 781 83 2118 592 607 1299 486 66 680 1622 1964 
1002 1873 1041 2477 1039 184 454 2115 450 2098 690 68 1831 1975 253 350 339 2313 2383 1951 873 217 736 1887 2402 1639 1378 1549 693 1734 650 1048 662 1140 934 1893 652 2049 347 11 1408 912 2242 1320 1077 1227 2565 
1944 1184 453 1473 1048 1604 711 1750 149 110 119 1016 1920 1157 1982 2447 1755 2285 2466 843 1963 1861 2079 685 1146 497 1145 545 1014 711 924 800 1328 1022 171 2291 1349 2119 1578 93 2350 2268 2107 518 2104 2512 1348 
1516 775 1649 2174 736 1258 2421 1809 102 1094 1663 1006 1249 2421 1202 848 1074 883 1741 685 2468 644 319 750 1784 317 791 2009 914 2529 868 680 2125 324 1654 746 189 505 1176 2334 1789 2074 150 77 2021 612 2482 
1158 387 476 627 1927 1809 2342 1813 1514 620 1381 512 656 1319 180 649 1503 279 754 1223 2379 2007 2036 440 1062 525 1041 178 2100 23 1157 1880 1466 1111 39 2310 310 1144 2585 1470 229 677 2421 645 1205 985 842 
616 2589 1493 247 2180 1337 1167 1583 2501 427 1190 1847 2566 1459 1392 144 1231 2284 1265 331 527 1365 624 1312 1091 1458 1956 235 200 143 1989 1730 940 1973 1574 1106 1320 2322 2329 1893 636 847 946 127 1609 231 855 
824 1643 395 1 2457 1776 1294 478 962 175 2463 2004 2142 630 1047 4 2323 422 524 794 1092 2319 170 2232 1953 455 993 827 1372 564 958 1166 1578 2347 2231 376 2407 2014 1316 2189 546 2376 2299 349 1218 279 1524 
0 2514 670 1844 1977 318 2235 1169 1667 1554 29 2494 360 2010 68 2285 1284 665 1387 289 302 1326 1473 1687 2020 1517 1134 1449 75 1677 2459 2430 2306 1327 723 1440 370 1581 1692 1958 2106 1384 1208 840 902 2492 1338 
1902 798 327 2349 974 390 77 819 1538 1157 555 421 609 1963 2213 31 1577 30 2135 2008 2035 1522 227 120 165 1898 515 857 585 158 2013 584 1116 2585 1798 2085 949 1854 1068 154 1799 1649 687 1842 1106 1519 1152 
1811 94 1068 1018 727 688 2557 1373 595 2313 1908 425 2042 145 1509 436 1580 748 582 817 2470 1988 998 1186 910 785 1938 23 661 614 2410 636 1172 2101 1379 213 1620 475 2384 936 2322 682 2203 1014 1899 1393 1659 
2199 2175 1431 561 1261 2419 1512 1972 2499 1947 677 1460 1413 1121 1050 2515 1163 854 337 631 174 394 310 516 1858 2413 1240 1452 2174 1918 432 2341 140 1679 2167 2563 2418 219 1168 686 1875 1750 1017 2137 1022 212 381 
472 959 1342 2426 1 532 939 1515 982 2250 567 1136 1952 1393 1076 1385 889 2157 1656 586 808 1820 100 2140 1359 1712 2221 44 815 376 1335 1075 619 2240 1631 1054 733 1762 1414 1607 212 2069 620 1214 1105 2489 106 
1758 1625 174 1171 2126 1937 632 1966 1101 570 871 1558 1492 2027 991 1487 963 224 1464 2518 410 1371 906 947 648 233 1458 284 18 33 1982 2244 810 2303 1109 902 1471 1707 1433 1723 117 940 2487 946 1204 2216 469 
386 2036 902 2325 2566 2214 1017 1960 784 2460 1859 1156 241 2312 1001 725 1822 2428 2147 1904 222 2102 306 2161 1543 2111 2072 528 2494 2320 881 496 353 668 877 1568 220 1623 243 1607 979 1960 257 682 170 2404 1860 
2353 870 877 1406 1330 1865 1900 1830 505 1965 157 2485 189 1517 561 665 62 755 433 2345 1774 2468 615 2297 704 2537 1067 404 1901 1605 334 430 1371 1642 1205 2462 1420 1836 1109 893 2061 742 1888 591 872 180 1852 
493 2222 1784 447 1398 68 2395 478 669 349 2205 32 993 1960 847 2493 861 1686 1766 2084 2412 1196 681 1234 2221 1371 466 40 1270 242 635 841 2530 1551 470 2046 146 1342 2082 1852 559 483 1314 1323 261 1799 2268 
2201 582 326 235 1743 2482 2177 585 1273 1900 2512 932 1572 65 585 1351 1550 1023 1584 909 268 2364 948 437 37 2271 652 1919 2027 563 1039 917 1099 2047 1167 2258 1443 1154 153 432 20 866 713 159 709 666 953 
1442 2232 1258 1170 134 1055 2169 109 701 6 1617 213 327 846 1870 1379 773 1567 1349 722 1572 856 1343 2109 1833 2098 1607 1031 494 250 1536 2129 1399 882 741 1234 859 446 444 1629 307 1923 1129 1603 1917 2038 1157 
478 976 1875 1989 1379 1822 387 574 840 2027 635 17 1592 1093 339 2307 1967 82 1204 226 1452 119 2547 1943 2034 220 2383 945 2502 544 625 1836 1736 2280 761 175 48 602 1248 728 1966 1950 1714 653 244 745 2089 
2237 1810 1693 313 1846 2211 666 986 1487 1809 1415 2331 2196 627 1036 260 506 1033 311 2530 901 177 1208 1820 1557 1162 741 1984 1678 1885 2468 1819 134 1755 2028 1155 1047 1997 867 1820 169 1019 1304 1233 2340 814 2317 
433 558 1279 363 2197 1213 365 712 54 1882 730 756 2324 2113 2552 2025 1399 904 2330 1260 2143 160 1858 2146 2552 592 341 1588 858 576 1366 33 2166 316 336 1288 324 630 891 2369 1456 1377 1534 1753 2471 1690 1479 
1767 2482 509 1976 1364 1329 196 537 1168 1298 1239 2099 1189 1343 1383 880 1513 2148 296 1884 2354 253 602 1318 123 1908 574 1770 1286 713 60 1106 2356 1955 2099 1485 1544 2345 2524 2392 379 1177 2175 1135 894 1897 2171 
217 1430 1875 350 1492 2048 337 1043 255 647 814 1473 869 2081 1820 633 2487 960 10 2100 1141 2427 260 1475 2286 2385 1769 735 1921 995 1279 237 1749 2466 29 1380 1252 2131 1242 1539 1283 1833 879 678 689 2156 1699 
1558 737 854 1478 1426 1160 775 395 1450 1267 1580 899 725 637 902 701 1892 805 1912 337 2308 907 145 1074 2475 1022 338 1202 1611 2039 2399 579 156 51 442 1836 1282 269 1565 314 1954 736 412 437 8 966 231 
808 2462 2003 965 1526 2058 661 87 1828 1133 1187 2513 327 2040 2133 950 1251 153 2055 951 2187 606 1835 1070 65 286 731 285 486 793 289 1872 2191 2400 1788 1366 2280 1680 2067 1927 252 903 1841 2250 314 1507 2144 
2018 1371 741 567 1531 742 181 1869 1491 1259 289 1806 694 707 647 489 1891 1690 1856 1372 1271 1739 2259 1226 1251 210 561 98 297 1458 442 1064 1301 968 255 2014 875 1413 1710 444 777 162 45 2117 671 1413 1109 
363 1396 716 1253 946 1524 2337 1267 556 324 354 1171 1068 1838 361 475 2556 1024 1585 734 653 319 356 2065 593 1002 2135 353 1790 659 73 2187 558 1096 571 640 2317 1829 1301 590 1368 1015 1218 129 666 1340 2127 
2534 289 1402 2447 344 1867 91 1198 1307 1047 1333 2361 1361 1536 2395 815 1702 1582 2296 1132 1384 222 2567 2270 1396 1518 215 2327 57 2576 1437 893 829 1166 1073 2507 742 1377 2091 2374 1393 401 2119 1183 1407 1494 274 
748 369 1553 2557 2313 1431 770 364 2452 849 497 1132 1793 722 689 2225 1223 2421 1329 2050 433 2552 1730 1202 20 171 232 2465 1514 346 526 1565 342 1269 377 1404 2050 615 1946 1912 2533 1964 182 625 937 240 2079 
192 1261 1975 103 40 1236 1339 1395 1066 1596 2221 2107 1186 658 1637 617 547 253 631 2570 1534 39 560 958 160 954 1394 2481 1012 2472 119 470 2509 1969 1635 880 1385 2407 1425 494 2081 1389 2173 1387 1680 1489 1712 
1950 1227 2115 1689 1119 205 1628 2266 1132 2005 2044 1348 1229 2103 251 2118 865 1782 653 1668 1374 2345 1603 1076 2027 1729 1709 1669 762 2538 1200 2423 888 847 1584 2530 1 1116 88 1332 2550 2219 63 1168 1745 1398 2565 
243 1300 1092 2247 25 793 1983 1742 2221 1615 401 955 2026 1057 183 1849 2075 1319 155 521 1725 2414 1829 423 1485 2498 517 1547 1446 574 1798 1547 1727 996 1696 2154 2485 740 2454 2577 2434 2481 1618 353 1510 2569 1834 
599 194 361 1998 2017 354 1001 2394 847 407 158 1067 2140 586 1133 1096 873 26 776 390 1421 1188 2210 2113 1614 2412 165 697 737 2149 1985 1248 1248 2356 491 414 203 1367 778 997 613 280 601 1839 2102 1759 1661 
931 1911 2479 933 474 655 28 1195 999 1823 1670 1804 1427 804 165 1297 226 1746 1952 36 2285 835 1080 647 747 1572 239 665 2362 2334 85 886 1865 917 857 1259 2562 1326 659 894 611 1779 289 680 851 1692 2436 
148 356 2314 2053 491 802 588 231 1427 1784 886 586 1262 593 250 2201 281 2505 608 2520 1544 2213 2473 1015 45 1159 2545 875 411 751 2504 70 1653 2413 910 1715 1876 670 529 2480 1762 1052 17 1302 1235 1515 432 
1340 1001 2137 2433 284 2207 1116 1136 512 541 451 2541 1755 1275 70 592 1963 1188 1207 1424 1850 1202 2576 2346 365 1334 2150 1100 758 490 1869 2043 1552 1691 235 1367 48 1290 1670 389 2499 2116 2373 1962 58 989 1044 
99 2321 1761 2346 1321 1078 2349 581 449 1720 1792 589 646 288 2426 503 860 1510 199 375 497 1000 204 2357 2350 258 504 448 341 200 949 2174 2013 1442 357 2048 2584 411 2215 1491 1353 46 116 285 1950 2192 2065 
1364 55 1504 1884 2163 267 463 977 547 414 1450 2383 562 1800 1830 1899 2152 425 808 2571 884 172 809 2011 2429 667 375 524 1766 714 2268 2335 1259 2211 2468 232 463 2550 2192 2401 2145 2257 2432 1984 1031 115 805 
