3 3 100 10
5 4
1 3
6 2
0 4
4 1
5 4
0 7
3 4
1 0
3 5
6 5
5 3
5 1
4 3
3 1
3 3
1 6
3 5
1 0
4 5
5 0
1 3
0 7
4 3
2 4
2 6
4 2
1 2
2 2
6 6
1 6
4 6
2 6
4 2
3 5
4 5
1 2
0 1
2 5
5 5
6 2
0 3
6 5
5 2
1 0
4 6
6 7
1 1
1 5
0 3
5 7
0 6
3 2
6 4
5 7
0 6
6 6
4 6
2 4
3 4
1 4
1 2
5 3
5 2
2 2
0 3
1 7
4 2
4 0
5 3
1 5
2 6
1 1
0 1
3 7
2 2
0 4
2 2
6 0
3 6
1 2
0 6
3 6
1 1
6 6
3 5
0 3
2 0
1 4
5 7
0 5
4 5
5 2
6 6
4 5
5 0
1 3
2 1
6 7
3 7
