6 7 100 5
3 0
6 0
0 0
1 0
5 1
8 0
0 1
9 1
2 1
1 0
4 2
6 2
7 0
9 2
3 1
5 0
9 1
1 0
7 1
3 2
8 0
3 1
2 1
0 0
0 1
6 3
0 2
5 2
8 1
7 3
0 2
3 4
2 0
6 0
4 0
3 1
4 0
3 1
0 1
4 3
4 2
4 4
2 4
0 0
2 3
1 5
4 2
1 2
5 2
6 1
3 3
3 0
1 4
4 0
0 2
4 6
3 6
3 5
1 1
1 5
1 5
3 4
1 0
2 2
0 2
0 4
3 7
4 6
3 1
2 6
3 2
0 7
1 3
2 3
3 6
1 0
0 3
1 2
2 6
3 6
1 1
0 2
0 4
1 1
2 1
0 0
1 6
2 9
1 1
1 2
0 1
0 7
0 3
0 0
0 7
1 7
0 4
1 6
1 0
1 8
