695 291 450
197 376 641 490
37 232 298 543
93 281 520 327
314 207 328 658
371 171 455 287
223 156 442 292
279 475 562 475
10 314 403 392
350 125 667 389
92 384 334 469
255 318 508 507
290 227 476 565
122 339 521 426
404 242 644 611
466 255 643 455
84 217 369 484
59 159 388 602
156 441 533 529
523 36 651 550
133 252 150 503
383 565 407 691
209 572 674 660
165 7 646 439
151 247 503 486
36 124 180 586
512 220 609 384
114 57 471 527
139 535 276 596
212 208 307 401
57 335 346 410
267 454 308 644
267 182 269 659
227 281 584 599
159 347 213 496
442 121 551 429
466 402 478 562
101 392 360 691
451 492 634 662
159 559 568 671
45 7 108 652
50 116 428 143
515 424 644 516
101 98 264 219
406 67 484 342
517 330 554 488
516 79 523 159
177 546 190 546
590 293 607 492
74 508 317 603
365 403 397 694
47 32 140 182
304 315 433 349
253 284 636 585
111 195 501 341
124 547 425 678
12 377 621 465
114 177 363 456
327 1 412 405
341 116 477 536
92 346 150 493
284 21 292 562
243 1 311 208
38 8 297 189
88 38 335 459
579 353 653 515
56 340 481 681
256 3 645 25
86 108 396 430
76 75 555 446
184 90 199 509
334 130 567 204
107 280 129 631
450 312 524 548
4 543 670 691
302 455 606 570
59 14 418 146
85 423 289 509
201 164 580 404
399 511 610 518
370 144 638 292
59 80 656 112
238 155 265 219
519 244 633 252
239 496 603 641
383 296 556 343
521 143 570 658
437 101 520 476
112 235 461 468
172 365 188 446
556 216 686 577
219 249 368 305
147 132 580 162
314 29 470 585
53 84 561 656
274 20 576 361
303 409 400 681
37 236 323 462
41 559 129 665
162 45 497 522
231 470 482 636
213 41 248 533
238 16 355 161
277 232 591 363
194 21 354 304
161 202 525 646
488 76 662 246
18 104 416 315
388 230 458 568
262 24 615 83
96 340 440 401
169 128 642 587
382 198 481 457
323 123 426 268
405 588 557 663
324 214 684 584
75 222 484 318
287 24 353 483
337 305 394 480
212 253 527 290
157 384 654 473
430 131 461 451
349 277 646 433
164 101 659 203
396 133 681 135
80 45 416 368
67 202 629 528
142 182 222 483
88 69 542 193
158 101 688 191
158 290 246 669
30 113 261 513
416 53 471 261
398 108 551 112
380 39 521 403
169 245 492 383
145 13 438 372
149 344 232 679
208 334 526 492
290 93 681 371
206 143 377 368
49 116 630 275
39 477 92 595
381 174 397 532
197 17 596 522
361 25 631 82
447 114 499 613
173 175 338 507
121 577 695 643
333 121 518 354
95 241 353 500
7 242 33 517
278 632 558 688
72 4 146 528
364 148 557 428
346 176 370 522
572 97 685 186
100 571 623 655
240 246 412 424
114 258 651 261
295 300 317 694
310 516 384 524
560 109 679 190
359 243 446 286
447 96 635 685
17 380 523 632
403 72 618 301
166 60 593 167
61 426 504 667
57 254 133 310
177 135 666 279
471 298 551 673
244 315 460 446
512 78 633 643
516 47 684 471
28 321 581 609
6 260 14 691
403 189 663 298
65 389 426 672
428 56 450 231
266 269 321 430
54 2 166 166
77 362 289 614
285 122 650 372
410 79 573 685
342 203 427 305
33 539 641 544
532 38 627 192
346 353 420 403
166 50 500 74
76 159 296 353
152 236 226 417
260 294 527 410
253 250 508 260
152 204 280 314
256 314 659 492
376 603 522 627
23 247 66 449
41 134 290 202
172 339 560 529
180 105 472 308
96 321 596 657
380 54 533 473
119 81 636 531
383 109 577 652
284 79 518 542
42 86 381 532
215 418 222 425
557 234 674 458
300 249 465 405
330 211 638 485
198 285 216 332
305 114 392 509
188 104 278 337
197 211 668 574
149 86 171 349
341 219 602 387
376 639 614 645
231 572 561 660
185 596 381 670
460 455 570 680
561 197 571 308
280 47 483 563
516 40 666 107
586 349 670 465
160 205 362 679
245 321 560 374
18 496 405 497
162 259 445 430
213 175 280 272
436 397 619 572
114 264 339 463
98 317 160 401
229 179 377 185
203 210 499 618
216 275 560 508
565 346 630 584
73 433 532 441
258 228 612 692
213 140 682 405
306 326 449 578
17 81 187 91
203 96 462 188
285 6 417 426
221 345 375 582
236 87 617 339
384 244 505 249
338 357 397 504
122 206 450 667
352 73 372 263
276 454 675 694
541 206 642 628
129 158 363 419
134 294 433 661
35 618 283 686
132 301 184 469
488 243 500 374
149 124 174 302
414 29 487 50
382 374 513 414
200 486 378 600
54 246 557 521
255 2 565 274
186 73 421 663
35 98 470 425
365 116 558 541
45 287 170 522
610 52 643 340
30 541 505 553
106 92 217 349
210 493 656 658
47 24 586 113
178 188 343 663
281 74 503 494
383 107 617 303
270 185 404 691
377 233 408 391
382 118 426 278
103 148 654 421
415 381 586 605
35 592 155 661
208 64 259 647
117 297 253 631
299 66 666 530
147 508 471 541
191 327 271 687
28 426 685 498
40 313 683 444
400 213 423 602
354 229 618 244
325 219 515 275
55 355 164 369
