595 574 542
115 390 318 529
111 18 542 332
60 413 517 475
24 134 25 297
73 240 344 397
154 120 589 278
277 254 364 423
304 122 479 282
217 404 391 537
339 165 451 205
113 23 161 262
285 148 561 411
88 234 235 286
143 185 161 289
242 62 326 374
522 128 549 306
101 70 583 279
6 39 439 534
277 156 583 442
103 396 507 478
123 257 460 476
175 28 390 80
60 444 342 484
4 526 98 582
208 314 279 327
39 307 464 576
105 100 110 361
51 33 362 333
411 144 477 579
336 430 588 512
29 66 229 169
302 49 363 119
393 246 397 547
21 319 271 545
68 125 503 299
23 155 75 375
463 54 586 108
148 283 213 453
498 127 506 429
169 227 443 278
12 165 234 379
129 220 226 518
392 130 534 543
28 294 506 376
166 9 287 267
438 193 513 466
228 108 249 518
434 9 587 92
53 301 493 524
62 170 435 228
60 360 411 416
177 363 269 431
210 126 284 399
132 219 474 578
27 343 565 509
427 105 524 295
131 239 200 578
106 11 128 428
221 13 481 172
262 134 587 529
212 38 282 73
501 173 522 328
458 16 472 206
195 114 568 352
11 292 174 374
343 297 377 356
83 235 420 287
42 205 74 263
153 590 395 595
8 152 202 285
110 355 184 380
154 452 528 533
461 121 565 286
234 179 277 240
104 219 424 403
187 323 415 514
13 42 264 415
486 298 540 423
420 11 554 326
156 106 552 155
250 344 403 568
84 65 359 549
26 302 440 541
62 255 588 439
44 214 153 446
95 152 293 450
533 208 557 436
200 60 357 196
198 76 377 171
75 478 444 538
497 181 588 479
381 450 422 571
367 199 542 559
160 36 316 174
249 286 513 547
406 161 427 272
72 150 180 566
106 496 530 524
507 202 510 358
103 331 137 518
476 76 594 298
126 78 314 234
116 381 144 446
94 68 155 526
522 126 560 355
241 457 548 595
164 321 511 345
21 16 119 31
242 316 554 335
119 376 196 406
211 85 455 495
233 486 331 565
242 38 247 208
256 491 306 577
463 416 523 565
377 58 525 519
44 217 317 561
281 187 466 328
68 117 509 140
176 53 365 310
524 246 569 345
421 331 523 577
46 363 441 575
348 308 556 328
94 230 350 470
427 259 573 507
137 235 365 284
83 156 561 541
241 288 559 503
70 152 79 368
23 85 108 466
73 47 85 417
55 182 239 438
120 200 436 473
424 402 581 403
260 104 592 254
5 301 20 540
182 25 400 583
53 125 588 443
457 65 576 200
230 48 317 246
10 13 154 580
267 300 271 532
47 342 461 582
265 342 382 405
149 33 172 478
211 478 552 591
96 127 404 449
383 122 384 156
194 107 276 418
101 247 452 432
81 280 555 342
132 326 380 405
206 281 323 293
257 105 348 510
87 340 322 502
145 149 316 448
6 159 140 282
363 264 406 359
204 35 206 352
215 267 282 343
236 311 367 427
20 103 155 198
129 75 585 497
52 249 172 516
65 153 117 562
135 165 359 349
69 100 81 513
266 443 277 552
378 50 434 593
19 330 372 392
520 425 561 474
363 120 426 233
144 313 507 464
186 359 595 568
91 518 235 594
338 342 443 555
236 534 576 550
143 77 511 426
285 247 564 497
114 277 457 580
85 359 483 458
122 346 132 431
276 130 347 219
169 146 212 260
24 456 168 484
64 53 149 76
223 337 333 513
231 172 565 376
376 136 516 159
24 289 136 490
290 422 377 477
11 161 480 431
290 74 325 487
6 55 470 132
326 60 373 74
397 49 447 253
216 455 320 574
348 13 350 153
16 164 399 493
244 243 369 435
219 27 251 281
554 101 589 323
217 48 547 525
159 384 294 395
64 318 589 454
143 84 363 525
29 109 528 551
524 479 571 527
462 10 572 500
237 314 473 478
382 148 579 200
221 304 389 465
350 204 589 270
113 120 373 449
197 511 414 520
44 81 340 329
42 159 557 510
383 187 513 595
194 1 349 358
312 78 588 164
284 410 341 530
390 89 514 565
410 179 573 346
38 181 135 539
529 337 533 400
52 153 74 407
83 88 483 130
203 29 357 210
4 89 345 245
179 313 479 323
181 242 215 398
40 369 166 568
143 208 326 308
32 53 228 593
223 180 278 409
215 412 548 431
18 294 430 569
28 429 233 456
200 348 504 370
227 26 431 557
32 89 297 410
20 119 385 430
316 38 584 414
83 157 149 550
208 336 466 449
55 355 502 409
393 390 493 549
201 362 206 387
462 219 568 560
254 225 512 375
281 322 439 431
34 206 587 430
214 243 535 516
8 41 58 479
530 245 583 362
366 155 401 319
49 101 382 303
131 36 466 132
77 121 545 253
12 178 434 252
178 182 420 275
309 115 419 245
449 16 499 410
196 156 374 370
3 182 512 343
261 77 486 330
129 493 257 515
95 270 488 273
2 196 414 505
411 20 536 561
29 369 258 585
123 393 408 558
347 31 360 156
85 333 261 395
517 100 556 153
207 224 343 278
323 35 369 387
303 42 501 112
289 346 513 502
208 58 539 84
47 106 475 227
119 3 313 11
110 264 539 560
344 103 407 359
143 74 593 220
217 335 470 389
318 94 414 316
363 26 509 456
108 89 439 444
57 108 323 446
104 181 310 393
10 251 349 309
93 427 591 505
286 409 339 486
249 383 505 475
491 13 504 49
187 259 284 442
5 165 435 221
248 43 262 592
161 321 512 472
331 473 367 520
57 281 91 461
279 109 434 214
19 18 410 150
6 98 431 461
152 226 382 388
42 211 261 436
380 200 515 387
18 145 595 218
153 28 371 572
61 120 331 372
233 115 462 191
487 292 581 321
165 5 470 519
28 29 431 585
222 411 365 545
401 23 592 90
281 236 546 311
314 56 392 406
53 283 569 478
219 176 338 219
219 115 348 420
257 89 372 122
232 460 453 582
399 397 580 500
180 194 479 550
274 339 407 398
260 368 347 388
377 201 413 245
416 447 534 587
330 264 448 547
181 58 354 182
118 289 292 444
55 152 520 554
194 375 519 562
35 90 590 315
381 35 489 422
4 13 355 251
8 318 137 356
395 423 544 581
86 338 415 419
452 77 465 541
309 105 495 125
141 203 401 393
333 164 416 542
167 213 488 331
109 150 147 169
374 51 510 339
154 334 394 560
101 351 194 552
78 221 349 512
43 66 225 405
470 119 589 253
42 420 336 499
501 277 576 294
150 62 573 190
91 24 319 291
152 129 341 155
177 237 391 344
70 30 590 240
170 298 244 373
10 46 120 542
278 2 458 4
514 495 581 515
174 508 533 593
461 232 475 498
276 342 385 424
381 165 460 334
182 179 377 574
109 265 256 410
348 516 519 547
503 214 574 311
212 121 353 591
443 341 565 560
214 461 566 531
149 286 416 511
137 278 232 391
17 87 326 509
196 305 526 325
65 66 321 444
247 276 297 441
273 278 312 539
113 90 419 510
296 507 582 554
149 327 415 504
506 353 525 438
497 59 542 293
191 151 463 274
329 249 375 370
124 30 335 57
32 344 472 455
113 61 568 108
248 92 391 100
264 85 454 584
132 312 271 588
275 137 576 165
105 249 451 305
158 122 175 502
131 244 461 255
443 177 495 567
37 265 37 595
189 199 582 327
263 393 539 513
142 306 451 508
442 302 525 537
369 351 502 551
275 276 408 276
31 64 380 246
152 53 183 567
44 95 436 365
254 356 290 437
358 25 410 255
133 161 517 533
36 385 450 577
156 397 284 494
104 17 247 588
230 153 271 184
285 125 370 148
155 42 273 337
36 383 423 543
333 19 529 493
147 32 397 251
395 120 426 455
506 113 585 127
68 35 122 136
208 142 536 244
350 106 398 436
176 8 222 446
180 179 185 284
78 257 469 500
268 235 515 386
113 130 130 369
32 8 545 481
223 341 347 426
92 327 426 465
488 270 594 432
458 121 546 340
338 128 453 293
66 11 469 360
72 427 462 502
446 313 570 357
2 16 278 258
34 129 247 209
50 15 412 445
351 411 492 539
337 367 371 523
289 237 547 288
217 297 393 462
306 374 424 490
506 256 523 386
226 213 285 357
133 468 391 548
528 282 583 461
336 234 583 456
400 127 507 391
443 210 532 365
220 58 289 342
480 120 557 163
5 427 178 444
162 45 420 498
91 77 406 114
247 122 293 314
109 432 446 436
101 78 510 576
63 222 559 255
206 177 302 410
182 192 331 344
11 190 208 374
162 1 368 511
430 322 547 415
111 373 276 554
352 347 416 542
54 256 399 282
390 160 517 359
150 113 547 528
96 231 523 534
482 438 531 578
115 210 501 397
37 108 509 155
238 12 595 147
170 200 424 201
398 37 539 221
140 240 336 330
123 27 394 202
272 137 537 235
352 517 467 545
372 485 589 559
132 513 299 558
223 267 539 565
320 508 369 590
74 47 140 327
20 118 95 247
276 64 289 173
377 40 581 536
43 258 201 569
101 181 165 322
113 529 262 535
182 2 501 546
283 157 560 326
294 340 301 373
182 240 208 415
379 149 478 391
454 298 498 303
129 242 400 503
365 232 566 477
275 279 342 453
298 248 435 516
158 197 299 490
2 153 588 536
20 370 250 483
108 163 423 538
416 262 558 523
355 30 401 337
439 89 540 546
464 207 556 461
133 77 310 363
380 247 589 581
158 20 163 259
34 172 565 204
280 411 392 547
264 514 292 516
12 207 438 221
56 160 514 239
112 440 402 489
164 7 469 362
514 155 581 541
180 265 404 266
538 175 569 566
172 310 539 472
407 33 534 559
123 253 285 297
223 369 233 566
133 34 454 550
40 176 552 381
14 422 415 557
366 255 568 456
138 180 295 235
160 50 179 419
160 545 239 578
296 126 446 273
466 55 534 265
60 106 394 236
26 44 502 382
31 375 41 416
424 214 520 532
163 49 354 395
175 66 329 440
321 319 340 561
138 63 394 116
289 105 496 581
218 116 272 124
396 10 444 145
168 72 550 75
3 273 578 539
272 196 310 562
546 18 559 306
119 25 294 570
74 131 223 543
269 102 557 420
420 41 593 319
13 356 158 479
137 144 402 581
300 462 543 477
412 203 518 205
290 434 298 513
138 74 485 239
79 23 141 484
112 566 375 585
346 430 555 442
502 285 548 446
95 83 386 379
479 5 529 432
276 432 342 447
