931 370 225
142 263 169 681
26 308 745 459
516 488 632 666
627 412 898 421
32 200 747 661
309 677 918 749
525 682 664 831
34 44 670 651
762 481 772 767
220 44 662 124
338 432 570 838
885 559 895 792
672 183 722 401
287 126 734 133
421 71 578 89
121 48 165 800
496 13 525 589
225 407 812 910
9 67 519 478
621 613 791 673
50 178 852 898
34 144 410 428
230 838 510 916
67 73 811 513
63 589 174 765
255 452 624 713
90 79 604 242
82 334 184 388
66 26 402 790
83 147 156 443
100 281 187 921
124 154 503 420
253 121 924 240
371 658 544 777
903 460 919 854
24 138 325 526
607 199 747 908
642 345 927 526
264 87 602 639
705 594 832 878
213 48 318 447
348 131 356 525
38 100 792 242
331 54 816 58
131 48 730 859
56 682 658 734
21 176 381 930
482 519 884 894
121 425 161 536
530 211 537 497
114 310 174 346
197 199 665 458
271 352 798 892
266 281 394 514
713 361 802 916
252 538 916 541
20 159 925 226
630 572 874 701
84 256 670 759
436 193 822 764
792 766 816 857
365 371 448 610
52 348 76 694
164 9 495 193
332 292 466 903
330 605 370 810
643 792 802 862
499 326 904 856
279 252 377 757
34 656 761 674
29 37 835 845
626 299 757 923
63 568 607 727
424 331 605 838
295 579 562 778
147 792 772 907
274 802 531 927
35 56 802 113
302 265 331 744
442 584 653 809
162 148 647 894
338 465 595 652
226 688 417 812
457 799 707 872
68 293 76 733
217 792 433 798
225 378 318 693
685 204 922 814
43 272 871 657
529 543 606 594
69 274 121 606
818 152 831 906
512 825 843 875
61 120 70 895
185 105 246 430
100 567 384 681
586 601 745 674
401 37 410 916
80 17 377 920
370 123 912 859
400 424 742 595
116 650 918 718
69 514 298 761
369 332 764 906
163 8 471 469
794 164 819 768
239 86 846 788
54 560 417 872
206 18 477 220
48 35 510 170
231 95 571 265
306 224 436 828
74 278 444 846
389 626 445 888
300 109 548 685
147 163 219 706
635 762 766 836
37 224 443 725
175 93 674 671
709 315 751 486
288 689 336 738
409 412 610 806
52 496 423 507
28 49 374 319
53 277 693 762
204 670 219 908
266 665 815 918
117 555 118 866
536 170 560 177
267 143 798 779
259 32 912 472
795 692 868 879
607 432 744 670
364 290 591 792
104 110 827 325
56 373 614 498
337 422 834 874
399 134 926 758
137 172 571 426
381 396 606 409
39 11 221 368
240 236 324 807
41 636 734 722
37 121 478 658
52 251 107 685
180 47 845 227
166 365 835 862
424 318 630 669
366 339 459 910
242 332 483 452
43 834 220 931
349 560 372 687
98 162 641 175
413 420 766 731
87 117 822 855
54 151 433 915
375 572 416 574
142 710 157 840
168 462 462 714
238 280 819 678
154 62 244 572
365 268 820 540
541 471 875 720
118 477 584 815
1 629 155 866
79 267 782 736
57 318 336 765
68 100 296 139
234 241 388 303
424 549 796 576
477 343 726 631
91 327 455 430
212 477 637 808
313 70 540 515
48 473 833 819
228 81 623 207
802 77 813 518
149 204 444 910
27 266 479 564
232 513 306 620
542 219 830 303
522 397 711 759
450 287 618 456
722 331 831 616
108 56 798 284
20 157 387 582
20 402 269 403
406 806 462 808
27 72 764 332
85 254 564 666
365 146 909 354
625 52 843 416
116 508 204 838
674 291 844 604
433 482 898 626
337 232 583 771
578 341 855 498
795 60 805 576
331 32 660 497
393 711 854 750
484 30 743 114
376 195 562 806
28 531 807 710
288 191 466 847
126 350 807 920
141 242 751 346
650 304 672 604
368 168 913 474
108 113 386 582
143 643 384 836
419 44 546 780
40 35 444 340
159 702 228 783
234 218 526 886
475 504 902 516
100 512 742 654
536 456 769 894
627 26 780 346
343 198 598 274
215 41 721 334
133 730 827 899
131 234 619 698
356 2 805 470
116 263 621 278
370 194 602 724
481 284 670 295
89 210 330 210
318 479 583 749
842 519 901 766
212 219 329 829
201 139 851 772
128 405 817 787
106 96 437 407
87 95 364 704
297 319 379 417
292 33 416 873
432 265 770 332
231 281 278 514
545 754 567 773
509 414 510 606
656 47 671 752
654 710 812 917
333 248 739 339
501 628 528 733
60 94 162 757
279 363 828 371
421 179 476 257
353 195 821 869
223 19 663 601
595 97 800 421
393 231 684 405
265 379 842 554
4 2 757 622
57 447 215 706
796 353 874 353
539 54 718 118
507 95 798 899
305 516 332 849
197 70 621 533
247 345 272 475
513 218 742 660
238 3 408 115
235 100 354 129
398 227 825 455
3 319 24 734
227 62 331 182
708 245 893 623
127 116 699 384
603 256 768 844
271 208 828 370
147 298 866 892
38 171 745 466
330 44 491 229
11 505 15 594
178 285 261 421
21 58 912 478
347 377 920 439
268 798 777 895
134 195 656 593
89 33 148 777
192 754 517 812
448 245 649 772
288 66 656 176
295 437 296 807
108 7 450 855
151 44 752 825
523 332 706 701
500 403 784 533
151 317 347 471
8 82 873 914
189 26 812 266
343 474 904 525
49 254 269 279
35 134 751 436
470 525 678 787
357 181 724 710
414 148 823 928
496 286 885 397
387 520 523 826
671 160 846 219
200 587 826 866
155 467 463 652
284 294 727 500
313 410 855 759
436 372 634 491
56 201 304 644
230 352 787 891
752 214 797 358
121 294 736 553
208 407 291 761
431 86 700 459
465 39 525 918
676 597 809 756
448 626 685 682
256 101 588 778
93 568 202 924
28 173 461 185
203 421 632 492
343 353 465 728
377 416 796 627
303 218 729 656
123 603 197 636
163 71 751 716
305 600 385 718
483 383 576 669
163 453 390 493
91 305 329 700
263 152 473 518
108 8 889 106
158 157 606 324
159 309 402 327
172 104 849 700
195 555 912 692
834 342 841 419
111 427 317 655
41 504 762 722
16 439 607 651
231 513 604 533
233 405 849 563
301 68 791 889
64 141 631 708
392 135 845 901
148 542 889 568
141 447 305 498
725 59 742 183
608 33 704 393
458 9 538 499
23 630 36 829
161 489 168 620
384 818 428 820
510 26 718 629
91 4 883 878
266 496 478 802
11 480 48 514
75 117 231 487
98 32 491 743
245 175 313 907
324 129 427 513
308 646 683 893
502 400 704 449
490 79 771 813
69 4 736 521
56 29 184 545
551 482 663 733
38 282 107 769
42 52 246 117
373 276 778 386
285 456 596 657
55 472 879 757
153 19 180 478
