100
510 713
24 713
24 711
375 711
375 654
499 654
499 605
804 605
804 590
66 590
66 483
494 483
494 387
103 387
103 328
698 328
698 236
356 236
356 86
60 86
60 0
367 0
367 41
520 41
520 126
428 126
428 137
764 137
764 531
889 531
889 605
920 605
920 716
606 716
606 767
569 767
569 770
696 770
696 809
796 809
796 1131
697 1131
697 1217
716 1217
716 1284
279 1284
279 1376
440 1376
440 1463
418 1463
418 1546
631 1546
631 1663
949 1663
949 1755
926 1755
926 1846
859 1846
859 1969
573 1969
573 2121
459 2121
459 2212
350 2212
350 2055
385 2055
385 1995
264 1995
264 1969
557 1969
557 1873
65 1873
65 1663
600 1663
600 1653
471 1653
471 1585
611 1585
611 1570
5 1570
5 1546
278 1546
278 1376
251 1376
251 1142
492 1142
492 1130
181 1130
181 1096
177 1096
177 1005
44 1005
44 906
310 906
310 903
292 903
292 809
494 809
494 767
510 767
