100
3000 700
6000 700
6000 760
3000 760
3000 780
6000 780
6000 840
3000 840
3000 860
6000 860
6000 920
3000 920
3000 940
6000 940
6000 980
3000 980
3000 960
0 960
0 900
3000 900
3000 880
0 880
0 820
3000 820
3000 800
0 800
0 740
3000 740
3000 720
0 720
0 660
3000 660
3000 640
0 640
0 580
3000 580
3000 560
0 560
0 500
3000 500
3000 480
0 480
0 420
3000 420
3000 400
0 400
0 340
3000 340
3000 320
0 320
0 260
3000 260
3000 240
0 240
0 180
3000 180
3000 160
0 160
0 100
3000 100
3000 80
0 80
0 20
3000 20
3000 0
6000 0
6000 40
3000 40
3000 60
6000 60
6000 120
3000 120
3000 140
6000 140
6000 200
3000 200
3000 220
6000 220
6000 280
3000 280
3000 300
6000 300
6000 360
3000 360
3000 380
6000 380
6000 440
3000 440
3000 460
6000 460
6000 520
3000 520
3000 540
6000 540
6000 600
3000 600
3000 620
6000 620
6000 680
3000 680
