100
97 147
98 147
98 153
81 153
81 187
89 187
89 204
38 204
38 261
66 261
66 349
61 349
61 390
56 390
56 422
52 422
52 510
51 510
51 554
66 554
66 632
78 632
78 678
40 678
40 704
58 704
58 785
26 785
26 829
25 829
25 834
78 834
78 896
43 896
43 976
94 976
94 1052
95 1052
95 1064
97 1064
97 1133
99 1133
99 1148
28 1148
28 1175
13 1175
13 1148
0 1148
0 1133
1 1133
1 1064
4 1064
4 1052
10 1052
10 976
36 976
36 896
14 896
14 834
24 834
24 829
23 829
23 785
20 785
20 704
24 704
24 678
15 678
15 632
27 632
27 554
48 554
48 510
47 510
47 422
43 422
43 390
41 390
41 349
22 349
22 261
23 261
23 204
16 204
16 187
32 187
32 153
2 153
2 147
3 147
3 120
8 120
8 74
55 74
55 0
85 0
85 74
96 74
96 120
97 120
