100
433 897
291 897
291 878
283 878
283 825
162 825
162 739
157 739
157 670
593 670
593 510
55 510
55 383
61 383
61 205
7 205
7 0
570 0
570 67
436 67
436 131
258 131
258 205
463 205
463 304
90 304
90 435
752 435
752 577
937 577
937 670
674 670
674 739
798 739
798 825
934 825
934 878
945 878
945 897
640 897
640 969
787 969
787 1004
551 1004
551 1168
706 1168
706 1233
504 1233
504 1235
674 1235
674 1281
862 1281
862 1451
554 1451
554 1550
436 1550
436 1606
253 1606
253 1665
765 1665
765 1716
895 1716
895 1874
737 1874
737 1995
858 1995
858 2042
487 2042
487 2156
237 2156
237 2089
297 2089
297 1995
414 1995
414 1958
138 1958
138 1860
484 1860
484 1764
119 1764
119 1716
27 1716
27 1550
234 1550
234 1451
98 1451
98 1376
524 1376
524 1375
355 1375
355 1332
113 1332
113 1235
407 1235
407 1101
348 1101
348 1060
466 1060
466 1004
433 1004
