100
81 403
87 403
87 455
98 455
98 459
78 459
78 553
60 553
60 642
76 642
76 672
50 672
50 709
43 709
43 780
80 780
80 793
74 793
74 802
55 802
55 888
71 888
71 892
98 892
98 918
82 918
82 1051
46 1051
46 1174
44 1174
44 1190
75 1190
75 1243
34 1243
34 1342
58 1342
58 1465
19 1465
19 1496
75 1496
75 1594
26 1594
26 1688
11 1688
11 1465
17 1465
17 1438
41 1438
41 1352
25 1352
25 1109
21 1109
21 1084
8 1084
8 983
55 983
55 959
63 959
63 918
29 918
29 892
52 892
52 888
49 888
49 802
36 802
36 672
17 672
17 642
22 642
22 559
41 559
41 553
54 553
54 459
4 459
4 403
37 403
37 402
72 402
72 316
13 316
13 279
77 279
77 77
95 77
95 12
62 12
62 0
99 0
99 17
98 17
98 77
99 77
99 148
92 148
92 241
90 241
90 279
81 279
