368542083
962278208
944795846
577396236
405016705
409610861
517919542
797759751
28562322
111894708
451191319
755112094
952396256
312143689
374685659
46756712
264776848
704068139
239770427
727510988
324831576
998800716
951123733
976066073
77197973
974766736
180674698
349082239
148888451
554031599
417649088
82138064
114505159
257882386
358684543
40212792
644223744
968402153
873787860
282482996
208079618
400575197
583066255
183627151
856344685
646464003
569135961
631771027
335748668
261775913
487815299
329022161
30103733
94787128
851257404
820596483
261447076
63139868
804597847
291665072
463573122
17080741
943283321
777553427
138479102
534242487
538042906
327810382
503799432
698989704
257596277
995572387
294074079
641352867
911046391
365585943
62306827
317170870
946233840
738783902
177038965
4470715
786537376
896956226
899350291
654781875
694848731
826658172
886094803
816631925
910055973
240242937
193868167
868731155
899242443
946194446
36804860
825190504
616552091
42868654
19774979
391269697
81698619
789165625
707043439
373236941
698455995
353843325
111839401
791228415
412433255
458622284
176455182
123164973
313779554
195306851
911139767
536944413
479450802
715519708
513742516
531862384
81954736
909257716
200085764
173551259
968169874
612703448
337645584
881098036
604211373
930303145
779686544
498542864
588818497
710446918
552505352
952250407
603323113
341445473
954643627
384927987
330675614
254734781
236943304
466851036
331296223
651007337
123802810
235409245
816333523
455765293
285220950
130550415
19601835
666374946
592128222
591548123
418050117
712570477
655745566
639993085
123642501
39553170
833336555
402684700
183001533
698380607
5435056
776221569
336340617
371852831
841936476
324559974
724736004
391879763
513732088
309881439
736740162
361933484
715583851
367955123
605794920
498867594
764883925
459331752
830126773
771320007
900880608
232301660
517707146
543735690
50745864
440188761
465108779
96227378
598250590
527661115
942342456
864553331
630925453
330684773
48634803
446962682
679335826
984810351
252221081
366174859
967261704
489101778
979311727
449826696
509593664
84738560
344363731
954407520
477160828
928023682
483855020
402688797
882274128
357694568
587763722
274438784
888618164
284966864
584974596
337074948
975615107
449835738
393999622
601575004
492072484
245321301
787805087
43489729
825304225
529806394
546939354
19688983
880785556
23703090
734355797
639088166
456500659
897310238
201085273
456275736
958327220
893711686
558414804
275383378
969463713
273253915
881976493
324098446
53634646
611970164
650519230
16419326
959862103
395578781
792968305
989619295
766661633
669214150
917376797
147410066
428818403
323798071
268915360
739370640
423188225
800252687
526540879
618046551
340208349
417077326
429064824
357042562
630417751
738302285
963181566
656387276
877006158
252809507
107958287
946382972
73593175
216598251
58829594
129782098
241568369
446127261
753369432
373459841
612997907
27489360
121865243
31708480
534015582
571340711
966378319
973411127
184254361
63073236
709979165
34133906
509059963
484965691
498832994
575834
620472405
499459396
12679493
172806421
820149896
158543502
428151156
115803939
276387386
162242441
400902657
701067054
297611204
745259515
395936268
578368080
977511364
263500875
799534667
73650863
925177199
241673081
335064108
383557423
548967822
743489786
327696181
310812534
402536956
697248960
184321724
816250020
516858395
405244517
710494849
446310770
447216174
911729952
922323830
731248015
149374495
332738623
975527174
32955089
428366351
687366120
835666316
503771673
497126939
565613455
408327006
593757462
225854473
925706969
113101557
192941235
855070863
993824303
308911034
733858845
619603037
889611240
402728912
634083129
907411347
253277706
441476561
475721765
945287473
58479868
960866804
105020808
541105118
242172858
664970595
500589650
372391780
496846166
322825759
422553130
327825773
935227220
468890464
795573727
123112060
572889076
555353652
793746343
174734705
622084183
953792308
584540015
481513033
962096686
306671369
724808323
667650841
29640493
624594437
704499470
213186091
721460356
83884810
591291373
320642732
513113607
392716638
686870636
657150358
706370327
307089390
711422899
219688221
137662822
463637755
65037269
979825739
390557144
366501103
63775852
766397784
860336433
594488600
650331826
347543369
569505203
649502183
363963846
435563047
159409214
498696843
486662582
726638846
415648109
557956163
757590119
784686423
124354031
337252145
353898295
700069093
854053816
346628501
386635198
172164035
632745875
223779862
419069532
853363438
689487532
119449566
424585649
72481600
761137968
305368741
595163129
62933084
880551600
477765786
511615848
785834787
30305875
237535512
112163603
424891261
941466389
7275480
2023259
770542795
828688718
258246234
45865237
248491636
366904671
105044680
321699881
531749010
52472328
79136657
280639123
589985216
648214446
223674559
597308366
720234633
320791903
635104153
648525520
74609167
341780674
397284827
734371560
824840284
488093002
231362964
968261017
906016267
870459459
816743965
139581914
51176628
874128089
40625456
964811671
429271535
830248929
429589139
768982470
855229438
408069102
626207821
45938340
131900754
540845770
368927776
646294900
715416294
604581755
447028751
693553456
133927505
507655866
904003958
783076091
504565832
132359642
52251214
528305332
783964044
116027248
127842880
257410359
135259362
950226433
214140405
150859184
959072767
844198891
403460665
600880775
108166950
420907834
56581531
596983573
709727199
988899315
575423953
808817553
805464786
608546732
262796053
831282625
455235402
716422611
976488107
760220677
778980523
350099702
914725176
62739820
750872098
688574185
728337539
160458925
619069181
659108876
769677736
691359675
497956802
651367346
193772580
631168642
906646885
208713044
188306143
739571328
102509103
449163579
530891985
391568705
674807669
63857464
797470369
479031727
847343777
48160528
767465501
935724727
908882808
694259501
977752343
669973767
43315405
339703739
627093699
213086744
31529773
816080550
306565272
948297018
702633075
511445388
720178871
278522716
27243178
284385374
612724583
138337959
413279085
687468178
138551604
608945408
465749655
858140586
782822468
4
282965519
630539104
187342573
246667598
71831910
109469884
281559252
807169145
141549800
426441257
131322355
591547418
483294886
146112099
98952842
549587187
804223667
331086853
291532034
888237355
263769818
469082941
507011733
815081287
852307697
49756824
66093593
745643384
813220884
248779501
654983791
705532700
956687975
761322829
32379432
317919571
75471987
409097953
186584464
256741765
289845772
664258135
929722246
408283323
419047439
283100689
152143953
267618453
799714535
555201326
756306197
283159606
160834237
557172923
179041969
587172789
830663097
191757565
258475381
547364640
751320672
640649936
897250483
356285072
324379833
952835692
418227773
168886006
448813724
505523066
783935901
383632838
400056996
659150318
294348544
249315290
190553271
776428507
990901997
9614065
559149325
394070300
394608295
64542521
869955600
929863224
779701246
645654013
245249567
821306094
398941464
215972835
941925607
70570124
986583794
56228784
876459648
190412354
3804153
880018797
839177121
777774257
363363775
385031960
226956166
258091804
391406138
713363030
331416978
972241202
355264050
951229078
100055999
398226961
637913915
144162380
364156934
367212294
780088139
275045382
228499149
313145663
650014267
4487727
561401266
300257113
521322509
831761534
615366982
286170425
143630317
280125495
108653040
737454084
496600887
72554248
371342671
39426144
969414969
21412423
904381828
192036023
145434597
865150056
440554131
501180662
729554029
959347507
311763465
733230805
972948379
401107661
733499298
750006339
505623894
896402263
848709504
409083181
585413448
656129921
87036027
954955144
468506589
876024532
218127123
887177177
171866268
411817911
790760650
84316152
870422598
986372981
762812634
879441866
76353358
319528635
7164133
244770828
26077623
304492032
600995140
944459273
440479704
947742952
570770267
375296923
717652249
896309758
129775240
571596510
960402948
640020965
238241754
570111731
989244565
848536804
794313668
209595406
787568928
960762616
29898454
767007259
14972356
508331320
784504210
589377554
318257465
269491825
489860240
396722111
696696474
827267779
332426974
37698298
830017911
216606148
997801951
882315346
119771528
667220373
112109141
434157967
396491272
874515925
994209643
636948209
524945438
357510215
483640631
325331205
80196863
397341744
278277319
65369546
853825370
718527667
845862696
208666597
690360000
522321908
13762560
841601268
271187295
979297026
425358684
420603563
462133156
581929210
95779747
740554128
794097709
663430703
171998496
909618434
264634937
478021923
581154598
822019558
323332053
74181821
512879654
212715346
453302532
344741080
821678983
252288584
844102374
215431452
294835918
12737481
159355850
579877745
250291422
701540771
965177550
677896345
915377517
756181662
840788875
318080017
846721344
359313928
988080272
899251402
19445147
672745327
808911397
3133159
90487510
683897454
691243829
217666981
826108571
496860575
921799309
953534541
536809756
605823283
181385961
101192379
411156339
362525356
278405509
77189009
621505181
370220988
175103316
312780410
545029193
568839855
630702787
42197355
829943829
119016033
221695952
112077060
32790437
30154241
654926743
485849511
107427646
115568189
310677270
718458619
747425822
47505885
236743875
950548515
762978678
519460645
694262628
123510125
884803125
745596922
605861519
605498437
396628050
16314444
218226151
187200903
336476655
202299951
9990878
97486972
123745064
909491157
494886625
202046093
701669021
16359467
388893657
611909716
186042183
561299239
851325233
362863135
797685479
768881537
38987755
424546939
809427654
82301505
457570773
848708561
357643940
13251959
900987031
832899584
780055510
872596383
869126444
387174901
944536464
20828063
539012417
71152222
12
583757140
680803092
897449289
601872722
799583884
54954985
730242064
78646582
728472219
595096883
262203576
308952280
657935477
537110881
406246588
158572224
774525299
535142068
748626757
854036189
945472095
633169329
120705463
469607316
831528262
370353694
549181406
663677998
465361438
201595787
443545757
658715171
134930194
868060569
369089113
206694858
839903769
196042661
68482005
243384669
231829195
420515500
724224481
748932074
598935129
280604964
880007010
795398412
150805133
489357534
727136917
667801221
347509129
172914356
579935623
303468122
530322651
620149663
771319791
223347765
155242375
85020554
31366714
193686071
763375007
687876975
584904414
987357998
98598824
897340805
385204961
928213060
75677757
610598646
391332327
367014275
781918418
662896847
315066096
423214561
365299768
415067834
801055563
432201504
308863763
490084464
892689653
177566037
762771327
778934277
285420506
923776050
204400065
11559841
575890647
250142283
525635396
526972017
248463540
169905486
516992066
966571308
172220967
288475697
198045150
759605650
328263150
579386503
902596648
869218916
641389524
141082649
869202333
109050973
100461107
295059342
861415032
817533125
222608513
161771976
952790789
363404172
606555206
278990406
260788160
93937944
464923730
608431095
422927865
674083310
654584637
16183860
850874808
112311525
750564734
337769115
725170981
586343341
606737222
523483163
262075317
548055126
641977970
371327171
560657214
957049866
765263323
970673889
389191745
343073536
103913401
621005071
532766206
559655325
728583663
179741453
954826741
283082903
341157397
789047018
606163354
5540505
979353851
860913594
989177228
97112172
586529332
103560332
607167995
202824095
294685050
271530652
926631292
189867508
251430667
395104214
322322843
164636398
100272138
413774820
497371925
29490167
72745616
189370883
850774603
385958912
680961934
150083440
106687321
953731716
879786902
916016763
241411336
866052702
64808121
211139194
293357661
551486507
300516565
519913621
543223476
635385031
572341970
454365987
775011398
672812519
689307952
317263921
22346888
950978403
93722035
88109417
303857017
385006098
58083036
424109126
67690527
331531194
37670279
121893537
300993927
623325067
179447868
307738648
770537478
295254742
910268949
140580600
230817338
207617978
389831013
65262360
276713983
855803907
700453291
4629610
986983945
673642106
978042273
630743551
973965723
336788689
254927414
341041830
776103680
134790871
267531091
177036141
900829474
530691575
476917113
117681671
469654984
689022136
743645477
668677530
760651219
198636252
148731720
395684836
279133801
550611725
791777774
392148480
113712365
101943930
803798051
273384562
418071576
637108292
153654684
794947367
412597020
627594740
756848192
316915834
833096796
890475919
617911221
243343192
522304122
347286731
447590893
388448017
878050331
292602627
482584691
803010929
52604107
653824624
837135708
304871386
242225405
528267648
577751873
297216150
507943393
491195100
284463334
600926571
877110249
813295248
264718127
184486332
728304520
459667270
641184609
972288941
185050474
193034609
224725885
245222905
821025261
637275217
501618897
781194629
48581137
927312421
830435416
922694646
469410165
908791763
805405805
107883372
450897947
589872576
804205123
920766981
242663807
790091801
23966404
557084345
403045475
21422282
468863936
287687928
548389793
642888857
19489380
44331919
328346839
478101781
859740990
285015115
292617889
213198918
654437918
804599247
983571326
281082050
67132090
217152750
673552817
639039464
147563584
238827794
601944664
19541406
974118144
946918250
330139958
540974484
209849237
40182778
728105980
90575160
969360826
409567088
424857274
92388516
769753753
295634400
540516243
827433161
283478655
219250834
601881846
715298045
686053267
627644696
722545569
86558605
417210676
806779589
560865533
55400554
735406382
17946614
783239482
336476065
266611627
128714260
235866504
602599207
780383663
928300155
22370602
254693310
985728589
585800354
689614168
475286497
401194128
151507354
394603380
502769754
888288640
920179406
821070711
898106979
862700465
974391608
408925980
929225143
207409937
793500481
77527926
712621588
123634946
244513662
279782194
450413583
329463718
522431944
649594255
204656716
44276451
988982476
244147652
50088335
55564283
380190218
480339825
399720862
271714396
441108408
343666929
501362985
514160369
781391621
795056084
866189457
526423023
401500104
540273556
553938075
215431714
46732951
406004816
313786561
154873354
244912024
134029584
77956165
360450288
852003859
580053497
520813759
853547101
825929661
523406855
904759249
823097413
399212519
201583051
862005048
82944
216523527
761007399
337696045
93612633
248054561
898556554
523251982
713795222
75957634
442695514
291031963
793195790
972114084
889024025
643873250
989000840
945529286
52217471
782656013
667454204
505098779
614029230
437287798
61709936
328262756
825072476
17827152
173049677
30667053
291666681
770920086
742412238
65309435
346833147
675106300
929417298
194813731
70160516
502563978
846415832
631427778
351173806
885650106
163239775
837384170
661297434
104111880
742202530
798284377
209345614
296757440
479403406
863829732
941220691
305527437
887564783
488957950
87347078
924117925
958729683
727612014
290817895
872061054
87461867
968041988
364394944
660480552
363665546
574653897
80043955
121857646
367183620
417645413
717076898
372381907
882377580
106941959
658189287
331673906
734716481
228916944
59817507
720884450
389598703
55571778
558720332
713534184
923529232
568189479
701844463
823830044
498171479
742470999
683827139
715996747
18231129
843555053
175923891
807716882
773709545
959625968
575435600
297466520
89108811
770196436
381434908
550911396
857402411
721515063
98320418
472025150
164405928
864074802
694948340
48505982
483688709
646893648
321398706
580327124
436148913
111944484
383973508
316634833
118944442
905969664
702788429
179399258
689284470
428101574
786675599
876101021
598581781
543627184
892737022
510541422
503802617
539328006
51685145
771195526
217749256
789055815
621935581
336168896
856265722
819698130
323400423
785842817
389394325
923585226
408029861
304578414
831158338
402996131
878103425
357664068
888871768
136670317
107625144
942079119
127837196
920080151
296332725
795317239
221614207
825750505
312771946
691300153
898442228
385282376
856041907
929429909
524788125
33751205
434667937
388452099
905375028
83999655
506113525
517156846
167342180
879289618
12307605
718972187
765157880
373464405
861892504
485771566
560511003
619729256
656591394
641445849
394826334
164375717
240400957
495396678
914617777
754190357
938454587
133963162
59590796
200634601
609967626
264448861
106485545
894397221
307954507
697620319
392376607
843063939
234811544
3940633
538774987
481907056
183988360
679702042
181467320
103628929
835452465
749415656
841343994
332719265
144049442
896142880
4986717
915162529
410377160
5369407
197929502
641795749
836275902
990349665
967704484
577487043
308026572
896101675
386524968
943307270
983630497
850792692
338671420
508406357
765402923
293202459
914218543
674319932
722527382
905346548
961838457
870458510
555703083
952147359
932432597
254357191
391091391
772865932
374273858
779448921
470285513
511878640
752669652
308530969
390560462
625983584
659849304
288390484
714698039
564343312
550818646
422952595
391838545
18
776259446
553290662
300954170
94088586
167840875
414007762
913337831
764404497
151799175
965642764
492012381
333444984
694003248
327058730
260902908
731318968
548211875
262584942
342440842
656469711
690920415
353714801
997326788
832068717
260645671
89966459
647949092
858833953
76755285
870572435
222051267
757282773
710656874
184713081
496950068
554496945
115519928
478452989
293677023
90615372
65423241
472501328
895175241
896197064
468275192
47309548
467548187
607775339
677161910
395680108
421621473
790092461
487864018
176014443
799039027
425802359
991779108
980933199
195051733
771656796
351689336
714265460
189774663
604523799
409503719
568952976
212080277
471321782
557357275
34367461
226672455
35593256
497836701
433664089
113670567
677106602
699837870
683238785
903666380
851240718
415620957
540490493
534366257
261200790
749943459
38657706
807026903
778615529
421438050
760303339
575806126
983574408
900699223
655632430
951700067
923998561
820281216
426822057
38984287
165760054
625740274
987744477
674294705
832640768
475254393
20052719
570592595
476268290
950397057
38868899
944411072
982544206
471000395
72816231
112101138
750380579
751466338
962886127
48292798
481147251
37097913
840614538
145569965
497010204
384079659
289629295
11264794
21421826
854009147
552527965
503475538
355613615
107788802
464310040
205156790
147476251
154270862
587159392
228052216
80012596
907645195
410512530
760283909
224138281
911814576
633217976
488391810
274102654
140947304
943884840
557471355
137643025
723324434
196796975
200528726
530713489
977707690
658376821
880367302
583422926
336490779
103957085
554384286
576115996
397001758
396627736
381418584
502738063
82133826
259946357
763984453
774879621
208930393
492753781
11855784
492377391
176800535
326196960
19715367
880587986
734845339
881560275
313277249
356203248
236108536
77539491
865102163
730181971
558144118
442962558
711318678
259603413
533890974
477164095
395714067
500342142
551214273
862134647
224424359
991658449
626059550
52864711
125062851
14455572
875589608
581794776
384687464
910666556
961192799
906520603
475030046
850545558
529926315
714810799
72480837
73728
826262650
635197841
816310932
410113759
294419615
867639677
294193154
655001373
394971834
795142117
267975450
1929293
580337750
105789361
517493793
625506040
679047474
290521710
711525080
910235185
794120185
339760085
766577733
183002115
452995334
579409048
328699108
557688138
14281899
189185787
949504665
659868032
430421441
911090910
987990619
163536446
12067663
935300506
691571613
365174141
490489195
359366199
558123289
993603696
827776393
490215320
715052996
324396332
787249704
433630712
260019599
504429050
152317658
320207327
361061016
708783335
132705179
913047387
329550884
273028637
535908187
191504466
640149089
453849956
46044198
923391613
150664323
685989749
652086432
945331393
523832233
786408611
533274729
320742336
337437087
804781630
282316769
278518053
275390414
843833999
403385473
105219974
718555957
934817426
42850944
187437453
996050234
407641165
214235834
639288223
697716385
441213756
468959287
23677375
359418979
154436709
936384908
47670345
218897539
734765029
75224715
520483796
295671620
67799201
719943851
594572068
109093429
929591237
277393290
39886486
773072805
945465927
399162392
683777287
93506155
207361813
943864101
953332444
585183385
39709885
697463677
254402227
367357018
285835581
53089318
783839275
11443998
942633961
687874945
496252550
67800228
789978872
577420323
872616659
311692881
783512831
372254199
927676118
287686199
353764929
285475728
152312644
707346449
614445137
337445799
674384109
874686546
652126420
721126497
922216406
409999480
273227536
326973015
411885146
457461023
558390975
415605208
686069864
847247335
322817115
197230031
440060996
844478021
555037003
800348907
141973725
993080823
276398489
951967070
334975334
305827814
571438615
551360367
993756013
734401731
536579539
235584658
536895579
231520063
608497857
986072565
430329893
401179995
316998376
407733079
701812170
642489130
762608757
662985207
221925730
512611274
850926448
849493376
922947393
881005865
919364440
671335204
861099677
383095889
153633462
74455657
676633915
440192615
1898975
661734519
628128570
133567221
175782129
602893551
256014447
231985661
82733163
801626946
559890376
795072589
758350051
982306914
822235625
228100202
834450536
85504380
438058328
387678751
812255019
68060627
937234454
917835124
299407424
879014828
575964972
607180958
347605565
748363921
194966456
693056868
952682654
266008608
449999543
541919467
781599040
690146476
334732686
207744434
131452606
438500400
131494539
437841194
93765726
931066226
662325380
947713165
210758901
312689246
279859681
621239784
848789344
984470106
174067872
398707098
696794984
963862611
368748801
648453239
259385613
989183292
312856580
986403921
473966737
750520145
616656583
455842417
639516583
955805442
914260195
352984823
126909078
293019102
435196296
851580924
244366959
468144559
873716854
74446454
581912106
482737232
471795663
21969251
550911881
455930995
469385205
90619096
854696756
44965594
420815322
102803826
413506271
635626346
2949120
376817997
596275606
782489146
857946608
769913547
78651248
485195969
906845583
420249746
245561051
63641066
660237007
821534132
744740271
762961914
268561920
350268774
374413778
124657683
670750698
396983382
742560387
26706708
854446982
882557687
860185864
582385211
77073317
274217639
16013049
812168812
628821002
786609857
149691636
23050102
625649917
594505911
918151696
541427125
442360500
326192908
843661953
12343569
280962118
940664882
360351921
337274645
818371678
107663764
439103406
642293834
688726714
254141512
443167486
906812843
265577300
403664947
203389978
98892033
747987323
447996119
519229905
400662407
306497559
576327274
89250559
705899828
146894913
906357849
770582623
165139488
913507420
400626492
963480545
459158847
506969150
626076546
6800810
31827652
694867664
730617869
81614890
218664387
846108499
191052084
313924668
295320368
509464287
688767948
681195316
400894517
240863166
761700435
427687119
462352356
463715536
208859197
339087318
742140563
52356849
781403951
530194923
306579935
14055671
977418420
326540313
687486187
759996614
464472402
263771232
51722715
863580417
170356743
226708919
266288552
230955480
59044995
772215491
184545400
437058168
122388414
328794841
676528074
155243745
646639094
912840038
271291431
28388786
569428302
916239087
717197705
251020172
932889784
568667114
805761038
283500350
259088766
598716258
427774670
302530494
683482196
449603543
535685675
932053256
227785640
717216830
38538797
687233161
207182231
317185568
120629150
198109201
245736173
959080964
326725064
208330112
479912450
571343376
88516476
343275270
803564317
901977794
658397174
918555655
335008609
633098993
508561818
83668675
605087895
823158611
308105707
747469872
837369307
611918084
140576998
117738504
477034847
375386794
397578415
981302632
983077146
732426332
416975956
316660795
672678887
45241668
110987431
782403540
685546528
564288071
633417820
705807419
333158799
111166189
887121157
899417367
899396628
994949724
738546380
269498856
358422001
323504596
627660
168074614
943425408
568226845
635734
5942999
105510693
16253351
393050280
597870800
895088345
197986990
568014284
847409425
687673851
22355665
985555673
793681643
816334999
783314554
782303051
152544168
958111595
422911015
29193313
605243941
973307038
359040455
601053101
27747609
796285607
253631526
672741094
86949788
145786107
735002433
537421232
29901106
398244132
442827758
746544781
579052048
321967550
804277296
872743909
754831080
30195305
113140252
183210619
695789746
559194633
120817257
799286305
734537467
807643788
160667600
632723739
525701965
9229038
976288502
784816535
897229959
57069546
5169669
771203413
309240814
231120906
413070064
779848060
808748810
40297369
398146090
682930936
772780203
753843870
801637623
578279761
537969483
999978528
694117704
320329284
976712756
140920102
2784882
58387699
164204367
683216686
524671737
335420276
98312599
323577599
149098410
483066441
6337424
744322509
781965558
668997587
582585146
663094039
456728669
49955090
76837320
965609496
743817147
46985000
501873150
822834350
905847397
752050701
640604897
441990690
201940692
452886773
155508676
857978789
885180168
744245795
485683921
322961540
167332871
266269973
800276731
78575185
369648430
193720250
480712008
830932706
471052658
276379941
201568002
124514911
806697430
686518527
297448854
866785202
303820644
565157330
885311169
815015076
584973465
902531707
655206865
321080074
852656991
21419383
871677345
988145586
340773697
831768285
399129822
366529230
498369770
254910971
514174231
332797429
764292998
961555484
414826692
433823721
306146281
485406819
815710455
965025438
326443404
91262706
83067325
461312475
253908124
951576419
942091504
465979875
389370461
572905050
828850273
115901785
577180330
670536334
507629549
468268837
878907297
612599058
357127573
753426697
378654476
518407919
364982438
643426214
436393641
970560462
997314080
798227202
111457167
365645036
35684868
930462446
576059513
447024086
950449829
432176636
138531707
335683351
474999521
912125395
827590530
800343746
390801771
523534797
36561460
23990997
978497072
695999312
674659491
359275129
231736673
489993540
811993918
801496967
53987529
716355192
855665084
288138847
929086633
524145728
687056225
430635556
200726023
363164106
496051196
506529994
958869710
47365943
35451013
954616527
36508154
40054874
648179557
794337707
960664484
148676201
277054501
546587818
146242276
373004067
156395547
230746118
975591259
743538766
600756050
647375991
670167746
621014229
18101824
434373265
496066984
572009297
897959605
589175190
266368991
646257237
817727380
542543695
771124166
134761104
176074443
774493243
41373508
638758774
512775353
294116093
862991203
973398444
579053723
805369060
562292708
117382054
316416995
29677804
713170366
887164839
77718797
775695730
611429625
90425252
243721613
993191930
727595979
953157741
404465421
455909028
136975461
340765875
900293337
482767853
262399451
397530883
683329851
572057155
130014043
510553871
759204573
235105286
616861314
888850731
519466905
947900306
589058475
591926498
833180734
224794632
124890531
669529683
797942357
598230109
116494280
766587776
732829177
756544654
224197944
952834288
415156972
88461729
507045342
56354386
702160333
695712626
141484375
605876023
354104159
303562207
805719623
137162443
978503854
132438879
641441185
509205907
291226156
350339384
71455763
297873344
914993199
373355134
231994995
52730926
371939122
302506943
270242641
434273453
272455211
216212045
950828969
443290697
895284246
392912869
528913919
709694840
774259293
209759043
795926284
843183369
558553368
660239779
546865313
509045426
582668869
657616916
844757220
361941163
665852929
154919054
618648036
738107053
396332348
181859528
904381442
648357534
695326130
583486120
836261174
794088612
591636621
54398844
627989273
498515165
79519042
816357792
707220037
6851870
544058112
317727468
592832700
389420333
993767797
211757268
973443286
94483164
592537165
6196748
360238103
309356109
505031414
239548238
678549102
874229779
144369727
543861464
650611473
686934262
512045246
92147533
535909489
456776241
7694740
544582767
760471421
603938266
875568983
334404111
103841184
785905567
333730445
307473194
430563194
124584447
14439653
394889579
683674399
202468445
146104215
7355169
576195630
452681535
621207713
879110015
595289392
978689812
560505174
459668304
837319252
228256303
467737216
456570449
473563746
791896914
319437227
548845435
195705883
451066275
212734762
761969867
561162510
329156458
942182119
702816441
47338525
257528451
523256226
571254877
711371698
31205173
753379648
721352585
103918493
612338978
653636016
717877269
153139883
245129240
778163750
758663224
196165893
128766013
857723813
602283120
443160066
711236916
828701244
692145636
42732184
282287074
993318793
198059219
854068699
969573774
695942369
304223200
963611418
677366481
259625426
343317828
100663296
547582466
665052877
65176660
589355964
842093571
264566116
169816446
230514677
769627793
989278870
931712612
504603893
681897475
167766220
5322930
604764107
894161099
897428158
943532642
888107099
354006709
375495188
951430839
842659160
382300490
753167549
404668851
769069427
82697209
195694332
599848483
746669889
110345512
18406802
74374398
374212529
404571386
877821644
63321030
878090706
345972990
819888974
416515523
329417345
977541033
880851588
994788924
302909779
366463366
387800403
21786099
281095561
935798352
425467994
767332870
834196557
900193113
230373624
13003653
1731533
496197803
459876220
324328529
456709282
529853770
143199040
145954089
354991390
920730087
832005933
546393025
184853237
409336683
182296632
601309034
922421112
415300343
617849913
929375943
247613221
702010693
588341122
861083103
859148993
990065884
547416651
91623168
464427338
849546682
568250845
319847652
674202150
456412888
832028251
942529645
26943325
554375159
795650340
178320184
604786324
414389419
819776460
298487216
173843460
479701714
399232254
436651486
434064730
919523835
911177308
859978354
717773322
754167912
187183844
499336480
336571552
610618269
863641186
667751218
865863769
166475630
730245825
908580666
182790377
271214531
10669810
967043165
419267857
747830286
138149832
412839032
358369161
97844556
228560886
148696688
823814522
41103241
445785990
508855000
571495144
855119872
95728298
859570846
144007377
767837331
895105379
435664502
377533998
648219288
419207312
640020157
620160371
18059851
318175328
262206849
141167759
918305864
176056842
18802280
329603226
516673785
18281075
442971505
233078731
408896636
418731191
175363516
689372006
448760184
68918436
355446185
73967272
685141138
771613475
9335891
956417642
134744255
249931557
37708714
763470910
506707701
622482318
975486244
373021232
166626172
523052165
280252579
707010393
217373748
863998122
553523974
121725115
639702687
258318278
636962860
231547680
73381932
226307127
473416762
418820474
999251229
836068484
441521521
560877378
607336695
97333541
775400807
7990107
115807154
96929586
97357189
364779984
988324839
889171898
82774517
10542282
866661227
554679672
383683343
966671681
777002179
127985130
763612699
436523956
748010929
238382374
536731433
959162680
373799889
970192691
764111041
602689692
479973992
765378808
162467879
911233173
293925136
659850943
364050546
457194159
221086307
837393931
576356038
435015853
939669179
864027732
378796599
919181132
258393650
810548941
413354748
796945705
982811330
25119665
227300962
326405056
243900895
656444024
974531188
749487697
476642565
355289529
15660072
743901040
15669411
767475590
318891049
911382237
836029760
658765387
581396226
68160618
628760980
118850540
26482264
27706550
899203107
49101010
959673304
506128207
688504515
752130138
94709135
167989261
532832892
123050616
615202596
878807090
766898396
140614828
8022913
863667115
526093070
458979380
736945984
588567228
577970532
240731060
925121201
514621700
14989782
936479371
944998248
69131715
292778180
545328456
970410961
868897759
337120772
112849039
459280384
408779872
602358121
381007498
256082171
821548057
899073449
144011165
67336052
122022211
70509333
726052292
868013451
761308636
515426036
125009892
621621538
737533220
595349093
17488401
439416093
116963450
499799188
300234080
31715108
663488845
17571414
676435677
492318520
883037779
330921972
688269800
6120247
387762619
490771518
837602592
778820199
603093845
403121903
363581824
640016386
25644555
760385624
332785289
86283443
605198429
662121423
495544664
863713451
628081094
549310303
115402516
396091171
426798480
156728077
401730837
587989231
355810759
86762803
674175182
797211851
937706561
587042873
516515575
494494007
39713045
484281846
797825415
752312320
524870556
393106322
849665816
174317512
600380398
202137705
767744352
977608412
751667484
612035933
372061483
559894418
707212931
372320776
388291792
410267560
303522277
788282276
213620378
603825163
503411068
191716896
61263595
449380002
228745420
457047290
944351290
243341216
314079564
791300900
513862250
394901555
134251321
388143732
628091261
918375793
999268823
714154066
330301403
726477036
6698463
406454488
193167382
578565936
917919112
132988236
734152021
374929190
162036520
897368200
351696600
198851726
837156043
374110472
798002694
449247696
789144192
179195563
762923206
691739750
460354292
603940345
124720303
52292526
375462966
12789148
570607330
350591277
338670893
597941953
287050006
103257275
419618305
681838353
485217769
246343422
460147440
75935441
503091108
927500183
475538737
417772965
960717057
365691642
569997395
977658376
306894407
87988362
157200989
940143814
678238506
880773538
934924350
333025817
11363336
383847164
114337693
503152295
712775667
659926291
892681089
821149404
654306917
556844287
722736337
227723979
229017380
819388229
647919267
557390232
438579030
393136744
242848100
246722045
999884665
286961333
363670196
549583245
458294385
238910856
28094520
753907498
992824329
395861150
559201679
143265306
499215793
738887988
218062916
253209948
760879563
40246700
554369266
178309401
56433401
373844841
230630532
583501420
797797568
404711674
44723876
925681590
157230191
506287608
168062386
167272803
246183704
301660577
447745867
531869487
989954872
554724895
18701831
124253698
961916619
483518339
440119652
266507987
255941202
597853962
858249655
151184289
388958874
541009942
405188347
777430567
75980876
530085122
273580727
722424626
78544382
881717289
561665861
989991677
142300516
641354664
253652643
221005822
357125183
467158199
798536563
193583342
575046823
479942123
638072661
936759593
322374529
497276986
277738933
99540435
422634041
826760872
178418428
400039995
696917602
777646408
273309111
731262508
759208669
401060828
417822475
900196461
214875999
99839648
702122744
714589391
416257384
158809677
356399575
178061856
457242533
961731672
139120167
379026343
932313169
507218595
173780111
907682121
64180467
64152462
954167472
925496776
477661070
869860066
896221046
107515707
241991262
976139394
474392646
827273105
624195490
408080501
263009332
264547038
558398108
898713255
175005630
957403582
200006216
868132766
321917341
319751259
542032239
84765901
998265838
856967341
336967713
210601057
200396173
684207895
359866602
343140851
611237955
203384195
206994860
853872883
463337597
306214420
824451713
938289537
737376017
992613803
980780603
350700237
715336099
399206131
515601188
196028602
985699330
578409907
561091227
368844775
3723155
246646241
445208055
473123307
277763734
209546454
662889829
251982817
673169754
658756984
235086536
49813558
511714824
512026963
779001190
370584493
150194943
253431323
871637177
502404607
289073189
741996186
83998187
836780056
721969425
472639638
840240558
809952947
307200
325952261
640680445
184486015
572964335
897622672
353269327
719673354
363671390
964308508
420139961
130188935
297565556
857179899
598236948
635324815
860705268
576701635
777698180
101206770
2570285
304919288
434069428
194399522
992269644
242397144
907551122
127283253
511067826
358573048
481528078
47989108
502424322
249973908
990629103
298312707
234498381
591121249
991927255
20311418
393836133
937453900
542048340
131010706
484181046
267926905
7563836
912383650
500008533
616048319
841520668
412853176
770638822
469105708
422038
141177226
486651670
513373178
986496616
434985070
629322143
324953594
166768707
350993830
668612929
169833857
199597463
549585271
894781608
133237522
626379407
873788171
642557845
550880862
937223979
588512324
858768768
615117851
719585424
963706054
41895193
223073314
109021732
71165115
911927642
709632
948845598
513542461
204514730
910622439
397767282
41180210
51349607
989278993
667140605
301402066
266668209
224721853
113359732
673984544
240898429
772173710
632561284
404600561
46984689
676808857
255490616
208122731
923314491
358171806
468223098
290695811
297160279
67193765
731126623
82302728
297242362
958077142
115819457
465359506
983832896
209112211
745438658
987751796
504940367
447764029
582319591
38257752
369571757
996548025
61711081
814402055
155649268
439639905
309884982
305395661
68244543
361953964
562137302
72318273
705351531
418979431
493402691
73272638
696254484
876580781
30357932
609790107
130152934
667531686
574559028
120313587
866185378
518720777
812461243
860309888
366203622
95766794
771442393
756481961
747436896
935159734
799092283
982811054
281356870
776953455
334685485
764374296
87587601
527712303
95330336
287754935
52249604
200718779
917437444
544232921
523945250
806910644
291251439
64107468
110628800
978960207
77765567
428697991
846438309
450116527
952687825
297157347
197130366
904018349
552670529
605809623
87323838
995706695
333367130
74769342
568594602
587905426
909331353
39206704
44642599
552453348
94925824
513583054
226439287
391406035
144980544
120020993
225262289
697322343
761956532
481988664
792966595
782550683
836294405
894870986
823188720
906398626
952411102
318741837
296650660
515933809
952233176
274078125
789310818
536760288
155134518
292019209
511736481
18093715
767522987
214493771
627327626
778921466
454055141
329690041
871112023
380567514
115488718
831363352
615504451
619340737
406194386
80
315856835
83535532
472476264
188058959
162239484
271435409
296858263
322996022
299258084
625727090
708334820
975350714
631115090
312645028
297031805
414439148
826764666
106843910
140231074
26888730
317036565
410069509
396204160
935022893
611749252
163218328
603190280
519137055
155718903
828272864
855599507
976042270
577582025
257924412
730655860
272868520
322636067
416792579
26697250
557237358
162308405
149340738
822598068
458180419
255263711
606830135
109957975
420386974
458667450
765207298
897447852
209245037
982094056
770734314
765818953
110521493
605863330
164153858
109883086
722567078
77944498
632898201
475353946
323728593
115181190
580057987
357862570
100143019
75962382
776849346
340803775
368564688
961372326
439279351
90929265
573518245
414416587
697499540
139402774
341899374
49068790
516352850
978300259
13537577
879397363
681881531
20494548
613530329
629750216
114703266
530229366
878120580
972535872
531563692
938754155
503057195
59250889
85866779
288988626
608872916
916576757
151445855
459126364
968911003
289519483
717117289
169109390
305116316
162269703
266095305
463506371
547486623
29319653
637696842
446993005
62496491
403156856
199390643
119265619
99459992
27058657
228974808
833318627
909428406
358438534
396260712
26665439
621371498
77068090
777326732
480266913
816196956
469717445
19170505
830192629
287383625
789691552
354253414
426347314
196788489
94129921
855595416
580093465
656223445
214661483
396510165
453890434
101490589
205595490
864574284
478010042
20048939
55867775
338419214
335268146
524970852
536061270
328683306
156964696
557707451
163023202
213720710
203868770
582686549
735837646
386937794
593041803
319077983
257961464
522827343
627844741
43154891
170064241
739731709
680803527
817186030
98695598
345573715
808873686
949325344
577185960
332342077
842427519
67714160
728865885
284769415
160582297
305956019
2690687
613563094
506348362
94624958
903258484
817554826
402598742
400202260
992820496
881204851
175429655
379774899
576838085
186037637
411995768
728317193
748212316
860771842
191304197
252940536
139321611
619754351
492194242
921587021
423496534
310924279
112916636
163029107
962068809
106667259
214765761
481364477
72984216
241414157
658637340
221672600
944494139
901568881
930322335
12961558
638472650
47994981
730093915
144115366
842748372
858157419
214090996
763289190
179133290
365651769
484693111
21355573
726669792
522711145
893246349
682982606
941670126
517707447
666040629
513435874
428081104
7532281
925636704
438593200
879077931
415303933
1253812
363089858
999237322
594337246
810377614
331497948
721462645
563955118
212973232
74905452
971887519
877602906
326494000
896949403
629369224
191086318
273692908
229734619
177597799
291252121
357330527
704717650
292629397
318774369
878518632
747865183
784338723
230668253
965743984
670639270
960509967
531375186
83061640
12538810
288473045
768803911
135504803
857918563
636181776
84274746
707638192
24981670
252165395
854224341
975136170
303695270
464540800
700586772
381271307
733751144
763720262
841946733
228564782
182341162
238686453
278594414
305203458
781539252
256848920
73549262
431457871
277809001
481995002
332700717
44282429
849075079
611936367
796803549
869953129
310643454
762190049
13414298
38406688
829846785
128007589
269197074
853522635
333618651
20766479
601746329
443466160
931998884
490334867
40542735
752871636
886996478
55257224
601478530
188497768
761723679
27067067
784247698
940297069
667494485
961635729
230042259
74368615
888884215
841568228
188359915
19707003
389907605
482889407
320586063
157643273
527927247
416575670
327336471
764177115
922271962
303925934
224237390
347491419
192651537
805364444
86855461
144685534
973973542
423707967
947209097
411639736
255899095
695810006
242619819
406788239
588133431
418977657
455957462
818125189
355872195
260325751
569111979
123431372
758557944
454451362
568543336
868127829
704983087
982484298
883957632
615919964
87877034
524805186
547970853
756102835
279391025
24865333
54102497
465351338
929405909
377690702
843477071
223385284
177968012
994816472
197687014
948342057
486360008
802249600
980276267
675267173
261492270
740633740
70844150
647882215
806693018
674453846
598626264
766234407
766429284
817799589
737210291
622824848
589512975
270002818
843970870
797173209
855021739
749394318
360655409
863973516
724894709
966730507
553179946
788615330
878933531
319689921
795562642
645370813
654288787
511387614
727403601
575584579
975318687
555938812
379354031
274917888
764537583
283663427
23617211
333368204
558222513
804069349
257651343
328947875
990140847
819631469
276059563
133715647
69754472
780081998
881293750
394497461
813542040
84000936
234560064
1534
804628667
957751557
452979210
470246651
528343047
203661623
63091700
663835318
221756972
959683194
525016283
827898580
227309529
208352299
967648003
474023149
877429329
87943627
299667689
989264792
730794552
646969765
9439165
790921446
770183643
520394266
957312899
748419823
113447959
803466328
823903136
597098827
811696323
445001572
753746380
532264869
256193350
224661302
409088917
10377608
693395012
212606361
61415157
234832054
59611112
961220639
410695282
140896629
327395334
263356654
484111629
39166951
423521410
969043615
954065816
380859001
981728984
612447295
184957824
412083913
312381679
789135175
111757830
370041670
696265323
417532247
199151055
250785489
205218554
717895721
641754501
674848796
787454586
277013478
874890057
148927337
29853075
953317909
624796394
340353957
526042732
361602259
193183
672300950
56801631
596602429
130657995
111887542
649913240
701534951
965016734
232523669
16136920
691621826
883393280
644407194
158918761
396786350
327103993
360043486
90788673
548095392
833069323
641733847
474262036
438798955
220040963
254555254
979935068
60169564
900709292
790272607
30024255
62751586
615199428
734013404
451120624
545654503
775442042
253346682
258641840
980575958
236706013
894247575
153395069
395391270
294696121
484365473
363328859
125398602
32134878
366973267
16226269
578435216
141399813
220314293
999600500
701748381
879176184
670835093
438911536
199170648
197820524
645824181
696599947
565553151
98549475
465501940
454561899
972609071
474115130
163698903
146776925
271302643
440148698
444964144
587455637
100523554
444109212
268373205
423331661
143318291
448781239
81865282
940231346
257772000
250168129
512636662
985534676
306608398
905402664
576252277
123799304
816296777
38850001
696466398
279655370
565733406
407261659
929819698
459847219
825042680
407968176
958774786
862649960
393472851
307470745
434899404
722801369
452544910
581399897
319842111
977164987
67729185
398361251
595406469
477673767
935049912
694057956
364562928
129028870
98019327
121274147
710546347
764517867
327667273
49797141
629606529
86377054
553451186
187544143
519118565
617775511
371949124
952662663
23023437
827776909
242649084
338664858
685050819
118710336
638596409
528717253
852197247
814865450
840563766
220108053
500942797
615905155
770622306
309402668
386797639
855558128
389749237
67038003
350256458
343473753
200465445
392746269
234563913
752065946
695215951
636900207
664683882
657887839
409928601
439843961
818605342
847017096
268999874
770092061
691276950
104857245
396131440
63959098
591381629
124291902
274994149
898753880
203154573
25425848
517448208
255684838
408440580
277611614
322742241
878134686
909882631
926844436
864757629
618424241
890606874
817507196
66494110
990502769
268819071
17728301
22309809
830767937
285516445
111188445
464055138
859200750
947875929
364147625
504414038
98712371
744640765
935432987
121646628
687508817
590555874
464159390
355545069
812885234
599723413
651972572
49187979
435998845
605692669
22432163
119565452
560967261
495588906
614694622
184514761
348888799
262653844
600893432
459434960
433072182
730399860
489378639
127279888
752634893
73464188
82602457
206184906
905091047
858389337
164330580
454980268
266625144
988566432
969722109
570806693
414988367
768504074
764843979
475187204
121016621
706673762
935821678
604893072
625223936
399491010
133480466
384810086
111093582
261015113
843195736
34465474
134176632
856927465
816443011
855546318
218260293
905527142
63807916
223999196
689107432
64939336
750802496
98011267
672037204
784695198
397284089
395290892
51824758
397040428
538874576
239208491
301538605
989664784
873668631
651777384
432992608
918903839
197682242
428927592
744682947
741680837
88788119
291759924
583597891
238312011
591231343
966067786
554815044
782140661
458725180
840987658
429652180
663741920
239066418
771588798
188848888
63446918
618547305
942453174
495944410
607874675
5629916
257423691
785332062
738874517
680358130
725633511
571022251
863590276
617486572
241672675
591303133
343090155
912280490
195856002
499034298
307659368
965272010
238504278
932030975
744852261
856499483
755374356
202331152
687009052
205036661
251835862
212508636
538241645
16606073
62518015
941923137
94718828
566610394
489072341
696607240
666656651
462985435
181558320
182745562
244434191
869664736
259114769
610807854
575259664
649287104
182201435
658877750
795527781
458930626
909251755
258194301
674938385
876316440
259645820
239022267
322474438
904024791
268384224
878948296
689094662
232251072
604177455
384733629
136100082
891446326
833191708
698167640
706292427
42719735
45531675
247476655
677442540
256339017
663220126
622144743
655484548
656013185
854358896
412184713
983282768
85613980
970334420
11257073
712684394
917652870
963341890
574429858
488252715
542373983
783049156
220077406
516705950
84458572
746347460
958002341
893455384
195684054
899855092
499776285
557880514
607369647
433860464
781086651
737203700
48672170
209424094
432568417
421468345
899635615
223632529
571853398
114215432
862116674
729547426
200224757
214444980
453372486
598448520
880801674
586178754
28084279
110451848
432523144
730345181
262189895
716418204
777273588
16584889
368403165
135553157
368268857
519719067
707256553
667413996
390676512
896289428
482204297
340666794
549723293
239450185
846797249
634459493
120255225
320303697
447464131
907782893
48651816
506427424
351159304
403830508
627478893
508177917
574895395
733360504
251809980
194222282
480805250
543159014
845082011
903479127
907577871
418776715
626472743
776298502
548245849
533544666
135520900
401353222
48085566
68066875
235645252
210079193
232205362
238777582
530508853
718426393
837480745
555687040
796873969
366584614
829882866
887083601
411193333
107287098
371843636
802759355
168812796
636918752
68615813
239045676
620774462
34726435
105447818
339565369
99753953
934216349
600154584
976839463
623290153
921314204
951515752
424714534
943841068
808721296
484014548
33498593
86602210
533749913
135393158
888795020
312994071
891185089
120770529
906282791
474899587
722931628
384746886
776444097
523640611
715204200
798782771
22893732
976199864
146398897
487999485
180856203
760258900
774851530
728141720
2527088
782734996
479426953
765217302
212493977
505757618
601547390
323840517
692331941
482797688
572920813
934413010
162068522
243045429
737595443
198972016
831757722
845412060
628724848
694822026
541581991
151307982
677527861
470422849
408640457
582527954
973345727
938971279
217737978
580830112
411711987
889944055
522950086
123925614
859059881
996446505
591199575
180321532
405716340
594214087
577124531
790473128
643400889
721221811
480269657
992643170
795511176
744677267
126241285
202164777
424299800
290349244
79895940
355342923
776136044
584094226
52229492
850049823
469694065
144490182
411448325
736292841
969482022
628861968
42467488
474021855
809843158
61434169
64807193
859942206
477681056
