835421888053467
1
-1
65359477124183
38314176245210727969348659
1821493624772313296903460837887067395264116575591985428051
2849
-1
18832391713747645951035781544256120527306967984934086629
7457121551081282624906785980611483967188665175242356450410141685309470544369873228933631618195376584638329604772557792692020879940343027591349739
1019367991845056065239551478083588175331294597349643221202854230377166156982670744138634046890927624872579
271
1019367991845056065239551478083588175331294597349643221202854230377166156982670744138634046890927624872579
15873
1
11
23640661938534278959810874704491725768321513
2583979328165374677
5291
-1
861326442721791559
558347292015633724176437744276940256839754327191513121161362367392518146286990508096035734226689
