37
-1
10787486515641855447680690399137
8547
156494522691705790297339593114241
2849
-1
48309178743961352657
124843945068664169787765293383270911360799
5847953216374269
1658374792703150912106135986733
4323389537397319498486813661910938175529615218331171638564634673584089926502377864245568525724167747514051015996541288370082144401210549070471249459576307825335062689148292261132728058798097708603545179420665801988759187202766969303934284479031560743623
8481764206955046649703138252756573367260390161153519932145886344359626802374893977947413061916878710771840542832909245122985581
48309178743961352657
4391743522178304787
481
681663258350374914792092706203135650988411724608043626448534423994546693933197
5847953216374269
-1
20964360587
1
65359477124183
41
1194743130227
835421888053467
449842555105713
-1
735835172921265636497424576894775570272259013980868285504047093451066961
15873
-1
12345679
