20964360587
9832841691248770894788593903638151425762045231071779744346116027531956735496558505408062930186823992133726647
6422607578676942838792549775208734746307
2583979328165374677
18832391713747645951035781544256120527306967984934086629
9832841691248770894788593903638151425762045231071779744346116027531956735496558505408062930186823992133726647
-1
1658374792703150912106135986733
354987575434859779907703230386936457223997160099396521121760738374156904508342208022719204827831025914093006744763933262335818246361377351792687255946041888533901313454029108981185658501952431664891728789492367767128150514731984380546680866169684061057862974795882144124955626553070642527511537096201632942847
-1
23640661938534278959810874704491725768321513
152207
9832841691248770894788593903638151425762045231071779744346116027531956735496558505408062930186823992133726647
-1
407
271
835421888053467
3
124843945068664169787765293383270911360799
681663258350374914792092706203135650988411724608043626448534423994546693933197
1221
-1
56401579244218838127467569091934574168076706147772137619853355893965031020868584320360970107163
48309178743961352657
3483106931382793451758969
37
-1
302755071147441719648804117468967605207387223735997577959430820466242809567060248259158340902210112019376324553436270057523463518013926733272782319103844989403572509839539812291855888586133817741447169240084771419921283681501665152891310929458068422646079321828640629730547986678776869512564335452618831365425370874962155616106569785043899485316379049349076597033
-1
7993605115907274180655475619504396482813749
343997248022015823873409012727898176814585483316133470932232542139662882696938424492604059167526659786721706226350189198486412108703130374957
1277139208173690932311621966794380587484035759897828863346104725415070242656449553
-1
-1
38314176245210727969348659
1821493624772313296903460837887067395264116575591985428051
354987575434859779907703230386936457223997160099396521121760738374156904508342208022719204827831025914093006744763933262335818246361377351792687255946041888533901313454029108981185658501952431664891728789492367767128150514731984380546680866169684061057862974795882144124955626553070642527511537096201632942847
38314176245210727969348659
-1
2583979328165374677
1658374792703150912106135986733
14064697609
1221
735835172921265636497424576894775570272259013980868285504047093451066961
