18928639030853681620291501041075146696952489116032557259133068332386901381790649252318758281279575998485708877531705470376679916713988264243800870717395419269354533409047889456748059814499337497633920121143289797463562369865606662880938860495930342608366458451637327276168843460155214840053
401123144805455274769354191736863217007621339751303650220617729643
9182736455463728191
12345679
-1
-1
4224757076468103084072665821715251373046049852133502323616392057456696239966201943388255175327418673426277989015631601182931981411068863540346430080270384452893958597380650612589776087874947190536544148711449091677228559357836924376848331220954795099281791297
253100480890913692736016198430777018476335105036699569729182485446722348772462667679068590230321437610731460389774740572007086813464945583396608453556061756517337382941027587952417109592508225765628954695013920526449
-1
1145475372279495990836197021764032073310423825887743413516609392898052691867124856815578465063
1194743130227
-1
5291
254258835494533435036867531146707348080345792016272565471650139842359521993389270277142130689041444190185608949911009407576913297737096364098652428171878972794304602084922451055174167302313755403
526592943654555028962611901
1145475372279495990836197021764032073310423825887743413516609392898052691867124856815578465063
271
-1
-1
294724432655467138225758915414087827880931329207191276156793398172708517536103743
1277139208173690932311621966794380587484035759897828863346104725415070242656449553
65359477124183
103842159916926272066458982346832814122533748701973
6422607578676942838792549775208734746307
245278390973755212165808192298258523424086337993622761834682364483688987
35727045373347624151482672382993926402286530903894247945694891032511611289746337977849231868524473026080743122543765630582350839585566273669167559842801
31836994587710920089143584845590576249602037567653613498885705189430117796879974530404329831263928685132123527539
5847953216374269
12345679
31836994587710920089143584845590576249602037567653613498885705189430117796879974530404329831263928685132123527539
2849
-1
4768717215069146399618502622794468288030519790176442536957558416785884597043395326657129232236528373867429661421077730090605627086313781592751549833094897472579876013352408202193609918931807343824511206485455412494039103481163567
5291
-1
10787486515641855447680690399137
1145475372279495990836197021764032073310423825887743413516609392898052691867124856815578465063
2178649237472766884531590413943355119825708061
26392187912377936130905252045394563209290050145157033518078648719978886249670097651095275798363684349432567959883874373185537081024016891
-1
2651816494298594537258021744895253248475205515778308141076637496685229382126756828427472818880933439405993105277114823654203129143463272341553964465658976398833200742508618403606470432246088570670909573057544417926279501458499071864226995491911959692389286661363033678069477592150623176876160169716255635110050384513391673296207902413153009811721028904799787854680456112437019358260408379740121983558737735348713869
4391743522178304787
3584229390681
271
-1
212449543233482048013596770766942851072870193329084342468663692373061397917994476311875929466751646483960059485872105374973443807095814743998300403654132143615891225833864457191417038453367325260250690461015508816656044189504992564265986828128319524113023157
18832391713747645951035781544256120527306967984934086629
1277139208173690932311621966794380587484035759897828863346104725415070242656449553
18549434242255611203858282322389167130402522723056946763123724726395844926729734743090335744759784826562789834910035243925060285661287330736412539417547764793173808198849935076980152105360786496011871637915043591170469300686329066963457614542756445928399183824893340753107030235577814876646262289
156494522691705790297339593114241
175530981218185009654203967
48309178743961352657
2583979328165374677
-1
933706816059757236227824463118580765639589169
38446751249519415609381007304882737408688965782391387927720107650903498654363706266820453671664744329104190695886197616301422529796232218377547097270280661284121491733948481353325643983083429450211457131872356785851595540176855055747789311803152633602460592079969242599
65359477124183
7457121551081282624906785980611483967188665175242356450410141685309470544369873228933631618195376584638329604772557792692020879940343027591349739
-1
2208968411751711950519107576761652308371990280538988292467417715926662248729843163242765628451513143362049922686105588690081731831234813342169206980340181135409763640379942566821294455489286503203004197039982328252705986304395847139385906781533024077755688093660260658272586702010161254694057874972387894853103600618511155290479346145350121493262646344157278550916721890876960459465429644356085707974375966423680141373978352109564833222884912745747735807377954495250717914733819306383918709962447537
10787486515641855447680690399137
-1
903342366757
2031281738777168393256144627259800934389599837497460897826528539508429819215925248832013
1610305958132045088566827697262479871175523349436392914653784219
2262955419778230368861733423851550124462548087802670287395338311835256845440144829146865806743607150939126499207965603077619370898393301651957456438108169269065399411631590857660104095949309798596967639737497171305725277212038922833220185562344421814890246662140755827110205928943199818963566417741570491061326091875990042996152975786377008372935053179452364788413668250735460511427924869880063362751753790450328128535867843403484951346458474768047069472731387191672324055216112242588821
788022064617809298660362490149724192277383766745468873128447596532702915681639085894405043341213553979511426319936958234830575256107171
2178649237472766884531590413943355119825708061
