2208968411751711950519107576761652308371990280538988292467417715926662248729843163242765628451513143362049922686105588690081731831234813342169206980340181135409763640379942566821294455489286503203004197039982328252705986304395847139385906781533024077755688093660260658272586702010161254694057874972387894853103600618511155290479346145350121493262646344157278550916721890876960459465429644356085707974375966423680141373978352109564833222884912745747735807377954495250717914733819306383918709962447537
-1
133868808567603748326639892904953145917
4649
735835172921265636497424576894775570272259013980868285504047093451066961
-1
835421888053467
156494522691705790297339593114241
3584229390681
607164541590771098967820279295689131754705525197328476017
381825124093165330278732340588010691103474608629247804505536464299350897289041618938526155021
2262955419778230368861733423851550124462548087802670287395338311835256845440144829146865806743607150939126499207965603077619370898393301651957456438108169269065399411631590857660104095949309798596967639737497171305725277212038922833220185562344421814890246662140755827110205928943199818963566417741570491061326091875990042996152975786377008372935053179452364788413668250735460511427924869880063362751753790450328128535867843403484951346458474768047069472731387191672324055216112242588821
15941335883947074764865295711780647218236888251235453531005898294277060417663
32020493115593980147294268331732308677553634325968619916746717899455651617034902337495997438360550752481588216458533461415305795709253922510406660262568043547870637207813
4391743522178304787
158052789631737
502765208647561588738059326294620412267471091
7457121551081282624906785980611483967188665175242356450410141685309470544369873228933631618195376584638329604772557792692020879940343027591349739
23792529145848203664049488460623364263621222935998096597668332143706876040923150130858910302165120152272186533428503449916726147989531287175826790387818225077325719724006661908160837497025933856768974541993813942422079467047347133
2267573696145124716553287981859410430839
4323389537397319498486813661910938175529615218331171638564634673584089926502377864245568525724167747514051015996541288370082144401210549070471249459576307825335062689148292261132728058798097708603545179420665801988759187202766969303934284479031560743623
14064697609
5291
1221
1194743130227
449842555105713
-1
649772579597141
81103
735835172921265636497424576894775570272259013980868285504047093451066961
5291
-1
874890638670166229221347331583552055993
481
23196474135931338436557643238227789376014845743446996056599396891672465785200649501275806077476223614010670378102528415680816515889584783112966829041985618186035722570169334261192298770586870795639062862444908373927163071213175597309209
14064697609
2178649237472766884531590413943355119825708061
1
176087339320302870223630920936784645184011269589716499383694312378939954217291776721253741855960556435992252157069906673710160239478781475611903504138052474027117450255326642014439161824264835358337735516816340905088924106356752949462933615073076245817925691142806832188765627751364676879732347244233139637260081
152207
9182736455463728191
1
291630212890055409740449110527850685331
38314176245210727969348659
558347292015633724176437744276940256839754327191513121161362367392518146286990508096035734226689
20964360587
158052789631737
12345679
1194743130227
2410219329959026271390696553386358158592431911303928657507833212822366835382019763798505664015425403711737768136900457941672692214991564232345143408050132562063147746444926488310436249698722583755121716076162930826705230175946011087008917811520848397204145577247529525186791998071824536032778982887442757290913473126054470956857073993733429742106531694384188961195468787659677030609785490479633646661846228006748614123885273559893950349481802844058809351651
371609067261241174284652545522110739502043849869936826458565589
235904694503420618070299598962019344184949280490681764567114885586223165841
194590387234870597392488811052733994940649931893364467795290912628916131543101770772523837322436271648180579879353959914380229616656937147304923136797042226114029966919634170071998443276902121035220860089511578128040474800544853084257637672698968670947655185833819809301420509826814555360965168320684958163066744502821560614905623662191087760264642926639424012453784783031718233119283907374975676201595641175325938898618408250632418758513329441525588635921385483557112278653434520334695466043977427515080755010702471297917882856586884607900369721735746254135045728741
26392187912377936130905252045394563209290050145157033518078648719978886249670097651095275798363684349432567959883874373185537081024016891
-1
9182736455463728191
1194743130227
1221
401123144805455274769354191736863217007621339751303650220617729643
-1
5941770647653
1019367991845056065239551478083588175331294597349643221202854230377166156982670744138634046890927624872579
1443
-1
15453562046051614897233812393756760933395147581517539792922268582908360377066913923659403492505022407664966774841600989027970947303353422963993200432699737289445217122546747025189306135064132282491114201823520321434090557873589862463297790140627414619069695564827692783186524493895842991809612115592644104466079431308916705300571781795703909751197651058569
144487790781678948128883109377257621730963733564513798584019650339546308336945528102875307036555411067764773876607426672446178297933824591821991041756971535905216009247218610027452680248519
4649
9832841691248770894788593903638151425762045231071779744346116027531956735496558505408062930186823992133726647
1194743130227
2149151085321298087255534064044702342574683
3
1194743130227
291630212890055409740449110527850685331
152207
-1
20964360587
1610305958132045088566827697262479871175523349436392914653784219
1
