279876854184158970053176602294990204310103554436048138818919675342849146375594738315141337811363
15941335883947074764865295711780647218236888251235453531005898294277060417663
835421888053467
14795088030773783104009468856339695221186566060068057404941559402278443556739162598017458203876313064062731173250480840361
1
5847953216374269
10787486515641855447680690399137
234907211651397697909325816302560488607
10787486515641855447680690399137
56401579244218838127467569091934574168076706147772137619853355893965031020868584320360970107163
14064697609
6422607578676942838792549775208734746307
38314176245210727969348659
1122334455667789
-1
449842555105713
1277139208173690932311621966794380587484035759897828863346104725415070242656449553
3
-1
-1
15873
56401579244218838127467569091934574168076706147772137619853355893965031020868584320360970107163
-1
271
1443
58173356602675974403723094822571262361838278068644560791157649796393251890634089586969168121
-1
1712035610340695086457798322205101866118815271357644239
152207
5847953216374269
3
18832391713747645951035781544256120527306967984934086629
149947518368571
1437401178668966508552537013080350725887595227828086819031191605577116573235590053183843610751760816443869483972976857841023429639212304154089406353313209716831967802213597815150208423170907
3483106931382793451758969
124843945068664169787765293383270911360799
-1
-1
9182736455463728191
735835172921265636497424576894775570272259013980868285504047093451066961
371609067261241174284652545522110739502043849869936826458565589
5291
3367
1686056314280896981959197437194402293036587422019895464508514584387118529758893947057831731579834766481200472095767998651154948575282414432642050244478165570730062384083628393188332490305176192884842353734614736132186815039622323385601079076041139774068453886359804417467543415950092733097285449334007755859045692126117012308211094250547968302141291519136739167088180745236890912156466025965267239925813522171640532793795312763446299106390153431124599561625358286966784690608666329455403810487270274827179227786208059349182262687573764963749789242960714887877255100320350699713370426572247513066936435676951610183780138256617771033552520654189849940988029
-1
81103
-1
-1
5941770647653
1019367991845056065239551478083588175331294597349643221202854230377166156982670744138634046890927624872579
133868808567603748326639892904953145917
1019367991845056065239551478083588175331294597349643221202854230377166156982670744138634046890927624872579
18832391713747645951035781544256120527306967984934086629
-1
371609067261241174284652545522110739502043849869936826458565589
14795088030773783104009468856339695221186566060068057404941559402278443556739162598017458203876313064062731173250480840361
204624514016779210149375895232248823409044403519541641088602414569265397994679762635563740536116226723961530591364845508491917331696337221199099652138326171475342746060978105177
-1
7993605115907274180655475619504396482813749
2253775073247689880549921117872436330854180752760874464728420103673653369393734505296371422132071219292314627
20964360587
20964360587
-1
9182736455463728191
835421888053467
657462195923734385272846811308349769888231426692965154503616042077580539119
18832391713747645951035781544256120527306967984934086629
1371742112482853223593964334705075445816186556927297668038408779149519890260631
48309178743961352657
81103
176647235470764882529588411941353117823706059
-1
1949317738791423
291630212890055409740449110527850685331
-1
-1
37
1
1145475372279495990836197021764032073310423825887743413516609392898052691867124856815578465063
1763668430335097
8481764206955046649703138252756573367260390161153519932145886344359626802374893977947413061916878710771840542832909245122985581
