30
4 2
9
9
8
82
24 20
713
22
78
2315
1813
227
1415
715
224
69
109
720
1514
1016
234
2322
37
2211
192
175
93
1617
1921
2015
19 11
989
111113
1264
858
14712
6611
392
6135
4712
1365
787
918
218
580
131012
226
2131
8139
81113
22 9
15140
1090
151114
1531
9137
105
6140
12514
1399
3119
71214
11125
14142
11714
1518
1145
1437
168
11142
5139
5310
14012
25 14
594
470
702
419
789
637
758
669
415
453
136
894
138
919
582
879
545
183
465
777
825
314
553
554
237
28 22
829
141015
1849
10167
131114
11100
144
3162
242
364
6015
980
1604
9166
3912
9173
15135
649
470
151411
9613
15105
14015
151310
2816
7811
10316
21617
31 15
7510
171216
8157
1788
91616
10101
101012
17101
1508
1584
16113
11105
9103
1133
837
1085
17514
14812
7714
677
91111
1158
1389
51110
13162
1132
3012
4144
161
111210
141513
34 17
434
5122
587
814
6112
848
1112
729
5611
8310
854
654
907
600
584
397
41010
71211
134
999
10116
2610
1181
458
841
1150
1001
4125
13110
190
891
1348
1239
678
37 26
534
520
432
476
1710
374
714
9510
1349
448
8126
583
8811
8410
613
237
702
6911
873
884
1127
204
256
5127
1358
12712
8611
1292
5120
325
360
321
5311
994
1324
1109
246
40 27
5714
14116
786
142
7212
4187
10127
111710
18112
13017
1483
1727
1773
31818
12117
585
19113
4210
2188
101314
10119
11812
16914
8137
4412
8216
9153
16101
141214
18174
11135
514
1184
7316
731
1812
101415
41611
3714
659
43 17
9510
481
825
378
12611
91010
419
4117
1049
6310
106
856
850
2116
1711
12610
443
375
1092
645
218
1290
250
5611
7710
4112
287
8410
4101
1244
782
4211
503
485
375
1094
1080
690
977
12210
197
365
3100
46 35
9311
1510
669
11111
730
6100
368
81111
520
12115
8711
568
3100
9101
311
1106
7101
237
1237
9119
106
333
985
1910
1119
1147
487
197
464
4112
8810
1910
609
1193
243
259
976
7114
1096
751
334
869
479
1140
12111
196
49 35
383
600
6156
260
9177
7615
18132
10130
51517
280
12162
1363
341
1727
1138
15314
7114
7210
14153
8161
17113
474
11170
4101
5016
121413
6710
1598
5154
151313
16146
5411
382
1535
3415
121711
131016
1576
13100
41710
6713
1206
141615
1843
436
8612
171710
1352
4313
52 38
392
858
248
855
689
555
1086
110
409
137
130
796
819
103
553
163
977
790
476
251
873
730
869
265
253
165
350
118
760
375
1004
993
628
256
537
869
162
383
692
678
399
335
803
632
875
749
888
864
508
418
171
1096
55 42
161612
414
14210
1569
123
9153
1357
1221
692
906
16314
111313
18142
1070
15132
121615
18917
131014
181113
101714
198
5016
328
1317
161517
16106
18152
1142
995
950
536
101116
1283
3715
990
630
10314
544
6112
2161
4133
131517
3216
12139
17142
5415
121210
1162
16710
8313
903
1805
1024
3514
1562
58 44
377
1157
738
1263
1011
1230
586
2109
187
6116
3011
411
490
499
5117
662
1090
1003
262
762
1199
1061
1213
1510
801
5112
697
4311
656
907
5011
1137
2810
2410
11111
11111
147
379
286
790
431
1137
336
601
433
107
1029
759
780
668
769
741
1019
245
157
1811
1243
71011
61 31
7118
3102
4102
1114
859
10110
21011
266
909
268
138
3211
13511
227
366
13910
999
917
12113
9711
4012
2711
1327
742
435
12811
803
1163
4103
11510
6210
1170
11211
10107
1160
1337
429
2123
41212
7126
915
3116
217
91012
900
785
1104
1093
1374
943
1335
898
6812
1367
6310
197
2910
1170
443
6105
172
64 22
1211
81213
10130
13114
91413
1135
3103
976
1558
1363
601
7211
8106
2111
9126
111110
1353
485
10311
14127
422
177
1413
797
1281
4132
10147
944
121311
11512
301
91114
101113
1532
1109
5104
349
997
4110
202
5211
1277
13116
4010
4134
8012
14110
1012
3712
639
14312
779
387
11147
14143
943
10012
142
131410
2210
908
507
819
298
67 46
9120
12133
668
1698
101211
16155
10145
15310
121312
454
530
4128
566
12613
16210
1121
3157
974
14511
9312
12102
41010
450
101115
14125
1607
1604
853
12610
9414
10615
9312
1618
161312
1472
1526
503
15212
14132
9159
1451
7144
11211
1604
8214
10511
11314
111311
1669
1383
15151
1154
1383
1206
15100
141
1122
463
10613
8118
546
480
11105
1522
3012
175
14136
70 47
13120
507
510
10212
210
319
13112
121313
8212
986
12712
4711
7311
7132
586
111110
1110
1462
1085
1318
818
13138
1193
3111
1479
1022
10212
1374
7106
1049
9101
1313
914
203
230
929
914
149
11121
1375
2413
41310
31111
346
3134
4712
9112
386
2112
675
9511
690
12100
3115
5013
61111
12213
2611
4112
1383
2110
809
9109
3610
1110
1087
10113
881
1396
2111
73 40
8216
1274
151717
41117
11613
1700
31612
13714
681
207
21117
61012
1466
1488
18815
1488
934
6165
736
2917
1010
111211
18115
171517
573
289
81717
683
111213
3106
1327
141110
13140
564
15211
11012
14515
673
8313
11712
181315
8210
61316
8310
648
15017
18014
17131
1110
1611
14717
17511
9514
7716
13511
11161
6111
1459
1836
1150
14016
3112
1886
968
10516
13134
6143
121611
9158
1494
8175
1459
7155
76 53
333
511
712
582
469
214
730
820
615
518
539
625
788
1069
218
133
326
477
596
328
458
633
1096
831
1059
191
1084
261
186
695
586
495
1051
843
532
494
347
231
218
168
944
313
602
534
281
947
532
276
335
389
937
733
756
274
629
518
509
971
582
266
477
345
955
736
561
379
1004
131
779
1088
788
628
541
1051
1071
672
79 49
2811
1115
9147
13316
16133
61615
31015
5129
161715
111110
6164
1299
4610
987
2213
11161
5120
41213
320
18133
141711
1111
161415
131515
1785
81215
8313
71614
11121
171013
10126
336
9121
12169
12512
184
2159
1312
11317
1435
1076
17115
1811
61011
131710
1230
978
1576
5166
161715
373
101714
922
7614
1402
778
6112
6117
544
3610
4117
1327
14614
13161
41714
3167
16310
141314
123
172
921
1517
1123
10011
1151
1414
747
13171
10116
82 57
81110
603
1255
219
12313
4120
11121
441
407
522
653
511
1181
10110
3210
4111
7111
463
10126
2119
777
1125
2712
152
1145
10712
1411
611
11121
61012
688
1046
457
1099
10129
1433
1217
2116
14104
186
759
339
573
651
14125
3134
1140
10109
1102
1414
13134
61311
14104
11711
542
12511
14121
954
747
839
11132
14111
511
2108
1328
1071
121310
3413
548
9910
102
4910
11130
71311
382
1330
123
476
137
871
439
51210
85 34
14813
1549
1536
248
384
680
12122
1574
502
1587
121114
5139
8113
7118
12137
14412
101310
141414
193
12105
10142
4132
1361
11212
9610
1436
14914
12142
10310
216
327
3913
1245
391
51410
2713
11139
1588
671
956
875
12148
9140
300
1545
787
1572
2510
159
1519
7137
131010
920
486
7126
147
1234
803
14100
71414
8311
1087
3146
1322
11513
933
11313
14214
141312
8108
2511
969
952
142
14714
809
1127
5712
255
111111
7912
8112
10111
1028
955
88 57
342
300
13314
1415
31110
380
291
426
13412
6611
1101
61014
1099
454
6144
688
2312
1418
1478
649
8111
3119
830
364
674
700
294
1567
11115
1282
71314
6413
2612
12132
10112
341
881
2131
12113
13102
121013
208
538
3113
11210
8121
417
1145
1091
811
564
1258
9710
10123
11105
1278
171
11113
9129
3118
1097
914
3414
635
594
790
105
81311
131410
13100
703
5214
14144
2110
1092
241
470
677
727
9610
669
4126
1125
333
860
3110
4126
5311
91 59
6011
266
12511
157
6101
5711
9113
6113
11111
3810
943
414
1013
5810
954
370
4116
4310
175
698
139
125
514
207
541
118
41010
111010
883
230
4116
1058
1252
1076
703
10105
203
614
2011
374
982
388
223
640
1710
618
732
616
718
11210
440
786
548
4113
21110
1142
12510
1062
5711
554
4511
380
118
288
163
4811
6109
5111
704
1141
1010
123
429
3107
4810
417
7101
4109
5411
460
12112
766
1266
606
523
158
4113
4610
5102
616
360
94 41
334
8109
101011
525
509
4104
9119
227
1113
284
125
982
207
748
1101
730
827
1028
372
233
645
5116
189
1018
734
1182
533
543
606
157
777
3111
142
1218
1238
519
491
541
818
12810
10010
877
9311
21111
598
902
121010
753
1195
202
442
1195
6103
1131
1016
183
1194
191
518
155
3410
474
546
839
161
9119
303
111
6108
5111
41111
1090
551
839
1012
5711
5411
878
753
7011
129
10108
768
12410
1005
457
509
238
7110
407
838
8810
1281
482
97 34
14618
131711
1875
131016
4104
3174
3121
1430
582
13170
8127
6178
6313
1103
5710
13172
15914
5106
61315
996
131213
262
658
114
16136
4164
1980
4153
461
41714
16106
141412
816
1146
616
18613
5188
12915
151412
7518
151212
2618
750
3615
15718
1298
490
886
31316
447
11108
31212
18613
1616
6113
4107
573
8915
389
51513
131417
1118
161516
13120
12614
5154
19147
12156
2168
335
766
191113
3161
91712
755
698
5617
16175
7121
17211
8813
1114
12215
406
31816
3216
91115
71812
13615
3515
151714
18172
51616
10154
91416
51418
2174
100 39
1533
8010
115
8216
1613
15910
13100
5610
5107
9140
17114
16143
1157
14156
7116
91015
12131
5131
1103
16510
11616
17014
6211
17115
16152
16214
31411
360
51515
121114
131515
173
4153
1091
5129
131312
7115
158
171512
14111
16166
5103
1460
1187
1059
1167
4616
306
6310
13114
15142
4515
15136
6165
727
1573
111510
438
1412
1162
4210
21114
13102
5117
1669
875
15410
5117
9133
297
171513
1536
7165
1761
3712
1103
801
4316
7415
5149
8145
9151
12137
10114
7120
6316
872
11611
1222
121013
12115
151116
6167
456
1762
670
1795
161315
1509
996
