401 1990
238 244
357 365
180 23
86 302
147 160
274 143
323 297
147 360
179 264
111 88
354 106
325 268
52 285
361 9
143 133
270 213
110 103
121 278
152 123
30 283
130 145
33 303
196 183
77 129
309 361
79 65
238 368
289 365
148 4
243 103
62 35
239 21
12 20
190 53
324 271
2 169
24 187
332 81
37 131
192 281
228 370
202 311
396 318
293 199
299 336
352 243
28 360
84 235
382 183
120 370
43 246
88 47
240 46
352 342
299 131
111 77
339 359
44 83
290 191
212 384
278 287
101 342
211 304
230 222
183 180
177 301
127 225
363 146
138 94
321 15
237 234
188 70
215 106
41 202
81 294
243 368
19 225
323 229
181 136
383 46
156 394
282 314
395 140
121 154
298 205
258 43
158 395
22 77
283 287
52 95
170 95
201 236
231 139
332 107
259 278
47 283
337 129
160 41
49 63
314 194
55 95
340 80
303 261
66 175
332 284
385 287
256 309
174 310
286 190
336 4
190 393
185 379
315 164
359 388
150 223
381 156
184 336
188 256
325 347
270 279
228 333
86 141
24 87
114 366
139 374
321 231
96 259
40 16
351 38
32 104
338 327
321 62
312 30
319 376
147 295
320 50
340 110
206 75
37 39
331 223
396 82
37 216
65 25
7 75
255 269
238 356
222 270
296 163
104 134
399 69
231 61
352 278
189 345
181 157
375 162
341 304
66 396
136 283
207 375
194 254
279 139
352 94
365 354
336 365
205 121
362 106
346 111
142 302
33 199
343 304
36 160
206 287
201 331
157 82
179 63
49 208
394 258
172 341
161 129
266 41
354 273
156 332
386 21
200 310
100 330
321 258
23 12
375 306
34 122
244 144
61 108
399 254
152 87
287 120
370 105
165 9
348 207
106 181
321 43
323 277
382 332
235 188
169 106
381 65
161 261
161 299
99 305
162 171
338 278
108 321
80 348
247 305
301 214
228 101
103 236
134 167
70 399
132 323
40 193
9 270
353 10
364 250
373 290
244 57
231 252
238 304
381 189
346 249
168 339
37 267
370 271
254 51
178 59
299 254
70 106
103 120
1 346
345 76
10 160
10 267
319 11
324 287
363 273
352 88
124 122
60 226
343 100
235 114
368 27
180 260
259 247
383 311
394 27
32 40
88 284
109 257
239 173
347 207
30 183
235 376
1 58
194 165
361 85
349 71
41 115
259 93
16 186
171 30
247 379
240 140
386 367
76 368
13 293
49 216
372 40
155 319
383 299
122 66
270 350
236 66
308 103
312 134
199 49
147 188
140 190
90 55
146 318
258 87
325 101
119 126
85 60
53 389
70 360
357 64
256 387
50 141
229 251
377 333
284 130
235 364
155 333
17 394
302 79
209 54
233 120
373 43
310 284
338 240
198 91
358 146
147 317
91 244
141 374
100 157
33 136
383 126
381 327
124 206
101 153
299 205
367 216
225 135
367 124
341 169
93 114
102 377
73 355
214 142
141 365
211 321
4 43
223 233
309 313
50 87
344 226
120 143
87 63
136 53
28 131
51 189
382 233
170 114
97 38
173 80
260 38
233 4
20 93
385 174
88 340
297 20
393 56
249 53
197 11
143 7
32 376
370 58
251 276
400 223
399 223
42 119
253 397
314 107
89 223
389 335
375 16
99 116
48 130
380 290
251 294
38 180
177 379
149 252
39 182
135 102
112 1
116 202
262 28
366 249
47 351
137 60
22 332
209 143
37 361
107 290
100 259
150 141
339 227
386 296
254 379
83 141
118 102
198 310
287 256
186 368
355 292
165 144
92 384
357 235
192 332
187 220
117 139
98 361
99 176
217 329
392 167
286 196
70 52
241 323
51 366
78 73
121 107
367 240
174 326
24 238
304 354
144 382
216 297
254 146
103 283
305 156
33 61
274 233
303 180
103 33
99 252
255 50
105 332
360 49
221 127
390 52
8 304
146 392
135 331
347 321
191 319
227 240
333 70
302 181
150 205
105 149
30 128
373 128
308 227
155 53
159 133
263 112
18 261
320 15
400 361
230 292
362 284
367 350
19 274
209 67
262 106
8 161
69 366
348 335
162 263
87 125
344 364
222 13
208 215
186 361
187 216
289 208
43 34
361 134
4 227
374 130
108 305
370 279
176 33
400 203
371 380
289 291
110 137
212 28
356 253
365 142
58 210
194 177
62 392
2 306
47 196
156 10
393 167
96 68
374 278
214 394
8 272
107 340
190 362
379 107
349 218
272 183
23 207
391 135
211 208
39 135
381 139
158 109
291 45
189 136
277 67
294 13
312 0
249 191
399 336
148 43
82 127
287 355
302 119
169 45
207 292
302 125
391 161
23 236
332 116
17 363
288 360
303 32
170 372
328 314
386 349
243 202
361 247
111 172
125 191
255 174
261 368
286 211
269 307
178 144
171 11
102 125
349 176
321 391
155 191
88 125
281 146
44 65
306 135
132 245
311 206
216 271
293 196
28 275
373 189
354 275
323 112
364 373
33 90
215 191
43 384
244 131
66 290
331 144
83 92
234 123
237 195
162 248
242 271
26 258
253 82
156 196
330 301
267 244
94 223
295 119
262 238
232 159
55 261
152 280
128 135
244 52
235 27
24 66
263 309
171 336
189 250
204 262
186 284
364 134
349 352
214 234
393 122
231 241
311 179
195 266
174 168
88 216
87 296
243 207
380 368
36 145
120 156
10 228
254 289
97 263
282 101
88 347
309 168
274 23
3 237
239 396
298 392
322 359
327 252
271 94
191 93
91 184
353 235
10 7
339 316
350 73
152 112
122 227
216 208
5 85
242 88
392 189
81 26
11 179
268 40
64 342
51 200
295 183
140 380
212 216
180 99
289 68
14 380
252 172
63 311
397 109
210 373
213 252
292 382
37 357
98 79
167 54
354 83
55 363
203 196
223 397
257 163
81 296
7 231
70 290
357 85
298 213
323 252
344 247
209 21
310 32
379 61
245 12
76 122
389 222
342 25
0 374
326 312
194 41
35 174
210 314
220 319
370 357
328 376
157 121
95 384
7 195
317 151
243 125
264 208
239 246
349 149
357 378
12 50
130 69
389 275
370 399
303 150
129 246
392 346
39 308
383 64
68 335
393 49
113 382
303 12
187 160
134 227
298 259
91 371
30 184
5 368
36 272
179 329
288 13
194 19
384 51
233 201
86 305
303 259
375 195
194 325
185 133
364 72
293 178
214 327
32 9
210 378
377 275
256 269
338 298
186 66
211 123
248 169
362 245
322 214
49 89
83 331
376 317
283 226
274 306
208 2
118 89
0 200
324 77
354 272
128 342
68 190
96 108
106 319
343 381
245 305
41 387
393 11
147 256
145 297
159 342
207 309
44 17
126 374
343 347
253 53
85 80
222 180
284 243
291 186
341 376
259 352
103 181
59 35
52 295
53 43
211 200
26 175
308 202
264 274
400 199
147 391
243 63
308 159
305 386
187 73
192 109
62 46
324 27
188 370
57 124
98 235
12 183
91 40
201 14
336 86
156 385
375 43
158 392
133 149
168 296
340 33
274 93
66 30
330 334
114 23
309 131
251 31
271 196
268 117
193 289
114 166
183 92
32 242
227 392
281 288
8 250
326 107
394 313
120 147
173 122
273 141
67 159
312 263
11 327
221 325
71 269
58 201
282 30
26 32
196 159
344 368
393 301
201 80
23 200
109 122
286 301
179 306
3 299
230 254
34 216
75 87
312 244
386 331
208 388
179 94
114 353
156 262
254 207
274 198
155 250
7 116
373 122
122 10
39 397
399 66
338 299
44 148
347 375
145 157
196 185
112 283
69 26
134 99
282 268
23 14
79 375
19 334
99 3
41 228
192 12
168 153
303 352
177 377
382 82
333 378
34 93
81 383
92 154
143 390
319 295
219 89
77 399
277 320
55 267
119 284
125 34
159 99
172 147
302 122
388 168
41 380
73 24
334 38
55 312
219 301
329 327
126 206
326 266
143 283
1 271
294 171
259 87
281 272
356 196
9 179
384 359
93 244
184 116
4 141
168 374
188 52
92 116
216 152
248 242
161 164
110 84
241 218
21 48
369 21
214 82
154 243
12 307
135 7
378 134
317 134
34 397
142 321
98 186
344 91
128 328
272 2
56 379
311 130
73 141
318 105
264 105
247 55
349 227
380 47
100 378
20 366
160 102
33 335
359 352
74 146
56 205
148 114
197 70
228 155
75 185
22 105
377 391
65 255
96 168
247 228
240 135
248 182
208 169
164 168
220 126
398 334
58 42
162 282
222 233
37 52
20 49
189 75
247 258
163 295
160 316
97 333
309 66
295 317
127 257
81 99
3 207
64 269
116 5
267 130
344 175
60 345
268 309
383 218
188 27
158 135
11 105
259 90
299 359
77 207
245 289
46 13
204 337
264 190
278 305
314 102
370 266
325 284
0 68
132 186
94 309
93 320
171 353
273 322
200 240
84 105
351 360
222 290
186 339
107 206
55 233
25 309
48 125
275 220
3 306
177 175
316 199
110 376
83 102
5 144
185 227
132 177
134 353
24 299
370 16
15 8
34 16
294 285
235 115
390 108
237 268
331 394
350 304
68 208
113 18
40 196
259 16
331 190
81 254
128 258
142 126
186 97
243 252
17 53
218 228
241 156
273 59
257 118
192 63
355 374
11 245
374 345
98 232
233 40
272 298
329 7
321 88
78 20
53 374
195 92
72 119
164 384
95 6
226 213
100 48
78 344
194 330
41 211
147 64
14 78
7 168
82 12
123 231
7 316
176 114
38 253
251 197
245 148
391 388
337 382
342 65
88 227
303 20
179 168
23 222
394 225
239 303
179 234
318 309
92 352
158 174
240 330
68 362
94 366
339 78
146 18
383 125
247 146
233 217
34 315
391 268
393 61
312 299
166 329
282 398
353 216
375 188
227 114
213 38
345 259
224 268
7 163
58 93
327 30
245 390
37 367
287 205
75 259
82 17
207 373
256 176
185 231
271 4
66 329
337 71
360 198
48 112
134 380
375 105
251 239
343 365
265 206
67 5
18 345
112 341
160 285
363 207
91 104
163 277
167 302
221 284
360 191
71 252
231 128
45 125
162 23
210 282
223 119
242 246
304 156
124 293
8 292
226 383
155 249
82 177
140 58
137 375
166 310
274 171
222 132
218 247
93 301
108 28
236 117
213 197
377 161
394 90
75 132
52 357
144 82
66 270
50 223
126 360
56 281
351 364
146 103
247 7
8 279
87 269
342 290
211 20
199 259
338 117
292 357
309 375
144 23
164 225
136 22
207 269
362 40
85 61
374 256
58 196
339 27
4 80
109 49
49 298
64 57
212 20
313 68
285 208
237 13
54 124
319 253
88 6
132 11
6 267
234 251
37 234
29 146
322 276
238 64
38 289
105 374
285 187
153 307
84 144
372 295
55 84
60 99
239 24
254 231
347 272
118 159
0 47
107 300
29 192
111 213
112 273
2 123
262 291
353 292
1 182
289 162
83 221
390 174
366 259
375 298
37 111
355 150
66 240
280 278
398 285
392 143
143 11
144 47
84 90
126 152
156 247
114 326
117 255
182 22
80 288
99 141
202 274
18 167
352 228
205 135
233 380
275 375
151 216
265 174
164 121
357 196
328 323
151 222
249 237
147 397
209 65
365 43
119 296
344 279
153 320
348 284
319 119
130 215
24 321
213 382
273 375
287 13
353 136
157 389
222 4
308 55
82 148
288 186
114 38
296 324
58 248
51 203
69 333
15 180
357 302
326 381
97 201
350 34
118 400
394 388
284 192
72 193
202 231
115 234
41 218
124 24
379 242
140 293
210 199
231 372
397 228
241 151
347 4
296 22
257 245
201 48
3 326
74 129
105 2
194 2
29 112
332 128
103 289
356 371
73 314
295 157
74 211
248 303
375 284
116 293
123 87
128 214
4 68
79 38
386 194
39 116
55 266
184 209
189 125
250 367
101 194
289 71
375 13
149 300
118 369
59 22
254 380
88 108
216 372
30 377
345 8
319 373
351 245
83 153
52 293
281 231
169 226
66 153
182 87
193 206
285 376
343 35
66 170
257 309
86 201
153 154
315 172
140 103
36 98
33 8
158 193
292 165
341 314
232 114
196 22
115 93
263 276
338 22
395 172
215 219
231 212
143 144
379 76
398 85
387 35
297 228
43 351
389 65
156 60
63 212
174 232
319 256
185 381
387 162
273 398
205 151
395 330
255 343
390 68
219 2
358 396
95 220
202 146
238 334
162 214
4 306
227 313
104 251
262 203
321 220
88 369
148 101
68 75
297 156
23 138
153 258
39 267
43 71
264 62
19 322
384 61
15 27
117 311
376 351
215 314
345 379
222 244
131 346
281 154
180 306
318 159
316 69
316 12
49 231
111 329
373 380
242 78
267 68
339 372
173 286
324 143
299 303
320 338
211 199
259 49
378 49
112 372
148 73
183 117
156 358
227 93
16 170
25 38
140 113
341 265
395 273
73 22
307 386
213 367
268 274
397 348
147 17
173 400
181 374
69 77
331 281
229 353
163 364
315 378
38 34
276 38
276 237
173 285
54 137
248 281
104 241
361 205
308 90
40 13
89 30
8 12
350 55
23 387
118 92
238 117
283 238
229 85
347 128
258 351
33 108
352 354
172 107
42 329
110 361
26 251
202 156
162 249
146 198
357 118
55 252
139 249
111 260
81 108
216 146
33 174
306 242
376 206
57 330
36 141
315 355
355 36
213 355
156 144
318 210
244 358
137 14
123 6
333 133
99 20
159 353
248 185
248 135
127 35
303 226
157 192
174 165
241 26
65 91
345 176
132 193
197 36
274 175
213 173
383 101
311 127
52 83
276 369
159 349
140 286
90 273
249 367
31 121
280 380
354 145
397 65
140 69
287 312
169 145
6 204
60 389
144 343
51 388
266 372
18 223
196 197
0 319
115 116
222 223
350 351
223 224
131 132
28 29
289 290
0 20
114 400
10 11
332 333
142 143
334 335
379 380
59 60
369 370
339 340
346 347
291 292
0 164
239 240
81 82
5 6
151 152
319 320
9 10
92 93
0 287
295 400
280 281
70 71
272 400
0 108
25 26
292 293
171 400
3 4
0 385
197 198
275 276
370 371
109 110
138 139
286 400
74 75
0 244
321 322
149 150
243 400
397 398
50 51
169 170
26 27
121 122
309 310
53 400
65 66
382 383
273 274
0 25
52 53
344 345
0 77
248 249
54 55
0 267
345 400
103 104
333 334
71 72
210 211
253 254
4 400
313 314
0 273
365 366
88 89
228 229
49 50
179 180
38 39
262 263
45 46
0 253
30 31
0 296
396 397
238 400
0 63
302 303
0 154
330 331
0 354
283 284
245 246
36 37
316 317
258 259
67 68
202 203
136 137
119 120
212 213
0 1
11 12
188 189
6 7
41 42
318 400
266 400
145 146
340 341
367 368
148 149
8 9
66 67
162 163
299 300
216 217
166 167
204 400
0 209
102 103
301 302
278 279
31 400
164 165
130 400
0 324
56 57
60 61
187 188
399 400
27 28
0 375
361 362
180 181
285 286
0 239
0 305
374 400
1 2
155 156
13 14
122 400
213 214
23 24
208 400
284 285
274 275
335 336
282 283
0 339
79 80
353 400
0 100
37 400
82 83
95 96
290 291
0 123
255 256
331 400
0 391
43 44
113 114
97 98
288 289
0 5
170 171
0 219
246 247
236 237
381 382
47 400
80 81
297 298
224 225
392 393
0 38
341 342
55 56
249 250
230 231
378 379
315 316
104 105
298 299
211 212
0 136
384 400
0 168
395 396
329 330
390 400
0 350
227 228
0 87
0 70
357 358
0 32
150 151
116 117
29 30
371 372
177 178
159 160
279 280
96 97
373 374
18 19
193 194
161 162
86 400
191 192
83 84
206 207
320 321
260 400
326 327
174 175
385 386
0 311
32 33
270 271
134 135
135 400
168 169
106 107
287 288
0 115
312 313
276 277
251 252
0 235
257 258
154 155
241 242
244 245
376 377
167 400
63 64
293 294
398 400
259 260
388 389
181 400
68 69
201 202
308 309
0 399
35 36
337 338
0 359
0 94
0 186
277 400
51 52
158 159
44 45
0 196
303 304
90 91
268 269
78 79
48 49
14 400
178 179
89 90
101 102
234 400
46 47
24 400
368 369
0 332
386 387
100 101
129 130
229 230
84 85
72 73
69 400
0 54
0 144
314 315
348 349
123 124
0 226
380 381
117 118
356 357
87 88
265 266
235 236
183 184
307 308
294 295
264 265
20 21
189 400
199 200
75 76
0 190
221 222
153 400
352 353
186 187
192 193
34 35
139 140
351 352
250 251
190 191
0 182
364 400
120 121
306 307
0 48
137 138
322 323
311 312
146 147
133 134
2 3
15 16
200 201
73 74
389 390
0 172
296 297
225 400
247 248
240 241
144 145
317 318
347 348
215 216
359 360
185 400
0 261
93 400
12 13
263 264
107 400
217 218
160 161
61 62
256 257
323 400
325 326
252 400
39 40
85 86
242 243
327 328
172 173
176 177
175 176
220 221
147 148
304 400
198 199
349 400
118 119
128 129
194 195
64 65
108 109
310 400
237 238
342 343
300 301
336 337
173 174
165 166
232 233
94 95
205 206
391 392
366 367
111 112
99 400
127 128
214 215
219 220
324 325
110 111
218 400
0 205
163 400
77 78
0 131
233 234
0 278
156 157
42 43
140 141
355 356
157 158
269 270
305 306
19 400
126 127
0 346
141 142
261 262
271 272
91 92
358 400
375 376
21 22
254 255
394 395
209 210
343 344
152 153
267 268
226 227
98 99
207 208
387 388
105 106
76 400
182 183
16 17
0 365
383 384
7 8
58 59
112 113
125 126
143 400
62 400
132 133
124 125
231 232
338 400
33 34
184 185
363 364
22 23
203 204
57 58
377 378
360 361
372 373
393 394
195 400
17 18
281 282
362 363
40 41
328 329
0 15
354 355
