133
134
135
136
137
138
139
140
141
142
143
144
145
146
147
148
149
150
151
152
153
133
134
135
136
137
138
139
140
141
142
143
144
145
146
147
148
149
150
151
152
153
133
134
135
136
137
138
139
140
141
142
143
144
145
146
147
148
149
150
151
152
153
133
134
135
136
137
138
139
140
141
142
143
144
145
146
147
148
149
150
151
152
153
133
134
135
136
137
138
139
140
141
142
143
144
145
146
147
148
149
150
151
152
153
133
134
135
136
137
138
139
140
141
142
143
144
145
146
147
148
149
150
151
152
153
133
134
135
136
137
138
139
140
141
142
143
144
145
146
147
148
149
150
151
152
153
133
134
135
136
137
138
139
140
141
142
143
144
145
146
147
148
149
150
151
152
153
133
134
135
136
137
138
139
140
141
142
143
144
145
146
147
148
149
150
151
152
153
133
134
135
136
137
138
139
140
141
142
143
144
145
146
147
148
149
150
151
152
153
133
134
135
136
137
138
139
140
141
142
143
144
145
146
147
148
149
150
151
152
153
133
134
135
136
137
138
139
140
141
142
143
144
145
146
147
148
149
150
151
152
153
133
134
135
136
137
138
139
140
141
142
143
144
145
146
147
148
149
150
151
152
153
133
134
135
136
137
138
139
140
141
142
143
144
145
146
147
148
149
150
151
152
153
133
134
135
136
137
138
139
140
141
142
143
144
145
146
147
148
149
150
151
152
153
133
134
135
136
137
138
139
140
141
142
143
144
145
146
147
148
149
150
151
152
153
133
134
135
136
137
138
139
140
141
142
143
144
145
146
147
148
149
150
151
152
153
133
134
135
136
137
138
139
140
141
142
143
144
145
146
147
148
149
150
151
152
153
133
134
135
136
137
138
139
140
141
142
143
144
145
146
147
148
149
150
151
152
153
133
134
135
136
137
138
139
140
141
142
143
144
145
146
147
148
149
150
151
152
153
133
134
135
136
137
138
139
140
141
142
143
144
145
146
147
148
149
150
151
152
153
137
138
139
140
141
142
143
144
145
146
147
148
149
150
151
152
153
154
155
156
157
138
139
140
141
142
143
144
145
146
147
148
149
150
151
152
153
154
155
156
157
158
138
140
141
142
143
144
145
146
147
148
149
150
151
152
153
154
155
156
157
158
159
138
140
142
143
144
145
146
147
148
149
150
151
152
153
154
155
156
157
158
159
160
138
140
142
144
145
146
147
148
149
150
151
152
153
154
155
156
157
158
159
160
161
138
140
142
144
146
147
148
149
150
151
152
153
154
155
156
157
158
159
160
161
162
138
140
142
144
146
148
149
150
151
152
153
154
155
156
157
158
159
160
161
162
163
138
140
142
144
146
148
150
151
152
153
154
155
156
157
158
159
160
161
162
163
164
138
140
142
144
146
148
150
152
153
154
155
156
157
158
159
160
161
162
163
164
165
138
140
142
144
146
148
150
152
154
155
156
157
158
159
160
161
162
163
164
165
166
138
140
142
144
146
148
150
152
154
156
157
158
159
160
161
162
163
164
165
166
167
138
140
142
144
146
148
150
152
154
156
158
159
160
161
162
163
164
165
166
167
168
138
140
142
144
146
148
150
152
154
156
158
160
161
162
163
164
165
166
167
168
169
138
140
142
144
146
148
150
152
154
156
158
160
162
163
164
165
166
167
168
169
170
138
140
142
144
146
148
150
152
154
156
158
160
162
164
165
166
167
168
169
170
171
138
140
142
144
146
148
150
152
154
156
158
160
162
164
166
167
168
169
170
171
172
138
140
142
144
146
148
150
152
154
156
158
160
162
164
166
168
169
170
171
172
173
138
140
142
144
146
148
150
152
154
156
158
160
162
164
166
168
170
171
172
173
174
138
140
142
144
146
148
150
152
154
156
158
160
162
164
166
168
170
172
173
174
175
138
140
142
144
146
148
150
152
154
156
158
160
162
164
166
168
170
172
174
175
176
138
140
142
144
146
148
150
152
154
156
158
160
162
164
166
168
170
172
174
176
177
157
158
159
160
161
162
163
164
165
166
167
168
169
170
171
172
173
174
175
176
177
159
160
161
162
163
164
165
166
167
168
169
170
171
172
173
174
175
176
177
178
179
159
162
163
164
165
166
167
168
169
170
171
172
173
174
175
176
177
178
179
180
181
159
162
165
166
167
168
169
170
171
172
173
174
175
176
177
178
179
180
181
182
183
159
162
165
168
169
170
171
172
173
174
175
176
177
178
179
180
181
182
183
184
185
159
162
165
168
171
172
173
174
175
176
177
178
179
180
181
182
183
184
185
186
187
159
162
165
168
171
174
175
176
177
178
179
180
181
182
183
184
185
186
187
188
189
159
162
165
168
171
174
177
178
179
180
181
182
183
184
185
186
187
188
189
190
191
159
162
165
168
171
174
177
180
181
182
183
184
185
186
187
188
189
190
191
192
193
159
162
165
168
171
174
177
180
183
184
185
186
187
188
189
190
191
192
193
194
195
159
162
165
168
171
174
177
180
183
186
187
188
189
190
191
192
193
194
195
196
197
159
162
165
168
171
174
177
180
183
186
189
190
191
192
193
194
195
196
197
198
199
159
162
165
168
171
174
177
180
183
186
189
192
193
194
195
196
197
198
199
200
201
159
162
165
168
171
174
177
180
183
186
189
192
195
196
197
198
199
200
201
202
203
159
162
165
168
171
174
177
180
183
186
189
192
195
198
199
200
201
202
203
204
205
159
162
165
168
171
174
177
180
183
186
189
192
195
198
201
202
203
204
205
206
207
159
162
165
168
171
174
177
180
183
186
189
192
195
198
201
204
205
206
207
208
209
159
162
165
168
171
174
177
180
183
186
189
192
195
198
201
204
207
208
209
210
211
159
162
165
168
171
174
177
180
183
186
189
192
195
198
201
204
207
210
211
212
213
159
162
165
168
171
174
177
180
183
186
189
192
195
198
201
204
207
210
213
214
215
159
162
165
168
171
174
177
180
183
186
189
192
195
198
201
204
207
210
213
216
217
333
334
336
337
338
339
340
341
342
343
344
345
346
347
348
349
350
351
352
353
354
336
337
338
340
341
342
343
344
345
346
347
348
349
350
351
352
353
354
355
356
357
336
340
341
342
344
345
346
347
348
349
350
351
352
353
354
355
356
357
358
359
360
336
340
344
345
346
348
349
350
351
352
353
354
355
356
357
358
359
360
361
362
363
336
340
344
348
349
350
352
353
354
355
356
357
358
359
360
361
362
363
364
365
366
336
340
344
348
352
353
354
356
357
358
359
360
361
362
363
364
365
366
367
368
369
336
340
344
348
352
356
357
358
360
361
362
363
364
365
366
367
368
369
370
371
372
336
340
344
348
352
356
360
361
362
364
365
366
367
368
369
370
371
372
373
374
375
336
340
344
348
352
356
360
364
365
366
368
369
370
371
372
373
374
375
376
377
378
336
340
344
348
352
356
360
364
368
369
370
372
373
374
375
376
377
378
379
380
381
336
340
344
348
352
356
360
364
368
372
373
374
376
377
378
379
380
381
382
383
384
336
340
344
348
352
356
360
364
368
372
376
377
378
380
381
382
383
384
385
386
387
336
340
344
348
352
356
360
364
368
372
376
380
381
382
384
385
386
387
388
389
390
336
340
344
348
352
356
360
364
368
372
376
380
384
385
386
388
389
390
391
392
393
336
340
344
348
352
356
360
364
368
372
376
380
384
388
389
390
392
393
394
395
396
336
340
344
348
352
356
360
364
368
372
376
380
384
388
392
393
394
396
397
398
399
336
340
344
348
352
356
360
364
368
372
376
380
384
388
392
396
397
398
400
401
402
336
340
344
348
352
356
360
364
368
372
376
380
384
388
392
396
400
401
402
404
405
336
340
344
348
352
356
360
364
368
372
376
380
384
388
392
396
400
404
405
406
408
336
340
344
348
352
356
360
364
368
372
376
380
384
388
392
396
400
404
408
409
410
336
340
344
348
352
356
360
364
368
372
376
380
384
388
392
396
400
404
408
412
413
356
357
358
359
360
361
362
363
364
365
366
367
368
369
370
371
372
373
374
375
376
360
361
362
363
364
365
366
367
368
369
370
371
372
373
374
375
376
377
378
379
380
360
365
366
367
368
369
370
371
372
373
374
375
376
377
378
379
380
381
382
383
384
360
365
370
371
372
373
374
375
376
377
378
379
380
381
382
383
384
385
386
387
388
360
365
370
375
376
377
378
379
380
381
382
383
384
385
386
387
388
389
390
391
392
360
365
370
375
380
381
382
383
384
385
386
387
388
389
390
391
392
393
394
395
396
360
365
370
375
380
385
386
387
388
389
390
391
392
393
394
395
396
397
398
399
400
360
365
370
375
380
385
390
391
392
393
394
395
396
397
398
399
400
401
402
403
404
360
365
370
375
380
385
390
395
396
397
398
399
400
401
402
403
404
405
406
407
408
360
365
370
375
380
385
390
395
400
401
402
403
404
405
406
407
408
409
410
411
412
360
365
370
375
380
385
390
395
400
405
406
407
408
409
410
411
412
413
414
415
416
360
365
370
375
380
385
390
395
400
405
410
411
412
413
414
415
416
417
418
419
420
360
365
370
375
380
385
390
395
400
405
410
415
416
417
418
419
420
421
422
423
424
360
365
370
375
380
385
390
395
400
405
410
415
420
421
422
423
424
425
426
427
428
360
365
370
375
380
385
390
395
400
405
410
415
420
425
426
427
428
429
430
431
432
360
365
370
375
380
385
390
395
400
405
410
415
420
425
430
431
432
433
434
435
436
360
365
370
375
380
385
390
395
400
405
410
415
420
425
430
435
436
437
438
439
440
360
365
370
375
380
385
390
395
400
405
410
415
420
425
430
435
440
441
442
443
444
360
365
370
375
380
385
390
395
400
405
410
415
420
425
430
435
440
445
446
447
448
360
365
370
375
380
385
390
395
400
405
410
415
420
425
430
435
440
445
450
451
452
360
365
370
375
380
385
390
395
400
405
410
415
420
425
430
435
440
445
450
455
456
25
26
27
30
31
32
33
34
35
36
37
38
39
30
31
32
33
36
37
38
39
40
41
42
43
44
30
36
37
38
39
42
43
44
45
46
47
48
49
30
36
42
43
44
45
48
49
50
51
52
53
54
30
36
42
48
49
50
51
54
55
56
57
58
59
30
36
42
48
54
55
56
57
60
61
62
63
64
30
36
42
48
54
60
61
62
63
66
67
68
69
30
36
42
48
54
60
66
67
68
69
72
73
74
30
36
42
48
54
60
66
72
73
74
75
78
79
30
36
42
48
54
60
66
72
78
79
80
81
84
30
36
42
48
54
60
66
72
78
84
85
86
87
30
36
42
48
54
60
66
72
78
84
90
91
92
30
36
42
48
54
60
66
72
78
84
90
96
97
29
30
35
36
37
38
39
40
41
42
43
35
36
37
42
43
44
45
46
47
48
49
35
42
43
44
49
50
51
52
53
54
55
35
42
49
50
51
56
57
58
59
60
61
35
42
49
56
57
58
63
64
65
66
67
35
42
49
56
63
64
65
70
71
72
73
35
42
49
56
63
70
71
72
77
78
79
35
42
49
56
63
70
77
78
79
84
85
35
42
49
56
63
70
77
84
85
86
91
35
42
49
56
63
70
77
84
91
92
93
35
42
49
56
63
70
77
84
91
98
99
281
282
283
284
288
289
290
291
292
293
294
295
296
297
298
299
300
301
302
303
304
288
289
290
291
292
296
297
298
299
300
301
302
303
304
305
306
307
308
309
310
311
288
296
297
298
299
300
304
305
306
307
308
309
310
311
312
313
314
315
316
317
318
288
296
304
305
306
307
308
312
313
314
315
316
317
318
319
320
321
322
323
324
325
288
296
304
312
313
314
315
316
320
321
322
323
324
325
326
327
328
329
330
331
332
288
296
304
312
320
321
322
323
324
328
329
330
331
332
333
334
335
336
337
338
339
288
296
304
312
320
328
329
330
331
332
336
337
338
339
340
341
342
343
344
345
346
288
296
304
312
320
328
336
337
338
339
340
344
345
346
347
348
349
350
351
352
353
288
296
304
312
320
328
336
344
345
346
347
348
352
353
354
355
356
357
358
359
360
288
296
304
312
320
328
336
344
352
353
354
355
356
360
361
362
363
364
365
366
367
288
296
304
312
320
328
336
344
352
360
361
362
363
364
368
369
370
371
372
373
374
288
296
304
312
320
328
336
344
352
360
368
369
370
371
372
376
377
378
379
380
381
288
296
304
312
320
328
336
344
352
360
368
376
377
378
379
380
384
385
386
387
388
288
296
304
312
320
328
336
344
352
360
368
376
384
385
386
387
388
392
393
394
395
288
296
304
312
320
328
336
344
352
360
368
376
384
392
393
394
395
396
400
401
402
288
296
304
312
320
328
336
344
352
360
368
376
384
392
400
401
402
403
404
408
409
288
296
304
312
320
328
336
344
352
360
368
376
384
392
400
408
409
410
411
412
416
288
296
304
312
320
328
336
344
352
360
368
376
384
392
400
408
416
417
418
419
420
288
296
304
312
320
328
336
344
352
360
368
376
384
392
400
408
416
424
425
426
427
288
296
304
312
320
328
336
344
352
360
368
376
384
392
400
408
416
424
432
433
434
288
296
304
312
320
328
336
344
352
360
368
376
384
392
400
408
416
424
432
440
441
523
524
525
526
527
528
529
530
531
532
533
534
535
536
537
538
539
540
541
542
543
531
532
533
534
535
536
537
538
539
540
541
542
543
544
545
546
547
548
549
550
551
531
540
541
542
543
544
545
546
547
548
549
550
551
552
553
554
555
556
557
558
559
531
540
549
550
551
552
553
554
555
556
557
558
559
560
561
562
563
564
565
566
567
531
540
549
558
559
560
561
562
563
564
565
566
567
568
569
570
571
572
573
574
575
531
540
549
558
567
568
569
570
571
572
573
574
575
576
577
578
579
580
581
582
583
531
540
549
558
567
576
577
578
579
580
581
582
583
584
585
586
587
588
589
590
591
531
540
549
558
567
576
585
586
587
588
589
590
591
592
593
594
595
596
597
598
599
531
540
549
558
567
576
585
594
595
596
597
598
599
600
601
602
603
604
605
606
607
531
540
549
558
567
576
585
594
603
604
605
606
607
608
609
610
611
612
613
614
615
531
540
549
558
567
576
585
594
603
612
613
614
615
616
617
618
619
620
621
622
623
531
540
549
558
567
576
585
594
603
612
621
622
623
624
625
626
627
628
629
630
631
531
540
549
558
567
576
585
594
603
612
621
630
631
632
633
634
635
636
637
638
639
531
540
549
558
567
576
585
594
603
612
621
630
639
640
641
642
643
644
645
646
647
531
540
549
558
567
576
585
594
603
612
621
630
639
648
649
650
651
652
653
654
655
531
540
549
558
567
576
585
594
603
612
621
630
639
648
657
658
659
660
661
662
663
531
540
549
558
567
576
585
594
603
612
621
630
639
648
657
666
667
668
669
670
671
531
540
549
558
567
576
585
594
603
612
621
630
639
648
657
666
675
676
677
678
679
531
540
549
558
567
576
585
594
603
612
621
630
639
648
657
666
675
684
685
686
687
531
540
549
558
567
576
585
594
603
612
621
630
639
648
657
666
675
684
693
694
695
531
540
549
558
567
576
585
594
603
612
621
630
639
648
657
666
675
684
693
702
703
151
152
153
160
161
162
163
164
165
166
167
168
169
170
171
172
173
174
175
176
177
160
161
162
163
170
171
172
173
174
175
176
177
178
179
180
181
182
183
184
185
186
160
170
171
172
173
180
181
182
183
184
185
186
187
188
189
190
191
192
193
194
195
160
170
180
181
182
183
190
191
192
193
194
195
196
197
198
199
200
201
202
203
204
160
170
180
190
191
192
193
200
201
202
203
204
205
206
207
208
209
210
211
212
213
160
170
180
190
200
201
202
203
210
211
212
213
214
215
216
217
218
219
220
221
222
160
170
180
190
200
210
211
212
213
220
221
222
223
224
225
226
227
228
229
230
231
160
170
180
190
200
210
220
221
222
223
230
231
232
233
234
235
236
237
238
239
240
160
170
180
190
200
210
220
230
231
232
233
240
241
242
243
244
245
246
247
248
249
160
170
180
190
200
210
220
230
240
241
242
243
250
251
252
253
254
255
256
257
258
160
170
180
190
200
210
220
230
240
250
251
252
253
260
261
262
263
264
265
266
267
160
170
180
190
200
210
220
230
240
250
260
261
262
263
270
271
272
273
274
275
276
160
170
180
190
200
210
220
230
240
250
260
270
271
272
273
280
281
282
283
284
285
160
170
180
190
200
210
220
230
240
250
260
270
280
281
282
283
290
291
292
293
294
160
170
180
190
200
210
220
230
240
250
260
270
280
290
291
292
293
300
301
302
303
160
170
180
190
200
210
220
230
240
250
260
270
280
290
300
301
302
303
310
311
312
160
170
180
190
200
210
220
230
240
250
260
270
280
290
300
310
311
312
313
320
321
160
170
180
190
200
210
220
230
240
250
260
270
280
290
300
310
320
321
322
323
330
160
170
180
190
200
210
220
230
240
250
260
270
280
290
300
310
320
330
331
332
333
160
170
180
190
200
210
220
230
240
250
260
270
280
290
300
310
320
330
340
341
342
160
170
180
190
200
210
220
230
240
250
260
270
280
290
300
310
320
330
340
350
351
694
695
696
697
698
699
700
704
705
706
707
708
709
710
711
712
713
714
715
716
717
704
705
706
707
708
709
710
711
715
716
717
718
719
720
721
722
723
724
725
726
727
704
715
716
717
718
719
720
721
722
726
727
728
729
730
731
732
733
734
735
736
737
704
715
726
727
728
729
730
731
732
733
737
738
739
740
741
742
743
744
745
746
747
704
715
726
737
738
739
740
741
742
743
744
748
749
750
751
752
753
754
755
756
757
704
715
726
737
748
749
750
751
752
753
754
755
759
760
761
762
763
764
765
766
767
704
715
726
737
748
759
760
761
762
763
764
765
766
770
771
772
773
774
775
776
777
704
715
726
737
748
759
770
771
772
773
774
775
776
777
781
782
783
784
785
786
787
704
715
726
737
748
759
770
781
782
783
784
785
786
787
788
792
793
794
795
796
797
704
715
726
737
748
759
770
781
792
793
794
795
796
797
798
799
803
804
805
806
807
704
715
726
737
748
759
770
781
792
803
804
805
806
807
808
809
810
814
815
816
817
704
715
726
737
748
759
770
781
792
803
814
815
816
817
818
819
820
821
825
826
827
704
715
726
737
748
759
770
781
792
803
814
825
826
827
828
829
830
831
832
836
837
704
715
726
737
748
759
770
781
792
803
814
825
836
837
838
839
840
841
842
843
847
704
715
726
737
748
759
770
781
792
803
814
825
836
847
848
849
850
851
852
853
854
704
715
726
737
748
759
770
781
792
803
814
825
836
847
858
859
860
861
862
863
864
704
715
726
737
748
759
770
781
792
803
814
825
836
847
858
869
870
871
872
873
874
704
715
726
737
748
759
770
781
792
803
814
825
836
847
858
869
880
881
882
883
884
704
715
726
737
748
759
770
781
792
803
814
825
836
847
858
869
880
891
892
893
894
704
715
726
737
748
759
770
781
792
803
814
825
836
847
858
869
880
891
902
903
904
704
715
726
737
748
759
770
781
792
803
814
825
836
847
858
869
880
891
902
913
914
73
84
85
86
87
88
89
90
91
92
93
94
95
96
97
98
99
100
101
84
85
96
97
98
99
100
101
102
103
104
105
106
107
108
109
110
111
112
84
96
97
108
109
110
111
112
113
114
115
116
117
118
119
120
121
122
123
84
96
108
109
120
121
122
123
124
125
126
127
128
129
130
131
132
133
134
84
96
108
120
121
132
133
134
135
136
137
138
139
140
141
142
143
144
145
84
96
108
120
132
133
144
145
146
147
148
149
150
151
152
153
154
155
156
84
96
108
120
132
144
145
156
157
158
159
160
161
162
163
164
165
166
167
84
96
108
120
132
144
156
157
168
169
170
171
172
173
174
175
176
177
178
84
96
108
120
132
144
156
168
169
180
181
182
183
184
185
186
187
188
189
84
96
108
120
132
144
156
168
180
181
192
193
194
195
196
197
198
199
200
84
96
108
120
132
144
156
168
180
192
193
204
205
206
207
208
209
210
211
84
96
108
120
132
144
156
168
180
192
204
205
216
217
218
219
220
221
222
84
96
108
120
132
144
156
168
180
192
204
216
217
228
229
230
231
232
233
84
96
108
120
132
144
156
168
180
192
204
216
228
229
240
241
242
243
244
84
96
108
120
132
144
156
168
180
192
204
216
228
240
241
252
253
254
255
84
96
108
120
132
144
156
168
180
192
204
216
228
240
252
253
264
265
266
84
96
108
120
132
144
156
168
180
192
204
216
228
240
252
264
265
276
277
84
96
108
120
132
144
156
168
180
192
204
216
228
240
252
264
276
277
288
84
96
108
120
132
144
156
168
180
192
204
216
228
240
252
264
276
288
289
27
39
40
41
42
43
44
45
46
47
48
39
40
52
53
54
55
56
57
58
59
60
39
52
53
65
66
67
68
69
70
71
72
39
52
65
66
78
79
80
81
82
83
84
39
52
65
78
79
91
92
93
94
95
96
39
52
65
78
91
92
104
105
106
107
108
39
52
65
78
91
104
105
117
118
119
120
39
52
65
78
91
104
117
118
130
131
132
39
52
65
78
91
104
117
130
131
143
144
39
52
65
78
91
104
117
130
143
144
156
39
52
65
78
91
104
117
130
143
156
157
841
842
843
844
845
846
847
848
854
855
856
857
858
859
860
861
862
863
864
865
866
854
855
856
857
858
859
860
861
862
868
869
870
871
872
873
874
875
876
877
878
879
854
868
869
870
871
872
873
874
875
876
882
883
884
885
886
887
888
889
890
891
892
854
868
882
883
884
885
886
887
888
889
890
896
897
898
899
900
901
902
903
904
905
854
868
882
896
897
898
899
900
901
902
903
904
910
911
912
913
914
915
916
917
918
854
868
882
896
910
911
912
913
914
915
916
917
918
924
925
926
927
928
929
930
931
854
868
882
896
910
924
925
926
927
928
929
930
931
932
938
939
940
941
942
943
944
854
868
882
896
910
924
938
939
940
941
942
943
944
945
946
952
953
954
955
956
957
854
868
882
896
910
924
938
952
953
954
955
956
957
958
959
960
966
967
968
969
970
854
868
882
896
910
924
938
952
966
967
968
969
970
971
972
973
974
980
981
982
983
854
868
882
896
910
924
938
952
966
980
981
982
983
984
985
986
987
988
994
995
996
854
868
882
896
910
924
938
952
966
980
994
995
996
997
998
999
1000
1001
1002
1008
1009
854
868
882
896
910
924
938
952
966
980
994
1008
1009
1010
1011
1012
1013
1014
1015
1016
1022
854
868
882
896
910
924
938
952
966
980
994
1008
1022
1023
1024
1025
1026
1027
1028
1029
1030
854
868
882
896
910
924
938
952
966
980
994
1008
1022
1036
1037
1038
1039
1040
1041
1042
1043
854
868
882
896
910
924
938
952
966
980
994
1008
1022
1036
1050
1051
1052
1053
1054
1055
1056
854
868
882
896
910
924
938
952
966
980
994
1008
1022
1036
1050
1064
1065
1066
1067
1068
1069
854
868
882
896
910
924
938
952
966
980
994
1008
1022
1036
1050
1064
1078
1079
1080
1081
1082
854
868
882
896
910
924
938
952
966
980
994
1008
1022
1036
1050
1064
1078
1092
1093
1094
1095
854
868
882
896
910
924
938
952
966
980
994
1008
1022
1036
1050
1064
1078
1092
1106
1107
1108
854
868
882
896
910
924
938
952
966
980
994
1008
1022
1036
1050
1064
1078
1092
1106
1120
1121
181
182
195
196
197
198
199
200
201
202
203
204
205
206
207
208
209
210
211
212
213
195
196
197
210
211
212
213
214
215
216
217
218
219
220
221
222
223
224
225
226
227
195
210
211
212
225
226
227
228
229
230
231
232
233
234
235
236
237
238
239
240
241
195
210
225
226
227
240
241
242
243
244
245
246
247
248
249
250
251
252
253
254
255
195
210
225
240
241
242
255
256
257
258
259
260
261
262
263
264
265
266
267
268
269
195
210
225
240
255
256
257
270
271
272
273
274
275
276
277
278
279
280
281
282
283
195
210
225
240
255
270
271
272
285
286
287
288
289
290
291
292
293
294
295
296
297
195
210
225
240
255
270
285
286
287
300
301
302
303
304
305
306
307
308
309
310
311
195
210
225
240
255
270
285
300
301
302
315
316
317
318
319
320
321
322
323
324
325
195
210
225
240
255
270
285
300
315
316
317
330
331
332
333
334
335
336
337
338
339
195
210
225
240
255
270
285
300
315
330
331
332
345
346
347
348
349
350
351
352
353
195
210
225
240
255
270
285
300
315
330
345
346
347
360
361
362
363
364
365
366
367
195
210
225
240
255
270
285
300
315
330
345
360
361
362
375
376
377
378
379
380
381
195
210
225
240
255
270
285
300
315
330
345
360
375
376
377
390
391
392
393
394
395
195
210
225
240
255
270
285
300
315
330
345
360
375
390
391
392
405
406
407
408
409
195
210
225
240
255
270
285
300
315
330
345
360
375
390
405
406
407
420
421
422
423
195
210
225
240
255
270
285
300
315
330
345
360
375
390
405
420
421
422
435
436
437
195
210
225
240
255
270
285
300
315
330
345
360
375
390
405
420
435
436
437
450
451
195
210
225
240
255
270
285
300
315
330
345
360
375
390
405
420
435
450
451
452
465
195
210
225
240
255
270
285
300
315
330
345
360
375
390
405
420
435
450
465
466
467
195
210
225
240
255
270
285
300
315
330
345
360
375
390
405
420
435
450
465
480
481
81
82
83
84
85
86
87
88
89
90
96
97
98
99
96
97
98
99
100
101
102
103
104
105
106
112
113
114
96
112
113
114
115
116
117
118
119
120
121
122
128
129
96
112
128
129
130
131
132
133
134
135
136
137
138
144
96
112
128
144
145
146
147
148
149
150
151
152
153
154
96
112
128
144
160
161
162
163
164
165
166
167
168
169
96
112
128
144
160
176
177
178
179
180
181
182
183
184
96
112
128
144
160
176
192
193
194
195
196
197
198
199
96
112
128
144
160
176
192
208
209
210
211
212
213
214
96
112
128
144
160
176
192
208
224
225
226
227
228
229
96
112
128
144
160
176
192
208
224
240
241
242
243
244
96
112
128
144
160
176
192
208
224
240
256
257
258
259
96
112
128
144
160
176
192
208
224
240
256
272
273
274
96
112
128
144
160
176
192
208
224
240
256
272
288
289
103
104
105
106
119
120
121
122
123
124
125
119
120
121
122
123
136
137
138
139
140
141
119
136
137
138
139
140
153
154
155
156
157
119
136
153
154
155
156
157
170
171
172
173
119
136
153
170
171
172
173
174
187
188
189
119
136
153
170
187
188
189
190
191
204
205
119
136
153
170
187
204
205
206
207
208
221
119
136
153
170
187
204
221
222
223
224
225
119
136
153
170
187
204
221
238
239
240
241
119
136
153
170
187
204
221
238
255
256
257
119
136
153
170
187
204
221
238
255
272
273
253
254
255
256
257
258
259
260
261
262
263
264
265
266
267
268
269
270
271
272
273
270
271
272
273
274
275
276
277
278
279
280
281
282
283
284
285
286
287
288
289
290
270
288
289
290
291
292
293
294
295
296
297
298
299
300
301
302
303
304
305
306
307
270
288
306
307
308
309
310
311
312
313
314
315
316
317
318
319
320
321
322
323
324
270
288
306
324
325
326
327
328
329
330
331
332
333
334
335
336
337
338
339
340
341
270
288
306
324
342
343
344
345
346
347
348
349
350
351
352
353
354
355
356
357
358
270
288
306
324
342
360
361
362
363
364
365
366
367
368
369
370
371
372
373
374
375
270
288
306
324
342
360
378
379
380
381
382
383
384
385
386
387
388
389
390
391
392
270
288
306
324
342
360
378
396
397
398
399
400
401
402
403
404
405
406
407
408
409
270
288
306
324
342
360
378
396
414
415
416
417
418
419
420
421
422
423
424
425
426
270
288
306
324
342
360
378
396
414
432
433
434
435
436
437
438
439
440
441
442
443
270
288
306
324
342
360
378
396
414
432
450
451
452
453
454
455
456
457
458
459
460
270
288
306
324
342
360
378
396
414
432
450
468
469
470
471
472
473
474
475
476
477
270
288
306
324
342
360
378
396
414
432
450
468
486
487
488
489
490
491
492
493
494
270
288
306
324
342
360
378
396
414
432
450
468
486
504
505
506
507
508
509
510
511
270
288
306
324
342
360
378
396
414
432
450
468
486
504
522
523
524
525
526
527
528
270
288
306
324
342
360
378
396
414
432
450
468
486
504
522
540
541
542
543
544
545
270
288
306
324
342
360
378
396
414
432
450
468
486
504
522
540
558
559
560
561
562
270
288
306
324
342
360
378
396
414
432
450
468
486
504
522
540
558
576
577
578
579
270
288
306
324
342
360
378
396
414
432
450
468
486
504
522
540
558
576
594
595
596
270
288
306
324
342
360
378
396
414
432
450
468
486
504
522
540
558
576
594
612
613
1502
1503
1504
1505
1506
1507
1508
1509
1510
1511
1512
1513
1514
1520
1521
1522
1523
1524
1525
1526
1527
1520
1521
1522
1523
1524
1525
1526
1527
1528
1529
1530
1531
1532
1533
1539
1540
1541
1542
1543
1544
1545
1520
1539
1540
1541
1542
1543
1544
1545
1546
1547
1548
1549
1550
1551
1552
1558
1559
1560
1561
1562
1563
1520
1539
1558
1559
1560
1561
1562
1563
1564
1565
1566
1567
1568
1569
1570
1571
1577
1578
1579
1580
1581
1520
1539
1558
1577
1578
1579
1580
1581
1582
1583
1584
1585
1586
1587
1588
1589
1590
1596
1597
1598
1599
1520
1539
1558
1577
1596
1597
1598
1599
1600
1601
1602
1603
1604
1605
1606
1607
1608
1609
1615
1616
1617
1520
1539
1558
1577
1596
1615
1616
1617
1618
1619
1620
1621
1622
1623
1624
1625
1626
1627
1628
1634
1635
1520
1539
1558
1577
1596
1615
1634
1635
1636
1637
1638
1639
1640
1641
1642
1643
1644
1645
1646
1647
1653
1520
1539
1558
1577
1596
1615
1634
1653
1654
1655
1656
1657
1658
1659
1660
1661
1662
1663
1664
1665
1666
1520
1539
1558
1577
1596
1615
1634
1653
1672
1673
1674
1675
1676
1677
1678
1679
1680
1681
1682
1683
1684
1520
1539
1558
1577
1596
1615
1634
1653
1672
1691
1692
1693
1694
1695
1696
1697
1698
1699
1700
1701
1702
1520
1539
1558
1577
1596
1615
1634
1653
1672
1691
1710
1711
1712
1713
1714
1715
1716
1717
1718
1719
1720
1520
1539
1558
1577
1596
1615
1634
1653
1672
1691
1710
1729
1730
1731
1732
1733
1734
1735
1736
1737
1738
1520
1539
1558
1577
1596
1615
1634
1653
1672
1691
1710
1729
1748
1749
1750
1751
1752
1753
1754
1755
1756
1520
1539
1558
1577
1596
1615
1634
1653
1672
1691
1710
1729
1748
1767
1768
1769
1770
1771
1772
1773
1774
1520
1539
1558
1577
1596
1615
1634
1653
1672
1691
1710
1729
1748
1767
1786
1787
1788
1789
1790
1791
1792
1520
1539
1558
1577
1596
1615
1634
1653
1672
1691
1710
1729
1748
1767
1786
1805
1806
1807
1808
1809
1810
1520
1539
1558
1577
1596
1615
1634
1653
1672
1691
1710
1729
1748
1767
1786
1805
1824
1825
1826
1827
1828
1520
1539
1558
1577
1596
1615
1634
1653
1672
1691
1710
1729
1748
1767
1786
1805
1824
1843
1844
1845
1846
1520
1539
1558
1577
1596
1615
1634
1653
1672
1691
1710
1729
1748
1767
1786
1805
1824
1843
1862
1863
1864
1520
1539
1558
1577
1596
1615
1634
1653
1672
1691
1710
1729
1748
1767
1786
1805
1824
1843
1862
1881
1882
1521
1522
1523
1524
1525
1526
1527
1528
1529
1530
1531
1532
1540
1541
1542
1543
1544
1545
1546
1547
1548
1540
1541
1542
1543
1544
1545
1546
1547
1548
1549
1550
1551
1552
1560
1561
1562
1563
1564
1565
1566
1567
1540
1560
1561
1562
1563
1564
1565
1566
1567
1568
1569
1570
1571
1572
1580
1581
1582
1583
1584
1585
1586
1540
1560
1580
1581
1582
1583
1584
1585
1586
1587
1588
1589
1590
1591
1592
1600
1601
1602
1603
1604
1605
1540
1560
1580
1600
1601
1602
1603
1604
1605
1606
1607
1608
1609
1610
1611
1612
1620
1621
1622
1623
1624
1540
1560
1580
1600
1620
1621
1622
1623
1624
1625
1626
1627
1628
1629
1630
1631
1632
1640
1641
1642
1643
1540
1560
1580
1600
1620
1640
1641
1642
1643
1644
1645
1646
1647
1648
1649
1650
1651
1652
1660
1661
1662
1540
1560
1580
1600
1620
1640
1660
1661
1662
1663
1664
1665
1666
1667
1668
1669
1670
1671
1672
1680
1681
1540
1560
1580
1600
1620
1640
1660
1680
1681
1682
1683
1684
1685
1686
1687
1688
1689
1690
1691
1692
1700
1540
1560
1580
1600
1620
1640
1660
1680
1700
1701
1702
1703
1704
1705
1706
1707
1708
1709
1710
1711
1712
1540
1560
1580
1600
1620
1640
1660
1680
1700
1720
1721
1722
1723
1724
1725
1726
1727
1728
1729
1730
1731
1540
1560
1580
1600
1620
1640
1660
1680
1700
1720
1740
1741
1742
1743
1744
1745
1746
1747
1748
1749
1750
1540
1560
1580
1600
1620
1640
1660
1680
1700
1720
1740
1760
1761
1762
1763
1764
1765
1766
1767
1768
1769
1540
1560
1580
1600
1620
1640
1660
1680
1700
1720
1740
1760
1780
1781
1782
1783
1784
1785
1786
1787
1788
1540
1560
1580
1600
1620
1640
1660
1680
1700
1720
1740
1760
1780
1800
1801
1802
1803
1804
1805
1806
1807
1540
1560
1580
1600
1620
1640
1660
1680
1700
1720
1740
1760
1780
1800
1820
1821
1822
1823
1824
1825
1826
1540
1560
1580
1600
1620
1640
1660
1680
1700
1720
1740
1760
1780
1800
1820
1840
1841
1842
1843
1844
1845
1540
1560
1580
1600
1620
1640
1660
1680
1700
1720
1740
1760
1780
1800
1820
1840
1860
1861
1862
1863
1864
1540
1560
1580
1600
1620
1640
1660
1680
1700
1720
1740
1760
1780
1800
1820
1840
1860
1880
1881
1882
1883
1540
1560
1580
1600
1620
1640
1660
1680
1700
1720
1740
1760
1780
1800
1820
1840
1860
1880
1900
1901
1902
1540
1560
1580
1600
1620
1640
1660
1680
1700
1720
1740
1760
1780
1800
1820
1840
1860
1880
1900
1920
1921
7170689
7170688
7163905
7170689
7170690
7170689
7170688
7170690
7170691
7170690
7170689
7170691
7170692
7170691
7170690
7170692
7170693
7170692
7170691
7170693
7170694
7170693
7170692
7170694
7170695
7170694
7170693
7170695
7170696
7170695
7170694
7170696
7170697
7170696
7170695
7170697
7170698
7170697
7170696
7170698
7170699
7170698
7170697
7170699
7177472
7170688
7170688
7177472
7177473
7177472
7170689
7177473
7177474
7177473
7177472
7177474
7177475
7177474
7177473
7177475
7177476
7177475
7177474
7177476
7177477
7177476
7177475
7177477
7177478
7177477
7177476
7177478
7177479
7177478
7177477
7177479
7177480
7177479
7177478
7177480
7177481
7177480
7177479
7177481
7177482
7177481
7177480
7177482
7177472
7170688
7170688
7177472
7184256
7177472
7177472
7184256
7184257
7184256
7177473
7184257
7184258
7184257
7184256
7184258
7184259
7184258
7184257
7184259
7184260
7184259
7184258
7184260
7184261
7184260
7184259
7184261
7184262
7184261
7184260
7184262
7184263
7184262
7184261
7184263
7184264
7184263
7184262
7184264
7184265
7184264
7184263
7184265
7177472
7170688
7170688
7177472
7184256
7177472
7177472
7184256
7191040
7184256
7184256
7191040
7191041
7191040
7184257
7191041
7191042
7191041
7191040
7191042
7191043
7191042
7191041
7191043
7191044
7191043
7191042
7191044
7191045
7191044
7191043
7191045
7191046
7191045
7191044
7191046
7191047
7191046
7191045
7191047
7191048
7191047
7191046
7191048
7177472
7170688
7170688
7177472
7184256
7177472
7177472
7184256
7191040
7184256
7184256
7191040
7197824
7191040
7191040
7197824
7197825
7197824
7191041
7197825
7197826
7197825
7197824
7197826
7197827
7197826
7197825
7197827
7197828
7197827
7197826
7197828
7197829
7197828
7197827
7197829
7197830
7197829
7197828
7197830
7197831
7197830
7197829
7197831
7177472
7170688
7170688
7177472
7184256
7177472
7177472
7184256
7191040
7184256
7184256
7191040
7197824
7191040
7191040
7197824
7204608
7197824
7197824
7204608
7204609
7204608
7197825
7204609
7204610
7204609
7204608
7204610
7204611
7204610
7204609
7204611
7204612
7204611
7204610
7204612
7204613
7204612
7204611
7204613
7204614
7204613
7204612
7204614
7177472
7170688
7170688
7177472
7184256
7177472
7177472
7184256
7191040
7184256
7184256
7191040
7197824
7191040
7191040
7197824
7204608
7197824
7197824
7204608
7211392
7204608
7204608
7211392
7211393
7211392
7204609
7211393
7211394
7211393
7211392
7211394
7211395
7211394
7211393
7211395
7211396
7211395
7211394
7211396
7211397
7211396
7211395
7211397
7177472
7170688
7170688
7177472
7184256
7177472
7177472
7184256
7191040
7184256
7184256
7191040
7197824
7191040
7191040
7197824
7204608
7197824
7197824
7204608
7211392
7204608
7204608
7211392
7218176
7211392
7211392
7218176
7218177
7218176
7211393
7218177
7218178
7218177
7218176
7218178
7218179
7218178
7218177
7218179
7218180
7218179
7218178
7218180
7177472
7170688
7170688
7177472
7184256
7177472
7177472
7184256
7191040
7184256
7184256
7191040
7197824
7191040
7191040
7197824
7204608
7197824
7197824
7204608
7211392
7204608
7204608
7211392
7218176
7211392
7211392
7218176
7224960
7218176
7218176
7224960
7224961
7224960
7218177
7224961
7224962
7224961
7224960
7224962
7224963
7224962
7224961
7224963
7177472
7170688
7170688
7177472
7184256
7177472
7177472
7184256
7191040
7184256
7184256
7191040
7197824
7191040
7191040
7197824
7204608
7197824
7197824
7204608
7211392
7204608
7204608
7211392
7218176
7211392
7211392
7218176
7224960
7218176
7218176
7224960
7231744
7224960
7224960
7231744
7231745
7231744
7224961
7231745
7231746
7231745
7231744
7231746
7177472
7170688
7170688
7177472
7184256
7177472
7177472
7184256
7191040
7184256
7184256
7191040
7197824
7191040
7191040
7197824
7204608
7197824
7197824
7204608
7211392
7204608
7204608
7211392
7218176
7211392
7211392
7218176
7224960
7218176
7218176
7224960
7231744
7224960
7224960
7231744
7238528
7231744
7231744
7238528
7238529
7238528
7231745
7238529
11001817
11007045
11001817
11007046
11001818
11007046
11007045
11007047
11001819
11007047
11007046
11007048
11001820
11007048
11007047
11007049
11001821
11007049
11007048
11007050
11001822
11007050
11007049
11007051
11001823
11007051
11007050
11007052
11001824
11007052
11007051
11007053
11001825
11007053
11007052
11007054
11001826
11007054
11007053
11007055
11001827
11007055
11007054
11007056
11007045
11007045
11007045
11012274
11007046
11012274
11007046
11012275
11007047
11012275
11012274
11012276
11007048
11012276
11012275
11012277
11007049
11012277
11012276
11012278
11007050
11012278
11012277
11012279
11007051
11012279
11012278
11012280
11007052
11012280
11012279
11012281
11007053
11012281
11012280
11012282
11007054
11012282
11012281
11012283
11007055
11012283
11012282
11012284
11007045
11007045
11007045
11012274
11012274
11012274
11012274
11017503
11012275
11017503
11012275
11017504
11012276
11017504
11017503
11017505
11012277
11017505
11017504
11017506
11012278
11017506
11017505
11017507
11012279
11017507
11017506
11017508
11012280
11017508
11017507
11017509
11012281
11017509
11017508
11017510
11012282
11017510
11017509
11017511
11012283
11017511
11017510
11017512
11007045
11007045
11007045
11012274
11012274
11012274
11012274
11017503
11017503
11017503
11017503
11022732
11017504
11022732
11017504
11022733
11017505
11022733
11022732
11022734
11017506
11022734
11022733
11022735
11017507
11022735
11022734
11022736
11017508
11022736
11022735
11022737
11017509
11022737
11022736
11022738
11017510
11022738
11022737
11022739
11017511
11022739
11022738
11022740
11007045
11007045
11007045
11012274
11012274
11012274
11012274
11017503
11017503
11017503
11017503
11022732
11022732
11022732
11022732
11027961
11022733
11027961
11022733
11027962
11022734
11027962
11027961
11027963
11022735
11027963
11027962
11027964
11022736
11027964
11027963
11027965
11022737
11027965
11027964
11027966
11022738
11027966
11027965
11027967
11022739
11027967
11027966
11027968
11007045
11007045
11007045
11012274
11012274
11012274
11012274
11017503
11017503
11017503
11017503
11022732
11022732
11022732
11022732
11027961
11027961
11027961
11027961
11033190
11027962
11033190
11027962
11033191
11027963
11033191
11033190
11033192
11027964
11033192
11033191
11033193
11027965
11033193
11033192
11033194
11027966
11033194
11033193
11033195
11027967
11033195
11033194
11033196
11007045
11007045
11007045
11012274
11012274
11012274
11012274
11017503
11017503
11017503
11017503
11022732
11022732
11022732
11022732
11027961
11027961
11027961
11027961
11033190
11033190
11033190
11033190
11038419
11033191
11038419
11033191
11038420
11033192
11038420
11038419
11038421
11033193
11038421
11038420
11038422
11033194
11038422
11038421
11038423
11033195
11038423
11038422
11038424
11007045
11007045
11007045
11012274
11012274
11012274
11012274
11017503
11017503
11017503
11017503
11022732
11022732
11022732
11022732
11027961
11027961
11027961
11027961
11033190
11033190
11033190
11033190
11038419
11038419
11038419
11038419
11043648
11038420
11043648
11038420
11043649
11038421
11043649
11043648
11043650
11038422
11043650
11043649
11043651
11038423
11043651
11043650
11043652
11007045
11007045
11007045
11012274
11012274
11012274
11012274
11017503
11017503
11017503
11017503
11022732
11022732
11022732
11022732
11027961
11027961
11027961
11027961
11033190
11033190
11033190
11033190
11038419
11038419
11038419
11038419
11043648
11043648
11043648
11043648
11048877
11043649
11048877
11043649
11048878
11043650
11048878
11048877
11048879
11043651
11048879
11048878
11048880
11007045
11007045
11007045
11012274
11012274
11012274
11012274
11017503
11017503
11017503
11017503
11022732
11022732
11022732
11022732
11027961
11027961
11027961
11027961
11033190
11033190
11033190
11033190
11038419
11038419
11038419
11038419
11043648
11043648
11043648
11043648
11048877
11048877
11048877
11048877
11054106
11048878
11054106
11048878
11054107
11048879
11054107
11054106
11054108
11007045
11007045
11007045
11012274
11012274
11012274
11012274
11017503
11017503
11017503
11017503
11022732
11022732
11022732
11022732
11027961
11027961
11027961
11027961
11033190
11033190
11033190
11033190
11038419
11038419
11038419
11038419
11043648
11043648
11043648
11043648
11048877
11048877
11048877
11048877
11054106
11054106
11054106
11054106
11059335
11054107
11059335
11054107
11059336
15949441
15949440
15941773
15949441
15949442
15949441
15949440
15949442
15949443
15949442
15949441
15949443
15949444
15949443
15949442
15949444
15949445
15949444
15949443
15949445
15949446
15949445
15949444
15949446
15949447
15949446
15949445
15949447
15949448
15949447
15949446
15949448
15949449
15949448
15949447
15949449
15949450
15949449
15949448
15949450
15949451
15949450
15949449
15949451
15957108
15949440
15949440
15957108
15957109
15957108
15949441
15957109
15957110
15957109
15957108
15957110
15957111
15957110
15957109
15957111
15957112
15957111
15957110
15957112
15957113
15957112
15957111
15957113
15957114
15957113
15957112
15957114
15957115
15957114
15957113
15957115
15957116
15957115
15957114
15957116
15957117
15957116
15957115
15957117
15957118
15957117
15957116
15957118
15957108
15949440
15949440
15957108
15964776
15957108
15957108
15964776
15964777
15964776
15957109
15964777
15964778
15964777
15964776
15964778
15964779
15964778
15964777
15964779
15964780
15964779
15964778
15964780
15964781
15964780
15964779
15964781
15964782
15964781
15964780
15964782
15964783
15964782
15964781
15964783
15964784
15964783
15964782
15964784
15964785
15964784
15964783
15964785
15957108
15949440
15949440
15957108
15964776
15957108
15957108
15964776
15972444
15964776
15964776
15972444
15972445
15972444
15964777
15972445
15972446
15972445
15972444
15972446
15972447
15972446
15972445
15972447
15972448
15972447
15972446
15972448
15972449
15972448
15972447
15972449
15972450
15972449
15972448
15972450
15972451
15972450
15972449
15972451
15972452
15972451
15972450
15972452
15957108
15949440
15949440
15957108
15964776
15957108
15957108
15964776
15972444
15964776
15964776
15972444
15980112
15972444
15972444
15980112
15980113
15980112
15972445
15980113
15980114
15980113
15980112
15980114
15980115
15980114
15980113
15980115
15980116
15980115
15980114
15980116
15980117
15980116
15980115
15980117
15980118
15980117
15980116
15980118
15980119
15980118
15980117
15980119
15957108
15949440
15949440
15957108
15964776
15957108
15957108
15964776
15972444
15964776
15964776
15972444
15980112
15972444
15972444
15980112
15987780
15980112
15980112
15987780
15987781
15987780
15980113
15987781
15987782
15987781
15987780
15987782
15987783
15987782
15987781
15987783
15987784
15987783
15987782
15987784
15987785
15987784
15987783
15987785
15987786
15987785
15987784
15987786
15957108
15949440
15949440
15957108
15964776
15957108
15957108
15964776
15972444
15964776
15964776
15972444
15980112
15972444
15972444
15980112
15987780
15980112
15980112
15987780
15995448
15987780
15987780
15995448
15995449
15995448
15987781
15995449
15995450
15995449
15995448
15995450
15995451
15995450
15995449
15995451
15995452
15995451
15995450
15995452
15995453
15995452
15995451
15995453
15957108
15949440
15949440
15957108
15964776
15957108
15957108
15964776
15972444
15964776
15964776
15972444
15980112
15972444
15972444
15980112
15987780
15980112
15980112
15987780
15995448
15987780
15987780
15995448
16003116
15995448
15995448
16003116
16003117
16003116
15995449
16003117
16003118
16003117
16003116
16003118
16003119
16003118
16003117
16003119
16003120
16003119
16003118
16003120
15957108
15949440
15949440
15957108
15964776
15957108
15957108
15964776
15972444
15964776
15964776
15972444
15980112
15972444
15972444
15980112
15987780
15980112
15980112
15987780
15995448
15987780
15987780
15995448
16003116
15995448
15995448
16003116
16010784
16003116
16003116
16010784
16010785
16010784
16003117
16010785
16010786
16010785
16010784
16010786
16010787
16010786
16010785
16010787
15957108
15949440
15949440
15957108
15964776
15957108
15957108
15964776
15972444
15964776
15964776
15972444
15980112
15972444
15972444
15980112
15987780
15980112
15980112
15987780
15995448
15987780
15987780
15995448
16003116
15995448
15995448
16003116
16010784
16003116
16003116
16010784
16018452
16010784
16010784
16018452
16018453
16018452
16010785
16018453
16018454
16018453
16018452
16018454
15957108
15949440
15949440
15957108
15964776
15957108
15957108
15964776
15972444
15964776
15964776
15972444
15980112
15972444
15972444
15980112
15987780
15980112
15980112
15987780
15995448
15987780
15987780
15995448
16003116
15995448
15995448
16003116
16010784
16003116
16003116
16010784
16018452
16010784
16010784
16018452
16026120
16018452
16018452
16026120
16026121
16026120
16018453
16026121
16888521
16888520
16882757
16888521
16888522
16888521
16888520
16888522
16888523
16888522
16888521
16888523
16888524
16888523
16888522
16888524
16888525
16888524
16888523
16888525
16888526
16888525
16888524
16888526
16888527
16888526
16888525
16888527
16888528
16888527
16888526
16888528
16888529
16888528
16888527
16888529
16888530
16888529
16888528
16888530
16888531
16888530
16888529
16888531
16894284
16888520
16888520
16894284
16894285
16894284
16888521
16894285
16894286
16894285
16894284
16894286
16894287
16894286
16894285
16894287
16894288
16894287
16894286
16894288
16894289
16894288
16894287
16894289
16894290
16894289
16894288
16894290
16894291
16894290
16894289
16894291
16894292
16894291
16894290
16894292
16894293
16894292
16894291
16894293
16894294
16894293
16894292
16894294
16894284
16888520
16888520
16894284
16900048
16894284
16894284
16900048
16900049
16900048
16894285
16900049
16900050
16900049
16900048
16900050
16900051
16900050
16900049
16900051
16900052
16900051
16900050
16900052
16900053
16900052
16900051
16900053
16900054
16900053
16900052
16900054
16900055
16900054
16900053
16900055
16900056
16900055
16900054
16900056
16900057
16900056
16900055
16900057
16894284
16888520
16888520
16894284
16900048
16894284
16894284
16900048
16905812
16900048
16900048
16905812
16905813
16905812
16900049
16905813
16905814
16905813
16905812
16905814
16905815
16905814
16905813
16905815
16905816
16905815
16905814
16905816
16905817
16905816
16905815
16905817
16905818
16905817
16905816
16905818
16905819
16905818
16905817
16905819
16905820
16905819
16905818
16905820
16894284
16888520
16888520
16894284
16900048
16894284
16894284
16900048
16905812
16900048
16900048
16905812
16911576
16905812
16905812
16911576
16911577
16911576
16905813
16911577
16911578
16911577
16911576
16911578
16911579
16911578
16911577
16911579
16911580
16911579
16911578
16911580
16911581
16911580
16911579
16911581
16911582
16911581
16911580
16911582
16911583
16911582
16911581
16911583
16894284
16888520
16888520
16894284
16900048
16894284
16894284
16900048
16905812
16900048
16900048
16905812
16911576
16905812
16905812
16911576
16917340
16911576
16911576
16917340
16917341
16917340
16911577
16917341
16917342
16917341
16917340
16917342
16917343
16917342
16917341
16917343
16917344
16917343
16917342
16917344
16917345
16917344
16917343
16917345
16917346
16917345
16917344
16917346
16894284
16888520
16888520
16894284
16900048
16894284
16894284
16900048
16905812
16900048
16900048
16905812
16911576
16905812
16905812
16911576
16917340
16911576
16911576
16917340
16923104
16917340
16917340
16923104
16923105
16923104
16917341
16923105
16923106
16923105
16923104
16923106
16923107
16923106
16923105
16923107
16923108
16923107
16923106
16923108
16923109
16923108
16923107
16923109
16894284
16888520
16888520
16894284
16900048
16894284
16894284
16900048
16905812
16900048
16900048
16905812
16911576
16905812
16905812
16911576
16917340
16911576
16911576
16917340
16923104
16917340
16917340
16923104
16928868
16923104
16923104
16928868
16928869
16928868
16923105
16928869
16928870
16928869
16928868
16928870
16928871
16928870
16928869
16928871
16928872
16928871
16928870
16928872
16894284
16888520
16888520
16894284
16900048
16894284
16894284
16900048
16905812
16900048
16900048
16905812
16911576
16905812
16905812
16911576
16917340
16911576
16911576
16917340
16923104
16917340
16917340
16923104
16928868
16923104
16923104
16928868
16934632
16928868
16928868
16934632
16934633
16934632
16928869
16934633
16934634
16934633
16934632
16934634
16934635
16934634
16934633
16934635
16894284
16888520
16888520
16894284
16900048
16894284
16894284
16900048
16905812
16900048
16900048
16905812
16911576
16905812
16905812
16911576
16917340
16911576
16911576
16917340
16923104
16917340
16917340
16923104
16928868
16923104
16923104
16928868
16934632
16928868
16928868
16934632
16940396
16934632
16934632
16940396
16940397
16940396
16934633
16940397
16940398
16940397
16940396
16940398
16894284
16888520
16888520
16894284
16900048
16894284
16894284
16900048
16905812
16900048
16900048
16905812
16911576
16905812
16905812
16911576
16917340
16911576
16911576
16917340
16923104
16917340
16917340
16923104
16928868
16923104
16923104
16928868
16934632
16928868
16928868
16934632
16940396
16934632
16934632
16940396
16946160
16940396
16940396
16946160
16946161
16946160
16940397
16946161
52987474
52995096
52987474
52995097
52987475
52995097
52995096
52995098
52987476
52995098
52995097
52995099
52987477
52995099
52995098
52995100
52987478
52995100
52995099
52995101
52987479
52995101
52995100
52995102
52987480
52995102
52995101
52995103
52987481
52995103
52995102
52995104
52987482
52995104
52995103
52995105
52987483
52995105
52995104
52995106
52987484
52995106
52995105
52995107
52995096
52995096
52995096
53002719
52995097
53002719
52995097
53002720
52995098
53002720
53002719
53002721
52995099
53002721
53002720
53002722
52995100
53002722
53002721
53002723
52995101
53002723
53002722
53002724
52995102
53002724
53002723
53002725
52995103
53002725
53002724
53002726
52995104
53002726
53002725
53002727
52995105
53002727
53002726
53002728
52995106
53002728
53002727
53002729
52995096
52995096
52995096
53002719
53002719
53002719
53002719
53010342
53002720
53010342
53002720
53010343
53002721
53010343
53010342
53010344
53002722
53010344
53010343
53010345
53002723
53010345
53010344
53010346
53002724
53010346
53010345
53010347
53002725
53010347
53010346
53010348
53002726
53010348
53010347
53010349
53002727
53010349
53010348
53010350
53002728
53010350
53010349
53010351
52995096
52995096
52995096
53002719
53002719
53002719
53002719
53010342
53010342
53010342
53010342
53017965
53010343
53017965
53010343
53017966
53010344
53017966
53017965
53017967
53010345
53017967
53017966
53017968
53010346
53017968
53017967
53017969
53010347
53017969
53017968
53017970
53010348
53017970
53017969
53017971
53010349
53017971
53017970
53017972
53010350
53017972
53017971
53017973
52995096
52995096
52995096
53002719
53002719
53002719
53002719
53010342
53010342
53010342
53010342
53017965
53017965
53017965
53017965
53025588
53017966
53025588
53017966
53025589
53017967
53025589
53025588
53025590
53017968
53025590
53025589
53025591
53017969
53025591
53025590
53025592
53017970
53025592
53025591
53025593
53017971
53025593
53025592
53025594
53017972
53025594
53025593
53025595
52995096
52995096
52995096
53002719
53002719
53002719
53002719
53010342
53010342
53010342
53010342
53017965
53017965
53017965
53017965
53025588
53025588
53025588
53025588
53033211
53025589
53033211
53025589
53033212
53025590
53033212
53033211
53033213
53025591
53033213
53033212
53033214
53025592
53033214
53033213
53033215
53025593
53033215
53033214
53033216
53025594
53033216
53033215
53033217
52995096
52995096
52995096
53002719
53002719
53002719
53002719
53010342
53010342
53010342
53010342
53017965
53017965
53017965
53017965
53025588
53025588
53025588
53025588
53033211
53033211
53033211
53033211
53040834
53033212
53040834
53033212
53040835
53033213
53040835
53040834
53040836
53033214
53040836
53040835
53040837
53033215
53040837
53040836
53040838
53033216
53040838
53040837
53040839
52995096
52995096
52995096
53002719
53002719
53002719
53002719
53010342
53010342
53010342
53010342
53017965
53017965
53017965
53017965
53025588
53025588
53025588
53025588
53033211
53033211
53033211
53033211
53040834
53040834
53040834
53040834
53048457
53040835
53048457
53040835
53048458
53040836
53048458
53048457
53048459
53040837
53048459
53048458
53048460
53040838
53048460
53048459
53048461
52995096
52995096
52995096
53002719
53002719
53002719
53002719
53010342
53010342
53010342
53010342
53017965
53017965
53017965
53017965
53025588
53025588
53025588
53025588
53033211
53033211
53033211
53033211
53040834
53040834
53040834
53040834
53048457
53048457
53048457
53048457
53056080
53048458
53056080
53048458
53056081
53048459
53056081
53056080
53056082
53048460
53056082
53056081
53056083
52995096
52995096
52995096
53002719
53002719
53002719
53002719
53010342
53010342
53010342
53010342
53017965
53017965
53017965
53017965
53025588
53025588
53025588
53025588
53033211
53033211
53033211
53033211
53040834
53040834
53040834
53040834
53048457
53048457
53048457
53048457
53056080
53056080
53056080
53056080
53063703
53056081
53063703
53056081
53063704
53056082
53063704
53063703
53063705
52995096
52995096
52995096
53002719
53002719
53002719
53002719
53010342
53010342
53010342
53010342
53017965
53017965
53017965
53017965
53025588
53025588
53025588
53025588
53033211
53033211
53033211
53033211
53040834
53040834
53040834
53040834
53048457
53048457
53048457
53048457
53056080
53056080
53056080
53056080
53063703
53063703
53063703
53063703
53071326
53063704
53071326
53063704
53071327
8083211
8083210
8078181
8083211
8083212
8083211
8083210
8083212
8083213
8083212
8083211
8083213
8083214
8083213
8083212
8083214
8083215
8083214
8083213
8083215
8083216
8083215
8083214
8083216
8083217
8083216
8083215
8083217
8083218
8083217
8083216
8083218
8083219
8083218
8083217
8083219
8083220
8083219
8083218
8083220
8083221
8083220
8083219
8083221
8088240
8083210
8083210
8088240
8088241
8088240
8083211
8088241
8088242
8088241
8088240
8088242
8088243
8088242
8088241
8088243
8088244
8088243
8088242
8088244
8088245
8088244
8088243
8088245
8088246
8088245
8088244
8088246
8088247
8088246
8088245
8088247
8088248
8088247
8088246
8088248
8088249
8088248
8088247
8088249
8088250
8088249
8088248
8088250
8088240
8083210
8083210
8088240
8093270
8088240
8088240
8093270
8093271
8093270
8088241
8093271
8093272
8093271
8093270
8093272
8093273
8093272
8093271
8093273
8093274
8093273
8093272
8093274
8093275
8093274
8093273
8093275
8093276
8093275
8093274
8093276
8093277
8093276
8093275
8093277
8093278
8093277
8093276
8093278
8093279
8093278
8093277
8093279
8088240
8083210
8083210
8088240
8093270
8088240
8088240
8093270
8098300
8093270
8093270
8098300
8098301
8098300
8093271
8098301
8098302
8098301
8098300
8098302
8098303
8098302
8098301
8098303
8098304
8098303
8098302
8098304
8098305
8098304
8098303
8098305
8098306
8098305
8098304
8098306
8098307
8098306
8098305
8098307
8098308
8098307
8098306
8098308
8088240
8083210
8083210
8088240
8093270
8088240
8088240
8093270
8098300
8093270
8093270
8098300
8103330
8098300
8098300
8103330
8103331
8103330
8098301
8103331
8103332
8103331
8103330
8103332
8103333
8103332
8103331
8103333
8103334
8103333
8103332
8103334
8103335
8103334
8103333
8103335
8103336
8103335
8103334
8103336
8103337
8103336
8103335
8103337
8088240
8083210
8083210
8088240
8093270
8088240
8088240
8093270
8098300
8093270
8093270
8098300
8103330
8098300
8098300
8103330
8108360
8103330
8103330
8108360
8108361
8108360
8103331
8108361
8108362
8108361
8108360
8108362
8108363
8108362
8108361
8108363
8108364
8108363
8108362
8108364
8108365
8108364
8108363
8108365
8108366
8108365
8108364
8108366
8088240
8083210
8083210
8088240
8093270
8088240
8088240
8093270
8098300
8093270
8093270
8098300
8103330
8098300
8098300
8103330
8108360
8103330
8103330
8108360
8113390
8108360
8108360
8113390
8113391
8113390
8108361
8113391
8113392
8113391
8113390
8113392
8113393
8113392
8113391
8113393
8113394
8113393
8113392
8113394
8113395
8113394
8113393
8113395
8088240
8083210
8083210
8088240
8093270
8088240
8088240
8093270
8098300
