1000 1000000000
184579 610752670
255819 423597520
1174485 675311665
1496847 760200368
2230653 701265419
2314994 663099119
3545839 226582957
3552464 839796814
3694760 277938489
8058076 293095087
8599089 859245072
9388657 374016018
9966641 199868443
10486526 687817198
11157664 303289325
11767447 957173014
13112247 101318865
14116577 681155808
14335525 683376918
15893918 840970645
16292101 203097311
16777217 62865495
17205308 390396751
17416100 417594284
17585177 855667748
19023838 513146101
19936274 974058567
21291794 457148458
23241047 815067962
24384514 768558852
25889730 209424812
26596197 243717361
26737755 345688764
26803702 988074804
26852521 861460977
27019778 165782243
28118399 587233945
29014000 816947305
33351211 417440007
34357722 865180530
34365940 782197824
34533698 830680746
34980284 902933876
35382753 891653555
35833518 680638041
36053836 411486811
36366297 571463906
36543755 109487232
36732595 20670725
36822856 664350315
38312429 218338551
40355955 580576742
40387081 226589461
40525749 234624303
41608333 870882731
41968396 800856864
43214819 868571281
43605502 642453784
43617779 911513220
44963884 456913907
47335861 178765286
47376776 225499667
48010057 245099081
49332446 104810747
49357387 116167024
49711003 779702472
50928067 572649969
51013435 337804276
52204992 537179093
52763315 632303172
53844271 175346131
54522190 764830594
55530028 721754167
58439547 241761269
58660586 58872531
60426010 295944637
60463615 811942249
60504916 168823633
61936882 687631041
62333453 485348792
62528951 793657074
63241279 796687214
64063866 909719334
64386632 301287815
65791312 72734271
65964195 46219391
68713973 914537938
69152796 310570338
69216032 153446859
69705070 637553110
71426369 971667222
72118387 934088392
72402671 354501967
72407104 842337172
72700318 406865655
72974037 103163484
73808456 822388726
73908543 976335470
74241142 863030327
75604050 214530145
75763742 658740747
76569921 527865972
76787878 156618101
77816152 425613998
80257575 37067350
80506292 158253403
81390131 337262465
84619458 430778494
84893843 319947187
85541865 307472367
85663137 143779502
86886479 74719980
88658847 106829120
89344191 555582930
89846263 127371570
91620161 586368000
91953523 204494483
92267922 507946346
93110712 253307670
94914241 217668012
95212650 987981670
95819361 670584095
97112556 166106685
97509053 405333695
97686974 141221168
99119059 25916093
99929739 779500806
100721615 857818506
101011401 784638025
101060827 183495948
101851859 749999890
103617883 116666701
104494312 876396765
104879433 363583282
107152807 338126553
107169496 838538817
108243300 782767864
109165541 544410612
109463664 18983325
110082590 764466964
110256807 184083483
110665882 416963148
112008093 2573871
112015915 82960706
112046830 655513776
112910446 470685777
114628780 62423205
114741955 148394468
115007510 762369987
115238692 11522855
116351284 796639662
116518548 470714749
122008778 698409147
125680444 560912892
126407853 853484547
126467904 134506559
128824595 336707113
130775410 712462242
131159467 548389566
133143176 673033345
134504956 110955912
135066694 663363026
136334895 377031024
136432781 539289078
137270279 418233765
138262287 723084733
138407169 364864700
140503335 322291537
140807419 502810177
141553058 549687202
141851477 915494436
142687181 800739133
142886487 876341588
143948390 846131059
143975203 777073348
144757381 308254854
146524688 416762328
147350708 280021093
150615741 901290234
150720713 877580745
151207776 941971514
152535085 616902044
152989940 775968868
153764552 828440100
154442180 364092769
154767015 660369397
156309590 793552555
158380558 76385939
161580458 335330557
162243870 678128695
162562851 225713967
163057814 140706962
163974536 914473662
166891456 777803412
167641324 601608914
169509372 935351173
172615792 129045940
172997931 495931738
180113491 899104342
180595328 46613389
183569919 539986155
184423943 115938113
185131726 263839013
187930412 135785823
188154998 726432123
188845740 984060998
189051417 511428038
190264415 535520316
191078562 733420016
191462279 708949442
191651868 762338852
192485277 427166563
193932082 963836827
194894381 894878973
196329164 473643902
197262145 84269552
197454158 104618386
197921764 201208843
202349475 824925584
203865115 630761230
204637754 456416455
205466073 879190680
205715275 596003420
206472482 14783054
208066905 951740512
208395955 847025669
208796403 463716766
209205228 229280489
209243343 811239462
209258548 548695176
210264470 277631531
212421243 956428571
214064574 259681607
214710759 331673092
216271302 760032090
216778409 848504227
217502990 914280501
218222616 429842800
219064324 454840991
219439287 240709550
219823899 179455321
221986892 925461766
222101625 556722906
223575263 105996823
225965346 641800464
227585837 706103515
227911556 713646772
228467018 866612351
228831758 745664824
232856325 483445399
233898560 217605517
234299799 424175023
235155982 307760384
235363291 371329262
238103862 504791998
238189369 571601785
239470522 561803960
245856206 863797946
246892296 979179696
247028600 951109874
247043871 962189320
247355035 826990482
248242087 892554503
249029516 243252561
249288369 484790071
249347297 469198724
249977224 826569974
251186825 747668958
252764686 550612696
253745115 326575337
254353006 814634556
254729217 586971568
254830657 309159027
255033125 262320602
257652034 374306212
258426807 677783295
259363115 26033740
259615772 667647427
260265049 652471701
261132529 851050166
261263738 379924531
262841147 83316478
263037690 428152405
263805499 630341780
264064321 219045007
264347642 387204830
264655456 697247801
264891416 830305643
266175429 430938576
266443604 164286745
266906309 683885902
266915759 274689863
267080053 593385353
267597957 440915633
268542268 870025671
268543518 788763815
269591362 74373959
270757920 150086531
271990204 836526501
272138193 118470954
273618543 594295771
273820525 975660196
273878334 171256326
273898962 130294406
275651703 688588471
277317474 623383944
277941696 393184782
280238439 643352766
280412383 385375561
280574233 740160643
282579914 152023798
282772106 417820257
283659722 67800049
283891644 124409379
284056708 370602813
284091961 939517603
286207806 486883444
289850959 721545205
289898060 517822741
290256152 476017991
290932601 848716345
290988631 154591414
291297702 948947545
291685169 992920705
292373145 388492887
294132297 32001854
294664340 634797837
296729746 539924002
297499214 156150579
297686064 551001740
297919708 405001942
298444473 13108297
298591259 212921683
299917047 144990460
301744340 608663247
301860482 189150712
302222886 289637271
305044475 319512859
305715225 625876351
305749183 848625728
305927602 327172616
306058034 383592403
306298411 280518779
306498763 253392765
306765461 268923092
312571825 995893555
313546086 898268047
314202865 845740332
314441851 863375819
315978510 880812144
319693635 944468260
320005940 989906507
320260605 765325228
320333388 741496877
321607108 65911081
322623908 21278455
323068535 936737224
323144555 558491015
324094131 818744514
325372673 262939698
325757426 100335447
326160756 849692528
328176695 382342222
328708739 772261298
329070979 909012667
329916352 579290708
330524699 381015455
331082733 833581939
331116859 436110511
331698023 369132853
331708843 274061649
332072305 280636958
333249335 595031696
333631632 725369595
335120960 519526376
337527679 991630557
337741118 865361638
338134708 713225592
341447280 997833669
342073412 936310953
342104654 584519861
343419762 48636067
347140808 476750998
347719900 468610038
353329837 788779641
353574674 808394525
353797794 463847425
353879670 690076145
354100492 806869574
354715742 834603305
356656293 224999637
356680134 683816044
357733896 28862679
358129121 416287407
359897460 372992042
360135083 727613851
360216846 250119704
360790121 438240499
363940357 345501416
364716471 439602041
366628526 681555809
367282484 453178326
368109282 217053103
369519542 478795740
370024950 969748482
370448069 99006059
370872020 377282926
372460814 864780427
373479980 46152783
374356446 480534531
374901508 684298967
375220554 33112272
377838082 882134842
378251667 130233407
382518876 667247764
382989722 322493880
383608842 841915551
384488342 620355497
386816173 564419142
387112150 858183553
387129709 851740301
389403974 84382356
389623714 883619337
390913749 166937774
391454838 558384125
392128414 752253023
392463424 239235967
394462663 834171544
396354854 122248179
398108006 3893479
399338282 420758726
399757113 532085910
400826706 111365651
402646325 427937811
402766784 205255937
403171707 275512000
405072137 993492129
406050307 553768357
406847271 603864446
407670994 636834529
407860327 875611878
409075455 506328174
409848419 457025685
410561940 317361841
411313765 688685322
411836037 662178031
411869897 431177110
415242771 171215155
417784306 557606347
418130433 66237077
418450764 683153817
418661022 422959857
419020436 533768155
419796144 377857154
421872331 724389821
422256886 630864623
423485098 766879327
423659243 712570907
424149618 5914826
425359248 403462856
428995776 782436776
429272801 450705063
431315746 188886716
431343877 380762145
433144488 431723618
435037525 250626462
436284936 607337044
436688834 894893550
437334023 114246770
440542265 813017870
442118597 888675673
443234915 773183218
444007300 683673802
444076377 853951390
444702636 837935322
445327638 542733685
446297159 73714450
446731131 203451081
447834292 771980145
450729404 803753628
451057575 473713855
451309164 456187046
452562784 639512565
452595159 297210936
453108375 742441856
454867840 520287765
454918205 240318400
454989730 812537777
455399767 228805459
455900441 560148318
456948352 400186222
457490687 667405614
458160170 260902006
459394350 244475462
459586717 655186149
462911995 781701803
464717555 23845590
464888849 233815279
467668830 917926144
468572618 978331189
469092414 903189401
470210069 49062158
470944620 690431477
471700412 968299975
472369093 929853459
473143711 690929334
473521508 34064934
474296107 299863340
475218949 970264690
476388517 172807921
477253249 21466333
478345701 801173302
478726460 945976376
479074719 606442153
479589028 680916095
480447431 135515697
481109388 153484833
481456492 512238777
484318284 307567408
485876186 874836163
485990779 162111661
486030503 638408092
492609663 195211079
493152830 985354537
495886577 703319200
497244323 794457268
497943496 522480966
498453364 162686515
499035006 61777270
500589842 96108353
501889546 478448812
501893927 552372670
503169043 614238842
507082882 721932016
507672095 352921749
507870802 728621019
508694206 253395012
508869692 632447123
509823345 5512278
511434867 981753917
512153003 528554847
512950339 987594033
515415117 517590056
515576058 704823486
517269736 8541021
517842446 474056174
518052599 778306392
518162080 554455313
518267811 835904693
519619684 593175741
521953021 416752054
522062929 109414010
523149200 891035145
523566487 323531200
525578167 55371850
526244704 874437320
526948051 385046735
527151191 368532191
530601810 514969666
532101690 712446960
535177656 907528005
535683691 511819144
536232986 254529811
541575939 579115985
542774766 225660178
544872268 890830442
545160584 669679036
546169176 107900965
547163980 545640789
547200901 414975225
547608071 369774341
550542565 464279658
552675831 20032116
553352967 623275444
553360805 267990165
554148049 523096590
555010530 185292715
555552915 921387956
556919045 702473823
558574547 383352764
558714054 175921074
559963904 424152578
561509781 436860338
561685057 830212456
562053934 792368737
562604009 842353542
563555071 693769172
567635652 99692038
568288357 284544109
570504232 318102075
573996313 587162357
574948391 292180834
575563902 730532323
579462393 50005848
579631240 599191274
580878660 245706873
582337036 594567039
583363739 747577416
585120005 358333550
586163745 417358430
587233440 32794575
587454851 634259904
588387214 242099438
589103678 410886711
590764315 463210270
591515751 490605942
591839723 471584518
592530915 528195320
593546330 939914755
594492085 384783326
595540959 97829846
595651819 594046366
597643876 474439715
597654897 946477232
597701363 444472636
598164536 426850028
599878165 855600994
600355731 220236325
600423338 857979608
600550041 865038955
600617802 513695142
600760422 810351219
600932108 478050902
601445087 326259594
602240050 802480491
602256206 985572459
606955312 37965526
607354783 715782605
607697128 661559800
612906674 100195001
613925564 172188280
614736058 254155694
615813032 551976948
616943428 742120452
617437084 844957824
619198355 985912182
621388511 753623041
621529542 761928547
623016077 458128711
623373177 509134130
623884633 709235044
623894086 293083020
624507484 407435194
625435802 39418201
625565687 130838153
626151803 860702562
627318322 364071723
629425467 236841608
630737644 299092329
632932941 833830645
635034719 932365266
636127789 185053394
636404181 432740001
636622580 970642891
637087013 552259616
637577387 827948966
638357458 939497742
639674614 834640032
639756096 881658499
641457322 224336725
641471351 351011046
643099055 419685559
644200876 928687938
644433982 60595732
645838422 910153761
646404912 789193174
646847022 570893396
647579707 290751826
648697985 900931180
649034692 357114569
649086302 227251958
649268294 315371188
649796951 498725513
651042262 246319224
652022540 736774616
653174767 980744178
653385772 177235339
654603507 182369531
655287826 487624232
655298548 962747219
656688763 480998387
656903190 659635581
657538247 531581233
658858069 64534698
659170898 307269727
659694934 286251350
660774158 309241986
661350890 444393365
662821301 830191956
662958384 295012404
663674362 291797310
663956673 488274357
664488639 773450044
665795736 538090658
666119771 455470892
667666124 584890761
668357226 854132040
670177298 826689275
671577580 190961205
672708860 421946980
674394483 952433770
674437568 15059970
674549986 967078134
675357999 975647409
676413734 789810522
679035733 173010034
680654826 716109757
681135715 989443581
681816534 55040529
682734934 313796198
683583004 858427779
683837922 864055541
683880379 616163730
688725930 836139242
691563464 666668001
694043555 217082401
694064564 864324733
695344972 595785548
699368645 98673815
701131042 408643757
701551508 302345903
702374335 702317940
702982158 159966139
703566298 962359400
703902367 526300009
704336371 61323863
704854205 333739661
705889579 418670230
707857513 383421285
708040962 772142987
708303718 171824355
708698788 722509530
709844256 839864363
711143562 445145396
712050662 806781213
712552869 206403344
712965114 777725833
713009858 588517203
713297993 93310160
714122735 361363970
716098584 193432419
717690987 889273277
724304477 848546501
725078234 217137175
725294703 544880817
726212980 65440277
727697106 229015470
729673056 176987142
730530742 679935812
734210671 364975788
734548058 49768897
734945392 78379778
734983078 361642359
735112251 322106804
738983780 260712187
741444373 548168392
741512234 548255607
743051889 106618003
743071341 323770337
744259291 30649077
745331853 464919181
746182202 375125856
747308170 766083397
747440484 233901308
747556527 424361942
748232494 187580816
748833678 198190382
749391084 487380798
751116430 25795471
753001663 150287490
754127763 990893220
755320930 673194091
755992611 351859223
756899520 166440552
756932258 736437561
758624041 371809855
759736163 570566373
760814164 453336750
762304312 704408191
764163869 901182222
764740354 875970813
764815463 310954942
765522519 573570774
765849538 883610770
766155497 926886866
766883285 592129888
769039543 584689706
770596218 869736359
771866855 398054092
773163607 126864981
773973577 906920800
775219602 511402042
775272485 995227227
775877610 751580179
775984497 442480117
776285963 444902583
782069026 453872766
783503574 636945963
785257647 363404147
789930470 358362226
791029282 375691706
792182040 535076328
794095490 119570730
794573918 932300418
795731549 187791755
796035609 846433850
801623268 652964328
801989293 841155184
804468915 345134537
805938473 362126918
806292567 624317895
808887850 171097710
808998070 749025208
811580587 635639056
812237293 692714505
813026598 107960716
813106819 542175692
813287045 283669557
813690470 559434949
814294954 416219354
814432514 683750038
815039316 887245063
815752586 699186378
816176412 540800081
823888061 981461733
823968848 461939087
824025998 707267456
828664501 453893532
828687735 240835188
829732256 780838598
830552903 881018753
830877261 760748796
831311529 71599442
831973919 53081247
832348381 99927101
838591503 510036815
838687643 924503050
839415544 243937675
841500901 504765363
843261591 509509496
843558471 844366913
843913760 448619768
845951777 309283389
846252738 89304712
847991387 608098997
849679642 865963983
854209842 460323635
854732382 984476802
855911457 361925431
856827159 406346210
856855018 239809299
857424300 809100566
857711169 568023771
857792471 322075331
857846208 21530660
859187873 740931474
859794026 525311742
860199245 91064425
860458144 300211144
861109552 130801142
862799437 148904563
864152050 555688483
864580858 910999425
864668639 55016824
865377877 159694892
865414713 681524079
866548459 937117942
868673807 864286741
869658776 801645273
870788105 356074083
871000982 674927279
872045593 590742976
873021825 225761153
873042772 217837422
873814897 128884968
874021944 56219855
878301804 260009335
880545108 101117469
881437132 225310106
881889361 619721511
882250759 412123918
883068086 549945910
886065142 35880782
886413565 669062754
886586910 949432472
887539735 596751940
889038034 199926389
889171903 446465050
892820984 351330987
894581902 876132451
894658268 545482366
894862029 120812989
895143812 728929167
895540249 340257062
897898082 42523468
899463678 700435632
899855824 760124162
900809382 998661814
903103906 369852574
903303441 230835038
904537513 219288178
904670285 999924229
904718164 542529302
904767839 725504721
904859864 550646247
905543792 288650821
907221930 978571595
908394575 702172458
909166341 787380779
910085642 433402212
912780341 984770377
914337100 139658422
915985961 498261043
916831844 128853957
917850273 117898017
918191270 549459218
920779523 555478832
921084829 678153741
921921903 637687500
924954423 816649915
928410296 849949942
929457140 48611318
931008649 460512996
931144353 470716104
931765660 35315429
932285001 775506517
932992343 768767487
934610872 29653615
934621582 94850537
935452083 853889197
935538047 783412319
935782227 744818279
936707275 268889704
936882937 960812890
936942678 332680114
937330483 118266895
937343140 476774240
939401468 130696069
939744909 52269299
941032872 649395828
941593289 171562885
942642014 571460413
942801033 334940277
944040860 880285843
944558661 590874303
946136312 9111856
947148990 194007208
949868512 533095621
950540382 989478205
950842409 591226790
951498840 207037554
951586459 261705670
951972449 924876666
952397440 933203928
953528535 194074244
953708835 846848876
957450654 666606137
959275266 46998656
960482530 466907007
960849213 971305466
961006186 945641856
961429271 769896153
962787589 506270059
963211116 229553800
965192140 719725289
965213503 466777943
965708763 747916008
966167813 724114871
967086011 916962084
967392108 773739574
969036334 359673617
969429337 662097994
969788148 9638239
969932161 851745304
970061869 529300269
970298096 787404648
970459780 468414275
971397242 551369512
972394999 178822734
974609423 969636669
974948679 635797816
976142327 521422291
976216670 532557730
977309269 30783444
977673377 934509813
978330792 552702347
979010858 519525882
985264528 806214914
985432824 310279144
986894285 685249459
988527957 88538835
988599346 740717334
989503980 759798264
990577929 226018093
990687998 608731070
992973322 67770428
993018220 922552858
995258461 512398768
996192929 297255380
997624030 802663120
