1000 1000000000
8 13196
19 6508
28 2070
51 5395
74 11554
77 10909
90 1824
96 7263
124 5141
131 12531
170 8232
182 12151
204 11173
208 6971
221 16330
222 8890
244 12520
252 753
284 16183
357 4861
360 8575
363 17183
365 13274
380 17219
384 10389
407 13747
431 18356
435 3793
446 13451
511 13311
515 7154
521 7725
529 10153
551 5188
603 3697
656 320
681 12505
699 9364
711 4091
719 9320
783 15631
798 8819
835 4099
853 2497
869 9492
869 2896
871 1058
879 17802
891 18128
893 16884
926 3390
934 6878
939 14231
952 3749
956 16661
992 5879
996 1192
1000 11456
1024 6044
1046 8496
1047 18944
1092 14379
1118 13193
1119 10972
1123 9335
1151 15647
1190 6420
1234 8761
1237 3943
1266 10381
1283 15974
1289 6359
1295 14417
1300 14557
1302 14387
1305 18075
1315 11347
1351 2613
1407 11292
1416 12993
1427 12005
1456 7602
1470 10528
1474 3796
1478 5142
1501 14873
1536 10187
1559 17613
1559 1520
1568 7840
1650 19896
1653 15135
1672 3063
1676 5736
1677 14739
1697 13635
1744 7745
1758 1448
1786 1028
1801 10522
1803 4238
1817 12457
1825 4336
1867 9172
1895 12131
1901 16192
1907 18338
1934 827
1972 1828
1983 11093
1991 11266
2006 10303
2016 19478
2020 4972
2075 14022
2091 8592
2093 12450
2104 17423
2157 11362
2161 8127
2161 17726
2171 15996
2175 7932
2178 3104
2199 6388
2209 6056
2216 5411
2247 10811
2254 15078
2258 7446
2271 18403
2275 53
2283 2875
2284 19178
2305 5411
2322 17082
2326 14957
2367 2736
2377 19654
2383 2127
2430 2358
2431 12760
2433 3317
2462 12024
2494 2657
2510 11941
2511 13391
2513 2994
2534 9372
2555 1442
2578 18941
2579 16228
2634 16078
2665 1058
2666 16517
2671 17763
2680 237
2685 9908
2686 18294
2688 19480
2708 10859
2708 19328
2710 10231
2710 1745
2719 11646
2739 6448
2751 18384
2804 5455
2822 14184
2829 2218
2840 7659
2846 1819
2856 16782
2859 8762
2891 17721
2909 4997
2921 15553
2948 5256
2961 45
2995 11047
3004 4009
3047 6218
3083 3599
3090 8065
3167 11312
3174 10348
3195 14763
3231 11500
3293 1187
3294 5990
3296 10675
3338 11214
3338 1996
3346 3212
3359 6566
3404 14492
3423 18371
3429 5915
3479 13480
3509 16527
3510 5258
3623 10441
3633 2076
3644 19154
3668 8739
3684 7423
3689 1861
3712 13369
3725 11812
3749 16309
3828 14614
3844 17781
3858 18005
3887 878
3893 12565
3898 16953
3900 19041
3912 12635
3913 12686
3938 12462
3974 18034
3982 18833
4009 1023
4012 15913
4053 19478
4096 3591
4120 10425
4138 8263
4157 14884
4165 18454
4183 11786
4199 17770
4201 903
4232 1028
4241 1857
4256 4599
4308 5303
4312 14788
4323 7045
4327 15503
4335 9625
4428 1967
4448 6404
4505 5604
4527 669
4546 5752
4562 9295
4575 12754
4655 15118
4672 11225
4685 1655
4705 302
4741 5529
4751 1990
4764 5609
4774 19622
4789 12350
4789 13728
4860 5023
4899 15662
4903 14925
4907 17622
4938 5853
4947 7491
4980 3892
4988 16575
5036 15855
5038 18559
5040 4154
5048 7251
5075 192
5087 8487
5090 13307
5108 17549
5118 6337
5122 15029
5129 13654
5134 5985
5148 8239
5233 546
5236 11339
5244 4703
5267 8352
5271 14869
5285 17280
5320 15557
5359 5292
5400 13023
5401 16829
5403 2128
5437 6093
5452 3467
5457 18583
5516 676
5541 14771
5561 16166
5585 16661
5632 10669
5638 7334
5683 1117
5740 805
5754 3372
5840 8317
5900 9454
5931 1658
5959 12309
6010 14010
6037 19184
6042 18526
6081 7149
6086 4545
6167 14065
6182 3439
6243 15353
6250 536
6262 10450
6271 122
6288 5223
6294 3562
6294 5321
6329 11691
6341 1356
6353 17159
6421 18512
6429 18870
6433 16324
6434 11734
6466 6551
6506 12199
6507 10038
6508 17224
6529 14487
6581 9115
6597 1250
6646 9435
6653 16096
6657 7391
6679 13120
6745 5908
6746 7302
6768 12543
6782 12538
6792 2502
6792 1842
6796 4349
6808 6113
6820 6114
6830 1158
6840 4362
6886 1909
6894 18348
6909 10792
6914 6183
6924 5588
6930 16897
6963 12848
6989 18344
7018 13057
7028 4840
7043 2723
7066 14015
7066 13197
7103 19843
7116 7078
7119 18082
7167 9535
7168 18821
7180 13292
7185 7848
7208 13059
7234 17847
7249 6828
7250 7741
7288 11587
7302 430
7347 10883
7418 15911
7428 4012
7440 18387
7449 16862
7488 9557
7582 10514
7622 335
7648 10892
7662 11219
7670 5550
7685 7296
7702 2052
7709 6486
7710 16763
7759 3247
7798 19205
7815 14964
7819 6639
7830 9487
7882 839
7897 2153
7934 17225
7946 8845
7947 12414
7952 14218
7961 6406
7988 13807
7990 1612
8009 13839
8020 11249
8024 16380
8058 5516
8069 16601
8071 8601
8086 5584
8103 6085
8110 15050
8129 18364
8166 13920
8188 14522
8227 9663
8228 13069
8235 17616
8236 569
8237 12782
8257 5503
8258 16937
8286 315
8312 8364
8339 15471
8397 9981
8461 1455
8516 7348
8568 4488
8573 18628
8598 1840
8611 18152
8622 8183
8651 4633
8656 18576
8670 13636
8677 18
8694 16462
8737 11641
8777 135
8801 8723
8819 19639
8832 2217
8840 15330
8904 7914
8908 15461
8950 305
8960 2984
8963 3160
8980 6596
9018 18389
9043 9940
9092 320
9106 9572
9126 14910
9148 16700
9210 8363
9212 12799
9223 4366
9233 15305
9246 2954
9253 1514
9260 1092
9305 14770
9312 6226
9313 9460
9363 18456
9408 12065
9418 10686
9434 11815
9442 3377
9461 4754
9480 10702
9485 13735
9512 8107
9547 4371
9569 16523
9581 9815
9653 8627
9666 17407
9668 2160
9670 1684
9693 5963
9720 14323
9724 6632
9732 19031
9775 9904
9788 18823
9799 16966
9800 7565
9816 19932
9822 3621
9854 919
9854 14164
9857 5111
9919 10327
9925 12128
9930 10309
9931 4118
9942 174
9964 17400
9965 4916
9992 19944
10020 1554
10030 5983
10049 6023
10050 11202
10107 17609
10123 17823
10153 4370
10158 4956
10159 2220
10168 7770
10205 7857
10206 5701
10227 14586
10252 7683
10269 2756
10294 13503
10359 1369
10361 7789
10449 17769
10468 13936
10529 17692
10551 16092
10553 17622
10563 11614
10600 13703
10677 13308
10696 19294
10705 12940
10727 17052
10755 17430
10771 17224
10830 18810
10853 8721
10872 15308
10883 12881
10895 5160
10925 17051
10933 5931
10952 18817
10964 19803
10966 9349
10974 16428
10992 18873
11000 16503
11017 10454
11031 2989
11036 6356
11057 6441
11121 16722
11135 5794
11150 18339
11214 10642
11272 15963
11283 10154
11319 10031
11319 6319
11363 3818
11373 10880
11379 14528
11381 11767
11410 16351
11435 9043
11455 16338
11480 16443
11482 19216
11490 6409
11519 16495
11522 18172
11567 6508
11580 9999
11582 10637
11593 6392
11602 19359
11604 12001
11632 16822
11638 7245
11662 13677
11665 5662
11667 13550
11703 15817
11728 11586
11744 9352
11753 7808
11814 17350
11823 427
11892 15142
11931 18059
11942 3602
11950 13907
11951 8676
11993 5501
11994 2756
12001 11274
12007 18722
12048 19279
12061 10542
12062 17685
12081 13010
12109 10378
12118 10372
12194 5388
12216 138
12281 4029
12341 19692
12354 8103
12367 2938
12383 3534
12395 4046
12401 8716
12408 6040
12436 13167
12471 12622
12489 4869
12523 13139
12543 1086
12545 8939
12548 4849
12561 6040
12590 1249
12595 12657
12611 10133
12627 17246
12628 13895
12633 8949
12642 18100
12683 17691
12702 15044
12714 14693
12758 2305
12765 4222
12797 14470
12809 13633
12829 1410
12845 15151
12853 10700
12889 11250
12897 17945
12900 9991
12903 4319
12950 3131
12963 15961
12968 11529
12987 4870
13016 4558
13017 7611
13075 17198
13083 9214
13099 3765
13106 11911
13163 11615
13210 10805
13211 8318
13230 10376
13283 3821
13299 13719
13370 1542
13381 403
13397 15210
13420 8541
13427 6630
13518 19091
13536 14911
13577 16211
13597 1558
13604 9070
13613 1765
13629 943
13663 4701
13686 2787
13712 125
13729 6166
13740 5544
13768 4902
13779 4960
13796 19698
13831 14410
13842 5329
13880 19120
13898 10300
13919 11620
13920 1057
13922 17427
13934 14353
13934 387
13951 14027
13976 12626
14004 536
14015 15650
14077 7645
14078 17304
14208 14453
14223 13447
14228 7156
14251 7883
14255 13325
14263 4033
14282 8294
14303 17377
14306 7542
14307 6908
14352 19908
14370 310
14417 2701
14433 5249
14510 5053
14511 9248
14515 2610
14533 17672
14545 5972
14555 15894
14568 3714
14576 1716
14601 19300
14624 1850
14651 14834
14659 11045
14672 13676
14705 1622
14711 11495
14745 15056
14787 3652
14824 19903
14838 13566
14844 18187
14844 14469
14858 11661
14870 5108
14896 784
14897 13823
14903 4182
14971 16159
14972 19015
14978 13985
15012 18208
15014 4335
15015 1124
15016 5059
15045 1427
15046 18833
15074 14186
15077 2662
15083 1436
15121 3908
15141 16003
15174 19459
15184 4787
15211 18838
15212 17642
15222 16504
15225 2375
15233 9451
15257 12984
15264 17146
15297 840
15302 10772
15315 18143
15332 19305
15415 9861
15416 14695
15422 14846
15425 18508
15443 13405
15460 15042
15473 3592
15508 10892
15553 2231
15573 14271
15610 19799
15615 2988
15619 4612
15653 3551
15676 18674
15689 13618
15693 6678
15698 11748
15701 11121
15719 11797
15731 602
15742 18792
15744 15218
15745 10900
15750 12290
15824 10541
15828 6585
15854 16331
15863 1117
15910 10572
15913 507
15939 9633
15953 12393
15953 12964
15990 2059
15994 15972
16005 11617
16009 976
16019 16107
16043 462
16057 10111
16066 11329
16102 1630
16123 17242
16138 2003
16140 8116
16207 5024
16209 5478
16232 1717
16235 16490
16252 12634
16270 16674
16335 14990
16339 12839
16356 10663
16377 6804
16426 5950
16457 7992
16492 440
16497 17781
16527 8249
16530 5197
16536 14834
16539 8870
16548 3424
16565 10388
16599 6089
16636 2295
16642 658
16673 14576
16683 10921
16684 8439
16688 14906
16696 14153
16698 17935
16706 3796
16715 12771
16719 10292
16745 15353
16788 2140
16794 5993
16808 15502
16809 2926
16828 6279
16843 5287
16850 4832
16855 8008
16894 7161
16913 3715
16917 4153
16970 12710
16977 6555
16984 4863
17087 10089
17094 4697
17128 805
17133 4743
17197 393
17200 18071
17207 14095
17208 15479
17236 17903
17241 10050
17244 3346
17254 13466
17273 2566
17286 3161
17289 8999
17307 1172
17340 15943
17399 15093
17438 18347
17459 9291
17459 12833
17504 18804
17526 13587
17562 19382
17611 8244
17626 316
17636 19940
17641 16877
17667 1734
17691 7256
17720 574
17727 9693
17754 2858
17811 4669
17820 8994
17829 14568
17839 5573
17840 4781
17855 3748
17941 13625
17956 12413
17974 12397
18003 13353
18004 11542
18013 37
18014 16920
18093 8656
18096 10988
18123 3390
18131 4535
18149 19428
18157 11262
18159 5185
18172 14997
18231 7269
18283 1314
18290 8054
18291 14572
18295 6996
18300 12844
18317 15309
18319 10775
18329 18455
18335 14207
18347 3497
18348 9538
18364 2683
18377 12957
18424 1454
18440 13555
18442 1843
18485 3158
18490 7521
18517 9252
18528 17242
18542 13265
18568 6881
18575 1712
18581 11458
18588 8906
18595 15480
18626 8637
18632 5959
18663 14518
18693 16640
18694 12333
18708 3640
18717 2876
18721 8326
18760 5399
18789 1092
18794 2508
18802 13619
18817 5245
18821 10314
18841 1966
18843 5940
18849 4785
18867 16666
18869 7499
18877 11578
18913 3728
18930 17893
18959 3710
18994 16054
19009 7574
19038 11184
19079 833
19082 3632
19099 7687
19107 15578
19169 4419
19185 16334
19222 5337
19316 2277
19341 16283
19363 15120
19401 7926
19413 2993
19416 14335
19439 8953
19448 12230
19480 5570
19486 3296
19507 13010
19511 12240
19512 7043
19549 1529
19556 9421
19576 3185
19581 2589
19592 2233
19641 14141
19662 19873
19683 8641
19779 824
19800 6278
19825 3226
19850 5450
19867 8888
19881 10937
19888 11681
19891 3787
19906 10922
19912 7030
19915 12087
