1000 1000000000
836 93440
5733 180315
17018 9334123
24787 3597338
30314 7446474
74298 435034
81735 4040772
85731 9050417
119126 5482266
122762 1109226
150339 5633425
169440 976941
172785 7869946
172983 7170549
173242 5762350
175214 7278992
175730 8943874
180098 4078665
183448 3856710
183891 4388444
187362 7290078
189765 4746576
201411 1684856
212674 7272450
213205 6346576
223594 8753569
226126 8667692
232051 653289
236987 5328169
243162 6699159
248256 5624325
249740 1794660
253943 8946617
256799 3481169
257360 7414796
283206 1040738
287074 9650772
290596 8850380
294533 6391005
298592 755848
319341 5641854
328690 4690369
337104 7736383
337543 4790108
346051 530022
347028 1943767
367098 4411154
384585 1702308
386318 1154629
393772 3354144
400364 3763636
409177 1371130
413294 3810336
415045 9931957
420782 4014670
429388 5883847
430028 9172364
440757 6314170
453423 2736831
458147 7901479
479471 4685467
480754 1785897
497520 2889493
506928 7555800
509548 9955332
516107 8410477
516199 4813773
521695 7204670
527778 3144899
532409 9800336
542921 7085595
544478 7718262
557368 5555199
566868 8892963
583166 6894155
590359 4541333
592671 7241741
595324 868720
598417 1260932
616321 174362
637474 1874553
643087 3761712
667156 6845855
669459 2001923
675243 7204375
722328 7475912
733594 721167
762500 8509440
762573 1524585
778209 6973866
789065 4183781
789572 8494188
795480 561203
800649 6210811
810696 8655283
811256 8591024
837213 8009720
848124 6548144
879890 787446
901669 6209525
901985 4577395
917120 6283119
918892 2049777
931952 1695719
950003 4445060
950391 4212504
953236 7119329
954658 9913846
960355 4000139
987005 5096618
988332 9588634
988480 3619960
996028 822343
1001795 9586932
1012078 2920025
1012316 5952764
1015845 195554
1018087 8868801
1023800 6994620
1032714 7059688
1038881 3813113
1041215 3820697
1045482 9668638
1049110 8634081
1052170 8610860
1052363 4436843
1062415 2976064
1067140 9104568
1070425 2600801
1073444 6838026
1076611 3913643
1082858 7230462
1091510 6091079
1091546 4208864
1093258 83042
1094641 9759360
1107257 3035009
1115156 854361
1120398 5362518
1127418 9209630
1132110 3657769
1136857 2940918
1139335 9220147
1153128 4882874
1157472 6203859
1176848 3726335
1185922 8834610
1194740 2364032
1214665 1458365
1216076 7588465
1227086 8442588
1269447 6279706
1276885 9260754
1301911 4761751
1304617 6969690
1305062 4046244
1305159 8141727
1309677 2485661
1310939 9281285
1317533 7775549
1336582 2469260
1344930 4686609
1353287 5011485
1354189 5828590
1392868 3248954
1427805 4397927
1448394 5480661
1453777 7174905
1460814 1241396
1462058 4325122
1466910 5992186
1475629 2316814
1484189 2209280
1485122 11221
1498818 2180797
1524418 805695
1555084 8516738
1560571 3086587
1575236 1704693
1580827 5380320
1586409 3299079
1586812 2705123
1610689 5003510
1610892 6634417
1622013 6390847
1626061 6310891
1626804 4644974
1637352 2322234
1637849 486583
1638742 4942735
1674598 1863423
1684057 7457960
1690550 6261460
1693143 2059296
1701935 7682341
1714810 1620303
1750123 7939147
1762302 5737824
1763888 7062071
1780112 6183616
1793592 4097093
1799614 1096518
1800930 8476036
1803295 7610707
1807453 7170793
1809106 1995578
1812602 29301
1817346 4916737
1823068 751225
1833385 6581835
1838821 4594594
1850668 4028030
1855015 4737713
1904382 3508049
1920012 9498859
1927822 2729327
1942739 922422
1944415 7836967
1955734 1919676
1956083 5727672
1958478 604328
1970156 3842124
1970654 1827637
1982334 2225728
1994963 3050682
1998789 3289666
2005031 1788798
2021814 9743244
2024760 6812643
2036504 359579
2060698 5587236
2061636 7154404
2062973 2938177
2070299 1277668
2070620 1765954
2105003 8904885
2112308 3020256
2122771 9879794
2146628 2057277
2158097 1386117
2164359 8825867
2172139 9356570
2173820 8347112
2187538 4295067
2196114 2768702
2199113 8135716
2233108 1151925
2248299 9000727
2266953 14156
2268257 4424819
2273059 9456740
2287153 7071619
2294602 6319525
2306599 8120037
2310339 7052426
2315440 3052750
2329174 511650
2347165 951891
2347623 3897850
2358545 6892331
2360989 1724344
2362522 8789202
2372602 5474700
2375922 9447506
2387309 9741213
2394325 2496791
2417757 349397
2438256 3098915
2472729 7756552
2484289 8646427
2496980 9968557
2497813 2288861
2502088 1077443
2519094 587403
2521201 1088865
2522875 9878848
2551316 6050441
2553161 4944118
2555179 8057643
2561199 9525868
2563653 5258914
2571231 2780049
2573173 7380761
2580377 6807612
2606787 6578695
2611313 1745903
2636590 4802134
2657731 9969995
2662751 1511531
2667719 2600005
2669952 8138294
2697047 980003
2697980 3709290
2704854 4590805
2717610 2769501
2727678 7260823
2738511 133973
2778641 6627515
2786846 2869797
2811787 7284479
2817637 2161537
2818504 1507117
2822736 8555226
2826980 2503024
2837488 6543875
2852508 7759348
2853586 4434359
2867735 8794171
2869979 5041072
2873760 8731969
2883055 2180334
2888494 6737673
2889479 3903913
2902094 191001
2946220 4288848
2961824 1047125
2988305 8400117
2996041 1476656
2997578 9370855
3024482 6313258
3026513 5700535
3036609 761377
3050913 3982565
3057044 7544636
3066189 9070019
3095616 8676919
3095899 3479679
3122334 1183051
3134831 3081551
3143814 1393576
3150474 866444
3153432 4880314
3158964 3065423
3175812 6887623
3182043 4117001
3183220 6674560
3187824 6480155
3195665 553854
3199315 3748971
3221076 6229756
3231326 8505981
3235148 1720534
3252266 5039450
3283010 9222243
3284238 8455387
3287449 3078978
3320796 283905
3324720 4623039
3338621 3494180
3347481 6038928
3362022 8952371
3366766 969283
3384188 7235214
3387456 9985843
3398230 283432
3422529 4926425
3423151 9735316
3428446 2073323
3445147 4117193
3450343 1790648
3465035 4566066
3466815 3233186
3472049 8942000
3475292 4920172
3492520 22927
3492731 5853950
3496242 2702834
3497874 3398816
3509067 7106214
3509718 9192845
3511729 5090498
3512860 2193481
3536378 5502095
3550537 5589218
3556599 8981741
3568750 3083109
3616734 6311207
3642378 8278635
3666631 642742
3675259 9820966
3690921 9221158
3693721 7497495
3704581 494883
3707013 9604634
3707267 7422569
3708382 5901080
3723850 1096508
3726648 160018
3731464 4872737
3736725 6752291
3743554 2331908
3752989 8486914
3757045 6839344
3773719 5793799
3787246 4628948
3800763 9586353
3803968 9043348
3805777 1846337
3808046 4028557
3824695 9050484
3828879 7725104
3841016 8242025
3843629 7826061
3852799 7013049
3858493 3702148
3862941 1273201
3875447 4820902
3882162 101465
3887447 5080321
3898381 1261751
3903731 616489
3916314 6263593
3916646 8739324
3926195 9559617
3931061 2498333
3932490 9260573
3935605 4660680
3952030 2739673
3953129 9533393
3960528 4401163
3963634 4011716
3979904 1212665
4000138 8082229
4007709 5886896
4010617 464400
4019801 2041061
4035322 5621161
4046506 2294899
4046873 2101729
4053255 9069930
4080215 8794300
4081317 4873990
4096410 2149446
4103796 7601812
4108692 9805168
4110949 718436
4113900 5286784
4119479 1191420
4132783 5110096
4133938 7530182
4140312 3310135
4155451 1305939
4167094 8660879
4176016 854365
4177916 7967043
4188353 6752704
4203973 9456802
4208402 3985763
4224443 24518
4244473 3146393
4249043 5817508
4249313 1901930
4258589 1021284
4273517 589752
4275569 7064317
4296867 476424
4300226 6278362
4336823 5902973
4364009 7613757
4364642 1214652
4368755 6051433
4383581 2345216
4385644 3318749
4388719 9054698
4412602 3385361
4429359 3290070
4431900 6380329
4436405 4294469
4443301 9556447
4444343 1349551
4463694 5016611
4473544 8266918
4479017 6921034
4492597 8603298
4493350 517687
4493544 9735623
4498565 5970995
4509303 7411402
4533991 1877912
4543919 5586332
4564161 2095565
4568457 2833597
4569331 5799307
4570777 6894484
4579008 8606659
4579706 3907964
4604526 46536
4610797 3954837
4623277 5333068
4624097 5413195
4625337 3327232
4660857 8423852
4662023 5916879
4678419 5361252
4719517 2122752
4730288 4030582
4741392 9903945
4765471 3346170
4766450 2706434
4777290 8036310
4778664 1147133
4783971 6232565
4808522 1801911
4841815 914239
4852905 5415385
4863819 116808
4911220 7979035
4911602 7570736
4913335 9866362
4922013 888279
4947874 1859259
4971992 4904914
4978415 1559589
4984683 6902928
4987719 8777181
4988759 2990295
4995163 4507162
5002221 9160044
5004204 8163883
5007669 5130374
5007681 4289350
5018865 1128401
5046094 7556186
5057877 1181222
5071434 9144759
5089636 6475598
5098845 5389892
5102142 9329361
5105912 7927119
5128163 2260654
5132109 6183457
5132424 7734245
5134242 5139926
5143595 5938980
5173899 7727615
5178014 8325336
5187226 3577237
5224367 2025634
5230526 4877643
5235133 7145534
5247830 5018464
5248248 2509723
5290514 7558726
5294707 8842717
5303341 8907311
5308277 8968579
5358665 488122
5375594 118560
5376415 7137600
5378631 4547351
5382657 702544
5384299 7564907
5409762 1429385
5431960 1568571
5433465 9265994
5436900 974541
5443594 2788730
5463107 1513101
5476803 6708795
5493984 9531104
5495076 3000927
5503190 7904260
5507715 2799704
5511694 2376605
5534891 3884305
5535968 8146261
5561798 214542
5565983 9642415
5570128 3771959
5578062 8388046
5578454 9760832
5579774 7777541
5591143 6543529
5592122 574029
5619094 6230114
5644803 6255226
5649743 7067058
5652504 2504770
5656951 1384340
5669613 8975536
5677763 438498
5686232 3047548
5694220 1522831
5705439 3429746
5709838 6942760
5715656 8972908
5719914 251498
5723380 2639449
5726733 5565057
5741245 8483237
5744936 704076
5760682 9060609
5763601 2774463
5796728 7952271
5807728 6793119
5823723 6389451
5824804 1892378
5828187 7047302
5832213 1860461
5835750 3054935
5856297 7075704
5864919 8812246
5871699 3983800
5874926 7221135
5893641 4439053
5903589 7415605
5958305 8759753
5966736 734630
5966885 963652
5997915 2856033
6009873 9295217
6020989 8756491
6062525 8917003
6074125 7940882
6080380 3610628
6082962 2280172
6085966 4596052
6090596 883946
6092889 3912769
6098464 2722068
6117945 1971941
6142890 752034
6179489 4070426
6180570 1282836
6194288 2611231
6195922 1051974
6202671 9142262
6208026 3573851
6215675 8316745
6218001 1732096
6225813 1798557
6225826 7854755
6228353 9181310
6235350 2172198
6238513 2280350
6245595 9384389
6247991 4341086
6276544 9819389
6279807 2641822
6288650 8187107
6291764 5362990
6310062 4612829
6316411 3376919
6319403 69155
6328400 7886376
6335064 8912789
6347358 7924718
6347695 3351228
6357047 3214493
6376856 8400608
6377438 112714
6398942 6309202
6399076 1879450
6402153 2220177
6425001 2044336
6426976 1611585
6498619 1312133
6498756 9229464
6502545 7096567
6503036 9992110
6506323 577479
6521138 2192950
6524148 7110490
6534587 4220190
6541676 1177972
6544931 2026152
6575305 162528
6578685 7978245
6621204 8653849
6622606 7796185
6636834 9920560
6648676 7557387
6651389 2392004
6662329 3077106
6676768 6513845
6677276 5696373
6693674 7081132
6703935 8394995
6723557 3430556
6732873 499900
6733686 8386089
6739687 607467
6741207 2083591
6741373 402045
6743866 4245171
6743968 2525144
6753708 2299930
6769085 8449900
6769856 4253545
6772246 6704888
6786292 3839918
6794796 6954970
6801546 47487
6815134 6677179
6835037 1322516
6839886 9829911
6853929 5520976
6854953 3960663
6860060 858995
6862022 8262639
6863896 8877186
6865449 4726852
6888591 318245
6930443 493264
6947787 7580258
6955754 5198385
6958613 3571450
6981376 9796431
6992008 1436872
6995592 6552891
7002955 5681352
7008054 730534
7010856 857471
7012270 2924430
7015277 9135481
7035240 5216271
7060243 1419859
7065259 6690452
7069445 8801427
7072717 6626986
7084931 8794888
7091689 3044377
7132528 6932581
7152458 8620371
7168625 3847903
7172137 9116272
7173914 6490346
7190411 6158373
7198011 5978441
7205000 4743287
7205492 5309921
7229509 5707303
7251415 9936981
7259653 1239969
7261371 6500189
7301359 1477685
7308914 4337565
7318381 2202190
7343134 4024304
7367340 431214
7367644 68422
7379793 3362442
7384041 1135596
7385189 4970692
7394790 5547191
7403626 6308437
7408656 3139944
7429409 7494588
7439814 7723878
7443076 5989753
7458508 1256081
7515065 9532763
7529953 7026277
7577715 1121319
7581267 1347941
7587522 3801176
7592739 220470
7612373 458061
7621636 1462545
7625543 8423335
7625802 6001797
7628563 546146
7642670 217111
7658854 706604
7691040 8701777
7715364 9633575
7724671 3864321
7725008 1770833
7732456 2620735
7739663 8590841
7773314 5533782
7794173 2931302
7798704 8945701
7800987 4680705
7804804 1263255
7813341 2588032
7823103 8725785
7833270 8764460
7839578 6733233
7846690 8833168
7847102 8840274
7870458 5789205
7909979 1992743
7910110 1594408
7910204 9075307
7998595 431210
8003204 6796807
8008156 3100949
8039970 6211828
8044570 6873746
8052269 3511583
8054226 3694046
8055193 253193
8077342 8842634
8078538 711191
8096601 6599113
8109622 4209787
8123664 1279178
8140501 9241251
8148709 2466527
8149261 9556545
8163998 443006
8170013 1747526
8189207 5460314
8192047 4744780
8201386 1874692
8203058 4061836
8226081 6256883
8230533 4190396
8269874 3901299
8273763 6757719
8277075 1689999
8281809 239477
8283335 1043950
8322227 2787911
8325133 8420240
8341219 7303884
8362815 7357717
8368324 6204749
8371695 5505185
8385130 9168070
8398921 3781346
8402833 8546191
8418620 4580322
8426688 6224551
8428288 7946065
8433234 4828391
8433629 6716616
8439463 2275079
8440737 6277823
8456763 1506751
8462870 4145833
8504131 8758534
8512605 4388297
8513917 8595815
8522580 9983147
8523611 8449438
8552036 9096178
8554429 4543782
8557257 8121398
8574391 7771906
8577114 5836111
8584768 4094508
8587402 2927233
8597324 1704174
8613872 2277084
8614089 1878478
8629703 7973876
8639063 3408762
8639581 6544807
8647714 8671182
8649017 2143877
8658411 5450418
8662215 3262672
8668072 8560679
8674360 7513270
8674530 8540967
8680853 4015646
8680978 98295
8691229 1124206
8692236 6860208
8700991 6412198
8701557 2158074
8713528 9086175
8717769 1410132
8721304 8569611
8734999 7227896
8750970 6199386
8774280 3194292
8789686 7328766
8791205 7076472
8814729 2615448
8822062 4905693
8826501 1653185
8835467 9073673
8835562 3888915
8850143 6462010
8887625 6296467
8892756 1616448
8914235 3732917
8916212 4299388
8920512 2275281
8925423 3469297
8931383 3572466
8936661 2166555
8937395 622487
8946353 17862
8951835 7323903
8972756 6734433
8995320 6082779
8997044 6338097
9001360 7083110
9014287 8319752
9022711 5996136
9029443 8179254
9030112 597009
9036258 6347405
9046197 7177476
9047746 1869709
9049323 4968151
9069908 1280800
9071417 3250122
9078101 9199905
9081912 1377276
9092466 4663683
9094682 5041423
9193773 7014728
9201663 3002228
9203185 9551919
9203877 1399171
9210683 8023221
9224619 1097631
9227576 9747573
9240483 1190932
9247533 9442816
9252898 3912019
9260987 5293616
9266907 5101680
9268187 6457505
9269569 1335694
9280524 7379082
9282113 1099744
9291954 8330382
9293066 1868409
9295881 3827235
9308813 3091702
9318803 1634509
9323503 7363188
9331156 7504653
9331986 6325069
9379414 2251320
9379534 8913652
9383525 771583
9390169 7126904
9401754 9723887
9403202 1511825
9414454 9358040
9423338 5212535
9427511 929124
9427689 1307465
9427998 1400701
9432351 8929940
9440455 5907948
9456268 2428843
9461482 6391028
9461730 4855742
9470360 356451
9472231 6166809
9479448 6693631
9483153 8175172
9487510 7806594
9488128 9485435
9500718 723845
9506404 1092718
9515336 2200886
9524281 9141380
9534753 211131
9546575 2685025
9548378 7946890
9554797 9926105
9561786 5490446
9563446 5743073
9567508 3593215
9581348 5564690
9605407 8922321
9634492 7426032
9654899 8491157
9677811 2674985
9679318 2901403
9696107 9291226
9698907 2573494
9703350 9739984
9715704 3049386
9719620 6230111
9732628 4841349
9751368 2357484
9788519 5199225
9789833 4678849
9810878 3597663
9810905 1046830
9812846 4552659
9822918 4672627
9829258 9844734
9840270 3634892
9840797 3474860
9848676 7513131
9870394 7415516
9893181 657049
9919967 3358728
9928195 2867623
9935409 3023603
9936864 7981366
9941675 5315642
9946091 6571574
9959132 796200
9959497 2495700
9965255 7198626
9967853 9110098
9993286 9286387
9994932 2263766
