100
128464 813092
848085 10250
76523 592644
727452 867861
222231 836953
427803 185788
522277 940860
522277 386481
198647 867861
837509 117880
727452 473212
843762 135442
443666 135442
259944 227325
693917 649018
337417 836953
751870 262136
359963 262136
822394 836953
538071 542568
522277 809529
928378 649018
992500 592644
427803 308253
727452 227325
751870 836953
843762 153885
538071 360318
443666 216281
992500 259435
919151 185788
751870 773334
693917 809529
820831 889177
592586 308253
337417 135442
344486 889177
592586 530009
837509 889177
811988 386481
427803 649018
421297 135442
820831 500310
344486 434368
451669 55439
500990 216281
314607 360318
314607 836953
128464 848264
822394 117880
219293 467888
522277 216281
820831 848264
128464 153885
677823 649018
128464 889177
837509 236894
500990 259435
219293 117880
592815 649018
693917 127260
344486 259435
592586 809529
128464 809529
538071 530009
427803 127260
259944 940860
751870 473212
928378 386481
222231 259435
222231 308253
928378 768916
337417 262136
822394 308253
811988 809529
751870 715934
575338 500310
314607 789902
592815 360318
198647 127260
992500 715934
451669 649018
259944 653840
693917 889177
822394 867861
592586 940860
314607 227325
259944 809529
314607 127260
139791 773334
592586 773334
693917 473212
843762 127260
219293 500310
424209 789902
811988 768916
427803 236894
727452 55439
992500 649018
128464 715934
