100
503 496
505 504
505 497
500 494
497 494
496 494
494 499
507 498
507 495
500 496
507 502
494 495
501 504
503 506
496 503
498 501
505 505
507 494
499 502
503 501
506 494
496 504
502 504
502 498
500 502
502 494
497 496
498 504
496 498
500 500
494 505
501 506
507 501
496 500
495 506
498 496
501 496
494 502
494 496
503 498
505 499
501 501
496 501
498 506
497 506
494 506
504 506
505 501
501 498
501 500
496 499
494 504
498 498
494 494
502 496
500 504
503 500
499 494
505 494
499 496
503 499
503 502
500 506
503 503
503 504
505 496
501 502
494 498
504 494
497 504
494 501
505 506
507 500
496 506
494 497
507 497
494 503
502 506
498 494
501 494
507 499
499 498
503 494
505 500
495 494
496 502
499 506
496 497
504 496
505 498
498 502
499 504
494 500
500 498
505 502
498 499
496 496
507 496
498 500
505 503
