94
139701 219080
139705 219046
317993 256984
350021 298233
139675 219046
139683 219046
139709 219046
139701 219055
139701 219072
139701 219050
139678 219046
139729 219046
139701 219073
139679 219046
139711 219046
139688 219046
139722 219046
139701 219063
139686 219046
139690 219046
139720 219046
139682 219046
139713 219046
139726 219046
139701 219071
139701 219076
139701 219065
139701 219051
139699 219046
139704 219046
139701 219058
139701 219046
139728 219046
139723 219046
730854 452361
139684 219046
139700 219046
139695 219046
139681 219046
139693 219046
139698 219046
139714 219046
139717 219046
139687 219046
139701 219077
139707 219046
139724 219046
139701 219075
139677 219046
139706 219046
139710 219046
139701 219068
139721 219046
139701 219064
139701 219057
139708 219046
749564 147934
139701 219061
139712 219046
139701 219052
139676 219046
139701 219048
139703 219046
139701 219079
139701 219060
139701 219066
139701 219069
139718 219046
139725 219046
139701 219078
139701 219049
139701 219054
139701 219047
139701 219053
139715 219046
139680 219046
139719 219046
139696 219046
139701 219074
139697 219046
139727 219046
139689 219046
139692 219046
139716 219046
139702 219046
139701 219070
139685 219046
139701 219056
139701 219059
139694 219046
139701 219062
139701 219067
139674 219046
139691 219046
