70
6674 8093
6907 9237
9800 1429
8127 667
7622 1284
4824 8267
1830 9000
6580 300
6740 102
7960 166
2229 3848
3611 9311
2856 9503
8489 3417
2380 5732
8131 7144
1589 7118
3677 491
1869 4652
3646 5023
7906 8656
9971 4139
2492 3110
9015 7264
9372 5555
7355 5945
1632 7236
4457 3971
3534 7237
2205 8905
4044 864
8415 6259
7916 8910
9091 1376
2658 5054
4590 9605
223 3291
3865 7112
4327 4730
6753 8477
5709 8887
3823 7541
6092 5041
204 7289
1050 6800
7493 4303
7824 7937
5642 3582
7191 2194
9298 2354
6097 3734
4686 243
9234 812
6884 283
3533 1724
9583 8215
2820 7742
5297 6161
9798 2263
9321 3631
765 963
5113 209
7702 7100
5773 8117
751 6149
2524 95
3610 822
5515 4553
2190 9769
5649 9027
