996
93 9990
84 9975
90 9985
82 9972
90 9986
84 9975
89 9985
87 9982
88 9982
97 9994
94 9991
84 9974
82 9972
98 9997
87 9980
99 9998
90 9986
87 9980
88 9982
86 9978
91 9987
92 9988
82 9972
92 9989
98 9996
84 9975
84 9975
98 9996
95 9992
87 9981
96 9993
85 9978
100 9999
93 9990
94 9990
95 9992
81 9970
90 9985
91 9986
87 9981
89 9984
99 9997
91 9987
99 9998
92 9989
88 9983
95 9992
81 9970
100 9999
81 9970
84 9975
82 9972
86 9979
86 9979
85 9977
81 9971
84 9976
86 9979
96 9993
89 9985
85 9978
85 9978
88 9982
83 9973
90 9986
90 9985
90 9986
100 9999
98 9997
92 9988
89 9985
99 9997
89 9984
99 9998
96 9994
92 9987
99 9998
94 9990
99 9997
90 9986
99 9998
89 9984
84 9974
97 9995
86 9980
82 9972
91 9987
90 9986
97 9995
84 9976
86 9980
91 9987
95 9993
92 9989
95 9992
93 9989
89 9984
85 9978
90 9986
90 9986
100 10000
94 9991
90 9986
96 9994
81 9971
99 9998
89 9984
82 9972
97 9995
98 9996
85 9977
99 9998
97 9995
100 9999
97 9995
96 9993
81 9971
100 9999
91 9986
84 9975
90 9986
85 9978
91 9987
92 9987
95 9992
96 9993
87 9981
84 9975
92 9988
94 9991
100 10000
86 9979
99 9997
86 9979
88 9982
89 9984
96 9993
84 9976
100 9999
96 9993
81 9970
82 9973
87 9981
86 9980
87 9980
91 9987
97 9995
100 10000
87 9981
82 9971
96 9993
98 9996
92 9988
95 9992
99 9997
84 9976
98 9997
83 9974
81 9971
85 9977
99 9997
89 9985
98 9997
82 9972
81 9971
96 9993
94 9991
92 9988
86 9979
88 9983
84 9976
85 9977
98 9997
94 9991
84 9975
98 9996
87 9980
93 9989
100 9999
88 9983
85 9978
82 9971
96 9994
96 9994
92 9988
85 9978
85 9977
100 9999
96 9993
87 9981
86 9980
100 10000
90 9986
100 10000
95 9992
90 9985
90 9986
95 9992
91 9987
90 9986
83 9973
85 9977
99 9998
89 9984
94 9990
84 9975
96 9994
89 9984
90 9986
87 9980
100 10000
97 9995
87 9981
86 9979
98 9997
86 9979
99 9998
84 9976
88 9983
100 9999
83 9973
96 9993
97 9995
99 9998
84 9975
89 9984
92 9989
98 9996
94 9991
95 9992
89 9985
86 9980
92 9987
84 9975
90 9986
89 9983
98 9996
94 9990
86 9979
90 9986
89 9985
93 9989
84 9975
93 9989
87 9980
100 10000
84 9976
81 9970
88 9982
83 9973
93 9989
89 9985
96 9994
90 9986
100 9999
91 9986
94 9991
87 9981
89 9984
100 9999
88 9982
85 9977
100 10000
98 9997
99 9998
91 9987
94 9990
99 9998
93 9989
92 9989
94 9990
88 9983
93 9990
94 9991
100 10000
98 9997
88 9982
91 9987
99 9998
96 9994
100 10000
98 9996
85 9978
88 9982
94 9991
98 9996
97 9994
81 9971
86 9979
100 9999
90 9986
96 9994
98 9996
81 9970
84 9976
89 9985
95 9992
91 9987
84 9974
87 9981
83 9974
83 9974
82 9972
83 9973
100 10000
85 9978
86 9978
87 9981
81 9971
83 9974
82 9972
82 9973
94 9991
90 9986
100 10000
92 9988
98 9996
90 9986
83 9974
86 9979
97 9994
97 9995
94 9991
92 9988
84 9976
93 9990
95 9993
87 9981
87 9980
86 9979
95 9992
92 9989
89 9985
90 9986
95 9992
87 9982
95 9992
82 9972
86 9979
84 9976
87 9980
94 9990
99 9997
83 9974
93 9989
85 9977
84 9976
94 9991
94 9990
100 9999
86 9979
100 9999
90 9986
83 9973
88 9982
81 9971
81 9970
88 9983
92 9989
89 9984
97 9995
88 9982
93 9990
91 9987
100 9999
89 9984
87 9980
85 9978
86 9979
91 9986
82 9973
94 9991
100 10000
87 9981
90 9985
83 9974
84 9975
95 9992
84 9975
100 9999
85 9978
87 9980
90 9986
97 9994
99 9998
84 9976
84 9975
89 9985
88 9982
82 9972
81 9971
88 9982
94 9991
94 9990
98 9996
90 9986
84 9975
89 9985
84 9975
83 9974
88 9982
95 9991
100 9999
99 9998
100 10000
96 9994
83 9974
84 9974
93 9990
86 9979
94 9990
85 9977
98 9996
89 9985
81 9971
94 9990
83 9974
81 9970
97 9996
92 9987
90 9985
84 9976
90 9985
84 9974
86 9980
86 9979
81 9970
95 9991
84 9976
97 9995
86 9980
88 9982
84 9975
83 9974
83 9974
87 9981
85 9978
99 9998
85 9977
87 9981
92 9987
89 9984
98 9997
85 9977
82 9973
94 9991
89 9984
88 9983
95 9993
81 9970
98 9997
84 9976
82 9971
87 9981
84 9976
93 9989
94 9991
84 9976
99 9998
89 9984
100 9999
83 9973
87 9980
84 9976
93 9989
87 9981
81 9970
94 9991
91 9986
96 9993
100 10000
83 9974
93 9989
88 9983
84 9976
82 9972
81 9971
84 9975
100 9999
83 9973
97 9995
98 9997
89 9984
96 9994
84 9976
93 9990
83 9973
93 9989
82 9973
96 9994
82 9972
82 9972
85 9977
89 9985
95 9992
90 9986
86 9980
94 9991
97 9995
82 9972
87 9981
84 9974
92 9988
81 9970
100 9999
83 9973
85 9978
83 9974
82 9972
86 9979
82 9972
90 9986
95 9991
84 9975
88 9982
96 9993
98 9997
93 9989
85 9977
93 9989
94 9991
83 9974
81 9970
99 9998
100 10000
82 9973
90 9986
84 9976
100 10000
81 9970
83 9973
95 9993
95 9993
83 9973
85 9978
91 9986
86 9979
83 9974
88 9983
83 9973
81 9971
94 9990
81 9970
90 9985
91 9987
85 9977
100 10000
88 9983
87 9981
91 9987
81 9971
91 9987
84 9976
95 9992
89 9985
94 9990
99 9998
86 9980
88 9982
84 9976
97 9995
99 9998
88 9982
84 9976
98 9997
89 9985
87 9981
87 9980
82 9973
83 9974
93 9990
96 9993
96 9994
88 9982
94 9990
94 9991
99 9997
89 9985
85 9977
99 9998
92 9989
92 9989
93 9989
94 9991
93 9989
98 9997
87 9980
86 9980
90 9985
99 9998
97 9995
89 9985
88 9982
100 10000
86 9979
98 9996
87 9981
85 9978
98 9996
87 9980
90 9986
85 9978
94 9991
82 9973
89 9984
82 9971
91 9987
95 9992
96 9993
82 9972
82 9972
88 9982
90 9986
98 9997
87 9982
86 9979
98 9996
88 9983
82 9972
97 9995
92 9988
85 9977
84 9976
82 9972
98 9996
85 9978
90 9986
89 9985
82 9972
82 9972
84 9976
87 9980
100 9999
81 9970
95 9992
98 9997
95 9992
82 9972
97 9995
96 9994
88 9982
85 9978
99 9998
99 9998
99 9998
81 9971
91 9987
97 9995
99 9998
85 9978
92 9989
90 9986
83 9974
86 9979
83 9974
86 9980
84 9975
100 9999
91 9987
98 9997
85 9977
88 9983
90 9985
87 9980
94 9991
97 9995
86 9979
82 9972
93 9990
93 9989
83 9974
92 9989
88 9982
100 9999
97 9994
88 9982
82 9972
94 9991
93 9990
95 9993
96 9994
82 9973
82 9972
96 9993
94 9990
97 9994
99 9998
86 9980
91 9987
90 9985
100 10000
98 9996
87 9980
100 10000
97 9995
81 9970
84 9975
88 9982
97 9995
92 9988
87 9980
98 9996
88 9983
89 9985
92 9988
83 9973
83 9973
99 9997
83 9973
99 9997
96 9994
94 9990
91 9987
98 9996
100 9999
99 9997
87 9980
96 9994
92 9988
89 9984
92 9987
100 10000
92 9989
84 9974
92 9988
90 9986
84 9975
81 9970
97 9995
83 9974
89 9984
98 9996
82 9973
94 9991
97 9995
91 9987
100 9999
82 9972
85 9977
89 9983
83 9973
86 9979
82 9973
95 9992
82 9971
82 9971
93 9990
95 9993
88 9983
81 9970
81 9970
90 9986
99 9997
90 9986
87 9981
99 9998
97 9996
94 9990
87 9981
93 9989
89 9984
88 9982
98 9997
88 9982
84 9976
83 9973
92 9988
92 9988
85 9978
100 9999
89 9985
84 9976
89 9984
99 9998
85 9978
87 9980
95 9992
88 9982
96 9994
84 9975
92 9988
99 9997
86 9980
95 9993
93 9989
95 9992
93 9990
99 9997
91 9987
87 9981
85 9977
93 9989
92 9989
97 9996
97 9995
100 9999
85 9977
95 9992
93 9990
100 10000
92 9988
92 9988
97 9995
94 9991
87 9981
93 9989
83 9974
88 9982
89 9983
92 9988
84 9975
95 9992
86 9980
85 9978
96 9993
88 9982
82 9972
97 9995
98 9996
83 9974
92 9988
83 9974
81 9970
98 9996
88 9982
82 9972
99 9998
89 9985
83 9974
93 9989
99 9997
84 9976
86 9979
92 9988
86 9979
96 9993
85 9977
81 9971
85 9978
99 9998
85 9978
94 9990
90 9986
84 9974
98 9997
82 9972
86 9979
95 9993
81 9970
90 9986
83 9973
82 9972
98 9997
100 9999
97 9994
85 9978
91 9987
86 9980
96 9993
85 9978
82 9972
92 9989
89 9984
94 9990
99 9998
96 9994
100 9999
86 9979
98 9997
95 9993
87 9980
90 9985
89 9984
99 9998
81 9970
81 9971
93 9989
91 9986
87 9981
95 9992
94 9991
81 9971
91 9987
83 9974
99 9998
85 9977
84 9976
89 9984
85 9977
89 9984
96 9994
82 9972
84 9975
87 9981
98 9996
100 10000
97 9996
88 9983
84 9975
81 9971
94 9991
93 9989
96 9993
94 9991
91 9987
81 9971
98 9996
95 9992
81 9970
99 9998
84 9975
90 9986
95 9992
81 9971
99 9998
84 9976
99 9998
91 9987
91 9986
85 9977
89 9985
96 9994
82 9972
89 9985
94 9991
84 9975
95 9992
88 9983
92 9988
94 9990
88 9983
81 9970
97 9994
96 9993
83 9973
96 9994
88 9983
96 9994
100 10000
84 9975
88 9982
99 9997
86 9979
89 9985
96 9994
87 9980
81 9971
81 9971
87 9980
100 10000
94 9990
93 9989
94 9991
97 9994
99 9999
89 9985
99 9998
81 9971
85 9977
87 9981
88 9983
95 9993
92 9989
99 9998
91 9987
91 9987
82 9972
83 9974
91 9986
86 9979
100 10000
85 9977
91 9987
96 9994
93 9990
83 9974
100 9999
84 9975
86 9980
91 9987
95 9992
81 9970
84 9976
84 9975
96 9993
97 9995
100 10000
82 9972
97 9994
88 9982
99 9998
81 9970
92 9989
97 9994
88 9982
86 9980
