500
137 220 470 164 405 33 405 483 358 376 57 60 119 364 258 229 359 339 195 270 452 231 345 314 54 146 309 198 200 128 328 482 372 31 210 353 66 327 441 407 171 159 481 56 65 437 403 90 243 161 250 406 306 72 143 420 450 494 457 176 480 72 219 14 357 102 328 177 281 367 129 45 72 11 179 432 407 472 464 417 42 432 272 293 333 25 176 120 253 159 90 398 59 365 270 284 275 418 427 487 475 258 297 178 312 297 100 93 78 196 146 180 146 386 381 191 210 408 5 62 149 194 105 15 107 92 405 349 105 396 183 423 247 411 270 420 24 155 6 17 267 366 308 453 140 155 469 494 220 426 125 422 206 208 492 135 5 414 132 18 92 136 117 44 102 331 23 393 163 134 395 131 149 112 33 198 480 45 467 385 61 295 22 422 496 469 226 414 190 314 452 424 19 192 129 362 437 405 414 98 499 173 394 109 332 102 300 238 4 441 267 381 124 450 80 474 343 5 153 201 381 178 400 464 4 373 2 391 180 214 79 19 23 336 302 112 402 420 318 475 397 379 359 169 238 117 432 446 432 105 304 172 446 46 162 62 476 324 41 254 102 257 477 52 75 25 229 415 284 490 405 15 489 159 280 239 462 287 59 234 459 455 483 166 199 260 47 231 344 161 479 200 257 228 412 421 429 318 485 277 72 82 36 480 493 2 247 76 268 190 374 88 104 192 130 72 303 47 158 138 444 246 137 145 477 133 329 36 270 384 66 110 190 218 72 122 321 491 215 224 430 14 111 90 110 403 208 495 137 275 154 260 214 215 446 420 156 379 98 88 198 96 188 114 268 377 62 109 228 36 7 151 178 245 61 84 211 409 135 437 216 428 95 7 137 466 306 496 110 31 382 333 21 128 230 39 12 210 116 121 217 289 479 92 453 223 314 51 129 426 62 66 437 366 372 433 370 342 168 207 388 355 240 202 373 448 137 278 168 396 133 98 218 238 380 259 216 490 85 275 273 417 229 10 127 342 109 346 80 71 399 468 227 184 83 68 84 171 394 314 218 424 100 80 481 407 140 295 361 330 172 102 455 411 431 170 175 122 2 75 197 143 370 247 178 217 372 134 12 59 308 493 189 460 421 345 403 263 143 112
260 301
12 6
13 21
44 46
312 187
168 63
180 114
438 227
396 314
252 492
263 401
195 347
140 79
78 187
355 242
233 345
457 110
185 225
190 423
243 286
351 228
113 142
164 453
377 300
399 289
447 347
42 102
104 177
451 381
33 21
72 309
66 42
203 186
481 192
145 174
321 249
76 106
236 416
190 174
234 323
68 41
56 97
50 133
411 429
91 73
2 6
152 59
57 44
115 65
332 354
73 38
315 197
87 341
491 165
306 302
211 17
118 327
384 334
105 86
32 16
221 342
167 202
12 14
483 312
365 433
393 248
452 254
219 177
352 319
143 126
38 75
203 285
78 68
119 244
298 173
81 63
109 294
188 268
427 276
337 317
163 169
55 400
450 186
94 283
127 147
162 56
302 463
202 233
23 45
93 79
14 19
132 95
489 470
85 61
178 222
35 55
198 66
13 16
86 34
318 123
96 101
172 32
283 434
196 497
237 252
145 242
307 301
385 368
70 173
149 124
160 199
395 276
319 150
261 336
155 472
405 299
62 226
185 125
110 364
78 376
245 261
235 209
37 33
296 487
267 179
408 495
114 192
146 34
141 191
62 77
297 103
58 80
439 341
407 378
135 371
47 201
149 170
334 82
198 210
17 11
316 140
99 54
411 323
50 12
80 320
73 136
370 291
469 262
344 131
154 108
382 25
61 166
457 474
442 143
263 466
181 168
72 107
169 445
189 97
436 432
89 83
257 207
142 317
273 168
75 82
236 161
476 216
425 275
494 241
142 245
60 74
110 105
348 212
165 155
258 380
328 297
134 92
19 208
109 68
296 449
136 156
32 65
139 134
394 74
265 144
332 465
214 300
49 53
204 234
206 362
70 30
454 446
299 402
77 114
398 498
27 43
140 157
81 331
112 96
179 160
51 392
67 60
53 98
117 260
467 173
388 182
111 250
443 328
322 175
287 245
379 334
227 357
88 266
265 356
280 282
281 235
429 441
108 121
275 329
71 160
201 403
243 147
158 98
150 133
71 40
94 391
197 188
220 470
25 412
271 248
229 430
137 126
170 398
54 56
426 217
437 366
464 294
22 15
488 342
392 410
340 458
16 36
212 241
368 420
291 240
343 319
258 151
5 8
238 162
162 259
329 408
270 440
229 136
221 90
247 215
392 485
10 47
223 208
20 30
340 350
17 83
432 291
193 183
255 269
254 230
57 69
264 260
100 82
69 212
3 5
462 349
104 52
103 113
49 87
131 409
158 305
186 109
333 428
8 24
85 103
23 7
222 231
193 346
272 290
359 153
243 373
183 99
215 237
246 220
58 26
88 145
50 95
59 230
468 156
30 42
90 220
91 415
55 117
274 313
272 161
351 456
435 289
333 69
375 153
209 146
10 6
79 77
18 26
40 26
360 148
249 247
184 206
37 59
404 325
28 218
37 52
365 124
76 48
122 138
92 94
208 340
116 164
148 146
308 181
39 21
386 143
119 41
153 137
223 275
184 248
19 111
433 471
129 144
66 296
135 80
107 256
34 7
206 228
122 107
38 29
424 196
346 378
343 482
74 130
270 98
3 1
104 126
314 247
11 31
180 326
36 49
431 357
53 72
274 112
293 249
418 231
39 123
2 29
460 478
20 18
48 84
105 108
205 183
101 159
205 278
60 43
194 23
163 251
18 15
280 279
460 165
468 480
349 256
40 184
127 100
7 5
372 214
223 417
396 484
75 116
324 297
366 367
175 172
283 289
112 473
185 215
11 9
500 439
154 353
178 47
22 335
240 366
490 359
276 219
122 227
207 216
444 132
1 2
293 477
125 217
302 233
314 368
461 278
336 455
363 261
141 76
230 240
24 120
137 161
20 167
377 419
3 4
44 33
46 124
279 216
9 4
338 148
27 92
10 62
414 190
448 442
24 128
158 262
460 499
123 239
135 255
292 64
101 182
339 166
309 421
282 446
51 171
362 475
255 295
31 41
156 325
64 46
265 369
459 84
310 157
61 36
387 358
163 152
125 100
127 303
266 332
389 325
170 493
90 89
8 27
99 129
304 251
93 196
166 200
45 88
413 257
97 253
48 39
224 128
171 263
232 102
374 151
361 236
277 93
195 102
193 311
383 338
57 131
214 65
119 176
35 96
479 294
118 83
151 133
113 188
309 330
213 129
116 397
358 422
254 284
28 51
322 496
120 155
390 347
43 63
288 256
358 348
54 31
29 35
381 211
179 207
187 299
28 14
322 486
111 204
22 25
9 15
406 157
4 13
