500
281 418 375 390 138 283 48 381 91 335 414 402 313 123 252 36 335 136 60 470 302 23 89 276 23 174 231 214 224 170 397 71 198 21 485 411 307 176 79 44 193 343 145 232 302 163 121 99 449 322 299 323 407 420 283 408 294 94 326 81 16 287 97 319 118 106 430 102 206 194 145 179 290 9 424 221 222 150 168 232 185 136 75 491 473 189 9 336 143 66 290 55 494 122 292 74 51 216 20 92 139 211 142 260 317 200 164 283 321 211 266 425 422 263 175 11 390 259 181 299 131 44 213 70 132 164 439 375 273 382 405 79 240 384 37 259 361 459 60 5 23 335 209 432 208 265 115 494 97 435 147 209 82 128 54 103 174 304 62 162 81 369 445 287 220 395 1 240 52 476 308 204 116 48 151 190 127 16 47 176 468 12 205 127 26 396 321 327 365 345 420 382 437 78 37 287 266 79 101 164 492 377 259 243 352 256 258 444 407 204 197 266 133 42 97 448 213 197 4 33 28 140 248 295 220 331 199 448 323 17 99 340 270 5 185 149 3 239 432 243 399 438 101 458 375 252 179 396 464 318 432 73 172 401 178 299 325 27 317 221 71 300 384 225 60 487 356 394 247 295 88 416 385 406 250 306 411 320 425 469 397 256 338 492 363 468 211 263 119 424 335 302 192 286 455 268 334 57 220 477 411 385 107 259 427 290 453 366 240 79 72 55 170 135 487 174 244 331 364 91 247 261 392 83 402 207 284 442 338 341 148 229 66 345 165 154 67 143 197 381 8 72 464 429 387 225 50 74 207 41 141 434 293 358 22 42 25 287 169 71 477 106 290 212 340 158 77 467 393 399 300 83 140 282 54 419 19 236 285 254 470 327 191 287 76 7 138 73 339 101 46 233 413 98 65 296 119 313 244 336 430 318 318 489 72 244 47 335 39 59 178 211 220 254 142 247 167 0 470 183 106 264 271 72 438 47 401 435 444 421 140 52 466 327 337 4 366 227 106 75 39 488 251 387 410 481 65 41 261 349 31 231 321 437 324 302 329 462 468 246 236 96 18 400 36 75 144 97 478 153 339 223 93 34 73 140 175 362 248 264 177 0 93 454 342 268 451 253 261 63 9 126 423 92 373 436 494 111 123 148
446 175
390 310
49 50
468 334
283 241
293 346
481 173
86 97
245 243
235 59
123 198
100 30
187 239
91 155
289 316
80 82
136 156
218 201
200 278
179 183
19 56
343 136
102 87
104 237
97 109
287 338
121 458
313 351
171 321
277 113
96 230
56 123
73 65
314 367
415 423
144 164
487 385
106 77
301 387
42 208
7 5
247 39
145 262
321 457
305 419
318 231
210 123
193 152
174 202
142 215
403 389
403 475
149 150
200 102
322 320
288 422
219 164
31 207
420 139
462 492
249 73
43 33
58 28
327 289
381 42
436 358
236 129
176 165
313 121
30 35
6 2
19 36
167 448
117 308
90 175
339 358
255 357
255 220
29 22
151 384
355 354
178 272
312 159
237 280
52 103
197 335
11 19
287 239
222 369
289 160
125 472
228 238
392 376
15 174
391 99
335 456
246 205
134 232
305 397
58 79
24 104
413 70
212 220
323 479
17 11
371 408
107 100
471 427
179 279
87 72
450 381
334 356
43 46
286 240
228 215
398 417
105 20
311 137
266 282
14 6
223 178
13 25
496 450
50 80
146 243
92 38
210 354
349 258
231 399
231 227
127 110
24 37
74 65
250 274
292 264
34 39
90 32
184 244
47 51
64 211
178 70
176 437
21 98
226 141
242 211
306 309
8 10
334 150
407 354
190 171
65 38
130 153
348 477
38 23
414 119
144 52
39 331
8 28
100 151
117 214
187 288
53 68
206 118
294 382
82 108
129 120
392 485
342 400
130 93
83 66
415 300
145 330
186 155
77 75
252 131
92 337
339 338
478 74
30 10
411 360
261 295
95 187
297 444
163 370
256 173
214 499
325 248
142 62
327 486
40 75
373 473
84 47
291 210
84 93
482 311
129 148
158 418
34 135
341 431
122 209
364 426
114 53
230 364
296 55
180 447
126 345
101 149
43 44
204 182
247 469
9 11
4 3
99 29
64 112
352 142
143 284
28 134
298 310
169 301
78 60
153 348
476 396
16 20
177 196
466 400
66 184
64 35
33 57
169 227
137 101
50 163
141 166
495 270
15 10
56 120
180 126
110 221
32 26
310 402
128 493
300 467
193 406
428 75
31 63
125 451
66 54
336 189
106 304
31 7
185 265
85 111
112 394
211 359
377 309
264 71
284 460
3 12
126 109
244 490
78 161
464 139
57 60
93 182
27 42
95 363
344 207
83 140
17 18
25 26
342 51
470 436
195 317
115 51
52 18
4 113
299 275
133 45
81 96
421 368
443 365
438 411
60 167
13 6
317 326
217 103
455 411
306 410
172 119
5 2
474 254
439 164
29 54
21 89
440 400
245 250
252 269
362 465
203 303
362 186
277 332
3 1
241 388
177 68
191 156
69 57
159 270
48 383
309 393
201 91
202 258
47 15
67 157
281 180
40 12
117 97
70 46
13 33
484 144
88 195
85 101
189 216
26 62
163 395
257 268
372 162
329 153
72 36
18 48
226 361
148 396
494 280
429 318
91 77
375 358
398 319
263 248
373 264
208 300
177 306
232 285
46 139
444 445
405 127
202 225
130 197
209 500
377 463
339 427
360 317
67 213
288 314
276 350
215 401
152 222
159 140
61 41
108 136
323 333
14 21
165 90
341 259
240 147
425 208
442 311
80 81
386 251
34 17
432 271
266 221
176 185
263 379
161 293
290 298
290 376
35 94
71 69
193 433
16 24
114 124
381 416
229 223
2 1
295 459
244 498
111 125
432 449
122 105
189 81
368 61
116 37
16 14
181 108
147 41
151 374
320 124
412 234
284 389
409 346
405 434
88 315
234 302
94 121
71 273
198 480
157 173
224 79
277 328
307 216
147 192
435 32
146 251
169 122
45 49
497 419
59 118
76 23
85 54
69 131
158 98
23 12
199 182
156 491
371 72
27 25
143 145
160 40
254 188
488 370
276 239
233 118
171 104
213 257
219 366
76 340
267 258
110 83
27 41
146 111
353 102
99 143
194 160
452 94
232 271
241 127
251 380
271 453
276 305
212 253
88 84
274 319
128 103
137 203
324 207
294 217
259 222
4 22
68 297
8 5
248 198
20 53
294 462
45 9
461 398
185 424
261 78
62 179
349 454
483 413
128 260
365 175
234 96
109 132
158 168
152 37
272 441
347 86
201 212
385 166
22 95
170 115
259 404
378 228
9 7
167 205
82 86
55 67
389 430
63 323
275 114
116 188
119 92
59 58
55 49
132 141
115 138
138 162
475 489
36 154
170 290
