70 200 1 64 16
20 5 701969
14 61 614517
18 19 595707
12 53 891230
55 22 967180
18 14 722693
55 20 886744
12 35 617902
37 53 301864
52 43 990784
41 26 466557
20 2 382867
67 34 949109
41 24 945958
51 11 546216
4 34 679147
30 50 721530
67 33 818404
17 51 378764
45 65 281689
52 38 591073
66 2 629063
15 19 916438
4 19 350978
61 21 585629
37 26 609480
19 49 300333
68 19 787577
63 26 591107
21 48 510497
40 54 788967
49 39 731773
17 33 584940
20 44 967923
45 33 679495
36 29 900022
4 36 925476
10 48 830803
44 14 309858
19 48 681186
21 53 789155
53 24 381407
13 1 451200
31 10 492811
10 26 280007
8 61 595668
11 38 981309
59 30 908728
16 22 844543
19 39 254192
54 67 954830
33 40 658965
70 49 547816
36 31 430076
59 43 748952
69 30 908869
2 39 465802
19 60 520325
31 34 465738
25 10 435278
66 45 560631
21 11 649272
26 13 956914
49 12 382760
28 16 424437
4 43 345380
14 24 258624
3 2 747239
40 28 946521
36 38 703780
47 34 965470
52 55 573960
12 38 697382
35 69 964836
30 7 852508
50 36 628598
30 33 476598
65 8 731191
23 70 288217
27 69 331157
56 22 632009
19 9 580511
11 48 620371
60 22 645951
56 37 975233
38 27 965434
14 58 987190
26 16 854071
27 43 907318
48 6 515523
46 29 487045
22 7 582305
63 22 480811
68 37 396646
51 62 269508
7 49 846038
65 21 896269
16 8 312094
57 33 271242
62 42 633518
65 42 453784
9 40 856690
16 70 912482
37 44 453223
1 52 521233
46 49 980300
51 5 299748
27 6 377715
53 69 660753
16 30 845325
56 69 395255
25 49 765405
20 38 280844
42 50 504792
6 11 571950
57 10 851846
70 46 956444
12 46 950018
25 6 985808
26 8 804108
24 66 966741
18 22 637789
56 11 456841
18 24 409702
36 55 607551
7 48 639411
25 4 825479
14 60 925283
34 6 347814
41 49 916344
41 22 427210
69 16 918929
60 65 477654
21 58 722519
60 61 865571
48 61 382610
46 25 469066
63 17 763014
23 64 634121
43 56 573619
70 53 638117
58 17 288915
5 49 527916
40 5 794732
3 47 382065
34 39 710390
6 37 806697
64 3 963031
20 4 726108
3 69 368808
65 61 404987
50 65 993192
10 8 295356
10 4 675043
48 41 812748
6 64 263473
24 43 714178
52 45 591133
23 33 917951
62 46 345016
68 58 631861
58 60 339516
38 40 858035
33 39 429302
13 31 402690
50 34 561344
33 12 762871
38 28 546048
33 24 511592
32 13 757141
9 15 954839
44 13 793959
14 59 833305
65 20 487713
54 52 959121
26 28 329951
38 9 404525
58 34 741487
20 25 315767
26 21 535248
52 68 590092
17 24 973555
34 30 358164
22 52 340215
49 4 852489
33 15 558890
18 55 326669
19 8 703206
57 7 810415
51 63 440665
9 62 330866
59 53 750821
10 13 765562
5 56 957865
29 66 964122
36 62 528501
4 24 366689
32 58 834739
62 24 740434
18 29 699785
