100 888 1 71 81
76 31 542880
12 41 283986
53 9 490051
45 78 965631
50 32 797448
46 12 697634
32 86 650512
83 82 766758
83 17 539027
100 13 683625
34 56 905816
35 97 526449
34 88 362750
27 80 787543
4 96 516459
4 22 907981
25 19 547991
89 40 436688
5 94 811374
52 83 539256
19 100 872147
88 70 727248
92 63 984866
19 14 516530
75 20 756616
5 10 489395
72 35 367957
61 21 506389
71 31 612637
72 31 544312
80 100 907760
17 9 633599
36 12 251295
61 90 368922
26 89 776848
42 24 997088
70 33 401018
91 74 910861
29 77 592564
22 31 859365
21 31 585816
70 91 254882
11 81 575730
9 71 347227
74 7 700306
57 73 675685
31 63 380520
65 59 317217
19 29 588025
71 80 730471
10 79 926059
90 30 939458
22 41 655338
43 80 612219
15 36 920295
40 19 804854
44 4 285981
55 20 486112
30 11 778923
5 96 719752
26 38 365920
66 87 795295
88 94 420998
52 5 350298
34 26 633197
59 23 933448
71 49 258298
27 91 805623
67 77 296426
65 3 379554
14 47 692781
59 34 471090
37 51 739713
75 84 529061
13 59 536564
53 74 353846
69 54 413242
49 11 618283
25 90 806915
69 32 753225
66 20 255109
20 85 801567
90 70 353459
83 63 346208
62 48 259426
22 88 715225
60 19 746862
38 46 566098
56 33 296386
98 61 980189
89 72 797272
55 27 467100
81 43 655175
90 39 630840
30 99 589274
23 4 564789
95 78 956285
76 30 958442
42 51 719904
4 57 758976
83 19 322654
23 5 498938
23 98 464916
43 91 568383
38 30 303205
4 51 733032
4 6 787271
18 47 421095
96 51 361688
17 59 263143
63 1 998017
99 2 726019
67 68 874798
28 17 995465
4 8 791516
23 71 691774
93 68 546714
62 26 329171
56 9 989571
92 10 976605
85 7 591156
36 98 276230
31 53 764230
26 58 963545
4 64 926299
24 49 651583
98 56 628388
1 99 254774
93 73 724724
85 14 270483
29 95 835508
69 48 959417
37 68 982255
30 15 563632
19 17 348550
69 51 331463
11 82 352474
94 52 801293
85 15 704646
28 11 296271
38 52 539480
10 72 370531
33 6 848510
41 70 559583
20 89 673885
56 71 515635
57 88 678261
85 10 899343
9 1 941860
95 47 884507
15 72 765041
70 37 493882
14 63 340753
4 72 706112
26 35 315887
62 3 935573
53 28 639186
40 13 812713
62 23 940999
59 14 342325
13 24 256735
50 98 760708
93 88 628152
44 20 333002
21 55 569912
80 92 651636
38 100 953321
44 82 286832
16 21 746158
67 21 252663
20 57 931924
76 63 752664
95 52 717529
93 15 808729
69 37 517870
98 57 319981
89 68 819028
90 1 700454
98 8 448711
77 48 633086
90 67 566654
79 28 468787
21 92 653669
78 43 788325
63 30 904594
46 58 631632
61 47 348272
15 89 739272
77 19 598729
15 90 257645
41 46 816152
19 18 861765
36 99 797346
68 88 849467
25 6 580464
23 86 629857
19 16 986136
98 42 862454
80 28 968014
22 100 865815
41 27 740662
75 56 325197
69 59 665700
34 75 337059
7 93 948245
70 14 717622
42 52 337038
89 51 426690
48 31 422214
1 78 792712
43 87 797671
59 43 438445
89 23 879036
61 2 360354
11 66 968396
45 64 863654
45 94 802371
49 70 386298
39 14 574152
47 68 382559
18 95 668642
81 59 273707
60 22 357121
1 15 963683
100 10 638782
33 64 355874
78 15 323688
61 76 492950
19 68 841839
35 59 933411
29 10 546019
6 84 573504
46 67 412714
71 51 655452
80 32 658377
89 55 977692
23 50 495694
44 79 825961
35 78 910622
11 13 819479
88 62 794785
46 45 898528
3 13 530091
34 91 584710
98 30 399359
74 32 714371
55 25 396831
74 72 415695
41 25 517548
29 44 367803
90 95 886493
78 12 428598
37 91 269226
100 30 971270
80 12 485692
78 27 812338
35 46 416888
30 67 743469
76 34 801480
35 47 667153
19 65 705543
3 70 871516
66 24 386312
53 72 636920
70 69 889016
46 81 343022
24 51 833854
55 19 467545
70 65 517450
4 88 696141
13 34 723832
40 96 492048
3 50 518184
40 84 578754
74 30 997682
60 11 974139
19 6 551998
13 25 489886
3 52 478369
93 37 775012
10 58 822797
7 100 875396
53 42 278289
47 23 962859
42 4 451291
50 93 640737
87 8 666584
23 36 562716
86 100 803976
5 91 783007
92 84 731728
4 62 609546
26 40 489554
4 75 267839
64 52 437692
61 31 758329
73 25 922481
100 91 782389
93 74 332185
2 5 498566
89 90 290148
97 26 748223
1 26 900950
6 15 867278
8 71 779223
97 32 500816
16 26 558435
94 35 780106
20 79 827036
35 37 253457
100 37 750589
61 29 956759
96 90 663454
24 6 621361
72 67 919871
97 16 431998
63 85 550741
90 9 271146
77 41 519648
24 77 887234
71 97 900197
45 19 624668
77 40 856193
98 95 643074
91 76 505806
52 78 811828
18 94 388535
76 13 776709
51 20 589349
63 46 693996
44 99 744832
43 50 612155
25 48 715644
44 67 854650
96 33 534404
22 85 931508
7 47 905939
10 55 981971
81 31 510937
66 9 753726
49 51 973769
22 40 304142
66 29 447528
96 80 261930
1 44 956694
46 31 512806
62 90 307168
8 58 344056
31 66 372332
93 49 500012
94 71 549538
48 49 976920
1 22 821494
28 50 761356
40 48 701813
37 15 800347
27 2 422828
28 35 571479
84 13 387234
68 64 930583
79 66 862779
39 25 889138
28 58 754076
6 59 533975
47 42 533830
96 50 662076
43 82 643179
87 34 742291
12 73 860504
30 42 556017
49 91 742625
46 98 753358
100 89 807890
77 63 707570
49 37 821708
67 75 439965
1 20 347779
21 9 612453
66 4 937506
33 48 674709
49 7 682966
17 37 758337
37 41 696160
63 73 558613
50 87 736465
86 66 441344
81 44 267360
26 63 286658
76 38 756644
14 84 577743
55 84 667404
86 94 832055
70 97 897788
12 26 570239
34 14 921680
53 59 670423
63 78 501061
19 15 805059
40 83 855310
75 28 331240
99 86 759698
62 84 322963
66 16 604002
28 99 589330
41 2 317523
20 87 662973
45 28 673953
15 29 259128
1 3 989946
30 92 765481
52 98 286200
48 97 465960
29 57 304527
21 97 765286
34 32 623805
69 62 419700
24 35 419317
7 97 690091
81 57 298581
99 97 696272
40 70 475026
3 95 856086
68 53 946379
70 52 571721
28 90 398623
7 35 313946
53 20 704900
62 80 963247
19 69 474892
7 36 261196
93 9 697844
81 12 952319
61 92 919829
35 57 834000
53 17 732248
48 15 263998
71 12 498536
89 49 971515
15 67 842989
66 49 561869
8 67 910708
68 34 972263
69 33 346130
36 89 286217
27 44 843739
73 6 860218
66 44 660557
17 42 623563
53 95 863980
1 41 292419
85 56 417176
80 64 299127
2 14 888180
67 20 805714
73 60 426446
23 70 978321
76 100 850153
11 22 741402
80 53 958228
38 80 369218
81 5 985030
30 88 327033
33 49 594916
65 79 592591
11 71 549448
57 100 424809
30 89 925207
99 55 367041
44 80 290952
7 78 307889
7 57 822339
25 98 747634
55 92 995898
25 15 453432
86 54 534223
63 53 400323
36 25 584038
57 21 690432
28 74 277831
93 75 741810
19 73 477206
56 22 475332
34 78 950157
34 39 269601
53 91 737431
51 73 851597
27 95 845095
100 58 550976
11 18 779051
55 26 722314
64 59 609656
50 34 848464
18 68 903287
22 64 733443
70 84 739053
17 82 704163
34 36 872266
67 80 702372
41 52 465269
79 91 381433
18 86 887370
58 43 786838
90 49 838415
44 14 429046
4 30 898386
25 2 300379
16 44 424171
51 98 965074
43 97 851133
88 21 375029
71 96 291812
12 91 344558
15 43 823287
100 99 457832
44 100 393302
45 91 956055
7 32 903046
18 21 703700
3 88 435266
6 14 550523
98 91 778169
83 13 404866
23 11 893832
65 4 355376
5 79 433954
59 68 502882
67 11 449504
69 65 660965
93 4 926584
30 94 921689
37 31 478852
44 18 913094
41 44 446791
57 26 487764
94 58 519927
2 4 393403
88 63 925589
85 40 566583
65 58 446374
3 17 680803
29 69 815908
96 68 713640
27 70 307140
2 90 402952
18 85 497106
65 96 848685
42 72 544443
30 18 315258
42 27 806988
82 90 729431
91 57 273932
72 85 501398
86 68 578134
74 20 456690
92 77 920889
50 7 521938
53 26 610758
68 15 277072
4 31 475265
49 40 322659
58 14 884610
85 33 317515
63 12 609983
16 5 693412
31 95 297268
68 78 962984
59 37 573398
6 43 636164
15 50 412089
89 93 876797
63 20 498833
91 22 773441
87 55 315972
85 2 977580
60 20 385762
41 94 669186
56 17 636774
60 23 756557
4 83 388758
69 71 660058
96 8 372047
70 20 719321
98 59 387091
86 92 495194
14 88 436867
29 32 815621
3 67 829364
20 34 860011
86 37 634391
16 100 473362
52 72 497220
32 63 634824
31 13 360120
67 79 285611
79 89 885213
70 25 638944
56 15 297274
10 52 703727
98 45 330269
3 63 642695
59 1 697959
53 14 650870
64 99 353534
84 37 908208
60 33 878017
11 87 740138
20 25 667942
35 48 410879
41 5 414624
63 15 985291
61 33 675945
3 56 688591
87 51 323881
77 78 745432
40 36 612715
14 3 733666
44 56 571912
39 63 738133
43 9 959753
76 50 721176
83 51 397642
28 49 429113
85 31 651046
48 86 680814
26 98 337285
83 32 855402
44 83 465298
64 65 666875
68 21 433779
80 95 591403
87 58 942853
44 53 258328
6 44 359563
62 20 400210
96 7 393038
63 44 909742
76 18 852378
55 53 455419
77 38 960091
45 44 549753
7 40 804544
33 17 410150
58 36 647907
72 30 284295
37 6 282953
12 48 725278
64 14 252256
49 80 666041
57 17 333399
71 67 324016
66 89 345409
86 76 552287
63 11 343461
30 9 880490
34 93 364236
71 65 613671
66 30 263947
96 42 880919
89 56 444438
45 77 706711
69 20 724711
39 66 875322
69 82 914467
61 65 730559
20 73 814354
35 8 257799
100 12 403939
87 72 990778
52 79 912873
64 94 880214
37 62 629086
78 59 921911
69 79 744662
9 38 784333
55 94 300648
11 41 415834
74 45 933015
52 96 667508
87 26 968557
50 79 899855
93 61 865676
44 31 312423
34 31 851587
42 7 701920
57 56 752283
33 26 527443
16 99 629189
85 97 963596
99 49 824436
47 93 483164
76 70 805235
17 38 309326
57 52 736193
10 84 786372
6 1 353620
33 4 604738
100 87 755209
35 73 897210
73 7 766271
57 60 707817
27 84 258500
48 87 761442
99 34 471383
14 75 460164
38 99 960248
95 72 921793
88 54 632584
55 82 320279
57 85 861973
86 28 343914
46 88 711374
88 58 826036
13 52 602007
40 50 523482
52 53 443576
8 26 882410
43 13 714527
5 90 479737
49 54 573038
5 93 979040
89 31 254222
47 84 358892
99 77 818924
33 41 542866
27 8 793869
88 83 872622
61 20 942978
81 77 874576
32 84 293740
72 50 682909
42 22 658292
49 22 535585
27 52 688246
96 41 499459
82 15 384401
31 93 440396
100 25 497564
93 79 921179
18 45 846893
85 47 892874
59 16 250452
15 28 348786
95 36 864905
89 92 881287
46 39 502933
33 32 387151
10 38 331540
83 77 315119
40 35 640374
42 61 521527
58 27 870350
40 41 701439
66 84 580597
54 64 502139
78 25 548374
13 1 285388
56 96 708964
50 69 440890
19 39 322848
79 42 838997
60 59 901191
7 6 819987
81 13 505994
79 31 341979
68 28 630812
17 36 583406
77 66 804370
62 9 426659
26 7 619285
28 62 503470
7 79 453526
99 65 822098
60 49 891694
37 3 468482
11 62 939479
59 27 528994
73 81 505555
8 38 601766
57 16 314307
71 84 554062
26 84 555244
73 50 303035
8 65 670368
60 98 259505
31 10 376724
53 73 952648
64 23 337497
68 62 570534
99 20 699618
40 28 326618
30 78 721725
40 11 443803
54 91 256550
79 95 716582
57 76 938763
92 47 286875
57 84 957984
77 42 771947
64 73 444666
75 19 785764
82 88 549438
61 3 313973
81 80 848751
14 56 934694
47 17 728986
13 29 532829
15 44 423457
47 87 609485
7 16 542078
42 18 269949
48 76 846776
36 16 399144
66 92 576263
8 7 629750
18 79 670364
91 8 293267
80 26 582795
26 64 377653
93 70 474733
71 6 841517
50 51 572986
4 91 729665
33 39 601824
86 5 446147
95 16 697050
4 74 456455
42 57 812131
10 50 968300
85 3 661245
45 80 931445
54 36 404942
82 91 515786
46 72 720880
18 5 785415
23 99 849536
19 70 624708
89 48 672026
98 19 404350
67 5 740348
38 71 329135
26 5 759056
15 8 672226
72 14 980918
64 76 699870
51 5 691651
79 81 684988
45 65 350620
64 92 361487
32 78 415011
68 56 733263
40 47 596039
95 83 255372
55 93 627320
70 11 314347
83 68 276710
74 17 798661
70 95 511042
38 18 934837
91 42 641834
18 13 602413
81 48 265903
30 3 614614
94 78 403798
77 74 787289
8 72 860823
15 92 470293
62 56 730919
77 56 258536
2 3 373991
31 49 966877
66 94 820081
85 96 966870
44 49 795041
67 47 903945
4 55 531530
36 2 554270
38 87 999147
53 90 972760
75 23 286789
20 68 719129
21 19 448953
59 40 786087
95 10 579670
3 34 280786
41 85 960381
68 52 799853
24 59 641646
80 29 265691
