25 100 1 13 7
19 24 574808
12 11 294762
21 4 291036
21 7 380179
23 10 255893
15 3 387598
17 16 520744
20 5 710787
6 7 308082
13 4 538884
17 23 872469
23 18 320066
6 14 417072
3 8 935057
19 3 909249
15 21 314729
6 13 438523
9 7 683244
11 17 548274
1 2 561890
19 1 480678
8 7 441310
25 6 900596
2 6 848568
10 6 731647
22 10 679425
12 21 827995
6 12 966789
2 20 563811
11 7 601559
17 15 903843
14 12 636586
11 2 757569
2 12 564887
11 1 658912
1 14 486062
14 18 270839
24 12 740460
22 18 839312
18 10 848306
3 22 681644
3 20 277965
3 10 258401
8 15 457079
3 9 306723
18 19 310339
23 12 276969
17 5 404792
21 22 920011
14 13 375100
1 15 973438
9 12 277712
21 9 486078
8 6 731009
15 24 448446
8 20 992863
25 17 838505
24 5 415333
4 9 870007
8 21 333090
10 15 696403
25 20 503070
2 7 446560
9 8 614706
6 21 770442
8 23 398342
16 2 657720
9 17 838062
12 22 850456
8 4 986878
20 13 627002
10 17 431500
18 2 750892
16 12 386077
22 8 315106
2 8 727473
15 22 413105
17 4 706198
11 13 382027
17 12 255405
13 25 868316
16 14 923873
16 22 635866
22 5 961462
20 12 873040
21 23 682340
15 6 883859
5 1 742264
8 17 552162
21 20 328785
1 25 334694
15 25 878746
12 3 388387
25 9 795623
10 13 618581
24 4 334917
12 5 774636
9 19 503018
22 4 971698
21 24 462566
