100 777 1 6 33
6 44 832506
62 83 514386
61 74 710340
13 11 825777
27 53 587546
18 44 998271
52 83 868763
36 84 540481
75 35 299746
2 79 598481
19 51 311348
84 86 690208
55 64 345851
35 63 307696
86 8 475351
76 45 908250
77 65 651177
55 88 495202
59 64 973240
3 96 521646
88 7 316911
56 40 707960
76 12 952108
11 70 778793
41 51 305919
4 5 815757
36 70 461714
47 73 691323
3 53 320822
96 14 699821
37 2 768293
85 2 298703
33 4 820829
13 2 483565
60 76 821139
24 28 699912
24 29 989467
23 86 956832
100 26 744010
31 56 641042
13 71 658843
9 77 374774
30 10 624959
94 23 263004
6 58 958788
27 1 606513
60 77 348622
32 78 436293
67 63 777930
31 12 586595
43 84 925199
90 78 774375
20 2 839157
88 59 505797
40 3 837588
74 17 395019
18 38 762811
32 80 936514
1 51 627356
98 77 710667
87 90 519713
79 18 349404
13 54 502778
65 27 941939
15 88 254158
84 57 769945
22 4 566780
53 43 997156
60 3 817159
56 66 483137
22 69 279962
47 42 373075
48 88 624804
83 33 703485
29 61 822184
11 9 989505
74 35 688961
27 19 335565
9 33 819626
89 61 620529
64 16 266366
73 91 970285
44 67 806622
83 56 441783
41 60 609362
89 4 250961
5 18 712967
56 10 679722
59 93 434160
69 2 426448
59 47 853807
54 36 931723
42 89 361945
82 38 698224
52 53 305894
50 96 812681
66 95 656218
7 20 555797
93 40 736177
82 31 750389
46 12 861278
96 59 953644
45 40 431524
39 36 766901
100 57 475039
25 78 672004
51 89 965590
54 45 549953
24 35 623413
91 31 366447
22 77 727297
38 14 866868
33 28 431333
94 96 363431
63 47 948696
46 86 401193
93 26 527347
18 52 978347
31 33 895502
86 21 269436
5 28 855822
70 13 670099
38 52 787726
91 63 979429
98 93 542865
19 55 973756
53 51 791951
89 39 757956
1 30 970726
88 74 879504
46 84 340229
24 92 746246
27 90 774061
31 58 494160
81 64 600563
5 92 971288
59 61 279229
5 95 809870
61 30 981523
56 80 638307
22 64 459563
86 56 464697
85 59 676319
42 82 888313
95 88 284905
3 97 424952
44 83 928773
62 41 376467
76 18 422750
86 48 391582
62 14 669601
92 91 896117
11 91 450211
22 74 512819
99 43 699808
94 61 966748
21 79 915835
83 4 950110
24 2 300617
95 22 952561
45 68 759416
79 66 823644
20 58 776486
40 90 471834
69 44 830664
97 41 824583
29 23 848281
96 4 322248
75 59 260079
66 99 791491
32 27 786457
66 65 432492
93 50 832639
49 85 806089
54 32 614900
6 30 404365
18 21 270856
19 63 513039
9 94 678203
56 49 455957
36 82 711579
72 44 539933
13 37 820281
4 26 580367
98 74 829854
98 27 919599
7 96 450979
41 81 673741
95 82 463167
8 65 634113
73 94 323807
43 55 387522
43 16 335302
82 29 914988
61 84 490232
15 80 420433
97 88 330124
67 15 847155
89 32 452343
54 35 396571
66 81 790102
1 4 932553
41 59 335611
33 100 391202
37 14 868517
17 2 464310
13 3 487974
73 17 934515
54 5 607886
50 62 508401
93 24 329279
83 53 807359
40 74 864598
27 49 771688
83 72 750356
76 68 883059
69 6 795531
4 66 345239
59 21 445243
89 28 280362
63 34 466660
37 29 256555
77 73 384835
21 98 753798
83 87 838273
14 47 987320
42 40 361402
36 76 431755
62 89 836263
34 100 662170
32 22 757005
85 81 763441
53 88 909235
82 16 521257
8 60 256747
83 39 264947
82 57 972304
72 89 554632
98 89 271379
90 44 293353
30 32 626775
27 83 455078
97 8 637978
20 78 649966
74 46 683327
73 49 339222
34 18 286056
45 37 364996
59 26 835319
15 86 954263
49 13 979663
18 12 919500
41 95 636507
98 29 887842
64 54 952472
40 66 464220
82 17 834726
25 33 268095
33 81 406019
46 57 488099
35 64 613560
45 14 886148
33 76 354623
45 94 361906
63 49 626879
38 44 887495
64 11 289369
12 97 633121
16 67 815204
82 7 291728
26 69 994038
46 20 978788
75 48 906945
16 60 346453
72 88 265095
58 8 594984
79 95 323295
1 68 522179
22 47 721617
26 25 321195
3 77 941502
95 30 698195
9 71 663298
44 50 538931
92 42 376537
83 73 792350
18 25 887198
91 46 581858
7 24 276151
12 10 416619
34 17 726683
93 34 474900
30 44 928609
60 42 835721
60 57 375172
73 2 782542
97 5 587245
29 41 963010
51 55 271474
54 22 423869
38 37 946686
3 14 774056
23 50 441017
69 25 804567
13 46 447117
4 60 820613
25 52 954312
6 35 635859
53 9 837263
68 66 899028
76 44 517840
95 17 694152
40 97 333030
75 43 928638
73 21 801364
27 74 473562
96 2 662987
94 89 963195
7 43 893312
84 40 357161
30 38 741203
49 72 999172
80 68 524950
1 38 347330
87 2 854610
29 58 388236
82 18 958488
52 7 976898
23 48 259208
46 38 271238
34 22 637068
72 76 951493
63 30 291189
94 55 965560
11 88 387979
41 28 671603
43 56 867114
46 25 885729
84 2 408993
83 10 907505
41 30 315237
94 1 467379
100 91 585163
14 17 673365
28 82 440397
45 87 361299
57 15 876188
41 19 489848
11 58 862240
41 38 786199
32 65 787053
17 59 453432
88 40 695977
98 35 882585
99 32 883072
55 4 347184
39 71 656645
31 70 508796
16 48 854891
84 16 909733
95 39 469563
21 93 866615
77 61 332638
69 20 925585
10 75 694872
23 79 781646
9 68 883588
60 34 985155
41 73 650175
51 75 865352
71 51 584266
46 59 578907
81 40 430961
65 75 790219
12 16 387921
6 99 323296
13 1 959670
77 28 415061
98 16 364406
7 74 621815
34 41 671665
25 47 614022
40 87 713054
49 40 988976
8 77 734134
19 89 398680
18 93 477312
35 71 486527
65 12 801706
47 94 936321
21 40 457878
74 41 554493
86 14 958116
29 77 287019
7 51 464956
40 98 305641
97 11 837052
73 29 685743
93 42 662577
95 28 424423
40 95 848011
46 5 426978
67 94 350755
73 69 325953
72 91 291383
70 65 462350
83 65 823781
80 97 295619
80 87 984577
8 4 505470
10 36 906520
91 83 908538
1 52 760315
83 12 910114
71 84 536209
7 39 768811
47 28 726304
50 83 695473
50 78 600652
37 10 285085
98 52 739382
7 3 714600
71 16 382612
69 52 687863
70 52 800846
38 88 868455
99 31 423048
76 73 533995
60 2 701125
95 38 840397
96 46 564148
24 27 951827
12 14 854424
3 34 430102
12 47 821379
86 65 785651
46 99 996778
23 87 739203
41 54 703976
76 63 955050
50 56 734800
52 17 388051
20 89 283833
25 76 383822
78 31 802448
37 54 852194
29 4 432012
37 40 910757
32 52 723701
91 22 523372
15 24 452853
37 63 895009
24 87 885859
12 84 830955
59 73 851368
81 50 268994
61 15 915735
63 50 958781
32 79 502615
89 50 799247
13 4 506748
43 62 899598
52 42 698118
3 18 510769
65 23 266083
49 21 392508
25 11 871429
89 74 808479
32 90 913519
74 38 522255
44 88 570441
47 32 799019
47 88 755028
50 15 823078
97 33 570625
99 85 311072
14 81 285228
15 71 519518
9 24 982296
63 60 677310
16 96 326802
79 78 732502
91 1 386341
51 25 725031
36 29 828728
69 39 429349
31 46 645986
69 7 503296
77 23 774001
93 77 721320
3 48 962780
31 4 588000
48 35 256736
38 64 408786
58 68 953369
88 19 712346
77 90 901304
8 92 339808
56 35 659423
46 60 527866
76 51 585210
1 10 706112
73 5 353504
98 86 360598
49 18 740912
30 48 976125
17 1 644823
59 76 361998
98 38 874385
23 13 308945
85 14 282625
13 60 253108
94 42 284715
26 5 710070
32 13 856027
3 9 692552
54 50 474936
14 78 587162
70 17 457379
5 86 323014
93 78 426439
49 58 691258
17 37 840313
85 46 784861
72 99 407147
56 46 479289
43 32 987465
13 29 783649
20 11 712317
91 38 435282
88 31 399860
78 9 433681
42 18 776258
2 91 691068
3 73 662809
58 45 266268
2 93 570285
55 85 603094
25 74 440587
13 27 836167
73 96 628057
16 56 640076
64 85 373266
18 88 804864
47 82 778204
7 79 774627
85 90 905960
51 95 974259
46 89 599464
41 79 911010
12 77 746696
2 51 921153
24 11 739693
73 11 676297
69 42 582507
28 49 321139
22 8 633147
16 17 665682
2 7 326205
61 58 377221
63 32 251547
69 17 702342
38 5 981458
41 90 439217
52 71 878103
50 97 277541
63 73 451578
6 78 925553
38 16 527456
29 76 630227
61 36 441119
100 73 833188
95 15 644908
63 42 752354
37 35 753705
10 42 681851
78 28 506828
1 6 783179
92 32 704194
55 30 817528
26 86 655118
9 100 427975
69 40 656253
42 34 727559
57 54 568579
81 43 856341
80 26 559129
29 59 661462
33 30 918116
63 12 583608
24 78 500134
26 46 471780
66 20 395586
61 69 611843
23 72 741712
4 88 911949
12 8 727201
12 67 646302
7 65 254160
19 1 423484
18 66 340654
23 100 608022
73 22 660581
17 77 401548
43 54 905021
16 3 524466
61 39 327860
12 91 591863
36 78 376931
52 94 784605
29 44 979935
46 11 588661
78 34 713177
38 78 789787
75 24 387974
48 92 926444
83 5 837290
95 61 260087
30 26 334753
32 75 587772
44 81 653514
74 1 622837
41 31 360369
33 71 557348
98 45 935351
2 81 764305
97 83 985055
52 77 270793
80 19 494870
97 1 979973
50 37 877767
35 2 443940
92 70 986237
7 27 438613
30 78 256870
35 5 957423
66 97 371483
18 70 872187
82 92 686763
56 68 923209
89 6 453730
55 45 461639
21 47 740405
68 42 700811
86 13 664189
76 89 256559
98 19 564818
13 43 772900
65 89 639048
52 43 307253
32 62 646022
68 33 535163
28 10 974277
6 18 707821
66 21 805399
60 53 291192
32 87 272141
62 42 943484
86 6 579937
12 5 408460
33 65 569440
55 5 336653
60 28 715095
100 38 965548
66 90 478825
58 72 694632
95 32 912283
4 72 324858
52 92 898689
70 40 717481
84 97 671522
92 85 888362
70 75 840574
18 99 425795
68 59 656039
81 10 863659
34 73 719382
4 38 885995
90 17 445064
6 75 800105
83 21 843396
9 85 435686
45 8 320650
99 59 911714
95 45 315308
82 61 677423
68 54 474907
2 26 845920
35 28 627161
79 100 804121
7 13 726095
39 23 524836
85 68 641968
75 61 397810
4 41 343822
15 56 267420
82 55 504269
87 91 560771
63 62 412851
87 72 663515
6 52 526638
34 82 314535
1 24 872555
6 13 926220
63 85 714526
3 2 427397
56 93 717393
9 79 295514
51 20 434928
85 76 483677
70 47 608835
50 35 308555
94 78 580035
62 6 717202
62 78 510796
59 65 307003
49 2 744383
8 51 650187
24 43 326913
93 76 659994
57 18 366226
40 76 422099
97 62 516718
36 7 283932
44 35 845506
20 77 378200
32 19 907133
73 70 494911
60 54 641771
12 40 437516
86 24 344012
77 50 309357
75 40 988883
71 21 859175
31 60 827962
5 49 756048
42 73 290851
1 18 881755
98 13 266906
43 71 263329
35 57 607951
40 91 380585
24 77 522321
42 29 996475
74 82 970966
35 7 324630
51 24 309915
24 88 307036
87 37 909217
41 23 661715
91 28 485883
42 87 368707
92 15 829827
26 50 374689
65 81 901011
96 45 439304
14 2 340073
100 16 940958
99 24 344106
54 94 477712
28 56 489084
64 32 449700
22 30 412583
9 74 291179
83 51 457545
19 36 927928
4 14 620519
45 83 923798
91 53 434125
64 97 554900
65 93 773477
54 59 576148
74 81 781702
57 80 365220
3 100 768050
44 82 338399
19 46 780958
