50 100 1 41 38
27 41 742801
34 32 591871
9 14 282469
24 37 642899
2 31 711004
3 45 743986
45 50 626590
19 39 572495
45 8 945454
8 21 998726
46 27 377382
43 18 716499
49 19 884762
9 6 291492
41 48 317866
13 11 590019
29 19 904739
20 25 609469
22 47 560856
31 8 645890
32 27 378935
12 37 311317
31 27 969446
17 49 356224
42 15 544020
35 1 751572
41 32 927356
23 2 694492
18 50 533670
40 43 367672
3 35 401413
22 34 632340
2 6 781481
46 35 295449
33 23 277605
4 42 992027
27 42 591237
15 25 977360
41 7 783025
29 6 489553
6 10 733553
38 44 327101
16 6 812013
16 36 373680
30 9 494815
50 26 386965
27 10 995455
26 44 587818
42 23 825418
47 39 313546
19 2 885543
24 10 450680
19 23 735865
45 26 668037
10 21 700236
33 34 883168
35 11 653728
26 18 366962
7 30 607175
29 35 351216
43 36 538108
34 41 428760
47 25 354329
50 39 338138
29 45 562346
24 6 974083
9 37 650196
32 17 815635
6 35 871290
50 21 769286
14 12 622048
13 39 511009
25 32 461874
43 15 872711
39 49 795584
1 45 641410
38 32 756555
12 33 839785
30 45 762224
5 42 266272
22 23 305780
22 45 383005
22 49 579920
27 15 364792
33 44 824301
28 50 599375
22 1 310205
1 18 723073
32 28 666394
14 40 300763
12 38 699584
46 31 306090
42 16 459139
49 14 427541
42 40 513480
14 20 696923
36 19 945711
43 7 857190
46 23 416222
33 37 621489
