100 10
65 1 2 3 4 5 6 7 8 9 10 12 13 14 19 20 21 22 23 24 27 28 29 30 32 33 36 37 38 40 43 44 46 47 49 50 52 53 54 55 57 59 60 61 63 65 66 67 69 71 74 75 76 77 78 79 84 86 87 90 91 93 94 95 99 100
77 1 2 3 4 5 6 9 12 14 15 17 20 22 23 24 25 27 28 29 31 32 33 34 35 36 37 38 39 40 41 42 43 44 45 46 47 48 49 50 51 53 54 55 56 57 58 59 60 61 63 64 65 67 69 70 72 73 74 76 77 79 81 82 84 85 86 88 90 91 92 93 94 95 96 97 99 100
74 2 6 8 9 10 11 12 13 15 17 19 20 21 22 23 24 25 26 27 28 30 31 35 36 38 39 40 41 42 43 44 45 46 48 50 51 52 53 54 55 56 57 59 60 61 62 63 64 65 66 67 69 70 71 72 73 74 75 76 78 79 82 85 86 87 91 92 93 94 95 96 98 99 100
15 1 2 19 29 30 47 49 50 57 77 83 89 91 92 94
91 1 2 3 4 5 6 7 8 9 10 11 12 13 14 15 16 17 18 19 20 21 22 23 24 25 26 28 30 31 32 33 34 35 36 37 38 39 40 41 42 43 44 45 46 47 49 51 53 54 55 57 58 59 60 61 62 63 64 65 66 68 69 70 71 72 73 74 75 76 77 78 79 80 81 82 84 85 86 87 88 89 90 91 92 93 94 95 96 97 98 100
78 1 2 3 4 5 7 8 9 10 11 12 15 16 17 20 21 22 24 25 26 27 29 30 33 34 37 38 39 41 43 44 45 46 47 48 49 50 52 53 54 57 58 59 60 61 62 64 66 67 68 69 72 73 74 75 76 77 78 79 80 81 82 83 84 85 87 88 89 90 91 92 93 94 95 96 97 98 100
39 2 11 12 13 20 25 26 27 28 34 35 37 39 44 47 49 51 52 54 57 62 64 66 67 68 71 75 76 78 83 86 92 93 94 95 96 98 99 100
26 3 11 12 14 23 26 31 33 37 43 45 51 52 56 59 60 61 68 75 76 82 90 95 96 97 100
45 1 2 6 9 10 12 16 18 20 22 26 30 31 32 34 35 37 38 42 44 45 47 50 56 59 60 62 63 64 65 67 68 74 76 77 78 81 87 89 90 91 94 95 96 97
97 1 2 3 4 5 6 7 8 9 10 11 12 13 14 15 16 17 18 19 20 21 22 23 24 25 26 27 28 29 30 31 33 34 35 36 37 38 39 40 41 42 43 44 45 46 47 48 49 50 51 52 53 54 55 56 57 58 59 60 61 62 63 64 65 66 67 68 69 70 71 72 74 75 76 77 78 79 80 81 82 83 84 85 86 87 88 89 90 91 92 93 95 96 97 98 99 100
