198 62 5
8
31
4
5
11
15
8
3
3
30
20
30
8
23
14
11
9
8
29
9
14
4
28
17
2
5
17
10
15
20
11
23
10
1
9
14
7
21
16
27
11
15
11
31
3
9
1
1
29
15
13
8
21
26
15
8
7
10
29
25
4
23
15
18
3
22
8
13
22
1
17
1
18
16
26
3
2
2
29
30
21
27
20
5
1
1
29
30
1
9
6
6
28
22
4
4
13
9
24
31
18
20
23
17
6
13
13
25
16
5
8
30
31
27
21
20
28
2
13
22
29
29
8
17
5
11
25
4
31
24
2
28
4
4
10
24
17
1
22
30
30
20
4
18
12
10
9
29
26
9
6
26
28
31
24
25
28
17
31
3
18
15
15
14
16
7
28
14
7
12
12
6
20
14
23
9
2
17
31
2
11
29
7
26
10
18
31
27
21
30
8
4
7
20
3
31
12
31
