186 30 8
9
2
6
13
13
12
10
9
14
15
6
2
15
12
11
4
12
6
9
4
14
12
2
3
12
13
10
10
13
1
14
13
7
10
15
14
13
12
14
9
1
13
15
5
4
9
10
5
7
15
10
4
9
1
12
5
9
8
9
1
9
9
4
14
11
11
15
10
14
15
4
15
15
13
13
10
15
8
15
1
7
10
10
15
4
13
4
6
7
3
4
12
13
12
1
15
5
14
3
9
2
2
8
8
13
5
7
8
4
5
14
13
14
13
8
5
10
9
1
7
6
14
6
3
8
11
13
15
13
3
1
4
3
11
6
12
8
8
10
10
3
4
11
8
14
2
4
5
9
5
15
7
10
14
2
3
12
7
8
10
2
15
8
2
12
14
2
2
6
8
2
7
3
4
1
6
4
7
7
13
12
15
11
8
9
14
