87 89 4200
8 35
9 9
24 2
18 17
48 60
44 11
2 41
10 27
45 86
69 27
26 30
84 4
4 39
8 3
33 12
18 5
49 34
24 37
18 88
36 34
13 24
67 9
14 6
26 88
12 7
54 24
50 27
36 80
27 42
82 40
22 60
5 25
39 17
31 27
46 4
52 24
26 12
75 20
2 58
36 16
36 3
30 34
75 24
24 10
1 30
53 43
28 26
8 34
43 74
19 79
5 85
70 39
2 78
22 25
49 7
11 11
24 13
26 55
1 80
23 22
3 25
18 21
46 14
38 25
28 77
7 19
10 40
34 89
19 7
26 41
37 49
66 45
36 54
72 69
8 68
16 39
35 28
24 17
87 81
24 77
52 13
11 24
19 19
20 36
25 31
19 32
76 79
52 33
81 2
56 1
16 68
18 32
25 87
29 44
16 9
34 27
67 42
26 1
34 21
40 79
36 11
75 21
40 44
32 57
73 45
30 57
43 35
40 18
36 17
43 8
78 18
23 36
75 32
71 33
31 31
42 35
25 9
27 1
38 57
50 87
26 3
69 71
28 19
25 5
21 6
28 81
15 70
23 65
65 57
56 63
75 3
71 48
14 17
82 71
13 12
32 78
78 44
59 28
23 89
62 81
12 11
65 81
25 28
49 59
11 27
2 67
64 40
15 18
27 7
14 20
78 88
18 36
54 18
12 13
14 58
39 5
20 17
4 20
7 34
36 78
87 36
39 86
71 55
19 25
12 86
50 14
73 87
64 23
31 4
83 67
63 78
13 31
36 13
2 35
21 9
69 50
35 20
75 43
19 39
1 18
67 10
27 31
44 35
27 39
49 27
22 1
16 35
5 63
32 12
17 74
41 25
68 16
42 89
37 41
13 33
48 42
9 68
41 21
37 16
84 71
18 76
11 45
42 87
7 67
68 64
34 40
35 17
84 60
55 31
19 18
5 19
14 3
45 33
6 89
18 54
22 33
22 55
45 50
16 17
8 21
42 88
37 72
39 24
44 16
23 9
37 10
36 2
9 78
21 5
17 15
4 10
19 27
40 8
65 74
85 69
58 88
32 22
54 20
48 38
50 11
71 1
50 5
15 46
14 12
17 5
4 12
46 2
11 13
14 78
78 6
58 48
81 53
23 10
39 67
79 10
62 34
25 12
68 85
39 28
42 80
8 84
38 20
26 8
16 21
5 18
3 19
74 86
13 36
36 57
40 23
3 22
75 81
7 42
27 8
29 56
12 33
13 47
23 7
20 29
49 85
68 48
26 38
29 61
41 15
26 23
35 35
11 68
15 84
38 89
7 70
53 67
10 4
20 50
19 2
79 83
68 7
40 9
46 20
6 7
19 13
44 27
51 88
53 13
31 22
17 9
34 53
52 11
10 25
15 14
6 59
38 3
36 47
17 25
59 64
39 75
31 24
77 60
20 63
8 45
69 14
50 33
65 49
10 28
7 32
35 58
74 23
71 29
49 31
33 82
16 66
32 9
8 24
17 20
70 19
22 74
30 75
68 28
16 15
58 34
57 9
56 31
50 30
42 3
15 7
34 28
52 21
48 39
17 26
14 53
38 48
67 64
33 45
2 80
9 88
23 88
46 37
46 89
46 25
36 59
21 48
77 48
51 86
22 61
10 21
39 32
25 29
46 38
66 57
48 31
10 20
2 5
16 19
26 69
4 54
72 35
31 16
60 12
7 26
18 68
19 14
47 34
52 1
86 61
33 31
3 54
6 9
53 71
10 15
20 32
74 65
23 18
26 20
30 3
11 33
27 35
24 22
36 35
49 16
82 78
9 21
64 77
28 48
30 6
16 22
72 50
17 72
13 22
19 74
25 76
42 15
68 55
17 19
28 12
72 14
32 30
18 15
12 69
38 15
34 39
29 21
8 25
20 19
14 66
68 39
4 32
48 11
75 48
86 58
45 2
55 72
12 34
2 87
52 12
17 50
29 9
18 71
69 55
22 2
30 69
43 41
73 18
55 4
64 75
34 38
21 64
86 46
15 28
33 36
52 25
84 40
53 4
21 34
42 85
38 5
57 2
52 77
15 74
44 15
84 19
12 10
11 75
11 86
71 21
72 64
27 5
71 25
60 69
28 9
50 56
1 10
65 68
71 87
31 40
46 13
11 19
38 39
6 15
14 56
31 86
39 72
33 24
28 40
32 8
9 22
42 75
3 26
12 64
67 25
27 6
66 1
26 10
24 25
38 87
70 65
18 70
12 39
30 24
15 22
52 3
58 66
31 3
43 45
36 52
10 72
16 3
26 32
82 56
7 7
46 16
71 72
67 73
67 34
44 77
54 65
39 30
20 69
4 25
31 23
34 9
35 47
15 30
6 46
15 76
30 55
18 26
72 88
30 77
9 20
5 14
10 14
41 16
26 29
50 34
29 45
75 33
15 11
21 53
45 43
16 78
37 14
50 83
68 42
42 31
18 77
36 18
15 15
79 35
9 34
74 22
48 72
1 2
25 14
19 85
33 88
64 62
70 25
23 16
7 71
12 1
2 13
57 68
29 40
58 19
56 13
48 75
65 5
75 54
44 50
27 72
46 60
53 24
41 29
29 43
51 33
51 78
14 11
30 20
14 23
20 13
49 62
33 33
11 12
29 15
21 21
10 1
15 27
41 36
25 64
14 18
53 3
13 46
8 5
4 71
7 29
11 7
49 28
17 79
52 4
22 45
53 36
17 44
12 22
71 59
8 85
26 13
17 12
3 76
10 10
32 71
57 39
21 10
32 29
55 28
4 49
78 41
59 71
50 81
40 33
2 74
75 55
54 11
48 33
26 71
27 2
48 10
37 78
34 15
1 14
47 46
48 23
47 45
53 19
65 15
1 71
48 32
60 39
21 54
43 63
37 74
21 47
35 29
32 11
5 5
11 23
32 15
85 86
12 38
30 60
32 10
43 23
42 47
59 17
78 51
51 21
49 5
86 37
17 43
42 38
52 34
35 11
22 85
7 75
8 6
38 35
14 5
52 18
83 38
66 8
58 12
21 63
49 8
37 8
30 2
40 48
11 26
34 76
9 16
39 35
19 29
13 8
54 19
20 18
82 65
47 2
10 13
15 4
43 79
74 20
25 4
43 84
52 9
24 1
30 42
80 50
45 38
29 23
5 17
1 42
62 38
41 27
55 13
48 74
51 23
79 46
57 44
59 54
43 78
31 33
14 33
7 86
84 16
15 29
57 52
48 30
77 69
3 89
49 39
20 21
78 57
19 10
7 21
44 23
25 68
75 29
53 30
35 12
26 36
28 28
81 62
47 6
66 66
36 28
36 51
41 3
84 49
44 19
84 56
15 12
45 20
28 7
62 19
72 22
73 20
2 20
24 80
36 22
19 24
38 84
58 62
76 51
46 19
3 23
68 3
24 78
13 17
45 31
4 44
20 7
73 61
30 47
59 68
22 4
15 37
40 16
17 7
2 73
66 70
27 87
52 49
51 27
8 76
70 62
73 12
15 83
25 66
29 65
56 5
80 73
3 59
52 73
20 6
38 10
30 22
54 28
48 2
83 85
73 27
53 2
16 31
12 15
31 6
87 73
27 16
3 68
44 32
48 89
1 19
30 19
44 48
44 36
75 51
27 67
43 42
37 84
78 58
2 30
19 8
44 10
51 10
67 18
39 2
80 4
2 1
19 77
31 77
36 30
8 75
41 18
12 36
21 40
34 13
63 37
28 89
49 69
7 68
27 44
38 38
61 58
32 60
38 18
34 29
76 87
31 50
70 49
79 30
48 27
6 56
81 31
23 35
49 67
73 63
46 41
49 13
17 33
50 32
15 73
34 36
4 6
9 4
61 12
63 79
35 18
6 81
37 1
1 47
34 3
10 29
16 13
75 77
79 31
22 39
53 21
12 29
13 6
10 60
72 46
9 29
36 12
39 49
28 17
71 8
22 8
52 51
78 4
86 31
43 20
41 52
26 75
42 6
23 84
33 28
28 2
22 24
54 5
52 26
4 43
67 29
23 27
6 73
72 39
49 86
29 12
26 19
26 31
29 63
83 40
23 21
50 37
49 6
29 13
78 65
29 32
18 47
17 11
59 24
69 10
26 27
6 72
34 34
61 85
72 55
36 37
13 4
48 35
41 85
25 17
23 8
8 43
15 61
8 56
24 14
8 18
71 63
8 19
63 57
7 23
30 17
43 66
39 34
54 15
2 16
30 43
7 40
23 17
83 46
80 76
38 1
27 83
31 28
24 9
34 7
11 43
62 82
32 41
54 30
37 28
30 86
20 20
5 56
72 76
55 79
62 88
23 81
68 35
27 58
25 26
50 24
64 33
28 59
60 38
81 83
53 22
81 51
32 6
66 9
43 25
15 8
6 2
40 35
71 52
11 1
72 2
15 31
46 1
77 62
67 30
73 56
47 60
7 12
26 22
80 30
80 82
51 16
59 16
22 81
42 63
48 9
15 32
69 8
54 21
33 40
52 89
4 3
57 8
50 50
13 16
51 6
68 79
30 62
49 52
41 53
36 76
20 82
1 79
47 19
72 42
25 39
57 13
12 37
1 11
67 76
66 34
74 42
28 30
18 2
64 36
2 79
26 59
58 4
69 39
61 44
25 36
63 16
43 31
45 15
40 30
6 1
84 43
23 2
24 5
46 26
55 16
25 10
15 5
8 14
55 14
20 51
34 20
24 18
16 32
71 15
51 43
2 28
36 36
5 30
53 63
47 10
68 5
52 57
68 76
71 4
4 23
39 52
41 23
41 10
53 46
19 66
27 10
49 41
23 49
78 16
60 79
1 24
16 27
30 16
1 75
25 16
11 28
74 5
59 85
22 13
34 12
77 42
28 56
45 1
35 59
27 32
28 11
85 41
17 21
72 33
23 55
43 86
24 23
65 85
44 68
50 9
22 30
52 52
41 74
54 3
11 41
48 85
4 13
47 3
80 70
32 43
38 21
54 41
53 48
84 24
37 11
27 59
61 88
35 23
52 40
59 9
33 86
1 17
86 67
32 33
34 68
10 12
68 44
23 4
44 18
40 39
2 63
59 49
37 21
11 34
31 36
30 7
44 14
31 46
24 60
54 72
54 61
2 7
7 14
40 46
17 53
33 21
59 10
57 88
41 68
19 31
62 63
12 47
56 62
4 63
46 17
10 19
1 25
7 27
16 24
68 67
47 40
10 23
2 17
31 5
84 70
69 7
46 31
35 39
57 4
60 75
16 64
77 28
58 2
34 37
39 26
28 15
39 40
70 89
13 1
56 4
75 17
24 4
71 80
40 43
3 4
60 25
9 65
7 5
9 36
75 85
26 39
84 62
1 8
73 15
72 1
50 89
34 14
35 54
48 17
29 7
26 2
46 15
13 29
41 1
6 17
9 2
39 16
51 4
13 74
49 61
79 27
69 52
38 14
5 53
33 5
54 1
17 46
71 81
53 18
8 81
25 11
31 2
79 42
83 21
26 44
27 49
22 88
65 77
62 71
46 9
34 80
77 3
51 62
75 19
70 32
33 32
28 43
26 17
8 62
66 60
75 75
48 1
18 20
17 24
68 10
52 69
43 55
37 17
55 44
38 54
4 7
16 75
42 69
37 81
9 17
61 78
78 87
64 54
2 21
29 72
42 4
5 69
11 6
11 53
13 54
71 67
52 20
4 29
66 74
48 34
9 23
59 79
38 88
42 66
45 42
66 80
80 63
13 66
37 79
44 7
21 59
20 15
36 24
2 44
21 13
32 74
59 1
35 73
42 46
25 56
33 34
20 38
60 61
55 25
49 88
4 21
32 42
47 1
53 49
56 32
52 15
83 81
12 5
38 33
28 27
13 34
19 11
14 79
47 43
79 52
80 12
85 83
81 58
13 5
44 3
5 2
38 34
77 58
9 12
34 18
31 57
14 72
45 13
72 67
49 4
46 12
35 45
79 41
29 4
14 21
9 63
57 29
38 85
9 11
31 17
27 13
65 31
87 18
59 65
3 13
8 8
69 49
58 59
11 15
36 33
54 31
75 35
32 39
76 15
6 20
33 25
44 5
4 68
35 25
15 42
27 51
7 88
30 30
21 29
20 40
15 24
5 80
37 40
53 76
52 59
30 35
6 10
82 58
81 82
24 41
19 16
28 42
29 76
73 5
34 10
16 23
10 86
53 68
35 16
49 15
17 18
73 50
32 19
85 79
70 55
34 11
68 57
61 49
38 7
15 16
51 54
29 66
39 23
74 50
26 84
41 33
75 38
71 9
38 11
20 22
47 28
13 25
41 66
9 25
6 27
36 81
34 4
36 25
47 25
10 44
15 54
25 7
33 14
52 23
37 59
44 43
76 19
66 71
77 43
6 50
31 39
56 49
72 31
50 26
5 4
78 30
2 3
40 52
71 75
50 28
66 14
70 51
15 53
23 51
2 70
57 21
45 16
58 72
33 2
12 3
16 69
68 63
43 10
40 60
29 58
29 30
33 20
45 22
28 39
54 27
8 64
9 66
25 32
14 31
86 42
71 79
11 82
17 23
22 23
5 57
26 81
13 10
27 70
60 81
29 59
74 87
37 82
25 21
1 9
84 54
19 37
18 27
82 7
13 87
26 51
46 6
50 88
82 15
56 14
35 40
35 3
49 9
1 76
7 6
70 67
58 28
56 39
37 6
24 31
25 37
25 73
4 85
64 83
13 26
33 73
66 15
58 52
49 33
35 9
81 35
53 79
41 34
57 80
50 17
49 24
11 40
46 10
27 24
38 52
33 43
70 68
27 12
46 40
28 14
3 14
24 33
42 79
35 72
77 70
32 36
5 43
29 29
32 51
9 62
10 88
21 15
22 71
40 24
35 89
35 61
15 17
30 66
19 15
58 13
42 72
3 12
36 55
10 2
33 30
33 64
19 3
57 75
75 84
8 23
7 41
29 25
37 37
50 59
3 72
31 83
83 49
23 24
4 57
53 6
23 19
59 89
36 26
34 33
65 25
58 49
45 4
86 75
29 8
8 63
76 63
45 53
41 32
3 3
2 26
48 22
20 79
54 83
35 24
64 29
2 2
14 34
50 61
39 87
77 15
75 53
70 10
65 9
46 56
29 27
69 85
37 24
74 44
68 27
16 2
35 65
43 73
12 27
79 29
8 9
45 24
33 18
43 3
52 84
69 24
25 23
71 30
60 10
48 84
35 22
36 67
57 10
40 69
48 4
68 18
29 14
37 70
62 43
16 14
66 77
38 79
39 11
1 12
37 3
72 56
49 84
59 14
20 5
36 27
42 17
55 41
72 15
26 11
64 50
70 54
28 64
60 56
59 47
79 71
57 20
66 54
57 86
82 22
75 41
41 4
59 13
51 24
41 38
35 1
16 46
19 52
36 63
45 23
68 70
52 71
25 27
57 63
59 2
82 20
21 38
4 76
52 19
56 61
3 15
37 25
12 28
3 37
19 64
84 5
87 84
63 19
21 17
29 19
17 8
32 14
66 72
41 87
42 7
38 83
17 82
42 8
35 36
1 38
82 61
13 65
12 58
60 36
34 73
20 49
11 21
69 18
47 27
32 20
45 12
28 31
28 6
64 35
62 77
33 44
12 88
43 69
14 2
37 5
54 23
80 36
21 2
8 2
43 30
75 57
11 14
21 35
69 78
25 43
9 5
22 35
3 1
12 72
16 48
8 17
17 1
58 54
45 81
30 54
20 26
26 18
52 68
23 41
36 8
3 74
67 83
47 12
2 60
1 21
48 15
22 38
16 38
46 69
45 6
38 60
2 22
57 12
15 3
14 22
16 67
81 11
56 33
47 67
8 13
79 12
10 32
43 6
6 3
44 28
14 25
7 24
55 6
47 4
21 3
70 38
68 80
13 18
19 87
62 87
50 54
32 38
28 5
35 46
45 76
17 89
37 18
68 17
29 38
53 28
23 23
43 56
35 6
11 20
45 36
30 21
50 63
81 57
34 47
58 25
28 38
73 29
20 10
26 24
9 84
8 4
39 38
28 23
18 3
11 70
58 5
18 12
43 34
77 76
51 1
51 31
40 22
19 12
24 52
28 8
50 13
11 2
46 81
14 65
36 85
82 67
39 84
66 36
56 85
55 10
50 21
78 25
26 28
64 12
2 59
17 55
37 29
43 53
13 88
51 74
74 73
4 52
48 54
66 55
20 9
4 33
45 21
47 21
61 52
41 28
45 29
20 27
77 84
44 70
7 3
53 37
87 58
67 78
61 34
62 76
42 10
52 6
63 28
10 71
87 69
32 28
40 62
76 81
33 26
73 28
57 3
30 81
58 63
85 35
57 1
38 12
43 4
53 77
31 12
49 42
26 43
77 29
55 39
72 26
48 8
58 24
9 33
24 12
81 21
56 57
71 58
34 31
81 71
66 43
61 68
68 29
31 7
26 14
36 14
34 44
66 85
84 36
15 20
28 50
35 8
49 83
32 88
50 25
9 15
66 31
17 22
11 78
20 30
42 25
20 33
4 17
24 38
3 11
86 64
13 13
19 23
47 23
28 10
43 22
33 38
71 77
9 31
43 26
14 9
36 9
83 29
45 19
77 34
17 49
32 55
85 77
63 9
38 47
50 4
44 12
2 27
37 23
38 27
40 53
33 47
22 70
16 34
5 12
19 5
45 30
57 51
2 53
16 7
45 7
84 79
85 67
11 29
47 76
68 65
7 28
21 33
22 28
39 66
1 33
9 35
3 24
48 21
48 58
45 48
61 10
49 20
22 7
12 59
79 56
29 10
74 63
12 76
69 12
32 82
81 17
10 82
70 15
38 16
35 7
7 85
26 45
21 11
27 14
59 82
83 34
54 4
72 4
42 11
53 83
42 30
79 14
77 88
31 1
15 21
47 7
26 79
39 15
51 72
10 17
53 64
45 55
19 68
43 32
61 53
2 14
61 16
45 45
35 26
84 84
44 29
19 42
23 3
47 16
35 84
10 24
49 45
72 47
43 27
44 34
37 45
84 89
56 59
55 12
21 4
9 30
7 73
63 39
34 35
14 14
63 3
24 34
43 2
24 30
58 21
64 25
43 28
17 14
1 13
36 5
15 52
59 45
53 34
11 61
79 51
40 15
65 50
36 88
23 40
15 1
22 63
25 80
65 28
25 25
37 26
24 24
10 5
57 23
47 22
53 56
87 33
17 51
13 7
13 9
43 5
10 22
84 45
5 7
4 4
14 86
22 68
51 9
13 30
47 87
36 71
41 73
41 20
7 45
63 65
27 68
11 35
4 16
53 33
16 18
13 28
68 24
25 19
68 33
10 30
82 81
27 20
22 22
19 53
53 41
15 23
6 28
39 74
70 9
39 9
25 42
80 29
64 76
63 87
9 14
42 55
83 17
55 27
37 12
35 41
86 5
6 13
4 84
73 23
74 3
2 12
9 41
83 51
25 30
77 46
84 47
17 39
71 62
34 86
64 34
75 40
25 79
42 65
69 69
80 60
49 68
22 16
51 11
85 17
27 36
23 62
38 36
80 11
85 11
12 46
6 23
1 5
18 40
42 26
34 74
46 35
56 15
46 61
70 22
57 26
83 5
57 19
39 37
58 42
22 83
48 7
5 26
34 84
51 14
47 8
47 78
87 43
81 20
73 72
76 30
17 10
49 12
51 34
65 13
47 20
75 59
5 24
7 22
71 44
16 12
23 56
72 86
19 4
73 62
35 70
81 3
45 77
59 66
82 73
57 35
25 85
42 9
83 2
31 75
61 27
45 80
29 17
80 55
1 68
63 8
55 29
10 33
87 35
20 11
47 18
68 21
47 14
16 33
23 39
33 52
43 16
56 27
63 23
41 9
67 55
55 19
52 7
59 21
69 57
19 17
15 6
12 14
58 89
6 24
38 40
20 78
40 38
46 18
79 3
74 25
2 83
34 17
28 21
79 37
4 15
40 27
5 21
45 17
49 74
42 28
16 76
66 40
36 4
69 77
39 47
46 7
69 31
55 69
3 5
71 43
69 22
42 12
70 58
43 17
57 87
59 38
55 11
53 88
22 36
54 14
14 10
54 87
30 26
69 21
31 29
16 4
15 58
73 40
68 72
50 8
52 41
71 61
35 21
50 74
41 62
29 24
4 2
42 29
44 4
31 55
67 7
25 35
33 4
52 62
12 31
30 46
67 17
8 51
74 35
19 63
21 36
12 78
43 71
8 28
6 21
86 30
74 36
48 3
48 83
18 41
11 87
87 1
10 41
23 14
78 79
49 2
53 8
6 26
5 8
48 26
41 58
81 74
75 13
32 37
78 83
41 22
22 12
32 4
42 18
18 11
3 80
33 16
49 44
15 13
26 72
40 67
57 18
50 44
41 19
4 24
14 63
39 12
40 5
54 82
30 9
58 79
58 51
84 35
12 16
6 44
80 19
61 75
63 64
82 69
82 36
49 17
60 63
43 36
53 15
9 46
35 66
76 35
74 27
76 64
31 21
55 5
34 42
28 75
40 49
19 6
78 80
29 11
51 85
46 24
62 33
82 26
50 19
40 6
70 61
31 9
18 9
39 79
7 25
33 1
37 22
1 45
21 14
31 34
20 55
44 30
68 89
10 9
39 19
38 22
63 7
75 45
3 42
23 64
35 42
13 70
59 67
61 73
48 40
7 30
35 33
32 23
2 10
16 45
20 3
26 42
3 79
81 41
37 64
86 88
25 41
72 20
42 21
44 39
82 52
64 58
30 41
1 6
82 10
42 34
79 38
16 80
73 83
52 61
58 60
5 84
10 7
69 13
30 18
46 36
63 15
62 13
77 74
44 13
18 23
62 30
9 19
44 89
22 42
47 29
29 69
23 20
49 18
79 69
55 3
19 21
28 47
7 16
84 69
86 69
27 3
84 12
42 42
66 73
26 34
52 28
41 40
2 25
41 11
67 88
42 5
33 7
22 41
10 42
22 79
57 11
13 82
29 26
49 29
14 8
37 9
47 9
70 79
39 22
70 30
66 44
41 57
56 73
3 36
15 25
80 53
52 10
32 45
31 65
5 6
43 43
2 19
30 33
15 19
33 29
3 41
51 59
10 59
51 2
48 12
17 32
58 30
78 19
56 46
55 50
81 47
29 28
51 36
58 69
71 74
45 68
1 16
10 6
16 79
53 72
70 60
8 40
39 57
7 72
32 40
31 41
25 77
37 67
50 29
45 74
38 71
50 60
5 13
24 43
52 16
71 32
29 37
28 25
4 8
41 51
29 42
63 17
36 1
13 23
57 48
36 21
14 4
44 6
74 62
87 23
79 5
31 51
82 66
29 73
45 37
36 41
47 30
2 55
48 28
69 56
58 55
85 34
27 9
11 18
33 48
46 58
18 22
7 20
39 14
7 10
86 34
35 50
14 15
41 31
30 8
38 28
16 47
82 30
40 14
42 13
8 31
63 32
45 5
76 33
46 21
23 50
21 83
78 1
62 21
76 5
20 59
48 18
19 33
59 42
41 79
67 8
57 33
11 22
70 44
38 61
69 67
51 22
7 83
39 18
30 13
14 47
47 89
74 77
33 39
31 13
70 21
30 65
9 89
15 33
6 78
54 79
61 22
49 32
79 40
23 47
83 65
49 1
49 26
50 7
25 18
51 32
78 67
72 8
71 27
64 24
39 71
16 1
47 41
57 16
47 83
56 79
28 44
59 29
61 24
27 18
53 26
6 14
59 4
6 4
44 2
6 71
79 11
79 9
43 75
9 55
8 16
21 8
28 35
41 8
43 7
2 46
75 44
34 46
12 19
49 76
38 30
69 26
51 76
77 45
41 48
61 31
4 77
9 8
17 38
22 21
32 35
30 4
17 29
30 32
65 16
30 31
18 7
48 25
13 35
81 4
10 18
28 20
46 11
47 24
15 71
64 55
87 75
28 34
32 2
58 23
42 2
27 69
64 4
41 47
61 56
56 6
33 46
50 31
49 56
8 30
15 9
86 8
17 2
52 5
45 41
62 44
41 12
52 27
80 17
36 44
25 51
82 84
9 6
30 37
51 35
76 2
56 18
32 44
15 45
3 2
1 27
5 73
73 79
7 8
36 32
73 41
38 32
27 78
6 6
46 5
57 58
32 13
45 78
15 10
36 86
62 67
39 33
24 20
4 11
56 30
50 22
35 10
14 50
42 22
7 1
12 84
80 20
46 22
16 20
75 30
59 5
49 23
30 10
22 53
22 32
20 34
63 81
54 2
8 11
5 1
3 27
64 39
10 45
67 5
45 11
31 11
40 7
85 68
16 16
70 69
8 79
64 59
84 75
48 14
65 82
32 1
15 78
81 75
51 19
8 65
29 3
43 19
12 6
45 14
51 58
37 62
62 75
35 37
83 43
48 19
51 7
68 74
31 8
49 89
28 32
32 21
62 73
20 35
50 10
19 22
7 47
25 22
80 3
7 60
75 79
76 38
26 47
18 69
2 4
13 52
68 38
18 24
33 11
44 17
54 56
43 29
49 11
28 13
60 2
61 83
44 87
57 14
51 26
25 34
7 62
26 25
16 6
5 28
2 6
6 86
30 28
49 19
39 4
43 18
21 1
26 63
78 23
10 3
44 22
58 3
55 37
51 20
52 32
62 57
10 84
31 48
23 52
40 1
43 88
9 26
80 89
63 34
66 88
27 19
30 1
80 18
5 20
56 2
85 43
63 48
18 39
45 57
12 66
9 28
2 11
1 7
55 18
37 15
21 24
48 24
63 29
54 16
62 26
25 13
38 13
50 62
65 36
69 88
64 84
5 22
3 71
86 80
86 89
50 53
58 78
51 15
5 46
9 79
18 37
57 62
20 56
40 26
3 9
58 18
20 4
82 39
58 61
38 81
68 22
39 36
16 10
61 64
73 14
87 64
48 36
26 21
63 66
50 20
45 18
85 31
16 8
24 21
5 11
41 2
33 13
86 81
44 8
86 49
16 28
55 15
52 55
13 86
10 16
35 19
52 37
18 29
53 12
86 70
57 79
52 60
18 6
47 42
27 40
59 80
7 18
19 38
20 14
43 21
60 78
31 26
56 26
27 37
42 24
38 41
67 2
21 77
50 3
49 10
43 62
82 5
63 89
21 18
56 58
72 6
54 26
21 25
67 85
29 6
34 26
60 35
3 49
74 11
2 9
20 39
3 61
21 76
46 8
45 70
29 55
14 24
44 33
78 36
50 23
14 7
75 60
40 25
21 37
34 1
79 77
74 28
13 32
72 11
81 55
49 30
49 22
59 60
55 51
31 14
53 7
17 3
32 17
59 8
40 89
52 53
46 30
19 34
30 5
35 27
84 65
56 72
81 69
40 12
84 29
28 51
48 70
67 12
79 8
3 6
59 31
70 29
86 9
10 26
47 13
22 17
6 54
45 3
39 29
9 27
27 15
33 17
21 12
72 17
9 13
40 21
45 10
10 70
47 33
72 30
57 24
12 8
53 20
42 20
67 14
46 52
16 30
74 14
2 33
24 75
41 43
9 53
38 6
36 23
57 31
39 6
69 89
71 38
46 23
57 5
46 29
67 74
12 18
70 88
81 52
56 42
25 24
29 35
37 27
75 8
64 49
20 77
11 84
59 41
60 21
24 44
5 27
41 26
83 44
41 13
64 31
24 35
1 22
46 67
7 46
37 7
39 3
45 32
69 53
70 41
40 36
11 46
31 15
54 86
27 22
73 59
4 74
80 72
50 36
77 68
14 30
41 6
33 22
12 75
86 24
72 36
77 27
23 73
15 34
22 18
33 6
86 47
20 31
76 75
1 46
80 88
23 58
86 4
6 67
42 33
13 19
12 57
11 42
42 74
66 37
67 49
67 36
1 62
20 76
21 22
82 85
30 14
43 83
22 31
32 34
42 23
33 3
25 6
34 43
18 1
32 32
78 47
18 60
39 10
58 85
51 17
34 77
11 17
52 63
76 3
59 19
21 67
36 64
33 72
71 86
42 58
10 11
7 13
34 45
8 47
13 27
20 70
3 16
65 86
27 30
54 78
15 26
12 4
71 42
37 47
11 32
71 17
20 1
40 37
26 4
84 38
1 43
60 22
36 38
60 15
36 15
66 33
27 75
31 38
23 68
38 29
18 25
33 35
54 10
27 33
55 21
71 50
45 8
25 1
20 37
30 15
60 65
47 75
6 70
27 85
77 18
53 29
82 82
17 31
43 15
46 28
62 68
8 20
37 4
15 36
81 29
54 32
56 28
8 29
32 46
32 49
20 23
24 8
43 58
50 6
1 4
46 82
35 32
78 22
61 1
34 19
26 16
38 56
19 75
30 44
7 11
73 10
36 20
86 41
36 7
39 78
4 1
5 58
16 5
36 19
22 77
53 78
62 35
35 4
66 5
38 17
41 35
3 39
54 13
85 24
61 66
22 26
29 5
72 49
21 27
50 15
11 8
37 13
8 42
39 27
18 30
39 21
16 84
68 30
40 65
13 48
78 29
69 86
85 65
59 59
52 70
86 18
43 70
24 3
41 5
28 3
69 58
24 28
60 71
47 15
8 58
40 50
52 14
48 6
56 25
56 76
3 31
30 11
7 59
18 34
31 25
3 18
43 14
2 23
31 19
5 15
22 6
63 55
25 3
68 81
53 17
49 3
30 45
87 22
5 16
27 41
58 58
8 1
39 1
21 30
53 25
23 11
15 48
56 21
56 66
18 33
85 36
54 12
10 89
35 14
80 80
46 85
66 50
23 83
45 9
70 87
56 3
60 42
13 57
84 48
13 14
39 25
73 13
6 30
24 7
48 29
80 23
41 83
34 30
50 55
24 29
36 31
32 7
84 15
55 26
3 57
72 10
43 46
24 39
81 7
26 33
9 24
32 16
70 8
12 30
1 84
7 56
51 52
67 89
43 89
47 85
11 64
57 77
68 25
12 2
37 32
7 9
22 11
81 8
44 73
5 32
44 31
82 23
34 5
53 14
23 72
58 44
14 32
77 66
14 13
26 57
50 18
33 8
72 27
2 24
34 49
24 40
49 21
12 20
40 28
18 8
30 70
30 23
4 19
42 16
22 27
55 34
43 33
22 46
81 87
19 9
27 26
74 60
13 58
8 26
85 62
7 31
75 66
11 9
27 25
82 33
16 11
51 44
20 42
62 62
32 18
54 29
21 32
20 25
56 22
63 12
84 63
16 36
35 15
38 8
29 36
52 22
31 20
53 87
21 20
9 47
36 42
79 66
16 73
23 29
72 87
28 16
31 30
23 69
40 3
35 34
78 64
37 30
8 27
14 64
15 2
61 63
15 35
20 12
8 82
19 28
74 78
58 29
23 34
73 53
87 56
63 6
1 86
20 2
20 24
12 24
86 11
19 86
30 83
82 29
43 9
2 69
26 5
16 43
60 20
29 18
4 55
27 28
18 42
38 19
33 41
53 84
1 44
44 47
38 55
41 24
26 78
20 28
10 31
34 58
76 43
35 48
56 23
5 3
27 89
48 16
38 9
27 63
75 22
32 5
1 89
77 55
82 86
12 21
67 52
35 2
32 31
13 15
8 33
12 17
40 10
35 31
83 24
18 51
6 69
22 59
24 32
35 38
80 21
19 30
60 68
51 12
5 9
14 28
37 39
63 69
47 11
22 10
23 75
40 71
56 37
6 19
77 12
22 19
37 35
8 46
3 20
10 8
39 8
50 12
32 56
47 32
3 32
78 3
42 71
87 65
13 20
18 44
28 36
24 6
30 38
12 23
19 36
61 84
22 82
24 15
20 8
40 34
25 47
24 66
65 14
49 14
63 10
67 62
75 5
68 43
75 61
20 47
27 21
79 32
31 10
42 50
63 70
18 31
34 70
12 74
83 37
61 45
40 20
29 62
28 33
45 35
32 53
77 75
30 27
83 33
28 46
74 38
40 11
18 4
62 79
9 18
43 11
37 58
76 40
40 58
56 11
68 50
27 43
62 36
81 39
47 17
17 28
86 53
84 52
45 88
78 24
41 17
9 3
9 50
16 81
26 15
58 56
34 32
39 13
60 57
79 43
14 29
3 17
8 77
3 10
29 1
44 25
21 23
21 16
40 32
26 61
58 83
43 72
32 27
11 4
37 36
83 72
30 25
51 28
83 62
44 21
3 8
17 85
48 5
23 28
42 1
27 38
31 79
24 57
59 33
53 11
69 76
40 17
33 10
51 80
20 57
84 6
77 61
6 8
56 9
71 34
31 35
21 7
17 35
54 17
36 29
77 44
55 32
44 1
23 31
82 50
73 3
37 20
37 85
61 21
3 7
60 4
8 15
82 6
23 15
45 27
24 27
75 80
75 25
77 85
13 3
78 63
41 30
32 89
35 5
32 72
11 3
42 32
36 56
9 86
72 16
68 84
60 37
22 3
18 14
74 84
77 33
65 32
18 16
6 42
31 42
10 35
47 51
7 4
60 24
17 16
37 38
37 61
25 2
23 33
8 12
25 15
87 15
50 2
27 79
59 35
4 79
36 10
73 1
85 32
19 26
51 5
29 39
47 26
45 26
19 55
22 37
21 79
78 48
37 65
40 13
1 20
48 20
40 29
50 41
80 34
18 19
31 18
57 43
30 36
19 44
53 16
45 34
39 39
48 65
52 58
44 61
73 22
22 40
42 27
22 58
8 87
10 53
14 19
5 23
32 48
32 24
33 37
11 77
17 56
28 22
74 43
41 71
4 22
67 37
5 89
74 51
55 2
19 41
31 37
84 51
30 40
87 3
83 4
27 82
30 39
47 74
28 1
22 5
11 10
4 18
51 49
83 88
28 41
29 22
4 81
3 21
17 13
74 76
7 2
32 26
23 30
23 13
70 83
86 1
60 1
37 31
28 82
23 26
47 31
65 84
29 80
27 34
15 64
35 30
26 35
45 25
22 20
10 75
83 36
76 44
26 9
18 80
1 23
86 71
18 55
23 12
78 45
61 29
1 37
1 26
4 28
76 23
28 24
51 37
48 13
29 31
50 35
39 20
56 87
27 71
34 22
22 14
14 1
18 18
32 3
44 24
59 39
9 48
27 27
13 37
24 11
4 27
56 67
86 25
16 37
18 74
73 58
62 2
52 2
85 53
24 49
29 16
84 83
23 80
73 37
53 1
45 46
77 13
14 16
26 6
4 5
42 82
63 45
16 62
72 40
37 19
17 36
47 44
21 26
38 23
24 26
76 4
52 8
8 22
75 11
34 66
9 7
17 17
21 66
22 15
34 25
16 72
14 26
3 67
73 66
34 8
3 65
38 24
77 71
64 14
34 16
58 31
6 11
31 32
2 89
55 23
11 31
82 63
26 48
86 22
25 33
27 56
56 17
44 20
23 6
35 43
10 57
29 2
50 43
6 18
40 31
59 74
38 2
69 6
68 54
24 19
53 5
44 9
27 46
48 67
64 37
1 41
19 20
17 81
42 54
34 6
44 26
56 29
14 27
66 48
55 1
39 68
57 37
64 60
26 37
9 57
84 8
35 44
62 40
2 15
36 6
66 32
85 40
28 29
21 65
8 7
15 50
42 14
5 36
56 10
8 53
6 32
17 30
58 27
61 39
39 85
67 65
27 11
2 51
29 33
24 73
12 89
10 48
17 37
57 57
12 12
43 24
79 76
56 20
5 88
26 49
3 88
26 7
6 76
53 10
84 55
21 19
59 52
52 17
12 26
52 80
70 85
17 67
73 11
6 25
17 27
53 55
33 19
32 25
55 20
43 13
39 56
5 79
62 51
21 88
51 48
18 28
84 66
16 26
4 46
11 25
61 87
11 5
61 37
18 35
70 53
74 21
24 65
57 46
12 9
25 38
33 27
27 23
55 17
27 4
35 75
43 37
2 37
65 89
78 69
2 62
30 29
53 27
4 9
22 29
23 5
78 71
9 1
30 12
23 1
66 16
81 89
1 3
5 29
55 22
56 24
34 75
29 77
55 42
62 14
20 16
54 25
17 45
38 4
78 13
50 1
1 66
77 57
8 54
40 4
34 54
36 39
34 2
59 30
21 28
24 36
21 31
13 2
86 57
31 44
64 9
23 37
44 83
46 65
73 2
43 12
22 62
11 30
12 32
15 82
25 40
65 66
58 86
61 77
70 71
81 78
46 3
16 25
55 30
28 18
20 68
33 50
6 62
11 56
26 26
69 65
5 10
33 9
12 35
23 32
54 22
17 34
4 14
13 72
70 16
31 59
51 29
39 31
81 9
53 35
52 35
40 2
46 84
34 24
65 53
68 86
56 12
49 25
35 13
9 56
41 14
8 32
58 81
18 13
65 83
50 16
10 34
20 53
15 47
46 27
37 2
2 18
51 18
2 81
5 86
83 78
67 50
67 27
39 45
53 9
7 17
21 70
37 33
2 64
82 12
39 7
22 9
47 72
78 10
18 10
83 54
38 31
45 28
84 27
64 45
80 43
74 54
28 4
77 82
12 25
29 34
66 65
6 16
23 25
57 42
19 1
58 65
5 31
47 5
81 14
28 37
1 15
49 35
8 71
21 58
80 9
72 63
43 1
14 39
13 11
42 19
51 25
1 1
41 49
42 62
25 8
77 8
19 35
3 45
34 41
57 25
66 59
41 7
12 87
33 42
61 67
60 30
11 71
22 34
77 80
71 31
33 15
27 65
80 56
52 29
52 67
6 12
8 57
29 20
57 28
19 40
55 40
9 10
5 64
2 36
79 13
46 33
87 79
64 28
55 24
6 22
3 83
2 8
34 23
36 45
40 63
30 67
53 23
81 19
52 31
33 79
77 1
17 6
24 54
57 27
82 25
9 32
83 16
57 30
7 15
86 54
6 5
11 16
54 63
65 26
38 59
47 70
40 19
32 79
71 12
7 89
21 39
17 4
38 26
64 86
13 75
74 46
19 58
6 85
33 23
69 60
23 60
2 29
22 72
65 65
25 20
62 3
66 30
6 58
8 10
16 29
51 3
32 80
39 64
24 16
13 21
27 29
20 41
27 17
