84
78
47
79
77
25
33
68
6
20
60
26
82
84
59
72
83
9
23
20
70
29
80
39
24
73
53
55
76
16
15
15
76
63
28
49
59
36
85
11
76
31
68
74
72
19
10
58
13
8
18
25
55
78
15
69
50
14
43
70
18
59
16
79
7
1
43
25
40
70
56
25
59
16
42
35
59
29
37
2
67
78
41
24
68
89
28
32
67
45
10
19
84
86
49
39
25
20
66
65
4
44
80
8
12
87
60
32
70
21
13
6
79
66
38
81
78
29
18
20
6
49
35
55
13
46
65
40
96
16
26
35
7
36
71
32
41
40
1
30
60
69
69
75
82
57
3
6
55
41
93
46
0
19
57
22
26
13
48
30
3
0
61
43
50
94
68
32
25
52
62
70
43
40
28
72
23
47
8
45
8
51
0
87
22
51
8
2
56
43
78
40
97
87
18
73
10
6
21
75
96
43
51
92
6
75
90
93
75
77
11
84
96
71
8
74
25
59
77
86
77
82
80
79
36
24
58
99
29
17
7
15
83
36
90
73
106
3
90
29
88
94
80
56
94
38
64
89
92
28
28
19
28
8
45
48
91
39
9
37
9
2
84
100
33
106
0
22
22
90
82
85
75
24
3
24
21
20
2
88
21
15
69
8
111
71
24
23
45
95
12
31
4
22
66
40
90
7
71
98
12
7
12
81
32
10
24
109
76
7
15
104
53
89
75
95
49
82
17
73
71
4
71
4
36
0
98
68
50
112
35
43
70
114
33
89
95
79
44
73
74
107
44
84
42
1
60
72
23
109
41
83
88
34
38
38
116
