1 785416248
1
961
2
1 141856966
3 0
1 640219512
3 1
1 543729942
3 2
1 844349830
3 3
1 280181784
3 4
1 108998265
3 5
1 169813012
3 6
1 319712529
3 7
1 474981257
3 8
1 212855909
3 9
3 9
2
3 8
2
3 7
2
3 6
2
3 5
2
3 4
2
3 3
2
3 2
2
3 1
2
3 0
2
1 989610628
3 0
1 59820538
3 1
1 25893628
3 2
1 176930312
3 3
1 687787999
3 4
1 822220899
3 5
1 793079927
3 6
1 55541724
3 7
1 70164769
3 8
1 714075541
3 9
3 9
2
3 8
2
3 7
2
3 6
2
3 5
2
3 4
2
3 3
2
3 2
2
3 1
2
3 0
2
1 957401571
3 0
1 894453708
3 1
1 881246
3 2
1 587001911
3 3
1 94300325
3 4
1 519053486
3 5
1 510115724
3 6
1 756895555
3 7
1 254518844
3 8
1 192819049
3 9
3 9
2
3 8
2
3 7
2
3 6
2
3 5
2
3 4
2
3 3
2
3 2
2
3 1
2
3 0
2
1 834335940
3 0
1 118231825
3 1
1 391764668
3 2
1 979067312
3 3
1 583567558
3 4
1 622645324
3 5
1 534827922
3 6
1 36505882
3 7
1 794140777
3 8
1 384140821
3 9
3 9
2
3 8
2
3 7
2
3 6
2
3 5
2
3 4
2
3 3
2
3 2
2
3 1
2
3 0
2
1 62208193
3 0
1 401476391
3 1
1 926547012
3 2
1 242170965
3 3
1 569122064
3 4
1 87485502
3 5
1 731068699
3 6
1 380977791
3 7
1 842300137
3 8
1 307590759
3 9
3 9
2
3 8
2
3 7
2
3 6
2
3 5
2
3 4
2
3 3
2
3 2
2
3 1
2
3 0
2
1 562930687
3 0
1 734845582
3 1
1 813675099
3 2
1 249208531
3 3
1 470941919
3 4
1 260199933
3 5
1 812815816
3 6
1 410241393
3 7
1 747249447
3 8
1 896741620
3 9
3 9
2
3 8
2
3 7
2
3 6
2
3 5
2
3 4
2
3 3
2
3 2
2
3 1
2
3 0
2
1 634983472
3 0
1 212855392
3 1
1 36186789
3 2
1 388876920
3 3
1 684476222
3 4
1 865713411
3 5
1 698056833
3 6
1 297843381
3 7
1 655250340
3 8
1 353862695
3 9
3 9
2
3 8
2
3 7
2
3 6
2
3 5
2
3 4
2
3 3
2
3 2
2
3 1
2
3 0
2
1 440035664
3 0
1 923098900
3 1
1 473429211
3 2
1 443728799
3 3
1 187839448
3 4
1 789308788
3 5
1 305556860
3 6
1 986363546
3 7
1 753221193
3 8
1 454957421
3 9
3 9
2
3 8
2
3 7
2
3 6
2
3 5
2
3 4
2
3 3
2
3 2
2
3 1
2
3 0
2
1 180059854
3 0
1 738623443
3 1
1 626189167
3 2
1 340107543
3 3
1 68455926
3 4
1 916939430
3 5
1 770768640
3 6
1 552612836
3 7
1 5458368
3 8
1 101040448
3 9
3 9
2
3 8
2
3 7
2
3 6
2
3 5
2
3 4
2
3 3
2
3 2
2
3 1
2
3 0
2
1 491303007
3 0
1 940726417
3 1
1 119034355
3 2
1 997248589
3 3
1 802254918
3 4
1 895036259
3 5
1 54201342
3 6
1 815444609
3 7
1 814163054
3 8
1 970504816
3 9
3 9
2
3 8
2
3 7
2
3 6
2
3 5
2
3 4
2
3 3
2
3 2
2
3 1
2
3 0
2
1 783989464
3 0
1 968016811
3 1
1 553569371
3 2
1 424511172
3 3
1 599429862
3 4
1 408178683
3 5
1 746091779
3 6
1 542512295
3 7
1 241754282
3 8
1 169505730
3 9
3 9
2
3 8
2
3 7
2
3 6
2
3 5
2
3 4
2
3 3
2
3 2
2
3 1
2
3 0
2
1 38818555
3 0
1 654014265
3 1
1 131074214
3 2
1 791319872
3 3
1 820568033
3 4
1 757044783
3 5
1 149063373
3 6
1 262546672
3 7
1 573000968
3 8
1 677824233
3 9
3 9
2
3 8
2
3 7
2
3 6
2
3 5
2
3 4
2
3 3
2
3 2
2
3 1
2
3 0
2
1 571628413
3 0
1 572687111
3 1
1 530801020
3 2
1 41453433
3 3
1 277874723
3 4
1 290807011
3 5
1 930848430
3 6
1 49218850
3 7
1 977481833
3 8
1 671007166
3 9
3 9
2
3 8
2
3 7
2
3 6
2
3 5
2
3 4
2
3 3
2
3 2
2
3 1
2
3 0
2
1 996237103
3 0
1 752199052
3 1
1 644445646
3 2
1 504381865
3 3
1 974134509
3 4
1 180396547
3 5
1 457226734
3 6
1 429628405
3 7
1 766895882
3 8
1 509528352
3 9
3 9
2
3 8
2
3 7
2
3 6
2
3 5
2
3 4
2
3 3
2
3 2
2
3 1
2
3 0
2
1 214424974
3 0
1 40574620
3 1
1 373363763
3 2
1 306170308
3 3
1 53835843
3 4
1 64391976
3 5
1 293500151
3 6
1 777096155
3 7
1 74703454
3 8
1 268672881
3 9
3 9
2
3 8
2
3 7
2
3 6
2
3 5
2
3 4
2
3 3
2
3 2
2
3 1
2
3 0
2
1 409755064
3 0
1 67249481
3 1
1 585168470
3 2
1 597810720
3 3
1 486818035
3 4
1 688234584
3 5
1 730994814
3 6
1 761880625
3 7
1 752435731
3 8
1 883640446
3 9
3 9
2
3 8
2
3 7
2
3 6
2
3 5
2
3 4
2
3 3
2
3 2
2
3 1
2
3 0
2
1 673059143
3 0
1 550970491
3 1
1 131199347
3 2
1 751982599
3 3
1 749649881
3 4
1 159989170
3 5
1 579964583
3 6
1 149691530
3 7
1 11840058
3 8
1 596827894
3 9
3 9
2
3 8
2
3 7
2
3 6
2
3 5
2
3 4
2
3 3
2
3 2
2
3 1
2
3 0
2
1 414282713
3 0
1 331330361
3 1
1 207688642
3 2
1 238653066
3 3
1 560852939
3 4
1 121183687
3 5
1 844273376
3 6
1 455285844
3 7
1 306255921
3 8
1 745890880
3 9
3 9
2
3 8
2
3 7
2
3 6
2
3 5
2
3 4
2
3 3
2
3 2
2
3 1
2
3 0
2
1 840331398
3 0
1 653996840
3 1
1 33463960
3 2
1 877955584
3 3
1 548974002
3 4
1 852366406
3 5
1 638831529
3 6
1 391645698
3 7
1 792517876
3 8
1 116921192
3 9
3 9
2
3 8
2
3 7
2
3 6
2
3 5
2
3 4
2
3 3
2
3 2
2
3 1
2
3 0
2
1 577272786
3 0
1 916448886
3 1
1 768907986
3 2
1 865018847
3 3
1 682260314
3 4
1 877615093
3 5
1 405435976
3 6
1 286490543
3 7
1 94161511
3 8
1 837634129
3 9
3 9
2
3 8
2
3 7
2
3 6
2
3 5
2
3 4
2
3 3
2
3 2
2
3 1
2
3 0
2
1 483248236
3 0
1 995772919
3 1
1 962916739
3 2
1 990480061
3 3
1 605936253
3 4
1 781579764
3 5
1 148360258
3 6
1 67944263
3 7
1 594621717
3 8
1 314428527
3 9
3 9
2
3 8
2
3 7
2
3 6
2
3 5
2
3 4
2
3 3
2
3 2
2
3 1
2
3 0
2
1 588482992
3 0
1 301134708
3 1
1 437300188
3 2
1 329539167
3 3
1 741869592
3 4
1 833133036
3 5
1 268181875
3 6
1 622948929
3 7
1 39848669
3 8
1 585808443
3 9
3 9
2
3 8
2
3 7
2
3 6
2
3 5
2
3 4
2
3 3
2
3 2
2
3 1
2
3 0
2
1 440713064
3 0
1 125282206
3 1
1 774716322
3 2
1 199991982
3 3
1 302351786
3 4
1 988106108
3 5
1 585974473
3 6
1 90980326
3 7
1 60065703
3 8
1 393356541
3 9
3 9
2
3 8
2
3 7
2
3 6
2
3 5
2
3 4
2
3 3
2
3 2
2
3 1
2
3 0
2
1 974121826
3 0
1 510972221
3 1
1 100251422
3 2
1 620656809
3 3
1 556707442
3 4
1 274030161
3 5
1 882113043
3 6
1 93836035
3 7
1 353727104
3 8
1 266867218
3 9
3 9
2
3 8
2
3 7
2
3 6
2
3 5
2
3 4
2
3 3
2
3 2
2
3 1
2
3 0
2
