1 540406108
1
961
2
1 981576681
3 0
1 541610552
3 1
1 350888809
3 2
1 130453500
3 3
1 24835007
3 4
1 333855554
3 5
1 542146023
3 6
1 444976108
3 7
1 775834643
3 8
1 540969410
3 9
3 9
2
3 8
2
3 7
2
3 6
2
3 5
2
3 4
2
3 3
2
3 2
2
3 1
2
3 0
2
1 963712748
3 0
1 342861565
3 1
1 654799309
3 2
1 34172709
3 3
1 943347561
3 4
1 882152863
3 5
1 663352516
3 6
1 687198804
3 7
1 673318548
3 8
1 154503897
3 9
3 9
2
3 8
2
3 7
2
3 6
2
3 5
2
3 4
2
3 3
2
3 2
2
3 1
2
3 0
2
1 972796074
3 0
1 286527416
3 1
1 650522477
3 2
1 906786059
3 3
1 778416325
3 4
1 736598151
3 5
1 557362883
3 6
1 745467140
3 7
1 153803208
3 8
1 472863747
3 9
3 9
2
3 8
2
3 7
2
3 6
2
3 5
2
3 4
2
3 3
2
3 2
2
3 1
2
3 0
2
1 510215998
3 0
1 556820258
3 1
1 437743729
3 2
1 308051626
3 3
1 757936768
3 4
1 63511476
3 5
1 57735088
3 6
1 233419379
3 7
1 272794960
3 8
1 525042067
3 9
3 9
2
3 8
2
3 7
2
3 6
2
3 5
2
3 4
2
3 3
2
3 2
2
3 1
2
3 0
2
1 387059866
3 0
1 858795483
3 1
1 712059152
3 2
1 151245305
3 3
1 233078090
3 4
1 817865236
3 5
1 414232356
3 6
1 166358162
3 7
1 916795787
3 8
1 17946546
3 9
3 9
2
3 8
2
3 7
2
3 6
2
3 5
2
3 4
2
3 3
2
3 2
2
3 1
2
3 0
2
1 625727598
3 0
1 84477120
3 1
1 688090894
3 2
1 789200911
3 3
1 506410478
3 4
1 832076123
3 5
1 395025166
3 6
1 110730300
3 7
1 697232634
3 8
1 398869634
3 9
3 9
2
3 8
2
3 7
2
3 6
2
3 5
2
3 4
2
3 3
2
3 2
2
3 1
2
3 0
2
1 420384791
3 0
1 514646526
3 1
1 794422826
3 2
1 119475954
3 3
1 838468519
3 4
1 993688692
3 5
1 289130901
3 6
1 96403877
3 7
1 90731348
3 8
1 569315289
3 9
3 9
2
3 8
2
3 7
2
3 6
2
3 5
2
3 4
2
3 3
2
3 2
2
3 1
2
3 0
2
1 638583108
3 0
1 377248443
3 1
1 172784830
3 2
1 420578577
3 3
1 799946757
3 4
1 944808032
3 5
1 322471817
3 6
1 340619594
3 7
1 312662259
3 8
1 715374042
3 9
3 9
2
3 8
2
3 7
2
3 6
2
3 5
2
3 4
2
3 3
2
3 2
2
3 1
2
3 0
2
1 375410727
3 0
1 889056434
3 1
1 725512155
3 2
1 256157476
3 3
1 637765927
3 4
1 217025868
3 5
1 920002124
3 6
1 148122579
3 7
1 752460801
3 8
1 641335773
3 9
3 9
2
3 8
2
3 7
2
3 6
2
3 5
2
3 4
2
3 3
2
3 2
2
3 1
2
3 0
2
1 456745645
3 0
1 569766471
3 1
1 893138612
3 2
1 300165899
3 3
1 551614565
3 4
1 221549576
3 5
1 466056066
3 6
1 153570912
3 7
1 234931147
3 8
1 691763452
3 9
3 9
2
3 8
2
3 7
2
3 6
2
3 5
2
3 4
2
3 3
2
3 2
2
3 1
2
3 0
2
1 89110799
3 0
1 803026607
3 1
1 710456978
3 2
1 787752164
3 3
1 631173269
3 4
1 672533765
3 5
1 274744514
3 6
1 911140920
3 7
1 939811810
3 8
1 362080163
3 9
3 9
2
3 8
2
3 7
2
3 6
2
3 5
2
3 4
2
3 3
2
3 2
2
3 1
2
3 0
2
1 700761530
3 0
1 136888906
3 1
1 698821804
3 2
1 338263722
3 3
1 733510230
3 4
1 929205669
3 5
1 293317729
3 6
1 920262627
3 7
1 406186359
3 8
1 610816867
3 9
3 9
2
3 8
2
3 7
2
3 6
2
3 5
2
3 4
2
3 3
2
3 2
2
3 1
2
3 0
2
1 117074174
3 0
1 670760261
3 1
1 729681506
3 2
1 612472505
3 3
1 303983060
3 4
1 416798051
3 5
1 496158149
3 6
1 188179705
3 7
1 704112952
3 8
1 25667923
3 9
3 9
2
3 8
2
3 7
2
3 6
2
3 5
2
3 4
2
3 3
2
3 2
2
3 1
2
3 0
2
1 895937923
3 0
1 480556121
3 1
1 376830570
3 2
1 873250366
3 3
1 778263801
3 4
1 425679109
3 5
1 451129567
3 6
1 485940417
3 7
1 667279687
3 8
1 382761432
3 9
3 9
2
3 8
2
3 7
2
3 6
2
3 5
2
3 4
2
3 3
2
3 2
2
3 1
2
3 0
2
1 173572011
3 0
1 471921029
3 1
1 498638368
3 2
1 401053610
3 3
1 415805377
3 4
1 66452762
3 5
1 621549868
3 6
1 592756025
3 7
1 78371653
3 8
1 994799522
3 9
3 9
2
3 8
2
3 7
2
3 6
2
3 5
2
3 4
2
3 3
2
3 2
2
3 1
2
3 0
2
1 954887108
3 0
1 809635559
3 1
1 341642671
3 2
1 287750733
3 3
1 697208148
3 4
1 820973727
3 5
1 92095044
3 6
1 439543873
3 7
1 543574880
3 8
1 263302831
3 9
3 9
2
3 8
2
3 7
2
3 6
2
3 5
2
3 4
2
3 3
2
3 2
2
3 1
2
3 0
2
1 226953795
3 0
1 89716071
3 1
1 706242480
3 2
1 305272085
3 3
1 327108582
3 4
1 501135642
3 5
1 440929115
3 6
1 975596126
3 7
1 21198150
3 8
1 410788985
3 9
3 9
2
3 8
2
3 7
2
3 6
2
3 5
2
3 4
2
3 3
2
3 2
2
3 1
2
3 0
2
1 662975431
3 0
1 321395172
3 1
1 93979132
3 2
1 487376849
3 3
1 613029494
3 4
1 95997646
3 5
1 521946686
3 6
1 318453869
3 7
1 617585113
3 8
1 687625136
3 9
3 9
2
3 8
2
3 7
2
3 6
2
3 5
2
3 4
2
3 3
2
3 2
2
3 1
2
3 0
2
1 359216595
3 0
1 820038422
3 1
1 244908212
3 2
1 890230191
3 3
1 171640335
3 4
1 988778804
3 5
1 37739890
3 6
1 838992278
3 7
1 160657602
3 8
1 566720174
3 9
3 9
2
3 8
2
3 7
2
3 6
2
3 5
2
3 4
2
3 3
2
3 2
2
3 1
2
3 0
2
1 531895965
3 0
1 388386729
3 1
1 43287311
3 2
1 242671765
3 3
1 410265865
3 4
1 997583189
3 5
1 820744422
3 6
1 223075569
3 7
1 864718479
3 8
1 984326858
3 9
3 9
2
3 8
2
3 7
2
3 6
2
3 5
2
3 4
2
3 3
2
3 2
2
3 1
2
3 0
2
1 313809329
3 0
1 626836903
3 1
1 242452547
3 2
1 666484941
3 3
1 203073489
3 4
1 483229736
3 5
1 851529398
3 6
1 994058304
3 7
1 270998316
3 8
1 243785517
3 9
3 9
2
3 8
2
3 7
2
3 6
2
3 5
2
3 4
2
3 3
2
3 2
2
3 1
2
3 0
2
1 821777828
3 0
1 483371674
3 1
1 309580083
3 2
1 865956342
3 3
1 52983508
3 4
1 359540437
3 5
1 746520292
3 6
1 347917733
3 7
1 874375361
3 8
1 305808783
3 9
3 9
2
3 8
2
3 7
2
3 6
2
3 5
2
3 4
2
3 3
2
3 2
2
3 1
2
3 0
2
1 605643444
3 0
1 171771463
3 1
1 141031633
3 2
1 671870092
3 3
1 822259103
3 4
1 523619415
3 5
1 807247763
3 6
1 6476012
3 7
1 710559289
3 8
1 749116252
3 9
3 9
2
3 8
2
3 7
2
3 6
2
3 5
2
3 4
2
3 3
2
3 2
2
3 1
2
3 0
2
1 319036297
3 0
1 22225678
3 1
1 151875216
3 2
1 509393741
3 3
1 571461794
3 4
1 72184650
3 5
1 719640224
3 6
1 442948710
3 7
1 590595904
3 8
1 206893900
3 9
3 9
2
3 8
2
3 7
2
3 6
2
3 5
2
3 4
2
3 3
2
3 2
2
3 1
2
3 0
2
